2505.000000  4.299252e-11
2513.000000  3.663780e-11
2518.000000  3.769610e-11
2525.000000  3.429801e-11
2535.000000  3.325723e-11
2545.000000  3.265227e-11
2555.000000  3.602518e-11
2565.000000  3.571760e-11
2575.000000  3.953443e-11
2585.000000  3.964181e-11
2595.000000  3.823482e-11
2605.000000  3.625690e-11
2615.000000  3.515125e-11
2625.000000  3.968727e-11
2635.000000  4.009778e-11
2645.000000  4.689657e-11
2655.000000  4.657933e-11
2665.000000  4.090764e-11
2675.000000  4.356169e-11
2685.000000  4.312794e-11
2695.000000  4.075861e-11
2705.000000  4.218061e-11
2715.000000  3.925939e-11
2725.000000  3.990519e-11
2735.000000  4.361429e-11
2745.000000  3.455488e-11
2755.000000  3.607677e-11
2765.000000  3.762003e-11
2775.000000  4.182828e-11
2785.000000  3.981736e-11
2795.000000  2.516418e-11
2805.000000  2.991099e-11
2815.000000  4.310364e-11
2825.000000  4.470678e-11
2835.000000  4.259399e-11
2845.000000  4.074705e-11
2855.000000  3.868121e-11
2865.000000  4.260879e-11
2875.000000  4.123791e-11
2885.000000  4.210985e-11
2895.000000  3.990888e-11
2910.000000  4.545780e-11
2930.000000  4.338371e-11
2950.000000  4.311079e-11
2970.000000  4.430274e-11
2990.000000  4.459722e-11
3010.000000  4.527141e-11
3030.000000  4.470860e-11
3050.000000  4.437360e-11
3070.000000  4.423206e-11
3090.000000  4.492014e-11
3110.000000  4.360264e-11
3130.000000  4.342321e-11
3150.000000  4.444446e-11
3170.000000  4.418295e-11
3190.000000  4.202538e-11
3210.000000  4.310217e-11
3230.000000  4.183314e-11
3250.000000  4.274725e-11
3270.000000  4.305194e-11
3290.000000  4.345901e-11
3310.000000  4.376865e-11
3330.000000  4.274517e-11
3350.000000  4.208842e-11
3370.000000  4.191559e-11
3390.000000  4.179102e-11
3410.000000  4.242624e-11
3430.000000  4.245471e-11
3450.000000  4.207600e-11
3470.000000  4.150542e-11
3490.000000  4.130318e-11
3510.000000  4.195199e-11
3530.000000  4.193413e-11
3550.000000  4.219928e-11
3570.000000  4.101800e-11
3590.000000  4.078137e-11
3610.000000  4.074039e-11
3630.000000  4.082545e-11
3640.000000  4.041566e-11
3650.000000  4.137220e-11
3670.000000  4.114311e-11
3690.000000  3.946094e-11
3710.000000  4.099071e-11
3730.000000  4.244854e-11
3750.000000  5.405505e-11
3770.000000  5.807258e-11
3790.000000  7.305426e-11
3810.000000  8.655347e-11
3830.000000  6.735288e-11
3850.000000  9.638725e-11
3870.000000  1.105175e-10
3890.000000  5.921128e-11
3910.000000  1.100181e-10
3930.000000  1.084314e-10
3950.000000  1.099542e-10
3970.000000  5.593565e-11
3990.000000  1.059561e-10
4010.000000  1.205058e-10
4030.000000  1.203733e-10
4050.000000  1.188271e-10
4070.000000  1.121740e-10
4090.000000  8.458194e-11
4110.000000  6.317612e-11
4130.000000  1.052854e-10
4150.000000  1.118976e-10
4170.000000  1.111945e-10
4190.000000  1.099082e-10
4210.000000  1.091824e-10
4230.000000  1.064433e-10
4250.000000  1.056461e-10
4270.000000  1.021876e-10
4290.000000  1.018675e-10
4310.000000  9.358260e-11
4330.000000  6.885137e-11
4350.000000  5.812628e-11
4370.000000  9.194646e-11
4390.000000  9.496637e-11
4410.000000  9.423616e-11
4430.000000  9.354801e-11
4450.000000  9.409763e-11
4470.000000  9.298886e-11
4490.000000  9.118742e-11
4510.000000  9.178228e-11
4530.000000  8.956486e-11
4550.000000  8.743387e-11
4570.000000  8.858727e-11
4590.000000  8.632801e-11
4610.000000  8.710102e-11
4630.000000  8.456337e-11
4650.000000  8.485981e-11
4670.000000  8.380922e-11
4690.000000  8.123589e-11
4710.000000  7.844458e-11
4730.000000  8.063866e-11
4750.000000  7.990419e-11
4770.000000  7.860417e-11
4790.000000  7.740361e-11
4810.000000  7.534101e-11
4830.000000  7.107645e-11
4850.000000  5.373986e-11
4870.000000  4.288082e-11
4890.000000  6.639542e-11
4910.000000  7.059218e-11
4930.000000  7.004657e-11
4950.000000  7.042927e-11
4970.000000  7.037715e-11
4990.000000  6.889675e-11
5010.000000  6.700681e-11
5030.000000  6.740067e-11
5050.000000  6.619982e-11
5070.000000  6.639503e-11
5090.000000  6.560866e-11
5110.000000  6.496510e-11
5130.000000  6.396816e-11
5150.000000  6.288559e-11
5170.000000  6.126205e-11
5190.000000  6.075845e-11
5210.000000  6.079842e-11
5230.000000  5.959523e-11
5250.000000  6.004341e-11
5270.000000  5.776924e-11
5290.000000  5.862629e-11
5310.000000  5.745213e-11
5330.000000  5.636255e-11
5350.000000  5.688602e-11
5370.000000  5.598716e-11
5390.000000  5.543736e-11
5410.000000  5.443930e-11
5430.000000  5.418637e-11
5450.000000  5.391659e-11
5470.000000  5.333257e-11
5490.000000  5.289637e-11
5510.000000  5.234612e-11
5530.000000  5.159968e-11
5550.000000  5.134914e-11
5570.000000  5.068309e-11
5590.000000  5.012546e-11
5610.000000  4.975516e-11
5630.000000  4.936312e-11
5650.000000  4.876408e-11
5670.000000  4.818878e-11
5690.000000  4.782780e-11
5710.000000  4.735682e-11
5730.000000  4.702285e-11
5750.000000  4.642477e-11
5770.000000  4.600568e-11
5790.000000  4.550567e-11
5810.000000  4.508658e-11
5830.000000  4.466182e-11
5850.000000  4.420222e-11
5870.000000  4.374629e-11
5890.000000  4.288422e-11
5910.000000  4.289516e-11
5930.000000  4.248590e-11
5950.000000  4.200097e-11
5970.000000  4.164201e-11
5990.000000  4.113839e-11
6010.000000  4.068913e-11
6030.000000  4.041009e-11
6050.000000  4.001072e-11
6070.000000  3.969073e-11
6090.000000  3.927524e-11
6110.000000  3.886233e-11
6130.000000  3.838613e-11
6150.000000  3.761543e-11
6170.000000  3.760962e-11
6190.000000  3.744790e-11
6210.000000  3.709622e-11
6230.000000  3.668125e-11
6250.000000  3.599454e-11
6270.000000  3.608115e-11
6290.000000  3.573831e-11
6310.000000  3.528289e-11
6330.000000  3.501990e-11
6350.000000  3.440836e-11
6370.000000  3.417911e-11
6390.000000  3.404218e-11
6410.000000  3.359759e-11
6430.000000  3.335220e-11
6450.000000  3.272099e-11
6470.000000  3.265451e-11
6490.000000  3.210255e-11
6510.000000  3.164125e-11
6530.000000  3.048709e-11
6550.000000  2.608944e-11
6570.000000  2.080808e-11
6590.000000  2.859452e-11
6610.000000  3.003990e-11
6630.000000  3.021137e-11
6650.000000  3.009169e-11
6670.000000  2.986195e-11
6690.000000  2.967782e-11
6710.000000  2.944966e-11
6730.000000  2.916701e-11
6750.000000  2.889103e-11
6770.000000  2.871834e-11
6790.000000  2.845847e-11
6810.000000  2.820950e-11
6830.000000  2.792163e-11
6850.000000  2.769444e-11
6870.000000  2.747659e-11
6890.000000  2.724006e-11
6910.000000  2.699991e-11
6930.000000  2.675406e-11
6950.000000  2.653048e-11
6970.000000  2.629552e-11
6990.000000  2.608494e-11
7010.000000  2.576023e-11
7030.000000  2.559994e-11
7050.000000  2.540027e-11
7070.000000  2.520576e-11
7090.000000  2.499413e-11
7110.000000  2.445722e-11
7130.000000  2.449408e-11
7150.000000  2.430528e-11
7170.000000  2.412166e-11
7190.000000  2.390381e-11
7210.000000  2.372435e-11
7230.000000  2.351118e-11
7250.000000  2.328553e-11
7270.000000  2.315277e-11
7290.000000  2.291258e-11
7310.000000  2.273625e-11
7330.000000  2.255936e-11
7350.000000  2.239962e-11
7370.000000  2.222274e-11
7390.000000  2.201266e-11
7410.000000  2.178753e-11
7430.000000  2.155828e-11
7450.000000  2.142341e-11
7470.000000  2.115887e-11
7490.000000  2.105617e-11
7510.000000  2.093275e-11
7530.000000  2.078802e-11
7550.000000  2.064797e-11
7570.000000  2.046902e-11
7590.000000  2.031186e-11
7610.000000  2.015469e-11
7630.000000  1.998664e-11
7650.000000  1.980769e-11
7670.000000  1.962613e-11
7690.000000  1.948608e-11
7710.000000  1.931596e-11
7730.000000  1.920704e-11
7750.000000  1.904365e-11
7770.000000  1.851925e-11
7790.000000  1.876200e-11
7810.000000  1.861261e-11
7830.000000  1.842950e-11
7850.000000  1.825210e-11
7870.000000  1.807937e-11
7890.000000  1.790354e-11
7910.000000  1.782001e-11
7930.000000  1.770020e-11
7950.000000  1.750362e-11
7970.000000  1.748339e-11
7990.000000  1.717634e-11
8010.000000  1.719552e-11
8030.000000  1.705079e-11
8050.000000  1.693565e-11
8070.000000  1.680027e-11
8090.000000  1.667162e-11
8110.000000  1.656219e-11
8130.000000  1.644653e-11
8150.000000  1.632205e-11
8170.000000  1.619962e-11
8190.000000  1.592937e-11
8210.000000  1.585935e-11
8230.000000  1.573070e-11
8250.000000  1.564978e-11
8270.000000  1.566689e-11
8290.000000  1.554035e-11
8310.000000  1.543503e-11
8330.000000  1.521718e-11
8350.000000  1.521512e-11
8370.000000  1.510520e-11
8390.000000  1.495116e-11
8410.000000  1.482362e-11
8430.000000  1.470013e-11
8450.000000  1.440913e-11
8470.000000  1.423823e-11
8490.000000  1.446701e-11
8510.000000  1.366510e-11
8530.000000  1.440768e-11
8550.000000  1.280721e-11
8570.000000  1.449202e-11
8590.000000  1.340937e-11
8610.000000  1.305888e-11
8630.000000  1.455557e-11
8650.000000  1.389739e-11
8670.000000  1.141198e-11
8690.000000  1.407411e-11
8710.000000  1.471198e-11
8730.000000  1.402836e-11
8750.000000  1.096164e-11
8770.000000  1.330122e-11
8790.000000  1.460145e-11
8810.000000  1.470528e-11
8830.000000  1.418809e-11
8850.000000  1.249461e-11
8870.000000  1.052169e-11
8890.000000  1.346344e-11
8910.000000  1.418619e-11
8930.000000  1.430564e-11
8950.000000  1.434093e-11
8970.000000  1.400418e-11
8990.000000  1.316784e-11
9010.000000  1.030777e-11
9030.000000  1.133955e-11
9050.000000  1.318243e-11
9070.000000  1.336943e-11
9090.000000  1.332544e-11
9110.000000  1.355891e-11
9130.000000  1.355479e-11
9150.000000  1.346865e-11
9170.000000  1.323257e-11
9190.000000  1.278322e-11
9210.000000  1.167044e-11
9230.000000  9.003298e-12
9250.000000  1.117834e-11
9270.000000  1.211154e-11
9290.000000  1.267449e-11
9310.000000  1.272801e-11
9330.000000  1.267568e-11
9350.000000  1.262850e-11
9370.000000  1.255486e-11
9390.000000  1.239564e-11
9410.000000  1.208021e-11
9430.000000  1.220886e-11
9450.000000  1.213261e-11
9470.000000  1.200861e-11
9490.000000  1.180414e-11
9510.000000  1.138746e-11
9530.000000  1.025191e-11
9550.000000  8.169872e-12
9570.000000  1.034871e-11
9590.000000  1.115097e-11
9610.000000  1.127980e-11
9630.000000  1.119117e-11
9650.000000  1.131466e-11
9670.000000  1.116945e-11
9690.000000  1.115856e-11
9710.000000  1.116945e-11
9730.000000  1.108732e-11
9750.000000  1.099178e-11
9770.000000  1.095352e-11
9790.000000  1.087727e-11
9810.000000  1.079594e-11
9830.000000  1.070560e-11
9850.000000  1.060127e-11
9870.000000  1.052614e-11
9890.000000  1.039765e-11
9910.000000  1.037136e-11
9930.000000  1.029009e-11
9950.000000  1.021283e-11
9970.000000  1.012224e-11
9990.000000  9.960698e-12
10025.000000  8.901861e-12
10075.000000  8.425366e-12
10125.000000  9.486878e-12
10175.000000  9.494844e-12
10225.000000  9.385993e-12
10275.000000  9.244362e-12
10325.000000  9.079937e-12
10375.000000  8.936833e-12
10425.000000  8.793519e-12
10475.000000  8.586294e-12
10525.000000  8.475928e-12
10575.000000  8.355070e-12
10625.000000  8.227421e-12
10675.000000  7.971692e-12
10725.000000  7.921904e-12
10775.000000  7.806321e-12
10825.000000  7.659153e-12
10875.000000  7.417719e-12
10925.000000  6.178866e-12
10975.000000  6.770279e-12
11025.000000  7.176897e-12
11075.000000  7.136861e-12
11125.000000  7.038214e-12
11175.000000  6.940922e-12
11225.000000  6.841806e-12
11275.000000  6.641584e-12
11325.000000  6.549570e-12
11375.000000  6.513729e-12
11425.000000  6.400287e-12
11475.000000  6.343243e-12
11525.000000  6.252679e-12
11575.000000  6.156360e-12
11625.000000  6.017186e-12
11675.000000  5.897934e-12
11725.000000  5.891826e-12
11775.000000  5.717741e-12
11825.000000  5.680818e-12
11875.000000  5.576087e-12
11925.000000  5.561475e-12
11975.000000  5.444088e-12
12025.000000  5.388435e-12
12075.000000  5.300410e-12
12125.000000  5.229143e-12
12175.000000  5.167889e-12
12225.000000  5.089980e-12
12275.000000  5.010931e-12
12325.000000  4.944175e-12
12375.000000  4.880948e-12
12425.000000  4.821663e-12
12475.000000  4.740851e-12
12525.000000  4.680888e-12
12575.000000  4.590424e-12
12625.000000  4.536832e-12
12675.000000  4.479568e-12
12725.000000  4.392613e-12
12775.000000  4.176446e-12
12825.000000  3.551330e-12
12875.000000  4.107738e-12
12925.000000  4.164239e-12
12975.000000  4.130695e-12
13025.000000  4.086978e-12
13075.000000  4.036983e-12
13125.000000  3.980859e-12
13175.000000  3.916543e-12
13225.000000  3.878107e-12
13275.000000  3.827068e-12
13325.000000  3.778208e-12
13375.000000  3.728413e-12
13425.000000  3.678669e-12
13475.000000  3.630691e-12
13525.000000  3.576123e-12
13575.000000  3.531204e-12
13625.000000  3.491006e-12
13675.000000  3.442818e-12
13725.000000  3.381299e-12
13775.000000  3.354378e-12
13825.000000  3.313454e-12
13875.000000  3.277407e-12
13925.000000  3.227869e-12
13975.000000  3.191873e-12
14025.000000  3.153022e-12
14075.000000  3.114848e-12
14125.000000  3.073505e-12
14175.000000  3.036471e-12
14225.000000  2.998036e-12
14275.000000  2.960325e-12
14325.000000  2.924951e-12
14375.000000  2.891134e-12
14425.000000  2.817316e-12
14475.000000  2.818671e-12
14525.000000  2.766487e-12
14570.000000  2.753832e-12
14620.000000  2.716070e-12
14675.000000  2.687334e-12
14725.000000  2.653255e-12
14775.000000  2.613315e-12
14825.000000  2.589300e-12
14875.000000  2.550343e-12
14925.000000  2.537172e-12
14975.000000  2.503094e-12
15025.000000  2.467822e-12
15075.000000  2.439918e-12
15125.000000  2.417772e-12
15175.000000  2.388518e-12
15225.000000  2.362009e-12
15275.000000  2.328926e-12
15325.000000  2.299568e-12
15375.000000  2.279692e-12
15425.000000  2.229606e-12
15475.000000  2.223979e-12
15525.000000  2.198869e-12
15575.000000  2.132987e-12
15625.000000  2.174059e-12
15675.000000  2.101622e-12
15725.000000  2.041327e-12
15775.000000  2.103352e-12
15825.000000  2.079750e-12
15875.000000  1.901338e-12
15925.000000  2.002263e-12
15975.000000  2.036074e-12
16050.000000  1.963660e-12
16150.000000  1.843706e-12
16250.000000  1.938975e-12
16350.000000  1.831905e-12
16450.000000  1.711161e-12
16550.000000  1.823210e-12
16650.000000  1.787060e-12
16750.000000  1.672713e-12
16850.000000  1.559899e-12
16950.000000  1.671649e-12
17050.000000  1.640790e-12
17150.000000  1.608268e-12
17250.000000  1.554105e-12
17350.000000  1.365278e-12
17450.000000  1.466541e-12
17550.000000  1.469983e-12
17650.000000  1.443326e-12
17750.000000  1.417133e-12
17850.000000  1.386841e-12
17950.000000  1.359710e-12
18050.000000  1.317794e-12
18150.000000  1.171343e-12
18250.000000  1.231519e-12
18350.000000  1.247722e-12
18450.000000  1.226714e-12
18550.000000  1.198810e-12
18650.000000  1.164360e-12
18750.000000  1.029895e-12
18850.000000  1.113060e-12
18950.000000  1.105318e-12
19050.000000  1.091380e-12
19150.000000  1.070222e-12
19250.000000  1.046836e-12
19350.000000  1.012739e-12
19450.000000  8.978063e-13
19550.000000  9.745945e-13
19650.000000  9.700646e-13
19750.000000  9.531424e-13
19850.000000  9.367781e-13
19950.000000  9.194278e-13
20050.000000  9.025650e-13
20150.000000  8.860912e-13
20250.000000  8.695030e-13
20350.000000  8.533040e-13
20450.000000  8.384383e-13
20550.000000  8.232145e-13
20650.000000  8.076532e-13
20750.000000  7.934513e-13
20850.000000  7.795607e-13
20950.000000  7.655505e-13
21050.000000  7.517843e-13
21150.000000  7.372189e-13
21250.000000  7.243969e-13
21350.000000  7.117299e-13
21450.000000  6.987864e-13
21550.000000  6.790971e-13
21650.000000  6.063188e-13
21750.000000  6.500372e-13
21850.000000  6.511802e-13
21950.000000  6.427638e-13
22050.000000  6.314045e-13
22150.000000  6.202009e-13
22250.000000  6.110201e-13
22350.000000  6.007655e-13
22450.000000  5.907961e-13
22550.000000  5.801416e-13
22650.000000  5.712464e-13
22750.000000  5.618422e-13
22850.000000  5.528531e-13
22950.000000  5.436617e-13
23050.000000  5.353368e-13
23150.000000  5.266329e-13
23250.000000  5.183961e-13
23350.000000  5.101124e-13
23450.000000  5.020675e-13
23550.000000  4.941677e-13
23650.000000  4.864184e-13
23750.000000  4.786742e-13
23850.000000  4.711739e-13
23950.000000  4.638032e-13
24050.000000  4.564119e-13
24150.000000  4.492697e-13
24250.000000  4.425107e-13
24350.000000  4.354100e-13
24450.000000  4.284912e-13
24550.000000  4.222190e-13
24650.000000  4.151761e-13
24750.000000  4.088686e-13
24850.000000  4.035448e-13
24950.000000  3.936473e-13
