2505.000000  5.838218e-14
2513.000000  3.839531e-14
2518.000000  2.819216e-14
2525.000000  3.046412e-14
2535.000000  7.690792e-14
2545.000000  9.336258e-14
2555.000000  2.258371e-13
2565.000000  1.351316e-13
2575.000000  2.167587e-13
2585.000000  1.832272e-13
2595.000000  1.799092e-13
2605.000000  1.995018e-13
2615.000000  1.819773e-13
2625.000000  2.607091e-13
2635.000000  6.222681e-13
2645.000000  7.425148e-13
2655.000000  1.536385e-12
2665.000000  8.159644e-13
2675.000000  7.432499e-13
2685.000000  1.117270e-12
2695.000000  5.822086e-13
2705.000000  1.014953e-12
2715.000000  6.061097e-13
2725.000000  3.185085e-13
2735.000000  4.826884e-13
2745.000000  3.877727e-13
2755.000000  5.131889e-13
2765.000000  7.437653e-13
2775.000000  8.135276e-13
2785.000000  4.664478e-13
2795.000000  2.012189e-13
2805.000000  2.540747e-13
2815.000000  6.545061e-13
2825.000000  8.295761e-13
2835.000000  5.852578e-13
2845.000000  3.013002e-13
2855.000000  1.099548e-13
2865.000000  4.506462e-13
2875.000000  8.736263e-13
2885.000000  1.285561e-12
2895.000000  2.054993e-12
2910.000000  3.164073e-12
2930.000000  3.052595e-12
2950.000000  2.630644e-12
2970.000000  2.625465e-12
2990.000000  2.632606e-12
3010.000000  2.178705e-12
3030.000000  3.156228e-12
3050.000000  3.342365e-12
3070.000000  4.641821e-12
3090.000000  4.540493e-12
3110.000000  6.532486e-12
3130.000000  5.282063e-12
3150.000000  6.217534e-12
3170.000000  7.466017e-12
3190.000000  6.078201e-12
3210.000000  6.499792e-12
3230.000000  5.180527e-12
3250.000000  8.720929e-12
3270.000000  1.109953e-11
3290.000000  1.131169e-11
3310.000000  9.345193e-12
3330.000000  9.818822e-12
3350.000000  8.848963e-12
3370.000000  5.674433e-12
3390.000000  6.720327e-12
3410.000000  7.516041e-12
3430.000000  8.612177e-12
3450.000000  8.720303e-12
3470.000000  9.251486e-12
3490.000000  1.137077e-11
3510.000000  1.251400e-11
3530.000000  1.045876e-11
3550.000000  1.226448e-11
3570.000000  6.481845e-12
3590.000000  7.801201e-12
3610.000000  1.166947e-11
3630.000000  1.309062e-11
3640.000000  1.380086e-11
3650.000000  1.587579e-11
3670.000000  1.742292e-11
3690.000000  1.561186e-11
3710.000000  1.620261e-11
3730.000000  8.138548e-12
3750.000000  9.843570e-12
3770.000000  1.414583e-11
3790.000000  1.390140e-11
3810.000000  1.196332e-11
3830.000000  5.761965e-12
3850.000000  6.933532e-12
3870.000000  7.670092e-12
3890.000000  1.353150e-11
3910.000000  1.770717e-11
3930.000000  7.040431e-12
3950.000000  1.470531e-11
3970.000000  9.496443e-12
3990.000000  2.500016e-11
4010.000000  2.838680e-11
4030.000000  2.663149e-11
4050.000000  2.524268e-11
4070.000000  2.361119e-11
4090.000000  3.045238e-11
4110.000000  2.863206e-11
4130.000000  2.561459e-11
4150.000000  2.317261e-11
4170.000000  2.389876e-11
4190.000000  2.409140e-11
4210.000000  2.636837e-11
4230.000000  2.744141e-11
4250.000000  2.911823e-11
4270.000000  2.686881e-11
4290.000000  2.427623e-11
4310.000000  2.093296e-11
4330.000000  3.291761e-11
4350.000000  3.242943e-11
4370.000000  3.511970e-11
4390.000000  3.082683e-11
4410.000000  3.383447e-11
4430.000000  3.722646e-11
4450.000000  3.780869e-11
4470.000000  4.106276e-11
4490.000000  4.234726e-11
4510.000000  4.895049e-11
4530.000000  4.262140e-11
4550.000000  4.465694e-11
4570.000000  4.840603e-11
4590.000000  4.656667e-11
4610.000000  4.820499e-11
4630.000000  4.699902e-11
4650.000000  4.774833e-11
4670.000000  4.991649e-11
4690.000000  4.902924e-11
4710.000000  4.758372e-11
4730.000000  4.945408e-11
4750.000000  5.137209e-11
4770.000000  5.161618e-11
4790.000000  5.165108e-11
4810.000000  5.146133e-11
4830.000000  5.310168e-11
4850.000000  5.050157e-11
4870.000000  4.693436e-11
4890.000000  5.118417e-11
4910.000000  5.104783e-11
4930.000000  4.986846e-11
4950.000000  5.320135e-11
4970.000000  5.219462e-11
4990.000000  4.817474e-11
5010.000000  4.535763e-11
5030.000000  4.827651e-11
5050.000000  4.805292e-11
5070.000000  5.025825e-11
5090.000000  4.682665e-11
5110.000000  4.808414e-11
5130.000000  4.620321e-11
5150.000000  4.434346e-11
5170.000000  3.909598e-11
5190.000000  4.179406e-11
5210.000000  4.642984e-11
5230.000000  5.029700e-11
5250.000000  5.251366e-11
5270.000000  4.594721e-11
5290.000000  5.327761e-11
5310.000000  5.710585e-11
5330.000000  4.968187e-11
5350.000000  5.492750e-11
5370.000000  5.519880e-11
5390.000000  5.324393e-11
5410.000000  5.233639e-11
5430.000000  5.319674e-11
5450.000000  5.617660e-11
5470.000000  5.445242e-11
5490.000000  5.393037e-11
5510.000000  5.365279e-11
5530.000000  5.548173e-11
5550.000000  5.673446e-11
5570.000000  5.522888e-11
5590.000000  5.348427e-11
5610.000000  5.655522e-11
5630.000000  5.586942e-11
5650.000000  5.612652e-11
5670.000000  5.468417e-11
5690.000000  5.634650e-11
5710.000000  5.416780e-11
5730.000000  5.927401e-11
5750.000000  5.698224e-11
5770.000000  5.798784e-11
5790.000000  5.494725e-11
5810.000000  5.784371e-11
5830.000000  5.965507e-11
5850.000000  5.772049e-11
5870.000000  5.799804e-11
5890.000000  5.027848e-11
5910.000000  5.713676e-11
5930.000000  5.734898e-11
5950.000000  5.741602e-11
5970.000000  5.843780e-11
5990.000000  5.736150e-11
6010.000000  5.626095e-11
6030.000000  5.750579e-11
6050.000000  5.859542e-11
6070.000000  5.818989e-11
6090.000000  5.569508e-11
6110.000000  5.595665e-11
6130.000000  5.289900e-11
6150.000000  5.481643e-11
6170.000000  5.227717e-11
6190.000000  5.600004e-11
6210.000000  5.579017e-11
6230.000000  5.398066e-11
6250.000000  5.214015e-11
6270.000000  5.454205e-11
6290.000000  5.535162e-11
6310.000000  5.355899e-11
6330.000000  5.416237e-11
6350.000000  5.423597e-11
6370.000000  5.391080e-11
6390.000000  5.494903e-11
6410.000000  5.374420e-11
6430.000000  5.429811e-11
6450.000000  5.390454e-11
6470.000000  5.371963e-11
6490.000000  5.254898e-11
6510.000000  5.415993e-11
6530.000000  5.441003e-11
6550.000000  5.359930e-11
6570.000000  5.178547e-11
6590.000000  5.372841e-11
6610.000000  5.414749e-11
6630.000000  5.371749e-11
6650.000000  5.366478e-11
6670.000000  5.275187e-11
6690.000000  5.415714e-11
6710.000000  5.226993e-11
6730.000000  5.398988e-11
6750.000000  5.300106e-11
6770.000000  5.325405e-11
6790.000000  5.284943e-11
6810.000000  5.261119e-11
6830.000000  5.328281e-11
6850.000000  5.162315e-11
6870.000000  5.237881e-11
6890.000000  5.273706e-11
6910.000000  5.229471e-11
6930.000000  5.170573e-11
6950.000000  5.113823e-11
6970.000000  5.135499e-11
6990.000000  5.080874e-11
7010.000000  4.942547e-11
7030.000000  5.049515e-11
7050.000000  5.103620e-11
7070.000000  5.017329e-11
7090.000000  4.994633e-11
7110.000000  4.988416e-11
7130.000000  4.881868e-11
7150.000000  4.853111e-11
7170.000000  4.904330e-11
7190.000000  4.732327e-11
7210.000000  4.850304e-11
7230.000000  4.918369e-11
7250.000000  4.909218e-11
7270.000000  4.883435e-11
7290.000000  4.731973e-11
7310.000000  4.817905e-11
7330.000000  4.799151e-11
7350.000000  4.789837e-11
7370.000000  4.857643e-11
7390.000000  4.739425e-11
7410.000000  4.702080e-11
7430.000000  4.760558e-11
7450.000000  4.757435e-11
7470.000000  4.779156e-11
7490.000000  4.732165e-11
7510.000000  4.771910e-11
7530.000000  4.787817e-11
7550.000000  4.804771e-11
7570.000000  4.752084e-11
7590.000000  4.732303e-11
7610.000000  4.722736e-11
7630.000000  4.747976e-11
7650.000000  4.745669e-11
7670.000000  4.585802e-11
7690.000000  4.726469e-11
7710.000000  4.634658e-11
7730.000000  4.639569e-11
7750.000000  4.596634e-11
7770.000000  4.704293e-11
7790.000000  4.680239e-11
7810.000000  4.657911e-11
7830.000000  4.605867e-11
7850.000000  4.588022e-11
7870.000000  4.598983e-11
7890.000000  4.488050e-11
7910.000000  4.370219e-11
7930.000000  4.337203e-11
7950.000000  4.282607e-11
7970.000000  4.424444e-11
7990.000000  4.407474e-11
8010.000000  4.379202e-11
8030.000000  4.384178e-11
8050.000000  4.336608e-11
8070.000000  4.321737e-11
8090.000000  4.208855e-11
8110.000000  4.214821e-11
8130.000000  4.265556e-11
8150.000000  4.249554e-11
8170.000000  4.253870e-11
8190.000000  4.146068e-11
8210.000000  4.153490e-11
8230.000000  4.176625e-11
8250.000000  4.216096e-11
8270.000000  4.253643e-11
8290.000000  4.220405e-11
8310.000000  4.076313e-11
8330.000000  4.077879e-11
8350.000000  4.090238e-11
8370.000000  4.122839e-11
8390.000000  3.984067e-11
8410.000000  4.125485e-11
8430.000000  4.013210e-11
8450.000000  4.092000e-11
8470.000000  4.065196e-11
8490.000000  4.049597e-11
8510.000000  3.849567e-11
8530.000000  3.981983e-11
8550.000000  3.420441e-11
8570.000000  4.076177e-11
8590.000000  4.008421e-11
8610.000000  4.009324e-11
8630.000000  4.039995e-11
8650.000000  4.008924e-11
8670.000000  3.446283e-11
8690.000000  3.863540e-11
8710.000000  3.960657e-11
8730.000000  3.970409e-11
8750.000000  3.932238e-11
8770.000000  3.975209e-11
8790.000000  3.939810e-11
8810.000000  3.827364e-11
8830.000000  3.899572e-11
8850.000000  3.934806e-11
8870.000000  3.855451e-11
8890.000000  3.925456e-11
8910.000000  3.948867e-11
8930.000000  3.849341e-11
8950.000000  3.836550e-11
8970.000000  3.843775e-11
8990.000000  3.857894e-11
9010.000000  3.701876e-11
9030.000000  3.804499e-11
9050.000000  3.876211e-11
9070.000000  3.830496e-11
9090.000000  3.703351e-11
9110.000000  3.697342e-11
9130.000000  3.786827e-11
9150.000000  3.596153e-11
9170.000000  3.522078e-11
9190.000000  3.548164e-11
9210.000000  3.457003e-11
9230.000000  3.496984e-11
9250.000000  3.473999e-11
9270.000000  3.522306e-11
9290.000000  3.480810e-11
9310.000000  3.553900e-11
9330.000000  3.548015e-11
9350.000000  3.514670e-11
9370.000000  3.489595e-11
9390.000000  3.450507e-11
9410.000000  3.358355e-11
9430.000000  3.408232e-11
9450.000000  3.337576e-11
9470.000000  3.423219e-11
9490.000000  3.414984e-11
9510.000000  3.444642e-11
9530.000000  3.409285e-11
9550.000000  3.384022e-11
9570.000000  3.387304e-11
9590.000000  3.426521e-11
9610.000000  3.390751e-11
9630.000000  3.367247e-11
9650.000000  3.312186e-11
9670.000000  3.302837e-11
9690.000000  3.359314e-11
9710.000000  3.331955e-11
9730.000000  3.323856e-11
9750.000000  3.300329e-11
9770.000000  3.309437e-11
9790.000000  3.251956e-11
9810.000000  3.332098e-11
9830.000000  3.309750e-11
9850.000000  3.330109e-11
9870.000000  3.309002e-11
9890.000000  3.317237e-11
9910.000000  3.284340e-11
9930.000000  3.313081e-11
9950.000000  3.292315e-11
9970.000000  3.300550e-11
9990.000000  3.290008e-11
10025.000000  3.263688e-11
10075.000000  3.229836e-11
10125.000000  3.224802e-11
10175.000000  3.175326e-11
10225.000000  3.171514e-11
10275.000000  3.171514e-11
10325.000000  3.113142e-11
10375.000000  3.091503e-11
10425.000000  3.097034e-11
10475.000000  3.059877e-11
10525.000000  3.054713e-11
10575.000000  3.018800e-11
10625.000000  2.997846e-11
10675.000000  2.941889e-11
10725.000000  2.939771e-11
10775.000000  2.906214e-11
10825.000000  2.851921e-11
10875.000000  2.825914e-11
10925.000000  2.788571e-11
10975.000000  2.625867e-11
11025.000000  2.614793e-11
11075.000000  2.642655e-11
11125.000000  2.629676e-11
11175.000000  2.645850e-11
11225.000000  2.637002e-11
11275.000000  2.591057e-11
11325.000000  2.612082e-11
11375.000000  2.559064e-11
11425.000000  2.559886e-11
11475.000000  2.584960e-11
11525.000000  2.576644e-11
11575.000000  2.542555e-11
11625.000000  2.508267e-11
11675.000000  2.510328e-11
11725.000000  2.535061e-11
11775.000000  2.485324e-11
11825.000000  2.459554e-11
11875.000000  2.435542e-11
11925.000000  2.475019e-11
11975.000000  2.374626e-11
12025.000000  2.412729e-11
12075.000000  2.384018e-11
12125.000000  2.390186e-11
12175.000000  2.395457e-11
12225.000000  2.379916e-11
12275.000000  2.359782e-11
12325.000000  2.342759e-11
12375.000000  2.330440e-11
12425.000000  2.306977e-11
12475.000000  2.308907e-11
12525.000000  2.282588e-11
12575.000000  2.275669e-11
12625.000000  2.264679e-11
12675.000000  2.236263e-11
12725.000000  2.236712e-11
12775.000000  2.234723e-11
12825.000000  2.153656e-11
12875.000000  2.186894e-11
12925.000000  2.158644e-11
12975.000000  2.174977e-11
13025.000000  2.146584e-11
13075.000000  2.153467e-11
13125.000000  2.111789e-11
13175.000000  2.101719e-11
13225.000000  2.107864e-11
13275.000000  2.069095e-11
13325.000000  2.079260e-11
13375.000000  2.063658e-11
13425.000000  2.069462e-11
13475.000000  2.053235e-11
13525.000000  2.046504e-11
13575.000000  2.008942e-11
13625.000000  2.000322e-11
13675.000000  1.998869e-11
13725.000000  1.999375e-11
13775.000000  1.983373e-11
13825.000000  1.979962e-11
13875.000000  1.961666e-11
13925.000000  1.957568e-11
13975.000000  1.943979e-11
14025.000000  1.915620e-11
14075.000000  1.894206e-11
14125.000000  1.839969e-11
14175.000000  1.845393e-11
14225.000000  1.815087e-11
14275.000000  1.783483e-11
14325.000000  1.818444e-11
14375.000000  1.827409e-11
14425.000000  1.769317e-11
14475.000000  1.816457e-11
14525.000000  1.770519e-11
14570.000000  1.769222e-11
14620.000000  1.754607e-11
14675.000000  1.741408e-11
14725.000000  1.714453e-11
14775.000000  1.723555e-11
14825.000000  1.718186e-11
14875.000000  1.695533e-11
14925.000000  1.735213e-11
14975.000000  1.713968e-11
15025.000000  1.665029e-11
15075.000000  1.663690e-11
15125.000000  1.681531e-11
15175.000000  1.690049e-11
15225.000000  1.668745e-11
15275.000000  1.676602e-11
15325.000000  1.668598e-11
15375.000000  1.668842e-11
15425.000000  1.662984e-11
15475.000000  1.657979e-11
15525.000000  1.628323e-11
15575.000000  1.615382e-11
15625.000000  1.643024e-11
15675.000000  1.596622e-11
15725.000000  1.608211e-11
15775.000000  1.542556e-11
15825.000000  1.573457e-11
15875.000000  1.512845e-11
15925.000000  1.549098e-11
15975.000000  1.563431e-11
16050.000000  1.547329e-11
16150.000000  1.517909e-11
16250.000000  1.519884e-11
16350.000000  1.498308e-11
16450.000000  1.452180e-11
16550.000000  1.459256e-11
16650.000000  1.426477e-11
16750.000000  1.393400e-11
16850.000000  1.348639e-11
16950.000000  1.365034e-11
17050.000000  1.314968e-11
17150.000000  1.298220e-11
17250.000000  1.263183e-11
17350.000000  1.217704e-11
17450.000000  1.219058e-11
17550.000000  1.199687e-11
17650.000000  1.179938e-11
17750.000000  1.150383e-11
17850.000000  1.137923e-11
17950.000000  1.116940e-11
18050.000000  1.088159e-11
18150.000000  1.058707e-11
18250.000000  1.044938e-11
18350.000000  1.027090e-11
18450.000000  9.988707e-12
18550.000000  9.900606e-12
18650.000000  9.604063e-12
18750.000000  9.282635e-12
18850.000000  9.327155e-12
18950.000000  8.919978e-12
19050.000000  9.042573e-12
19150.000000  8.831644e-12
19250.000000  8.705916e-12
19350.000000  8.438246e-12
19450.000000  8.174024e-12
19550.000000  8.225587e-12
19650.000000  8.035180e-12
19750.000000  7.823522e-12
19850.000000  7.739335e-12
19950.000000  7.602408e-12
20050.000000  7.550358e-12
20150.000000  7.460129e-12
20250.000000  7.225110e-12
20350.000000  7.077667e-12
20450.000000  7.064356e-12
20550.000000  6.890265e-12
20650.000000  6.742864e-12
20750.000000  6.651664e-12
20850.000000  6.533816e-12
20950.000000  6.375636e-12
21050.000000  6.349079e-12
21150.000000  6.225612e-12
21250.000000  6.112757e-12
21350.000000  6.041500e-12
21450.000000  5.937681e-12
21550.000000  5.844242e-12
21650.000000  5.646383e-12
21750.000000  5.594868e-12
21850.000000  5.528457e-12
21950.000000  5.471271e-12
22050.000000  5.315275e-12
22150.000000  5.308633e-12
22250.000000  5.176204e-12
22350.000000  5.098489e-12
22450.000000  5.023288e-12
22550.000000  4.947102e-12
22650.000000  4.843267e-12
22750.000000  4.815429e-12
22850.000000  4.690959e-12
22950.000000  4.259982e-12
23050.000000  4.408583e-12
23150.000000  4.365151e-12
23250.000000  3.955646e-12
23350.000000  4.105481e-12
23450.000000  4.125201e-12
23550.000000  3.708956e-12
23650.000000  3.900707e-12
23750.000000  3.865272e-12
23850.000000  3.520665e-12
23950.000000  3.673928e-12
24050.000000  3.687470e-12
24150.000000  3.400552e-12
24250.000000  3.487969e-12
24350.000000  3.505112e-12
24450.000000  3.318411e-12
24550.000000  3.271775e-12
24650.000000  3.370076e-12
24750.000000  3.242853e-12
24850.000000  3.114443e-12
24950.000000  3.191588e-12
