2505.000000  1.607956e-09
2513.000000  1.431965e-09
2518.000000  1.482932e-09
2525.000000  1.374113e-09
2535.000000  1.399645e-09
2545.000000  1.352520e-09
2555.000000  1.442021e-09
2565.000000  1.411082e-09
2575.000000  1.526697e-09
2585.000000  1.497171e-09
2595.000000  1.482366e-09
2605.000000  1.405623e-09
2615.000000  1.398819e-09
2625.000000  1.455211e-09
2635.000000  1.462679e-09
2645.000000  1.583927e-09
2655.000000  1.550458e-09
2665.000000  1.404692e-09
2675.000000  1.489015e-09
2685.000000  1.448014e-09
2695.000000  1.408980e-09
2705.000000  1.456442e-09
2715.000000  1.380021e-09
2725.000000  1.392842e-09
2735.000000  1.487731e-09
2745.000000  1.272078e-09
2755.000000  1.262985e-09
2765.000000  1.299437e-09
2775.000000  1.385091e-09
2785.000000  1.376748e-09
2795.000000  1.135480e-09
2805.000000  1.262301e-09
2815.000000  1.397514e-09
2825.000000  1.409705e-09
2835.000000  1.324410e-09
2845.000000  1.277396e-09
2855.000000  1.265346e-09
2865.000000  1.334701e-09
2875.000000  1.287184e-09
2885.000000  1.305886e-09
2895.000000  1.259520e-09
2910.000000  1.368669e-09
2930.000000  1.308851e-09
2950.000000  1.302189e-09
2970.000000  1.302270e-09
2990.000000  1.294866e-09
3010.000000  1.317938e-09
3030.000000  1.290871e-09
3050.000000  1.264501e-09
3070.000000  1.242402e-09
3090.000000  1.247956e-09
3110.000000  1.206047e-09
3130.000000  1.193791e-09
3150.000000  1.196089e-09
3170.000000  1.173431e-09
3190.000000  1.128337e-09
3210.000000  1.141327e-09
3230.000000  1.120070e-09
3250.000000  1.112259e-09
3270.000000  1.105808e-09
3290.000000  1.097672e-09
3310.000000  1.091922e-09
3330.000000  1.066219e-09
3350.000000  1.045985e-09
3370.000000  1.035773e-09
3390.000000  1.018425e-09
3410.000000  1.022229e-09
3430.000000  1.008956e-09
3450.000000  9.968851e-10
3470.000000  9.790146e-10
3490.000000  9.681233e-10
3510.000000  9.657917e-10
3530.000000  9.592091e-10
3550.000000  9.493558e-10
3570.000000  9.335287e-10
3590.000000  9.209309e-10
3610.000000  9.115773e-10
3630.000000  8.993376e-10
3640.000000  8.966466e-10
3650.000000  9.042067e-10
3670.000000  8.951739e-10
3690.000000  8.722844e-10
3710.000000  8.517850e-10
3730.000000  8.220870e-10
3750.000000  9.497947e-10
3770.000000  9.832176e-10
3790.000000  1.158515e-09
3810.000000  1.309724e-09
3830.000000  1.065621e-09
3850.000000  1.385533e-09
3870.000000  1.530142e-09
3890.000000  9.444024e-10
3910.000000  1.508985e-09
3930.000000  1.553717e-09
3950.000000  1.485893e-09
3970.000000  8.920339e-10
3990.000000  1.412558e-09
4010.000000  1.504146e-09
4030.000000  1.459101e-09
4050.000000  1.480200e-09
4070.000000  1.420587e-09
4090.000000  1.163214e-09
4110.000000  9.181081e-10
4130.000000  1.317387e-09
4150.000000  1.363984e-09
4170.000000  1.349719e-09
4190.000000  1.334082e-09
4210.000000  1.318630e-09
4230.000000  1.296005e-09
4250.000000  1.272145e-09
4270.000000  1.242394e-09
4290.000000  1.234518e-09
4310.000000  1.182106e-09
4330.000000  9.331274e-10
4350.000000  8.055643e-10
4370.000000  1.124897e-09
4390.000000  1.120736e-09
4410.000000  1.132532e-09
4430.000000  1.106840e-09
4450.000000  1.107319e-09
4470.000000  1.071812e-09
4490.000000  1.053952e-09
4510.000000  1.057100e-09
4530.000000  1.038887e-09
4550.000000  1.017261e-09
4570.000000  1.018680e-09
4590.000000  9.939675e-10
4610.000000  9.936844e-10
4630.000000  9.628252e-10
4650.000000  9.651015e-10
4670.000000  9.472157e-10
4690.000000  9.333127e-10
4710.000000  9.047298e-10
4730.000000  9.097962e-10
4750.000000  8.941805e-10
4770.000000  8.877565e-10
4790.000000  8.731364e-10
4810.000000  8.527609e-10
4830.000000  8.211714e-10
4850.000000  6.717044e-10
4870.000000  5.593210e-10
4890.000000  7.779511e-10
4910.000000  7.952693e-10
4930.000000  7.819157e-10
4950.000000  7.822424e-10
4970.000000  7.754382e-10
4990.000000  7.629919e-10
5010.000000  7.384424e-10
5030.000000  7.359092e-10
5050.000000  7.167073e-10
5070.000000  7.204362e-10
5090.000000  7.110664e-10
5110.000000  6.986313e-10
5130.000000  6.944077e-10
5150.000000  6.780333e-10
5170.000000  6.693857e-10
5190.000000  6.636083e-10
5210.000000  6.514778e-10
5230.000000  6.438519e-10
5250.000000  6.418196e-10
5270.000000  6.263404e-10
5290.000000  6.294331e-10
5310.000000  6.149383e-10
5330.000000  6.108836e-10
5350.000000  6.061067e-10
5370.000000  5.984597e-10
5390.000000  5.906438e-10
5410.000000  5.809320e-10
5430.000000  5.756542e-10
5450.000000  5.703927e-10
5470.000000  5.620558e-10
5490.000000  5.569520e-10
5510.000000  5.497947e-10
5530.000000  5.450552e-10
5550.000000  5.384137e-10
5570.000000  5.321142e-10
5590.000000  5.264895e-10
5610.000000  5.217501e-10
5630.000000  5.159936e-10
5650.000000  5.058992e-10
5670.000000  5.011773e-10
5690.000000  4.972949e-10
5710.000000  4.920410e-10
5730.000000  4.866104e-10
5750.000000  4.807248e-10
5770.000000  4.752975e-10
5790.000000  4.686729e-10
5810.000000  4.639450e-10
5830.000000  4.590942e-10
5850.000000  4.539761e-10
5870.000000  4.446118e-10
5890.000000  4.416176e-10
5910.000000  4.385083e-10
5930.000000  4.344472e-10
5950.000000  4.263335e-10
5970.000000  4.234665e-10
5990.000000  4.177837e-10
6010.000000  4.150651e-10
6030.000000  4.106410e-10
6050.000000  4.056892e-10
6070.000000  4.012973e-10
6090.000000  3.969411e-10
6110.000000  3.930475e-10
6130.000000  3.885381e-10
6150.000000  3.796537e-10
6170.000000  3.797938e-10
6190.000000  3.763204e-10
6210.000000  3.722376e-10
6230.000000  3.674690e-10
6250.000000  3.607025e-10
6270.000000  3.602937e-10
6290.000000  3.563605e-10
6310.000000  3.517598e-10
6330.000000  3.486674e-10
6350.000000  3.395142e-10
6370.000000  3.381495e-10
6390.000000  3.374518e-10
6410.000000  3.334538e-10
6430.000000  3.307879e-10
6450.000000  3.250334e-10
6470.000000  3.235186e-10
6490.000000  3.183733e-10
6510.000000  3.138785e-10
6530.000000  3.057502e-10
6550.000000  2.717860e-10
6570.000000  2.255287e-10
6590.000000  2.901716e-10
6610.000000  2.977002e-10
6630.000000  2.966177e-10
6650.000000  2.946931e-10
6670.000000  2.912769e-10
6690.000000  2.887387e-10
6710.000000  2.865283e-10
6730.000000  2.833973e-10
6750.000000  2.807586e-10
6770.000000  2.782237e-10
6790.000000  2.751579e-10
6810.000000  2.725219e-10
6830.000000  2.693192e-10
6850.000000  2.670424e-10
6870.000000  2.645228e-10
6890.000000  2.619895e-10
6910.000000  2.593497e-10
6930.000000  2.562845e-10
6950.000000  2.544333e-10
6970.000000  2.520164e-10
6990.000000  2.497880e-10
7010.000000  2.466417e-10
7030.000000  2.448699e-10
7050.000000  2.417183e-10
7070.000000  2.395220e-10
7090.000000  2.380121e-10
7110.000000  2.348300e-10
7130.000000  2.330413e-10
7150.000000  2.309342e-10
7170.000000  2.289080e-10
7190.000000  2.268492e-10
7210.000000  2.247742e-10
7230.000000  2.221296e-10
7250.000000  2.201273e-10
7270.000000  2.185278e-10
7290.000000  2.163131e-10
7310.000000  2.143560e-10
7330.000000  2.124358e-10
7350.000000  2.106830e-10
7370.000000  2.086748e-10
7390.000000  2.067519e-10
7410.000000  2.047448e-10
7430.000000  2.020555e-10
7450.000000  2.006093e-10
7470.000000  1.981903e-10
7490.000000  1.968973e-10
7510.000000  1.951260e-10
7530.000000  1.937830e-10
7550.000000  1.920303e-10
7570.000000  1.903302e-10
7590.000000  1.885078e-10
7610.000000  1.870643e-10
7630.000000  1.852594e-10
7650.000000  1.834539e-10
7670.000000  1.819066e-10
7690.000000  1.802375e-10
7710.000000  1.786038e-10
7730.000000  1.771406e-10
7750.000000  1.755411e-10
7770.000000  1.708807e-10
7790.000000  1.724443e-10
7810.000000  1.711171e-10
7830.000000  1.695171e-10
7850.000000  1.672175e-10
7870.000000  1.654854e-10
7890.000000  1.634619e-10
7910.000000  1.634598e-10
7930.000000  1.623190e-10
7950.000000  1.596988e-10
7970.000000  1.595282e-10
7990.000000  1.561422e-10
8010.000000  1.567878e-10
8030.000000  1.553922e-10
8050.000000  1.540128e-10
8070.000000  1.527709e-10
8090.000000  1.514252e-10
8110.000000  1.500659e-10
8130.000000  1.488903e-10
8150.000000  1.476653e-10
8170.000000  1.464745e-10
8190.000000  1.447565e-10
8210.000000  1.433885e-10
8230.000000  1.415352e-10
8250.000000  1.418401e-10
8270.000000  1.411597e-10
8290.000000  1.394548e-10
8310.000000  1.387770e-10
8330.000000  1.374329e-10
8350.000000  1.365454e-10
8370.000000  1.355731e-10
8390.000000  1.345508e-10
8410.000000  1.332514e-10
8430.000000  1.319073e-10
8450.000000  1.292540e-10
8470.000000  1.290068e-10
8490.000000  1.285218e-10
8510.000000  1.251529e-10
8530.000000  1.272031e-10
8550.000000  1.202980e-10
8570.000000  1.267317e-10
8590.000000  1.200259e-10
8610.000000  1.179134e-10
8630.000000  1.258989e-10
8650.000000  1.207755e-10
8670.000000  1.064138e-10
8690.000000  1.219634e-10
8710.000000  1.256727e-10
8730.000000  1.203426e-10
8750.000000  9.960504e-11
8770.000000  1.146061e-10
8790.000000  1.238086e-10
8810.000000  1.246082e-10
8830.000000  1.206363e-10
8850.000000  1.080297e-10
8870.000000  9.431064e-11
8890.000000  1.145544e-10
8910.000000  1.196467e-10
8930.000000  1.198806e-10
8950.000000  1.197643e-10
8970.000000  1.175157e-10
8990.000000  1.113299e-10
9010.000000  9.082556e-11
9030.000000  9.750708e-11
9050.000000  1.108191e-10
9070.000000  1.122586e-10
9090.000000  1.121973e-10
9110.000000  1.125326e-10
9130.000000  1.119027e-10
9150.000000  1.113270e-10
9170.000000  1.094444e-10
9190.000000  1.061447e-10
9210.000000  9.836265e-11
9230.000000  7.918731e-11
9250.000000  9.452175e-11
9270.000000  1.007043e-10
9290.000000  1.042866e-10
9310.000000  1.045834e-10
9330.000000  1.037459e-10
9350.000000  1.033910e-10
9370.000000  1.027100e-10
9390.000000  1.015361e-10
9410.000000  9.947403e-11
9430.000000  1.001398e-10
9450.000000  9.944095e-11
9470.000000  9.830448e-11
9490.000000  9.681736e-11
9510.000000  9.396333e-11
9530.000000  8.564711e-11
9550.000000  7.084733e-11
9570.000000  8.618733e-11
9590.000000  9.176168e-11
9610.000000  9.264282e-11
9630.000000  9.119010e-11
9650.000000  9.220862e-11
9670.000000  9.128741e-11
9690.000000  9.097926e-11
9710.000000  9.060263e-11
9730.000000  8.987213e-11
9750.000000  8.910580e-11
9770.000000  8.859442e-11
9790.000000  8.787919e-11
9810.000000  8.719927e-11
9830.000000  8.633077e-11
9850.000000  8.581989e-11
9870.000000  8.519105e-11
9890.000000  8.422200e-11
9910.000000  8.381491e-11
9930.000000  8.318770e-11
9950.000000  8.247085e-11
9970.000000  8.164140e-11
9990.000000  8.057503e-11
10025.000000  7.305073e-11
10075.000000  6.923592e-11
10125.000000  7.619401e-11
10175.000000  7.598480e-11
10225.000000  7.499623e-11
10275.000000  7.370213e-11
10325.000000  7.235807e-11
10375.000000  7.113195e-11
10425.000000  6.994115e-11
10475.000000  6.859596e-11
10525.000000  6.731988e-11
10575.000000  6.628234e-11
10625.000000  6.524368e-11
10675.000000  6.360998e-11
10725.000000  6.287785e-11
10775.000000  6.185721e-11
10825.000000  6.051476e-11
10875.000000  5.894075e-11
10925.000000  5.021661e-11
10975.000000  5.414212e-11
11025.000000  5.650046e-11
11075.000000  5.593637e-11
11125.000000  5.514991e-11
11175.000000  5.423095e-11
11225.000000  5.339664e-11
11275.000000  5.196779e-11
11325.000000  5.127308e-11
11375.000000  5.081267e-11
11425.000000  4.998799e-11
11475.000000  4.924065e-11
11525.000000  4.847280e-11
11575.000000  4.770001e-11
11625.000000  4.674009e-11
11675.000000  4.601349e-11
11725.000000  4.546695e-11
11775.000000  4.446780e-11
11825.000000  4.402876e-11
11875.000000  4.328836e-11
11925.000000  4.276415e-11
11975.000000  4.204061e-11
12025.000000  4.144683e-11
12075.000000  4.081008e-11
12125.000000  4.018039e-11
12175.000000  3.959651e-11
12225.000000  3.899046e-11
12275.000000  3.838647e-11
12325.000000  3.782641e-11
12375.000000  3.727845e-11
12425.000000  3.675246e-11
12475.000000  3.608516e-11
12525.000000  3.566645e-11
12575.000000  3.505056e-11
12625.000000  3.459757e-11
12675.000000  3.406319e-11
12725.000000  3.342256e-11
12775.000000  3.200818e-11
12825.000000  2.788687e-11
12875.000000  3.138816e-11
12925.000000  3.158708e-11
12975.000000  3.126430e-11
13025.000000  3.087669e-11
13075.000000  3.043918e-11
13125.000000  3.001194e-11
13175.000000  2.951323e-11
13225.000000  2.918295e-11
13275.000000  2.877620e-11
13325.000000  2.837950e-11
13375.000000  2.798808e-11
13425.000000  2.759138e-11
13475.000000  2.721018e-11
13525.000000  2.682033e-11
13575.000000  2.646808e-11
13625.000000  2.610884e-11
13675.000000  2.573600e-11
13725.000000  2.538713e-11
13775.000000  2.508256e-11
13825.000000  2.474891e-11
13875.000000  2.442374e-11
13925.000000  2.408851e-11
13975.000000  2.377360e-11
14025.000000  2.346545e-11
14075.000000  2.315729e-11
14125.000000  2.284750e-11
14175.000000  2.255488e-11
14225.000000  2.226041e-11
14275.000000  2.197269e-11
14325.000000  2.168844e-11
14375.000000  2.140582e-11
14425.000000  2.105190e-11
14475.000000  2.085429e-11
14525.000000  2.056156e-11
14570.000000  2.036068e-11
14620.000000  2.012051e-11
14675.000000  1.985838e-11
14725.000000  1.960642e-11
14775.000000  1.933755e-11
14825.000000  1.912815e-11
14875.000000  1.887629e-11
14925.000000  1.867015e-11
14975.000000  1.842677e-11
15025.000000  1.821062e-11
15075.000000  1.797551e-11
15125.000000  1.776773e-11
15175.000000  1.754648e-11
15225.000000  1.733544e-11
15275.000000  1.711869e-11
15325.000000  1.689739e-11
15375.000000  1.670727e-11
15425.000000  1.644884e-11
15475.000000  1.629562e-11
15525.000000  1.608474e-11
15575.000000  1.577525e-11
15625.000000  1.579695e-11
15675.000000  1.541522e-11
15725.000000  1.512158e-11
15775.000000  1.528677e-11
15825.000000  1.507090e-11
15875.000000  1.427381e-11
15925.000000  1.456801e-11
15975.000000  1.467762e-11
16050.000000  1.422337e-11
16150.000000  1.354500e-11
16250.000000  1.387907e-11
16350.000000  1.321980e-11
16450.000000  1.252224e-11
16550.000000  1.300993e-11
16650.000000  1.273589e-11
16750.000000  1.203020e-11
16850.000000  1.136399e-11
16950.000000  1.188630e-11
17050.000000  1.167457e-11
17150.000000  1.141771e-11
17250.000000  1.108334e-11
17350.000000  9.960306e-12
17450.000000  1.047985e-11
17550.000000  1.044415e-11
17650.000000  1.024289e-11
17750.000000  1.002158e-11
17850.000000  9.817180e-12
17950.000000  9.614882e-12
18050.000000  9.329548e-12
18150.000000  8.456743e-12
18250.000000  8.760772e-12
18350.000000  8.817030e-12
18450.000000  8.663229e-12
18550.000000  8.464148e-12
18650.000000  8.233321e-12
18750.000000  7.457521e-12
18850.000000  7.893035e-12
18950.000000  7.810546e-12
19050.000000  7.670594e-12
19150.000000  7.520861e-12
19250.000000  7.357703e-12
19350.000000  7.137256e-12
19450.000000  6.442662e-12
19550.000000  6.859803e-12
19650.000000  6.806328e-12
19750.000000  6.686812e-12
19850.000000  6.559153e-12
19950.000000  6.434902e-12
20050.000000  6.315772e-12
20150.000000  6.194738e-12
20250.000000  6.080767e-12
20350.000000  5.966683e-12
20450.000000  5.854401e-12
20550.000000  5.747066e-12
20650.000000  5.643200e-12
20750.000000  5.539447e-12
20850.000000  5.437270e-12
20950.000000  5.338625e-12
21050.000000  5.241558e-12
21150.000000  5.144490e-12
21250.000000  5.053922e-12
21350.000000  4.961180e-12
21450.000000  4.867932e-12
21550.000000  4.740670e-12
21650.000000  4.299640e-12
21750.000000  4.543119e-12
21850.000000  4.533112e-12
21950.000000  4.465807e-12
22050.000000  4.390044e-12
22150.000000  4.313614e-12
22250.000000  4.240921e-12
22350.000000  4.168908e-12
22450.000000  4.097933e-12
22550.000000  4.028475e-12
22650.000000  3.961060e-12
22750.000000  3.894683e-12
22850.000000  3.832345e-12
22950.000000  3.769022e-12
23050.000000  3.707238e-12
23150.000000  3.646622e-12
23250.000000  3.587386e-12
23350.000000  3.528820e-12
23450.000000  3.471786e-12
23550.000000  3.416121e-12
23650.000000  3.361136e-12
23750.000000  3.307520e-12
23850.000000  3.254584e-12
23950.000000  3.203148e-12
24050.000000  3.150195e-12
24150.000000  3.101161e-12
24250.000000  3.053350e-12
24350.000000  3.005143e-12
24450.000000  2.957283e-12
24550.000000  2.912047e-12
24650.000000  2.864682e-12
24750.000000  2.820926e-12
24850.000000  2.780006e-12
24950.000000  2.726625e-12
