2505.000000  5.405568e-11
2513.000000  4.303629e-11
2518.000000  4.425684e-11
2525.000000  3.873351e-11
2535.000000  3.590305e-11
2545.000000  3.517805e-11
2555.000000  4.168489e-11
2565.000000  3.994185e-11
2575.000000  4.652944e-11
2585.000000  4.642275e-11
2595.000000  4.427485e-11
2605.000000  4.075892e-11
2615.000000  3.812844e-11
2625.000000  4.748452e-11
2635.000000  5.023168e-11
2645.000000  6.281313e-11
2655.000000  6.447629e-11
2665.000000  5.291059e-11
2675.000000  5.838540e-11
2685.000000  5.772637e-11
2695.000000  5.296243e-11
2705.000000  5.635901e-11
2715.000000  5.048188e-11
2725.000000  5.161461e-11
2735.000000  5.702686e-11
2745.000000  3.999176e-11
2755.000000  4.419644e-11
2765.000000  4.778683e-11
2775.000000  5.577262e-11
2785.000000  4.958419e-11
2795.000000  2.313819e-11
2805.000000  2.973227e-11
2815.000000  5.746226e-11
2825.000000  6.324674e-11
2835.000000  5.963093e-11
2845.000000  5.645558e-11
2855.000000  5.121205e-11
2865.000000  6.002325e-11
2875.000000  5.827981e-11
2885.000000  5.922827e-11
2895.000000  5.561317e-11
2910.000000  6.601059e-11
2930.000000  6.226092e-11
2950.000000  6.166529e-11
2970.000000  6.485470e-11
2990.000000  6.527943e-11
3010.000000  6.683627e-11
3030.000000  6.601595e-11
3050.000000  6.586281e-11
3070.000000  6.663855e-11
3090.000000  6.805564e-11
3110.000000  6.569051e-11
3130.000000  6.529914e-11
3150.000000  6.777669e-11
3170.000000  6.742020e-11
3190.000000  6.289560e-11
3210.000000  6.534052e-11
3230.000000  6.218283e-11
3250.000000  6.508806e-11
3270.000000  6.669111e-11
3290.000000  6.718727e-11
3310.000000  6.846514e-11
3330.000000  6.675465e-11
3350.000000  6.591513e-11
3370.000000  6.498543e-11
3390.000000  6.550041e-11
3410.000000  6.613623e-11
3430.000000  6.673958e-11
3450.000000  6.625253e-11
3470.000000  6.532628e-11
3490.000000  6.514396e-11
3510.000000  6.670609e-11
3530.000000  6.636163e-11
3550.000000  6.817290e-11
3570.000000  6.495952e-11
3590.000000  6.454495e-11
3610.000000  6.484233e-11
3630.000000  6.546074e-11
3640.000000  6.449956e-11
3650.000000  6.743537e-11
3670.000000  6.673215e-11
3690.000000  6.388534e-11
3710.000000  6.808904e-11
3730.000000  7.114255e-11
3750.000000  8.997293e-11
3770.000000  9.688333e-11
3790.000000  1.191124e-10
3810.000000  1.391874e-10
3830.000000  1.096723e-10
3850.000000  1.539858e-10
3870.000000  1.736674e-10
3890.000000  1.005969e-10
3910.000000  1.723011e-10
3930.000000  1.509120e-10
3950.000000  1.707196e-10
3970.000000  9.209044e-11
3990.000000  1.696169e-10
4010.000000  1.924485e-10
4030.000000  1.922645e-10
4050.000000  1.898302e-10
4070.000000  1.798290e-10
4090.000000  1.423095e-10
4110.000000  1.088112e-10
4130.000000  1.711760e-10
4150.000000  1.827096e-10
4170.000000  1.818717e-10
4190.000000  1.799674e-10
4210.000000  1.795473e-10
4230.000000  1.744281e-10
4250.000000  1.747961e-10
4270.000000  1.678269e-10
4290.000000  1.683654e-10
4310.000000  1.533707e-10
4330.000000  1.196314e-10
4350.000000  1.020094e-10
4370.000000  1.550026e-10
4390.000000  1.597740e-10
4410.000000  1.577096e-10
4430.000000  1.561867e-10
4450.000000  1.582636e-10
4470.000000  1.571070e-10
4490.000000  1.551539e-10
4510.000000  1.583708e-10
4530.000000  1.522763e-10
4550.000000  1.496090e-10
4570.000000  1.535702e-10
4590.000000  1.480321e-10
4610.000000  1.504528e-10
4630.000000  1.460249e-10
4650.000000  1.467888e-10
4670.000000  1.459771e-10
4690.000000  1.405232e-10
4710.000000  1.353919e-10
4730.000000  1.407838e-10
4750.000000  1.401643e-10
4770.000000  1.376103e-10
4790.000000  1.358129e-10
4810.000000  1.324357e-10
4830.000000  1.257212e-10
4850.000000  9.793462e-11
4870.000000  7.844877e-11
4890.000000  1.176363e-10
4910.000000  1.243998e-10
4930.000000  1.231545e-10
4950.000000  1.250451e-10
4970.000000  1.255046e-10
4990.000000  1.212364e-10
5010.000000  1.173361e-10
5030.000000  1.198070e-10
5050.000000  1.175322e-10
5070.000000  1.189423e-10
5090.000000  1.172101e-10
5110.000000  1.167186e-10
5130.000000  1.143278e-10
5150.000000  1.118926e-10
5170.000000  1.094715e-10
5190.000000  1.083615e-10
5210.000000  1.085468e-10
5230.000000  1.072297e-10
5250.000000  1.087134e-10
5270.000000  1.025157e-10
5290.000000  1.060399e-10
5310.000000  1.043624e-10
5330.000000  1.010118e-10
5350.000000  1.033247e-10
5370.000000  1.018600e-10
5390.000000  1.007854e-10
5410.000000  9.863146e-11
5430.000000  9.879888e-11
5450.000000  9.888415e-11
5470.000000  9.766261e-11
5490.000000  9.710634e-11
5510.000000  9.627490e-11
5530.000000  9.505449e-11
5550.000000  9.491022e-11
5570.000000  9.337644e-11
5590.000000  9.228436e-11
5610.000000  9.194392e-11
5630.000000  9.167161e-11
5650.000000  9.055267e-11
5670.000000  8.922706e-11
5690.000000  8.900451e-11
5710.000000  8.812785e-11
5730.000000  8.822579e-11
5750.000000  8.684829e-11
5770.000000  8.629408e-11
5790.000000  8.534258e-11
5810.000000  8.474776e-11
5830.000000  8.413960e-11
5850.000000  8.314336e-11
5870.000000  8.247723e-11
5890.000000  8.062779e-11
5910.000000  8.100782e-11
5930.000000  8.030705e-11
5950.000000  7.954676e-11
5970.000000  7.894956e-11
5990.000000  7.796746e-11
6010.000000  7.694829e-11
6030.000000  7.658212e-11
6050.000000  7.604733e-11
6070.000000  7.564329e-11
6090.000000  7.478202e-11
6110.000000  7.392311e-11
6130.000000  7.269137e-11
6150.000000  7.141936e-11
6170.000000  7.122755e-11
6190.000000  7.163364e-11
6210.000000  7.107140e-11
6230.000000  7.009458e-11
6250.000000  6.837588e-11
6270.000000  6.929750e-11
6290.000000  6.873730e-11
6310.000000  6.759067e-11
6330.000000  6.726354e-11
6350.000000  6.621207e-11
6370.000000  6.579808e-11
6390.000000  6.560757e-11
6410.000000  6.456102e-11
6430.000000  6.430316e-11
6450.000000  6.302631e-11
6470.000000  6.301239e-11
6490.000000  6.180841e-11
6510.000000  6.125950e-11
6530.000000  5.930902e-11
6550.000000  5.148092e-11
6570.000000  4.108425e-11
6590.000000  5.589738e-11
6610.000000  5.854384e-11
6630.000000  5.889128e-11
6650.000000  5.865464e-11
6670.000000  5.817513e-11
6690.000000  5.795964e-11
6710.000000  5.751104e-11
6730.000000  5.705481e-11
6750.000000  5.635705e-11
6770.000000  5.626513e-11
6790.000000  5.576820e-11
6810.000000  5.531157e-11
6830.000000  5.476069e-11
6850.000000  5.432337e-11
6870.000000  5.400959e-11
6890.000000  5.359562e-11
6910.000000  5.315264e-11
6930.000000  5.269034e-11
6950.000000  5.230131e-11
6970.000000  5.186037e-11
6990.000000  5.149831e-11
7010.000000  5.071964e-11
7030.000000  5.052346e-11
7050.000000  5.023665e-11
7070.000000  4.987261e-11
7090.000000  4.949328e-11
7110.000000  4.821203e-11
7130.000000  4.842781e-11
7150.000000  4.813901e-11
7170.000000  4.775929e-11
7190.000000  4.731835e-11
7210.000000  4.704692e-11
7230.000000  4.667123e-11
7250.000000  4.622826e-11
7270.000000  4.608200e-11
7290.000000  4.550579e-11
7310.000000  4.524407e-11
7330.000000  4.490496e-11
7350.000000  4.470112e-11
7370.000000  4.439665e-11
7390.000000  4.387644e-11
7410.000000  4.336185e-11
7430.000000  4.297686e-11
7450.000000  4.277870e-11
7470.000000  4.224881e-11
7490.000000  4.208724e-11
7510.000000  4.191371e-11
7530.000000  4.167121e-11
7550.000000  4.148434e-11
7570.000000  4.110099e-11
7590.000000  4.084684e-11
7610.000000  4.052108e-11
7630.000000  4.024199e-11
7650.000000  3.985865e-11
7670.000000  3.939035e-11
7690.000000  3.921712e-11
7710.000000  3.889742e-11
7730.000000  3.875322e-11
7750.000000  3.839281e-11
7770.000000  3.740299e-11
7790.000000  3.795384e-11
7810.000000  3.764938e-11
7830.000000  3.721776e-11
7850.000000  3.684208e-11
7870.000000  3.661490e-11
7890.000000  3.628551e-11
7910.000000  3.605636e-11
7930.000000  3.573223e-11
7950.000000  3.543021e-11
7970.000000  3.552877e-11
7990.000000  3.495497e-11
8010.000000  3.492757e-11
8030.000000  3.462515e-11
8050.000000  3.443630e-11
8070.000000  3.418216e-11
8090.000000  3.391238e-11
8110.000000  3.376818e-11
8130.000000  3.357162e-11
8150.000000  3.332519e-11
8170.000000  3.308035e-11
8190.000000  3.239625e-11
8210.000000  3.229238e-11
8230.000000  3.206118e-11
8250.000000  3.190333e-11
8270.000000  3.203615e-11
8290.000000  3.178206e-11
8310.000000  3.151026e-11
8330.000000  3.102104e-11
8350.000000  3.110962e-11
8370.000000  3.092116e-11
8390.000000  3.057449e-11
8410.000000  3.038604e-11
8430.000000  3.013514e-11
8450.000000  2.953032e-11
8470.000000  2.921523e-11
8490.000000  2.971245e-11
8510.000000  2.785882e-11
8530.000000  2.956534e-11
8550.000000  2.579427e-11
8570.000000  2.976923e-11
8590.000000  2.772682e-11
8610.000000  2.698063e-11
8630.000000  2.974692e-11
8650.000000  2.863024e-11
8670.000000  2.342162e-11
8690.000000  2.861377e-11
8710.000000  2.985749e-11
8730.000000  2.872141e-11
8750.000000  2.295911e-11
8770.000000  2.749471e-11
8790.000000  2.953366e-11
8810.000000  2.960661e-11
8830.000000  2.864379e-11
8850.000000  2.588121e-11
8870.000000  2.203354e-11
8890.000000  2.754810e-11
8910.000000  2.867480e-11
8930.000000  2.878648e-11
8950.000000  2.889642e-11
8970.000000  2.830114e-11
8990.000000  2.696476e-11
9010.000000  2.158285e-11
9030.000000  2.373363e-11
9050.000000  2.693895e-11
9070.000000  2.700101e-11
9090.000000  2.675876e-11
9110.000000  2.734575e-11
9130.000000  2.740756e-11
9150.000000  2.728783e-11
9170.000000  2.685370e-11
9190.000000  2.608426e-11
9210.000000  2.415735e-11
9230.000000  1.899628e-11
9250.000000  2.321307e-11
9270.000000  2.479654e-11
9290.000000  2.581770e-11
9310.000000  2.590098e-11
9330.000000  2.577497e-11
9350.000000  2.569573e-11
9370.000000  2.557243e-11
9390.000000  2.524862e-11
9410.000000  2.439310e-11
9430.000000  2.480576e-11
9450.000000  2.468089e-11
9470.000000  2.454038e-11
9490.000000  2.419525e-11
9510.000000  2.344781e-11
9530.000000  2.150972e-11
9550.000000  1.735057e-11
9570.000000  2.163754e-11
9590.000000  2.297908e-11
9610.000000  2.310928e-11
9630.000000  2.289703e-11
9650.000000  2.314186e-11
9670.000000  2.279899e-11
9690.000000  2.275351e-11
9710.000000  2.293036e-11
9730.000000  2.276607e-11
9750.000000  2.249034e-11
9770.000000  2.251019e-11
9790.000000  2.235838e-11
9810.000000  2.221901e-11
9830.000000  2.203964e-11
9850.000000  2.178917e-11
9870.000000  2.165161e-11
9890.000000  2.139695e-11
9910.000000  2.131309e-11
9930.000000  2.123119e-11
9950.000000  2.107240e-11
9970.000000  2.092515e-11
9990.000000  2.063473e-11
10025.000000  1.871938e-11
10075.000000  1.775554e-11
10125.000000  1.967410e-11
10175.000000  1.967018e-11
10225.000000  1.949461e-11
10275.000000  1.923295e-11
10325.000000  1.887057e-11
10375.000000  1.861521e-11
10425.000000  1.833590e-11
10475.000000  1.785384e-11
10525.000000  1.768696e-11
10575.000000  1.745443e-11
10625.000000  1.720557e-11
10675.000000  1.663875e-11
10725.000000  1.658409e-11
10775.000000  1.635793e-11
10825.000000  1.606157e-11
10875.000000  1.562124e-11
10925.000000  1.323124e-11
10975.000000  1.440405e-11
11025.000000  1.516874e-11
11075.000000  1.509785e-11
11125.000000  1.487668e-11
11175.000000  1.468236e-11
11225.000000  1.450501e-11
11275.000000  1.404494e-11
11325.000000  1.387081e-11
11375.000000  1.381708e-11
11425.000000  1.354810e-11
11475.000000  1.350989e-11
11525.000000  1.333424e-11
11575.000000  1.312847e-11
11625.000000  1.279166e-11
11675.000000  1.254332e-11
11725.000000  1.260606e-11
11775.000000  1.219100e-11
11825.000000  1.213768e-11
11875.000000  1.189761e-11
11925.000000  1.194919e-11
11975.000000  1.165260e-11
12025.000000  1.156750e-11
12075.000000  1.138086e-11
12125.000000  1.124100e-11
12175.000000  1.113759e-11
12225.000000  1.097016e-11
12275.000000  1.080469e-11
12325.000000  1.067177e-11
12375.000000  1.054810e-11
12425.000000  1.043543e-11
12475.000000  1.026936e-11
12525.000000  1.012678e-11
12575.000000  9.932201e-12
12625.000000  9.836616e-12
12675.000000  9.726639e-12
12725.000000  9.555304e-12
12775.000000  9.120869e-12
12825.000000  7.773926e-12
12875.000000  8.968519e-12
12925.000000  9.072138e-12
12975.000000  9.004795e-12
13025.000000  8.916765e-12
13075.000000  8.819125e-12
13125.000000  8.690795e-12
13175.000000  8.552480e-12
13225.000000  8.486998e-12
13275.000000  8.375619e-12
13325.000000  8.279132e-12
13375.000000  8.172784e-12
13425.000000  8.071266e-12
13475.000000  7.970314e-12
13525.000000  7.850480e-12
13575.000000  7.747195e-12
13625.000000  7.676917e-12
13675.000000  7.571905e-12
13725.000000  7.415235e-12
13775.000000  7.374995e-12
13825.000000  7.292722e-12
13875.000000  7.229940e-12
13925.000000  7.109705e-12
13975.000000  7.040358e-12
14025.000000  6.958494e-12
14075.000000  6.885081e-12
14125.000000  6.786993e-12
14175.000000  6.716119e-12
14225.000000  6.624994e-12
14275.000000  6.538826e-12
14325.000000  6.476447e-12
14375.000000  6.410564e-12
14425.000000  6.206262e-12
14475.000000  6.250658e-12
14525.000000  6.114804e-12
14570.000000  6.106701e-12
14620.000000  6.019444e-12
14675.000000  5.964920e-12
14725.000000  5.882814e-12
14775.000000  5.792859e-12
14825.000000  5.746224e-12
14875.000000  5.653532e-12
14925.000000  5.649734e-12
14975.000000  5.567834e-12
15025.000000  5.483635e-12
15075.000000  5.416194e-12
15125.000000  5.386753e-12
15175.000000  5.326835e-12
15225.000000  5.264211e-12
15275.000000  5.194883e-12
15325.000000  5.129773e-12
15375.000000  5.088283e-12
15425.000000  4.964290e-12
15475.000000  4.964014e-12
15525.000000  4.916410e-12
15575.000000  4.760878e-12
15625.000000  4.865887e-12
15675.000000  4.700464e-12
15725.000000  4.557601e-12
15775.000000  4.690882e-12
15825.000000  4.652742e-12
15875.000000  4.235845e-12
15925.000000  4.489183e-12
15975.000000  4.554842e-12
16050.000000  4.399368e-12
16150.000000  4.126028e-12
16250.000000  4.345805e-12
16350.000000  4.108982e-12
16450.000000  3.827896e-12
16550.000000  4.083595e-12
16650.000000  4.005558e-12
16750.000000  3.756184e-12
16850.000000  3.492405e-12
16950.000000  3.751426e-12
17050.000000  3.673002e-12
17150.000000  3.606354e-12
17250.000000  3.479538e-12
17350.000000  3.058108e-12
17450.000000  3.285475e-12
17550.000000  3.294600e-12
17650.000000  3.231794e-12
17750.000000  3.177271e-12
17850.000000  3.108289e-12
17950.000000  3.055288e-12
18050.000000  2.957594e-12
18150.000000  2.628710e-12
18250.000000  2.767191e-12
18350.000000  2.800959e-12
18450.000000  2.754733e-12
18550.000000  2.689434e-12
18650.000000  2.615677e-12
18750.000000  2.308205e-12
18850.000000  2.498485e-12
18950.000000  2.473473e-12
19050.000000  2.453550e-12
19150.000000  2.404780e-12
19250.000000  2.352701e-12
19350.000000  2.277545e-12
19450.000000  2.017449e-12
19550.000000  2.193406e-12
19650.000000  2.181391e-12
19750.000000  2.140066e-12
19850.000000  2.106643e-12
19950.000000  2.067721e-12
20050.000000  2.030900e-12
20150.000000  1.994872e-12
20250.000000  1.956159e-12
20350.000000  1.918179e-12
20450.000000  1.888030e-12
20550.000000  1.853328e-12
20650.000000  1.816370e-12
20750.000000  1.785465e-12
20850.000000  1.754793e-12
20950.000000  1.722342e-12
21050.000000  1.692113e-12
21150.000000  1.658297e-12
21250.000000  1.629742e-12
21350.000000  1.601414e-12
21450.000000  1.574342e-12
21550.000000  1.531438e-12
21650.000000  1.365012e-12
21750.000000  1.465783e-12
21850.000000  1.466168e-12
21950.000000  1.448581e-12
22050.000000  1.420682e-12
22150.000000  1.396002e-12
22250.000000  1.377063e-12
22350.000000  1.354135e-12
22450.000000  1.331553e-12
22550.000000  1.304937e-12
22650.000000  1.286792e-12
22750.000000  1.266119e-12
22850.000000  1.245345e-12
22950.000000  1.224189e-12
23050.000000  1.206696e-12
23150.000000  1.186751e-12
23250.000000  1.168776e-12
23350.000000  1.149874e-12
23450.000000  1.131955e-12
23550.000000  1.114209e-12
23650.000000  1.096967e-12
23750.000000  1.078774e-12
23850.000000  1.062071e-12
23950.000000  1.045771e-12
24050.000000  1.028931e-12
24150.000000  1.012668e-12
24250.000000  9.980255e-13
24350.000000  9.812631e-13
24450.000000  9.661589e-13
24550.000000  9.514326e-13
24650.000000  9.362526e-13
24750.000000  9.218008e-13
24850.000000  9.091547e-13
24950.000000  8.870132e-13
