2505.000000  6.123488e-15
2513.000000  3.184816e-15
2518.000000  2.517572e-15
2525.000000  3.435156e-15
2535.000000  1.725690e-14
2545.000000  2.172862e-14
2555.000000  3.715822e-14
2565.000000  1.484423e-14
2575.000000  3.493440e-14
2585.000000  1.865033e-14
2595.000000  2.623923e-14
2605.000000  3.789765e-14
2615.000000  3.022016e-14
2625.000000  5.945308e-14
2635.000000  1.395036e-13
2645.000000  1.251711e-13
2655.000000  2.778476e-13
2665.000000  1.525845e-13
2675.000000  1.376445e-13
2685.000000  2.112566e-13
2695.000000  9.260771e-14
2705.000000  2.199972e-13
2715.000000  1.423919e-13
2725.000000  8.416651e-14
2735.000000  1.127672e-13
2745.000000  1.351099e-13
2755.000000  1.517416e-13
2765.000000  2.490932e-13
2775.000000  3.273298e-13
2785.000000  1.611222e-13
2795.000000  9.648824e-14
2805.000000  1.118766e-13
2815.000000  2.606505e-13
2825.000000  2.881117e-13
2835.000000  2.010103e-13
2845.000000  8.450329e-14
2855.000000  2.221078e-14
2865.000000  1.646940e-13
2875.000000  2.859976e-13
2885.000000  5.306721e-13
2895.000000  8.070616e-13
2910.000000  1.211847e-12
2930.000000  1.253396e-12
2950.000000  1.073952e-12
2970.000000  1.106380e-12
2990.000000  1.099759e-12
3010.000000  9.593142e-13
3030.000000  1.512607e-12
3050.000000  1.686027e-12
3070.000000  2.793097e-12
3090.000000  3.357045e-12
3110.000000  5.456230e-12
3130.000000  4.528311e-12
3150.000000  6.505284e-12
3170.000000  8.406187e-12
3190.000000  6.544621e-12
3210.000000  7.520081e-12
3230.000000  5.527484e-12
3250.000000  9.692280e-12
3270.000000  1.348154e-11
3290.000000  1.505241e-11
3310.000000  1.223956e-11
3330.000000  1.281872e-11
3350.000000  1.156356e-11
3370.000000  7.698042e-12
3390.000000  8.911387e-12
3410.000000  1.096917e-11
3430.000000  1.311355e-11
3450.000000  1.224945e-11
3470.000000  1.332748e-11
3490.000000  1.676713e-11
3510.000000  1.880418e-11
3530.000000  1.488401e-11
3550.000000  1.882497e-11
3570.000000  8.720241e-12
3590.000000  1.011572e-11
3610.000000  1.695401e-11
3630.000000  2.308723e-11
3640.000000  2.476586e-11
3650.000000  2.756399e-11
3670.000000  3.269423e-11
3690.000000  2.875206e-11
3710.000000  2.790935e-11
3730.000000  1.176877e-11
3750.000000  1.444500e-11
3770.000000  2.409035e-11
3790.000000  2.471484e-11
3810.000000  2.036964e-11
3830.000000  8.964452e-12
3850.000000  1.184079e-11
3870.000000  1.310856e-11
3890.000000  2.414875e-11
3910.000000  2.993254e-11
3930.000000  9.039613e-12
3950.000000  2.062148e-11
3970.000000  1.217709e-11
3990.000000  4.639506e-11
4010.000000  6.053042e-11
4030.000000  5.634434e-11
4050.000000  5.322691e-11
4070.000000  4.845759e-11
4090.000000  6.588147e-11
4110.000000  5.963423e-11
4130.000000  5.178204e-11
4150.000000  4.595290e-11
4170.000000  4.745985e-11
4190.000000  5.190799e-11
4210.000000  5.731191e-11
4230.000000  5.690558e-11
4250.000000  7.062348e-11
4270.000000  6.622130e-11
4290.000000  6.110877e-11
4310.000000  5.556900e-11
4330.000000  8.579038e-11
4350.000000  8.798549e-11
4370.000000  9.478155e-11
4390.000000  8.262931e-11
4410.000000  8.899236e-11
4430.000000  9.645369e-11
4450.000000  9.959314e-11
4470.000000  1.090951e-10
4490.000000  1.146358e-10
4510.000000  1.363005e-10
4530.000000  1.145800e-10
4550.000000  1.207533e-10
4570.000000  1.338481e-10
4590.000000  1.320949e-10
4610.000000  1.374652e-10
4630.000000  1.328376e-10
4650.000000  1.357140e-10
4670.000000  1.436583e-10
4690.000000  1.413510e-10
4710.000000  1.374770e-10
4730.000000  1.439117e-10
4750.000000  1.525055e-10
4770.000000  1.533644e-10
4790.000000  1.527375e-10
4810.000000  1.548659e-10
4830.000000  1.624656e-10
4850.000000  1.544114e-10
4870.000000  1.451731e-10
4890.000000  1.598415e-10
4910.000000  1.596823e-10
4930.000000  1.554802e-10
4950.000000  1.676164e-10
4970.000000  1.608824e-10
4990.000000  1.473276e-10
5010.000000  1.375857e-10
5030.000000  1.475964e-10
5050.000000  1.471625e-10
5070.000000  1.536179e-10
5090.000000  1.393131e-10
5110.000000  1.453680e-10
5130.000000  1.370451e-10
5150.000000  1.333959e-10
5170.000000  1.206711e-10
5190.000000  1.311322e-10
5210.000000  1.419143e-10
5230.000000  1.623446e-10
5250.000000  1.692550e-10
5270.000000  1.488129e-10
5290.000000  1.753244e-10
5310.000000  1.919634e-10
5330.000000  1.637843e-10
5350.000000  1.837619e-10
5370.000000  1.868385e-10
5390.000000  1.762759e-10
5410.000000  1.765781e-10
5430.000000  1.786119e-10
5450.000000  1.915443e-10
5470.000000  1.827220e-10
5490.000000  1.800379e-10
5510.000000  1.786319e-10
5530.000000  1.889120e-10
5550.000000  1.951496e-10
5570.000000  1.908885e-10
5590.000000  1.839389e-10
5610.000000  1.965763e-10
5630.000000  1.911806e-10
5650.000000  1.943888e-10
5670.000000  1.890673e-10
5690.000000  1.984904e-10
5710.000000  1.874789e-10
5730.000000  2.100628e-10
5750.000000  1.997197e-10
5770.000000  2.053226e-10
5790.000000  1.909175e-10
5810.000000  2.063519e-10
5830.000000  2.161994e-10
5850.000000  2.069951e-10
5870.000000  2.078652e-10
5890.000000  1.679973e-10
5910.000000  2.034726e-10
5930.000000  2.058207e-10
5950.000000  2.055834e-10
5970.000000  2.126579e-10
5990.000000  2.066518e-10
6010.000000  2.023082e-10
6030.000000  2.106046e-10
6050.000000  2.153645e-10
6070.000000  2.142387e-10
6090.000000  2.025592e-10
6110.000000  2.048478e-10
6130.000000  1.900117e-10
6150.000000  1.996067e-10
6170.000000  1.895859e-10
6190.000000  2.046206e-10
6210.000000  2.015581e-10
6230.000000  1.936919e-10
6250.000000  1.847964e-10
6270.000000  1.960485e-10
6290.000000  2.027384e-10
6310.000000  1.949227e-10
6330.000000  1.994845e-10
6350.000000  1.981705e-10
6370.000000  1.966128e-10
6390.000000  2.036096e-10
6410.000000  2.002347e-10
6430.000000  2.021092e-10
6450.000000  2.019314e-10
6470.000000  2.025253e-10
6490.000000  1.955393e-10
6510.000000  2.023115e-10
6530.000000  2.040595e-10
6550.000000  2.011506e-10
6570.000000  1.989930e-10
6590.000000  2.042723e-10
6610.000000  2.052386e-10
6630.000000  2.040147e-10
6650.000000  2.036321e-10
6670.000000  1.990242e-10
6690.000000  2.060643e-10
6710.000000  1.968050e-10
6730.000000  2.069899e-10
6750.000000  2.013733e-10
6770.000000  2.043362e-10
6790.000000  2.017389e-10
6810.000000  2.019780e-10
6830.000000  2.056007e-10
6850.000000  1.988828e-10
6870.000000  2.022725e-10
6890.000000  2.056310e-10
6910.000000  2.035654e-10
6930.000000  1.990872e-10
6950.000000  1.944403e-10
6970.000000  1.973843e-10
6990.000000  1.938450e-10
7010.000000  1.892840e-10
7030.000000  1.950111e-10
7050.000000  1.985600e-10
7070.000000  1.922370e-10
7090.000000  1.899896e-10
7110.000000  1.875783e-10
7130.000000  1.825410e-10
7150.000000  1.828524e-10
7170.000000  1.872351e-10
7190.000000  1.810430e-10
7210.000000  1.863656e-10
7230.000000  1.918472e-10
7250.000000  1.905427e-10
7270.000000  1.892732e-10
7290.000000  1.833425e-10
7310.000000  1.874323e-10
7330.000000  1.870037e-10
7350.000000  1.861478e-10
7370.000000  1.920611e-10
7390.000000  1.877918e-10
7410.000000  1.870583e-10
7430.000000  1.894581e-10
7450.000000  1.894050e-10
7470.000000  1.893520e-10
7490.000000  1.876023e-10
7510.000000  1.914668e-10
7530.000000  1.932736e-10
7550.000000  1.944662e-10
7570.000000  1.924746e-10
7590.000000  1.908350e-10
7610.000000  1.913835e-10
7630.000000  1.928205e-10
7650.000000  1.932956e-10
7670.000000  1.851598e-10
7690.000000  1.929755e-10
7710.000000  1.880622e-10
7730.000000  1.885510e-10
7750.000000  1.875100e-10
7770.000000  1.927392e-10
7790.000000  1.922349e-10
7810.000000  1.918077e-10
7830.000000  1.896134e-10
7850.000000  1.871102e-10
7870.000000  1.875345e-10
7890.000000  1.787220e-10
7910.000000  1.729770e-10
7930.000000  1.738608e-10
7950.000000  1.699630e-10
7970.000000  1.786544e-10
7990.000000  1.779340e-10
8010.000000  1.779549e-10
8030.000000  1.787800e-10
8050.000000  1.764905e-10
8070.000000  1.737055e-10
8090.000000  1.684653e-10
8110.000000  1.670514e-10
8130.000000  1.708153e-10
8150.000000  1.710162e-10
8170.000000  1.721108e-10
8190.000000  1.687844e-10
8210.000000  1.682391e-10
8230.000000  1.716477e-10
8250.000000  1.727111e-10
8270.000000  1.751080e-10
8290.000000  1.730150e-10
8310.000000  1.642710e-10
8330.000000  1.663441e-10
8350.000000  1.661102e-10
8370.000000  1.686195e-10
8390.000000  1.619194e-10
8410.000000  1.697861e-10
8430.000000  1.643117e-10
8450.000000  1.687759e-10
8470.000000  1.685273e-10
8490.000000  1.673167e-10
8510.000000  1.582100e-10
8530.000000  1.638617e-10
8550.000000  1.364447e-10
8570.000000  1.698113e-10
8590.000000  1.675541e-10
8610.000000  1.683711e-10
8630.000000  1.697455e-10
8650.000000  1.682414e-10
8670.000000  1.400530e-10
8690.000000  1.617410e-10
8710.000000  1.675872e-10
8730.000000  1.683308e-10
8750.000000  1.672572e-10
8770.000000  1.690262e-10
8790.000000  1.678317e-10
8810.000000  1.626479e-10
8830.000000  1.661177e-10
8850.000000  1.685058e-10
8870.000000  1.652501e-10
8890.000000  1.678782e-10
8910.000000  1.698864e-10
8930.000000  1.645932e-10
8950.000000  1.642295e-10
8970.000000  1.647458e-10
8990.000000  1.655703e-10
9010.000000  1.589307e-10
9030.000000  1.633902e-10
9050.000000  1.675961e-10
9070.000000  1.664125e-10
9090.000000  1.593660e-10
9110.000000  1.579980e-10
9130.000000  1.634712e-10
9150.000000  1.502573e-10
9170.000000  1.457238e-10
9190.000000  1.482563e-10
9210.000000  1.441060e-10
9230.000000  1.478841e-10
9250.000000  1.463743e-10
9270.000000  1.490844e-10
9290.000000  1.467338e-10
9310.000000  1.519678e-10
9330.000000  1.521520e-10
9350.000000  1.499374e-10
9370.000000  1.486297e-10
9390.000000  1.454293e-10
9410.000000  1.418260e-10
9430.000000  1.437594e-10
9450.000000  1.400158e-10
9470.000000  1.454412e-10
9490.000000  1.443514e-10
9510.000000  1.477024e-10
9530.000000  1.463730e-10
9550.000000  1.449436e-10
9570.000000  1.453381e-10
9590.000000  1.480534e-10
9610.000000  1.456560e-10
9630.000000  1.452145e-10
9650.000000  1.413797e-10
9670.000000  1.405001e-10
9690.000000  1.441053e-10
9710.000000  1.428446e-10
9730.000000  1.428277e-10
9750.000000  1.422099e-10
9770.000000  1.429498e-10
9790.000000  1.393801e-10
9810.000000  1.449987e-10
9830.000000  1.437313e-10
9850.000000  1.455552e-10
9870.000000  1.452564e-10
9890.000000  1.460910e-10
9910.000000  1.439799e-10
9930.000000  1.456964e-10
9950.000000  1.443702e-10
9970.000000  1.454824e-10
9990.000000  1.454658e-10
10025.000000  1.439062e-10
10075.000000  1.426312e-10
10125.000000  1.434488e-10
10175.000000  1.413084e-10
10225.000000  1.418167e-10
10275.000000  1.422965e-10
10325.000000  1.394487e-10
10375.000000  1.387373e-10
10425.000000  1.393919e-10
10475.000000  1.380672e-10
10525.000000  1.382112e-10
10575.000000  1.365772e-10
10625.000000  1.361126e-10
10675.000000  1.333415e-10
10725.000000  1.333415e-10
10775.000000  1.322365e-10
10825.000000  1.298874e-10
10875.000000  1.278010e-10
10925.000000  1.252197e-10
10975.000000  1.157396e-10
11025.000000  1.153172e-10
11075.000000  1.175664e-10
11125.000000  1.175452e-10
11175.000000  1.194056e-10
11225.000000  1.189623e-10
11275.000000  1.169428e-10
11325.000000  1.182960e-10
11375.000000  1.153438e-10
11425.000000  1.164844e-10
11475.000000  1.182052e-10
11525.000000  1.180440e-10
11575.000000  1.166569e-10
11625.000000  1.151669e-10
11675.000000  1.153724e-10
11725.000000  1.172726e-10
11775.000000  1.149119e-10
11825.000000  1.143130e-10
11875.000000  1.128749e-10
11925.000000  1.152461e-10
11975.000000  1.101286e-10
12025.000000  1.126008e-10
12075.000000  1.112892e-10
12125.000000  1.117178e-10
12175.000000  1.121482e-10
12225.000000  1.116412e-10
12275.000000  1.110460e-10
12325.000000  1.099111e-10
12375.000000  1.096313e-10
12425.000000  1.085874e-10
12475.000000  1.089881e-10
12525.000000  1.077386e-10
12575.000000  1.077325e-10
12625.000000  1.074721e-10
12675.000000  1.059931e-10
12725.000000  1.062229e-10
12775.000000  1.065502e-10
12825.000000  1.024896e-10
12875.000000  1.041956e-10
12925.000000  1.026296e-10
12975.000000  1.042017e-10
13025.000000  1.026179e-10
13075.000000  1.034218e-10
13125.000000  1.013234e-10
13175.000000  1.011661e-10
13225.000000  1.014474e-10
13275.000000  9.948405e-11
13325.000000  1.005325e-10
13375.000000  9.979106e-11
13425.000000  1.003420e-10
13475.000000  9.969789e-11
13525.000000  9.951982e-11
13575.000000  9.759538e-11
13625.000000  9.715078e-11
13675.000000  9.751089e-11
13725.000000  9.780855e-11
13775.000000  9.711747e-11
13825.000000  9.720988e-11
13875.000000  9.612314e-11
13925.000000  9.571852e-11
13975.000000  9.502745e-11
14025.000000  9.372930e-11
14075.000000  9.149387e-11
14125.000000  8.788920e-11
14175.000000  8.802608e-11
14225.000000  8.755392e-11
14275.000000  8.610440e-11
14325.000000  8.809723e-11
14375.000000  8.886333e-11
14425.000000  8.583924e-11
14475.000000  8.911306e-11
14525.000000  8.603098e-11
14570.000000  8.591707e-11
14620.000000  8.441471e-11
14675.000000  8.380566e-11
14725.000000  8.289836e-11
14775.000000  8.380129e-11
14825.000000  8.388575e-11
14875.000000  8.372414e-11
14925.000000  8.552012e-11
14975.000000  8.485721e-11
15025.000000  8.286919e-11
15075.000000  8.228069e-11
15125.000000  8.246371e-11
15175.000000  8.341314e-11
15225.000000  8.295024e-11
15275.000000  8.306401e-11
15325.000000  8.325493e-11
15375.000000  8.373742e-11
15425.000000  8.305811e-11
15475.000000  8.334090e-11
15525.000000  8.162854e-11
15575.000000  8.029195e-11
15625.000000  8.255328e-11
15675.000000  8.058183e-11
15725.000000  8.153365e-11
15775.000000  7.724638e-11
15825.000000  7.909457e-11
15875.000000  7.647600e-11
15925.000000  7.836348e-11
15975.000000  7.894936e-11
16050.000000  7.824737e-11
16150.000000  7.765948e-11
16250.000000  7.735620e-11
16350.000000  7.760499e-11
16450.000000  7.421275e-11
16550.000000  7.555510e-11
16650.000000  7.303188e-11
16750.000000  7.260137e-11
16850.000000  6.993125e-11
16950.000000  7.118462e-11
17050.000000  6.835211e-11
17150.000000  6.809194e-11
17250.000000  6.612596e-11
17350.000000  6.404209e-11
17450.000000  6.417352e-11
17550.000000  6.276687e-11
17650.000000  6.207804e-11
17750.000000  6.032490e-11
17850.000000  5.987688e-11
17950.000000  5.887425e-11
18050.000000  5.713070e-11
18150.000000  5.636915e-11
18250.000000  5.519644e-11
18350.000000  5.416548e-11
18450.000000  5.280088e-11
18550.000000  5.236676e-11
18650.000000  5.071024e-11
18750.000000  4.963047e-11
18850.000000  4.937709e-11
18950.000000  4.707102e-11
19050.000000  4.807524e-11
19150.000000  4.688699e-11
19250.000000  4.638980e-11
19350.000000  4.478398e-11
19450.000000  4.377452e-11
19550.000000  4.382387e-11
19650.000000  4.258810e-11
19750.000000  4.125606e-11
19850.000000  4.088361e-11
19950.000000  4.016926e-11
20050.000000  4.007208e-11
20150.000000  3.959326e-11
20250.000000  3.821954e-11
20350.000000  3.760239e-11
20450.000000  3.750624e-11
20550.000000  3.645448e-11
20650.000000  3.574780e-11
20750.000000  3.521114e-11
20850.000000  3.463156e-11
20950.000000  3.381467e-11
21050.000000  3.373682e-11
21150.000000  3.312515e-11
21250.000000  3.246991e-11
21350.000000  3.219459e-11
21450.000000  3.154536e-11
21550.000000  3.107976e-11
21650.000000  3.029678e-11
21750.000000  2.975009e-11
21850.000000  2.947303e-11
21950.000000  2.916221e-11
22050.000000  2.825604e-11
22150.000000  2.839704e-11
22250.000000  2.751797e-11
22350.000000  2.716655e-11
22450.000000  2.676933e-11
22550.000000  2.641957e-11
22650.000000  2.580288e-11
22750.000000  2.577888e-11
22850.000000  2.509502e-11
22950.000000  2.163476e-11
23050.000000  2.304033e-11
23150.000000  2.283251e-11
23250.000000  1.985014e-11
23350.000000  2.114833e-11
23450.000000  2.106114e-11
23550.000000  1.821685e-11
23650.000000  1.984384e-11
23750.000000  1.949675e-11
23850.000000  1.723657e-11
23950.000000  1.851739e-11
24050.000000  1.856747e-11
24150.000000  1.672261e-11
24250.000000  1.757656e-11
24350.000000  1.769575e-11
24450.000000  1.647814e-11
24550.000000  1.641611e-11
24650.000000  1.708670e-11
24750.000000  1.635573e-11
24850.000000  1.550175e-11
24950.000000  1.610144e-11
