2505.000000  5.392399e-15
2513.000000  2.627497e-15
2518.000000  1.643784e-15
2525.000000  2.259538e-15
2535.000000  1.400977e-14
2545.000000  1.745107e-14
2555.000000  3.745778e-14
2565.000000  1.547389e-14
2575.000000  3.383074e-14
2585.000000  1.960496e-14
2595.000000  2.457836e-14
2605.000000  3.323543e-14
2615.000000  2.716034e-14
2625.000000  5.112617e-14
2635.000000  1.270573e-13
2645.000000  1.314834e-13
2655.000000  2.911577e-13
2665.000000  1.607656e-13
2675.000000  1.369511e-13
2685.000000  2.198000e-13
2695.000000  9.846858e-14
2705.000000  2.151266e-13
2715.000000  1.293381e-13
2725.000000  7.074771e-14
2735.000000  1.023186e-13
2745.000000  1.066787e-13
2755.000000  1.274185e-13
2765.000000  2.048109e-13
2775.000000  2.523760e-13
2785.000000  1.231144e-13
2795.000000  5.491350e-14
2805.000000  6.913628e-14
2815.000000  1.933287e-13
2825.000000  2.285808e-13
2835.000000  1.592166e-13
2845.000000  5.972720e-14
2855.000000  1.272019e-14
2865.000000  1.185607e-13
2875.000000  2.327678e-13
2885.000000  4.134079e-13
2895.000000  6.678538e-13
2910.000000  1.026419e-12
2930.000000  1.047459e-12
2950.000000  8.747314e-13
2970.000000  9.110781e-13
2990.000000  8.718806e-13
3010.000000  7.248319e-13
3030.000000  1.153453e-12
3050.000000  1.255028e-12
3070.000000  2.003471e-12
3090.000000  2.381285e-12
3110.000000  3.634350e-12
3130.000000  2.997384e-12
3150.000000  3.926053e-12
3170.000000  4.873171e-12
3190.000000  3.950029e-12
3210.000000  4.401872e-12
3230.000000  3.186976e-12
3250.000000  5.562544e-12
3270.000000  7.533350e-12
3290.000000  8.032349e-12
3310.000000  6.701649e-12
3330.000000  6.885589e-12
3350.000000  6.168599e-12
3370.000000  4.234246e-12
3390.000000  4.846433e-12
3410.000000  5.864098e-12
3430.000000  6.987153e-12
3450.000000  6.709098e-12
3470.000000  7.273504e-12
3490.000000  8.834384e-12
3510.000000  9.547202e-12
3530.000000  7.531174e-12
3550.000000  9.127395e-12
3570.000000  4.396488e-12
3590.000000  5.513116e-12
3610.000000  8.925548e-12
3630.000000  1.140780e-11
3640.000000  1.213796e-11
3650.000000  1.346379e-11
3670.000000  1.543905e-11
3690.000000  1.401033e-11
3710.000000  1.431056e-11
3730.000000  6.497698e-12
3750.000000  7.783396e-12
3770.000000  1.167605e-11
3790.000000  1.171421e-11
3810.000000  9.726874e-12
3830.000000  4.400518e-12
3850.000000  5.330352e-12
3870.000000  6.193268e-12
3890.000000  1.213968e-11
3910.000000  1.453562e-11
3930.000000  4.526254e-12
3950.000000  1.024944e-11
3970.000000  6.100832e-12
3990.000000  2.178812e-11
4010.000000  2.769149e-11
4030.000000  2.666551e-11
4050.000000  2.481846e-11
4070.000000  2.265698e-11
4090.000000  3.012198e-11
4110.000000  2.874181e-11
4130.000000  2.422725e-11
4150.000000  2.128516e-11
4170.000000  2.206541e-11
4190.000000  2.378718e-11
4210.000000  2.716793e-11
4230.000000  2.918029e-11
4250.000000  3.282466e-11
4270.000000  3.070350e-11
4290.000000  2.790290e-11
4310.000000  2.400437e-11
4330.000000  3.791352e-11
4350.000000  3.817724e-11
4370.000000  4.129572e-11
4390.000000  3.636418e-11
4410.000000  3.953556e-11
4430.000000  4.324145e-11
4450.000000  4.429720e-11
4470.000000  4.856089e-11
4490.000000  5.060652e-11
4510.000000  5.946883e-11
4530.000000  5.087460e-11
4550.000000  5.297320e-11
4570.000000  5.841811e-11
4590.000000  5.737830e-11
4610.000000  5.975411e-11
4630.000000  5.765190e-11
4650.000000  5.906570e-11
4670.000000  6.172986e-11
4690.000000  6.059410e-11
4710.000000  5.927765e-11
4730.000000  6.242501e-11
4750.000000  6.684895e-11
4770.000000  6.814468e-11
4790.000000  6.751881e-11
4810.000000  6.717612e-11
4830.000000  7.032194e-11
4850.000000  6.618826e-11
4870.000000  6.199190e-11
4890.000000  6.864893e-11
4910.000000  6.833870e-11
4930.000000  6.698981e-11
4950.000000  7.260203e-11
4970.000000  7.010720e-11
4990.000000  6.434880e-11
5010.000000  6.080189e-11
5030.000000  6.487471e-11
5050.000000  6.550840e-11
5070.000000  6.877203e-11
5090.000000  6.265753e-11
5110.000000  6.515368e-11
5130.000000  6.162462e-11
5150.000000  6.010793e-11
5170.000000  5.518196e-11
5190.000000  5.963204e-11
5210.000000  6.407932e-11
5230.000000  6.901075e-11
5250.000000  7.160120e-11
5270.000000  6.311742e-11
5290.000000  7.359293e-11
5310.000000  7.971405e-11
5330.000000  6.867502e-11
5350.000000  7.688339e-11
5370.000000  7.821079e-11
5390.000000  7.408508e-11
5410.000000  7.366173e-11
5430.000000  7.473603e-11
5450.000000  8.052003e-11
5470.000000  7.638463e-11
5490.000000  7.498233e-11
5510.000000  7.480176e-11
5530.000000  7.819702e-11
5550.000000  8.066761e-11
5570.000000  7.904428e-11
5590.000000  7.629698e-11
5610.000000  8.150735e-11
5630.000000  7.900506e-11
5650.000000  8.015190e-11
5670.000000  7.797746e-11
5690.000000  8.155686e-11
5710.000000  7.757476e-11
5730.000000  8.656473e-11
5750.000000  8.193141e-11
5770.000000  8.413274e-11
5790.000000  7.874325e-11
5810.000000  8.443304e-11
5830.000000  8.814585e-11
5850.000000  8.473362e-11
5870.000000  8.516760e-11
5890.000000  7.283151e-11
5910.000000  8.372356e-11
5930.000000  8.427942e-11
5950.000000  8.426941e-11
5970.000000  8.678237e-11
5990.000000  8.442543e-11
6010.000000  8.257334e-11
6030.000000  8.548488e-11
6050.000000  8.728303e-11
6070.000000  8.693608e-11
6090.000000  8.207918e-11
6110.000000  8.280485e-11
6130.000000  7.733410e-11
6150.000000  8.080692e-11
6170.000000  7.749649e-11
6190.000000  8.322909e-11
6210.000000  8.228223e-11
6230.000000  7.904170e-11
6250.000000  7.544319e-11
6270.000000  8.002204e-11
6290.000000  8.218378e-11
6310.000000  7.904229e-11
6330.000000  8.053614e-11
6350.000000  7.995035e-11
6370.000000  7.928653e-11
6390.000000  8.171037e-11
6410.000000  8.035973e-11
6430.000000  8.119545e-11
6450.000000  8.120126e-11
6470.000000  8.124253e-11
6490.000000  7.840544e-11
6510.000000  8.098186e-11
6530.000000  8.144080e-11
6550.000000  8.038684e-11
6570.000000  7.872188e-11
6590.000000  8.136657e-11
6610.000000  8.193267e-11
6630.000000  8.131979e-11
6650.000000  8.120328e-11
6670.000000  7.939345e-11
6690.000000  8.247272e-11
6710.000000  7.885493e-11
6730.000000  8.278353e-11
6750.000000  8.068901e-11
6770.000000  8.156053e-11
6790.000000  8.066072e-11
6810.000000  8.050405e-11
6830.000000  8.175217e-11
6850.000000  7.895346e-11
6870.000000  8.037034e-11
6890.000000  8.160968e-11
6910.000000  8.056456e-11
6930.000000  7.878458e-11
6950.000000  7.668049e-11
6970.000000  7.755185e-11
6990.000000  7.652567e-11
7010.000000  7.424960e-11
7030.000000  7.649342e-11
7050.000000  7.816418e-11
7070.000000  7.614607e-11
7090.000000  7.544174e-11
7110.000000  7.441178e-11
7130.000000  7.257598e-11
7150.000000  7.273839e-11
7170.000000  7.403119e-11
7190.000000  7.132464e-11
7210.000000  7.366551e-11
7230.000000  7.530194e-11
7250.000000  7.492472e-11
7270.000000  7.411690e-11
7290.000000  7.130708e-11
7310.000000  7.308948e-11
7330.000000  7.303542e-11
7350.000000  7.264328e-11
7370.000000  7.476151e-11
7390.000000  7.290925e-11
7410.000000  7.260351e-11
7430.000000  7.348796e-11
7450.000000  7.351801e-11
7470.000000  7.354834e-11
7490.000000  7.274073e-11
7510.000000  7.412089e-11
7530.000000  7.477032e-11
7550.000000  7.529006e-11
7570.000000  7.443055e-11
7590.000000  7.397836e-11
7610.000000  7.421130e-11
7630.000000  7.470018e-11
7650.000000  7.485036e-11
7670.000000  7.189064e-11
7690.000000  7.473389e-11
7710.000000  7.293350e-11
7730.000000  7.301476e-11
7750.000000  7.261852e-11
7770.000000  7.461702e-11
7790.000000  7.444091e-11
7810.000000  7.412805e-11
7830.000000  7.334062e-11
7850.000000  7.239890e-11
7870.000000  7.223854e-11
7890.000000  6.864465e-11
7910.000000  6.625255e-11
7930.000000  6.650248e-11
7950.000000  6.523468e-11
7970.000000  6.843161e-11
7990.000000  6.829121e-11
8010.000000  6.816984e-11
8030.000000  6.850002e-11
8050.000000  6.750854e-11
8070.000000  6.662513e-11
8090.000000  6.421273e-11
8110.000000  6.361048e-11
8130.000000  6.502365e-11
8150.000000  6.505497e-11
8170.000000  6.550645e-11
8190.000000  6.447612e-11
8210.000000  6.420863e-11
8230.000000  6.526962e-11
8250.000000  6.594079e-11
8270.000000  6.663517e-11
8290.000000  6.585189e-11
8310.000000  6.249588e-11
8330.000000  6.328052e-11
8350.000000  6.323438e-11
8370.000000  6.425626e-11
8390.000000  6.202040e-11
8410.000000  6.469994e-11
8430.000000  6.269156e-11
8450.000000  6.436179e-11
8470.000000  6.410250e-11
8490.000000  6.350033e-11
8510.000000  5.985675e-11
8530.000000  6.195640e-11
8550.000000  5.117796e-11
8570.000000  6.442185e-11
8590.000000  6.350252e-11
8610.000000  6.389436e-11
8630.000000  6.445239e-11
8650.000000  6.356103e-11
8670.000000  5.254319e-11
8690.000000  6.148874e-11
8710.000000  6.347927e-11
8730.000000  6.382497e-11
8750.000000  6.318652e-11
8770.000000  6.416479e-11
8790.000000  6.347558e-11
8810.000000  6.165369e-11
8830.000000  6.297120e-11
8850.000000  6.377743e-11
8870.000000  6.250949e-11
8890.000000  6.353434e-11
8910.000000  6.436007e-11
8930.000000  6.233746e-11
8950.000000  6.222413e-11
8970.000000  6.237407e-11
8990.000000  6.262043e-11
9010.000000  6.017125e-11
9030.000000  6.183694e-11
9050.000000  6.338265e-11
9070.000000  6.271416e-11
9090.000000  6.009840e-11
9110.000000  5.949562e-11
9130.000000  6.166915e-11
9150.000000  5.622498e-11
9170.000000  5.437565e-11
9190.000000  5.529849e-11
9210.000000  5.370248e-11
9230.000000  5.511160e-11
9250.000000  5.465180e-11
9270.000000  5.577581e-11
9290.000000  5.486406e-11
9310.000000  5.683074e-11
9330.000000  5.688780e-11
9350.000000  5.601295e-11
9370.000000  5.565630e-11
9390.000000  5.412790e-11
9410.000000  5.271381e-11
9430.000000  5.340416e-11
9450.000000  5.207809e-11
9470.000000  5.409632e-11
9490.000000  5.362221e-11
9510.000000  5.505703e-11
9530.000000  5.450193e-11
9550.000000  5.414111e-11
9570.000000  5.423440e-11
9590.000000  5.512907e-11
9610.000000  5.431918e-11
9630.000000  5.395792e-11
9650.000000  5.279064e-11
9670.000000  5.240743e-11
9690.000000  5.367167e-11
9710.000000  5.322867e-11
9730.000000  5.337644e-11
9750.000000  5.294758e-11
9770.000000  5.322992e-11
9790.000000  5.199033e-11
9810.000000  5.392225e-11
9830.000000  5.362296e-11
9850.000000  5.409279e-11
9870.000000  5.397476e-11
9890.000000  5.434026e-11
9910.000000  5.347058e-11
9930.000000  5.424788e-11
9950.000000  5.370517e-11
9970.000000  5.410826e-11
9990.000000  5.408615e-11
10025.000000  5.355260e-11
10075.000000  5.309270e-11
10125.000000  5.327600e-11
10175.000000  5.240495e-11
10225.000000  5.259242e-11
10275.000000  5.275211e-11
10325.000000  5.167779e-11
10375.000000  5.141198e-11
10425.000000  5.160786e-11
10475.000000  5.108625e-11
10525.000000  5.107492e-11
10575.000000  5.054313e-11
10625.000000  5.028820e-11
10675.000000  4.924320e-11
10725.000000  4.923927e-11
10775.000000  4.878898e-11
10825.000000  4.793150e-11
10875.000000  4.700719e-11
10925.000000  4.591981e-11
10975.000000  4.214867e-11
11025.000000  4.199927e-11
11075.000000  4.289286e-11
11125.000000  4.285899e-11
11175.000000  4.363395e-11
11225.000000  4.342842e-11
11275.000000  4.268518e-11
11325.000000  4.320770e-11
11375.000000  4.205989e-11
11425.000000  4.247937e-11
11475.000000  4.311875e-11
11525.000000  4.299026e-11
11575.000000  4.247626e-11
11625.000000  4.193285e-11
11675.000000  4.201249e-11
11725.000000  4.268664e-11
11775.000000  4.182139e-11
11825.000000  4.159864e-11
11875.000000  4.103384e-11
11925.000000  4.188853e-11
11975.000000  4.003317e-11
12025.000000  4.085942e-11
12075.000000  4.034791e-11
12125.000000  4.044003e-11
12175.000000  4.060040e-11
12225.000000  4.040387e-11
12275.000000  4.018810e-11
12325.000000  3.975811e-11
12375.000000  3.960769e-11
12425.000000  3.923685e-11
12475.000000  3.935363e-11
12525.000000  3.889759e-11
12575.000000  3.884271e-11
12625.000000  3.874807e-11
12675.000000  3.820514e-11
12725.000000  3.827176e-11
12775.000000  3.834635e-11
12825.000000  3.686009e-11
12875.000000  3.748387e-11
12925.000000  3.693884e-11
12975.000000  3.742636e-11
13025.000000  3.684526e-11
13075.000000  3.708973e-11
13125.000000  3.638706e-11
13175.000000  3.625915e-11
13225.000000  3.632839e-11
13275.000000  3.560957e-11
13325.000000  3.595433e-11
13375.000000  3.564429e-11
13425.000000  3.583714e-11
13475.000000  3.557037e-11
13525.000000  3.549361e-11
13575.000000  3.474988e-11
13625.000000  3.461620e-11
13675.000000  3.466906e-11
13725.000000  3.471744e-11
13775.000000  3.447802e-11
13825.000000  3.446914e-11
13875.000000  3.412198e-11
13925.000000  3.406422e-11
13975.000000  3.372029e-11
14025.000000  3.322185e-11
14075.000000  3.235520e-11
14125.000000  3.104048e-11
14175.000000  3.104468e-11
14225.000000  3.082839e-11
14275.000000  3.036406e-11
14325.000000  3.101279e-11
14375.000000  3.128640e-11
14425.000000  3.014638e-11
14475.000000  3.130886e-11
14525.000000  3.018197e-11
14570.000000  3.013959e-11
14620.000000  2.967308e-11
14675.000000  2.941863e-11
14725.000000  2.903874e-11
14775.000000  2.933135e-11
14825.000000  2.930701e-11
14875.000000  2.928336e-11
14925.000000  2.982721e-11
14975.000000  2.954368e-11
15025.000000  2.896596e-11
15075.000000  2.866181e-11
15125.000000  2.870827e-11
15175.000000  2.899618e-11
15225.000000  2.876992e-11
15275.000000  2.883501e-11
15325.000000  2.881833e-11
15375.000000  2.899716e-11
15425.000000  2.876336e-11
15475.000000  2.876717e-11
15525.000000  2.820513e-11
15575.000000  2.774518e-11
15625.000000  2.850713e-11
15675.000000  2.776241e-11
15725.000000  2.802490e-11
15775.000000  2.673719e-11
15825.000000  2.725417e-11
15875.000000  2.621833e-11
15925.000000  2.693199e-11
15975.000000  2.716809e-11
16050.000000  2.688143e-11
16150.000000  2.654405e-11
16250.000000  2.653267e-11
16350.000000  2.647492e-11
16450.000000  2.534906e-11
16550.000000  2.574519e-11
16650.000000  2.497414e-11
16750.000000  2.474584e-11
16850.000000  2.379618e-11
16950.000000  2.424395e-11
17050.000000  2.326941e-11
17150.000000  2.319288e-11
17250.000000  2.248598e-11
17350.000000  2.172692e-11
17450.000000  2.179035e-11
17550.000000  2.134411e-11
17650.000000  2.107452e-11
17750.000000  2.049045e-11
17850.000000  2.031791e-11
17950.000000  1.997243e-11
18050.000000  1.941329e-11
18150.000000  1.906765e-11
18250.000000  1.872861e-11
18350.000000  1.839130e-11
18450.000000  1.792466e-11
18550.000000  1.776085e-11
18650.000000  1.719849e-11
18750.000000  1.676892e-11
18850.000000  1.674182e-11
18950.000000  1.596787e-11
19050.000000  1.629320e-11
19150.000000  1.589209e-11
19250.000000  1.570887e-11
19350.000000  1.518882e-11
19450.000000  1.480645e-11
19550.000000  1.484347e-11
19650.000000  1.443088e-11
19750.000000  1.401876e-11
19850.000000  1.387463e-11
19950.000000  1.362489e-11
20050.000000  1.356650e-11
20150.000000  1.341244e-11
20250.000000  1.295812e-11
20350.000000  1.272327e-11
20450.000000  1.269630e-11
20550.000000  1.235303e-11
20650.000000  1.210482e-11
20750.000000  1.191947e-11
20850.000000  1.173033e-11
20950.000000  1.145390e-11
21050.000000  1.141998e-11
21150.000000  1.120850e-11
21250.000000  1.099369e-11
21350.000000  1.088814e-11
21450.000000  1.067386e-11
21550.000000  1.051993e-11
21650.000000  1.021518e-11
21750.000000  1.006906e-11
21850.000000  9.968846e-12
21950.000000  9.866599e-12
22050.000000  9.577404e-12
22150.000000  9.593726e-12
22250.000000  9.324690e-12
22350.000000  9.191009e-12
22450.000000  9.057824e-12
22550.000000  8.922928e-12
22650.000000  8.732103e-12
22750.000000  8.708501e-12
22850.000000  8.481595e-12
22950.000000  7.371043e-12
23050.000000  7.811183e-12
23150.000000  7.742257e-12
23250.000000  6.774729e-12
23350.000000  7.193188e-12
23450.000000  7.188940e-12
23550.000000  6.246806e-12
23650.000000  6.760250e-12
23750.000000  6.672470e-12
23850.000000  5.916426e-12
23950.000000  6.319986e-12
24050.000000  6.347841e-12
24150.000000  5.736369e-12
24250.000000  5.998904e-12
24350.000000  6.041128e-12
24450.000000  5.641867e-12
24550.000000  5.612815e-12
24650.000000  5.829994e-12
24750.000000  5.587510e-12
24850.000000  5.305424e-12
24950.000000  5.494947e-12
