2505.000000  2.713224e-10
2513.000000  2.676265e-10
2518.000000  2.682762e-10
2525.000000  2.626116e-10
2535.000000  2.576536e-10
2545.000000  2.575505e-10
2555.000000  2.597024e-10
2565.000000  2.558692e-10
2575.000000  2.559559e-10
2585.000000  2.543876e-10
2595.000000  2.518380e-10
2605.000000  2.488384e-10
2615.000000  2.466843e-10
2625.000000  2.444613e-10
2635.000000  2.429493e-10
2645.000000  2.459876e-10
2655.000000  2.439307e-10
2665.000000  2.404218e-10
2675.000000  2.399078e-10
2685.000000  2.382043e-10
2695.000000  2.356398e-10
2705.000000  2.339164e-10
2715.000000  2.308190e-10
2725.000000  2.285867e-10
2735.000000  2.279826e-10
2745.000000  2.213403e-10
2755.000000  2.205900e-10
2765.000000  2.214910e-10
2775.000000  2.219094e-10
2785.000000  2.196560e-10
2795.000000  2.130792e-10
2805.000000  2.151184e-10
2815.000000  2.158369e-10
2825.000000  2.136678e-10
2835.000000  2.114126e-10
2845.000000  2.096197e-10
2855.000000  2.085343e-10
2865.000000  2.076094e-10
2875.000000  2.057209e-10
2885.000000  2.044664e-10
2895.000000  2.032120e-10
2910.000000  2.012643e-10
2930.000000  1.974835e-10
2950.000000  1.945274e-10
2970.000000  1.923462e-10
2990.000000  1.894328e-10
3010.000000  1.871827e-10
3030.000000  1.845843e-10
3050.000000  1.819163e-10
3070.000000  1.793736e-10
3090.000000  1.769212e-10
3110.000000  1.744251e-10
3130.000000  1.719894e-10
3150.000000  1.696233e-10
3170.000000  1.673461e-10
3190.000000  1.646621e-10
3210.000000  1.627661e-10
3230.000000  1.606058e-10
3250.000000  1.584746e-10
3270.000000  1.564006e-10
3290.000000  1.543396e-10
3310.000000  1.523253e-10
3330.000000  1.503069e-10
3350.000000  1.483030e-10
3370.000000  1.463749e-10
3390.000000  1.444761e-10
3410.000000  1.426078e-10
3430.000000  1.408153e-10
3450.000000  1.389866e-10
3470.000000  1.372207e-10
3490.000000  1.354518e-10
3510.000000  1.337295e-10
3530.000000  1.320671e-10
3550.000000  1.304004e-10
3570.000000  1.287805e-10
3590.000000  1.271416e-10
3610.000000  1.255814e-10
3630.000000  1.239948e-10
3640.000000  1.232682e-10
3650.000000  1.229112e-10
3670.000000  1.215677e-10
3690.000000  1.174231e-10
3710.000000  1.187509e-10
3730.000000  1.207016e-10
3750.000000  1.456661e-10
3770.000000  1.513195e-10
3790.000000  1.690482e-10
3810.000000  1.843063e-10
3830.000000  1.544920e-10
3850.000000  1.936936e-10
3870.000000  2.024724e-10
3890.000000  1.412255e-10
3910.000000  1.987120e-10
3930.000000  1.997698e-10
3950.000000  1.934791e-10
3970.000000  1.331918e-10
3990.000000  1.854827e-10
4010.000000  1.887606e-10
4030.000000  1.821355e-10
4050.000000  1.844064e-10
4070.000000  1.803648e-10
4090.000000  1.587136e-10
4110.000000  1.307701e-10
4130.000000  1.702155e-10
4150.000000  1.700830e-10
4170.000000  1.686000e-10
4190.000000  1.664128e-10
4210.000000  1.639589e-10
4230.000000  1.615286e-10
4250.000000  1.591143e-10
4270.000000  1.566101e-10
4290.000000  1.539723e-10
4310.000000  1.503757e-10
4330.000000  1.288096e-10
4350.000000  1.139372e-10
4370.000000  1.433349e-10
4390.000000  1.413254e-10
4410.000000  1.414356e-10
4430.000000  1.392522e-10
4450.000000  1.375353e-10
4470.000000  1.326977e-10
4490.000000  1.333283e-10
4510.000000  1.317878e-10
4530.000000  1.299324e-10
4550.000000  1.281188e-10
4570.000000  1.263392e-10
4590.000000  1.245797e-10
4610.000000  1.228599e-10
4630.000000  1.211561e-10
4650.000000  1.194960e-10
4670.000000  1.178957e-10
4690.000000  1.162823e-10
4710.000000  1.140908e-10
4730.000000  1.131082e-10
4750.000000  1.115838e-10
4770.000000  1.101030e-10
4790.000000  1.085546e-10
4810.000000  1.067779e-10
4830.000000  1.043710e-10
4850.000000  9.180879e-11
4870.000000  7.876558e-11
4890.000000  9.957791e-11
4910.000000  9.977566e-11
4930.000000  9.786406e-11
4950.000000  9.770504e-11
4970.000000  9.644322e-11
4990.000000  9.516828e-11
5010.000000  9.343921e-11
5030.000000  9.274089e-11
5050.000000  9.126763e-11
5070.000000  9.038076e-11
5090.000000  8.924143e-11
5110.000000  8.809646e-11
5130.000000  8.700085e-11
5150.000000  8.590818e-11
5170.000000  8.482299e-11
5190.000000  8.375385e-11
5210.000000  8.271802e-11
5230.000000  8.167804e-11
5250.000000  8.068887e-11
5270.000000  7.967951e-11
5290.000000  7.870639e-11
5310.000000  7.772056e-11
5330.000000  7.677098e-11
5350.000000  7.584158e-11
5370.000000  7.492116e-11
5390.000000  7.401824e-11
5410.000000  7.312843e-11
5430.000000  7.223862e-11
5450.000000  7.135923e-11
5470.000000  7.051877e-11
5490.000000  6.968874e-11
5510.000000  6.885871e-11
5530.000000  6.805515e-11
5550.000000  6.722511e-11
5570.000000  6.644174e-11
5590.000000  6.565129e-11
5610.000000  6.488104e-11
5630.000000  6.413725e-11
5650.000000  6.338718e-11
5670.000000  6.264996e-11
5690.000000  6.192686e-11
5710.000000  6.122375e-11
5730.000000  6.052107e-11
5750.000000  5.982664e-11
5770.000000  5.913324e-11
5790.000000  5.846255e-11
5810.000000  5.779519e-11
5830.000000  5.714924e-11
5850.000000  5.650229e-11
5870.000000  5.515477e-11
5890.000000  5.523240e-11
5910.000000  5.462080e-11
5930.000000  5.401123e-11
5950.000000  5.340532e-11
5970.000000  5.281632e-11
5990.000000  5.222760e-11
6010.000000  5.165784e-11
6030.000000  5.108809e-11
6050.000000  5.052899e-11
6070.000000  4.997717e-11
6090.000000  4.943266e-11
6110.000000  4.889545e-11
6130.000000  4.836552e-11
6150.000000  4.784055e-11
6170.000000  4.732725e-11
6190.000000  4.682096e-11
6210.000000  4.631830e-11
6230.000000  4.582251e-11
6250.000000  4.533285e-11
6270.000000  4.485368e-11
6290.000000  4.437889e-11
6310.000000  4.391008e-11
6330.000000  4.344857e-11
6350.000000  4.295514e-11
6370.000000  4.252192e-11
6390.000000  4.209524e-11
6410.000000  4.165792e-11
6430.000000  4.122429e-11
6450.000000  4.079705e-11
6470.000000  4.037668e-11
6490.000000  3.993822e-11
6510.000000  3.942226e-11
6530.000000  3.875536e-11
6550.000000  3.605738e-11
6570.000000  3.096137e-11
6590.000000  3.718062e-11
6610.000000  3.738564e-11
6630.000000  3.714034e-11
6650.000000  3.681807e-11
6670.000000  3.633807e-11
6690.000000  3.598084e-11
6710.000000  3.572466e-11
6730.000000  3.536645e-11
6750.000000  3.501317e-11
6770.000000  3.466587e-11
6790.000000  3.432455e-11
6810.000000  3.398323e-11
6830.000000  3.365053e-11
6850.000000  3.331784e-11
6870.000000  3.299153e-11
6890.000000  3.266773e-11
6910.000000  3.235032e-11
6930.000000  3.203556e-11
6950.000000  3.172385e-11
6970.000000  3.141799e-11
6990.000000  3.111357e-11
7010.000000  3.081341e-11
7030.000000  3.051860e-11
7050.000000  3.022442e-11
7070.000000  2.980540e-11
7090.000000  2.965265e-11
7110.000000  2.937042e-11
7130.000000  2.909152e-11
7150.000000  2.881527e-11
7170.000000  2.854339e-11
7190.000000  2.827514e-11
7210.000000  2.800882e-11
7230.000000  2.774655e-11
7250.000000  2.748823e-11
7270.000000  2.723151e-11
7290.000000  2.694180e-11
7310.000000  2.672683e-11
7330.000000  2.648151e-11
7350.000000  2.623515e-11
7370.000000  2.599275e-11
7390.000000  2.575703e-11
7410.000000  2.552060e-11
7430.000000  2.528488e-11
7450.000000  2.505443e-11
7470.000000  2.482600e-11
7490.000000  2.460022e-11
7510.000000  2.437750e-11
7530.000000  2.415769e-11
7550.000000  2.393920e-11
7570.000000  2.372537e-11
7590.000000  2.351155e-11
7610.000000  2.330134e-11
7630.000000  2.309349e-11
7650.000000  2.288669e-11
7670.000000  2.268481e-11
7690.000000  2.248294e-11
7710.000000  2.228503e-11
7730.000000  2.208782e-11
7750.000000  2.189193e-11
7770.000000  2.168310e-11
7790.000000  2.150876e-11
7810.000000  2.132120e-11
7830.000000  2.113393e-11
7850.000000  2.095160e-11
7870.000000  2.076739e-11
7890.000000  2.058505e-11
7910.000000  2.041105e-11
7930.000000  2.023413e-11
7950.000000  2.005882e-11
7970.000000  1.988948e-11
7990.000000  1.971416e-11
8010.000000  1.954920e-11
8030.000000  1.938147e-11
8050.000000  1.921650e-11
8070.000000  1.905314e-11
8090.000000  1.889139e-11
8110.000000  1.873240e-11
8130.000000  1.857502e-11
8150.000000  1.841764e-11
8170.000000  1.826186e-11
8190.000000  1.810885e-11
8210.000000  1.797013e-11
8230.000000  1.783068e-11
8250.000000  1.769081e-11
8270.000000  1.754684e-11
8290.000000  1.741165e-11
8310.000000  1.727455e-11
8330.000000  1.713510e-11
8350.000000  1.698709e-11
8370.000000  1.683344e-11
8390.000000  1.667744e-11
8410.000000  1.650216e-11
8430.000000  1.636032e-11
8450.000000  1.624370e-11
8470.000000  1.586296e-11
8490.000000  1.608488e-11
8510.000000  1.546918e-11
8530.000000  1.599920e-11
8550.000000  1.481911e-11
8570.000000  1.602392e-11
8590.000000  1.504710e-11
8610.000000  1.472981e-11
8630.000000  1.599597e-11
8650.000000  1.544382e-11
8670.000000  1.345560e-11
8690.000000  1.567061e-11
8710.000000  1.595794e-11
8730.000000  1.545092e-11
8750.000000  1.285963e-11
8770.000000  1.476861e-11
8790.000000  1.559077e-11
8810.000000  1.557856e-11
8830.000000  1.531717e-11
8850.000000  1.405886e-11
8870.000000  1.234076e-11
8890.000000  1.465414e-11
8910.000000  1.496661e-11
8930.000000  1.492272e-11
8950.000000  1.481248e-11
8970.000000  1.462932e-11
8990.000000  1.416773e-11
9010.000000  1.195288e-11
9030.000000  1.275161e-11
9050.000000  1.400134e-11
9070.000000  1.407502e-11
9090.000000  1.403034e-11
9110.000000  1.395085e-11
9130.000000  1.384756e-11
9150.000000  1.372144e-11
9170.000000  1.357701e-11
9190.000000  1.337046e-11
9210.000000  1.272111e-11
9230.000000  1.056341e-11
9250.000000  1.233034e-11
9270.000000  1.292184e-11
9290.000000  1.295543e-11
9310.000000  1.289040e-11
9330.000000  1.281575e-11
9350.000000  1.272554e-11
9370.000000  1.263017e-11
9390.000000  1.253390e-11
9410.000000  1.243400e-11
9430.000000  1.234169e-11
9450.000000  1.223762e-11
9470.000000  1.211408e-11
9490.000000  1.199678e-11
9510.000000  1.177506e-11
9530.000000  1.107818e-11
9550.000000  9.414480e-12
9570.000000  1.109286e-11
9590.000000  1.146563e-11
9610.000000  1.146825e-11
9630.000000  1.140949e-11
9650.000000  1.135151e-11
9670.000000  1.127015e-11
9690.000000  1.118688e-11
9710.000000  1.110185e-11
9730.000000  1.102150e-11
9750.000000  1.094114e-11
9770.000000  1.085974e-11
9790.000000  1.077939e-11
9810.000000  1.070105e-11
9830.000000  1.062174e-11
9850.000000  1.054632e-11
9870.000000  1.046727e-11
9890.000000  1.039158e-11
9910.000000  1.031560e-11
9930.000000  1.024018e-11
9950.000000  1.015978e-11
9970.000000  1.007166e-11
9990.000000  9.968101e-12
10025.000000  9.325205e-12
10075.000000  8.948672e-12
10125.000000  9.504915e-12
10175.000000  9.373569e-12
10225.000000  9.208190e-12
10275.000000  9.047479e-12
10325.000000  8.884119e-12
10375.000000  8.734052e-12
10425.000000  8.583276e-12
10475.000000  8.436538e-12
10525.000000  8.289093e-12
10575.000000  8.148332e-12
10625.000000  8.009512e-12
10675.000000  7.872710e-12
10725.000000  7.741886e-12
10775.000000  7.611063e-12
10825.000000  7.447075e-12
10875.000000  7.312426e-12
10925.000000  6.514339e-12
10975.000000  6.867456e-12
11025.000000  6.976440e-12
11075.000000  6.882859e-12
11125.000000  6.772321e-12
11175.000000  6.664096e-12
11225.000000  6.555163e-12
11275.000000  6.446939e-12
11325.000000  6.346002e-12
11375.000000  6.244384e-12
11425.000000  6.144911e-12
11475.000000  6.047621e-12
11525.000000  5.951331e-12
11575.000000  5.858687e-12
11625.000000  5.767243e-12
11675.000000  5.676966e-12
11725.000000  5.588804e-12
11775.000000  5.501941e-12
11825.000000  5.417469e-12
11875.000000  5.334297e-12
11925.000000  5.252612e-12
11975.000000  5.168190e-12
12025.000000  5.093963e-12
12075.000000  5.016929e-12
12125.000000  4.941355e-12
12175.000000  4.867179e-12
12225.000000  4.794392e-12
12275.000000  4.723002e-12
12325.000000  4.652913e-12
12375.000000  4.584276e-12
12425.000000  4.516709e-12
12475.000000  4.450366e-12
12525.000000  4.384621e-12
12575.000000  4.321532e-12
12625.000000  4.258776e-12
12675.000000  4.197084e-12
12725.000000  4.127969e-12
12775.000000  4.007972e-12
12825.000000  3.618746e-12
12875.000000  3.917018e-12
12925.000000  3.899638e-12
12975.000000  3.848448e-12
13025.000000  3.796009e-12
13075.000000  3.742749e-12
13125.000000  3.690288e-12
13175.000000  3.638855e-12
13225.000000  3.588187e-12
13275.000000  3.538513e-12
13325.000000  3.489702e-12
13375.000000  3.441822e-12
13425.000000  3.394441e-12
13475.000000  3.348223e-12
13525.000000  3.302561e-12
13575.000000  3.257934e-12
13625.000000  3.213744e-12
13675.000000  3.170577e-12
13725.000000  3.127875e-12
13775.000000  3.086105e-12
13825.000000  3.044863e-12
13875.000000  3.004524e-12
13925.000000  2.964840e-12
13975.000000  2.925566e-12
14025.000000  2.887181e-12
14075.000000  2.849193e-12
14125.000000  2.812003e-12
14175.000000  2.775412e-12
14225.000000  2.739418e-12
14275.000000  2.704022e-12
14325.000000  2.669224e-12
14375.000000  2.634691e-12
14425.000000  2.601088e-12
14475.000000  2.567855e-12
14525.000000  2.535246e-12
14570.000000  2.506092e-12
14620.000000  2.475915e-12
14675.000000  2.442111e-12
14725.000000  2.411762e-12
14775.000000  2.382010e-12
14825.000000  2.352696e-12
14875.000000  2.323808e-12
14925.000000  2.295252e-12
14975.000000  2.267092e-12
15025.000000  2.239238e-12
15075.000000  2.210917e-12
15125.000000  2.183355e-12
15175.000000  2.156099e-12
15225.000000  2.130763e-12
15275.000000  2.100717e-12
15325.000000  2.073461e-12
15375.000000  2.053759e-12
15425.000000  2.015825e-12
15475.000000  2.004970e-12
15525.000000  1.980957e-12
15575.000000  1.929008e-12
15625.000000  1.950826e-12
15675.000000  1.898015e-12
15725.000000  1.852564e-12
15775.000000  1.889703e-12
15825.000000  1.864688e-12
15875.000000  1.749425e-12
15925.000000  1.804384e-12
15975.000000  1.812904e-12
16050.000000  1.764406e-12
16150.000000  1.678447e-12
16250.000000  1.711509e-12
16350.000000  1.644597e-12
16450.000000  1.563278e-12
16550.000000  1.601350e-12
16650.000000  1.566689e-12
16750.000000  1.500192e-12
16850.000000  1.426771e-12
16950.000000  1.463582e-12
17050.000000  1.432423e-12
17150.000000  1.401901e-12
17250.000000  1.367547e-12
17350.000000  1.261463e-12
17450.000000  1.301592e-12
17550.000000  1.284621e-12
17650.000000  1.257525e-12
17750.000000  1.230998e-12
17850.000000  1.204967e-12
17950.000000  1.179796e-12
18050.000000  1.152955e-12
18150.000000  1.070089e-12
18250.000000  1.092696e-12
18350.000000  1.084956e-12
18450.000000  1.063113e-12
18550.000000  1.041558e-12
18650.000000  1.017051e-12
18750.000000  9.474740e-13
18850.000000  9.759722e-13
18950.000000  9.607087e-13
19050.000000  9.414882e-13
19150.000000  9.230260e-13
19250.000000  9.049262e-13
19350.000000  8.830274e-13
19450.000000  8.195358e-13
19550.000000  8.487294e-13
19650.000000  8.366926e-13
19750.000000  8.209838e-13
19850.000000  8.053085e-13
19950.000000  7.899393e-13
20050.000000  7.750636e-13
20150.000000  7.607857e-13
20250.000000  7.465078e-13
20350.000000  7.324947e-13
20450.000000  7.189187e-13
20550.000000  7.057321e-13
20650.000000  6.929145e-13
20750.000000  6.802279e-13
20850.000000  6.678475e-13
20950.000000  6.558295e-13
21050.000000  6.441032e-13
21150.000000  6.324810e-13
21250.000000  6.212961e-13
21350.000000  6.102243e-13
21450.000000  5.993664e-13
21550.000000  5.864062e-13
21650.000000  5.472795e-13
21750.000000  5.640087e-13
21850.000000  5.584344e-13
21950.000000  5.489594e-13
22050.000000  5.394863e-13
22150.000000  5.302552e-13
22250.000000  5.212367e-13
22350.000000  5.123747e-13
22450.000000  5.036946e-13
22550.000000  4.952406e-13
22650.000000  4.869166e-13
22750.000000  4.787879e-13
22850.000000  4.709523e-13
22950.000000  4.632087e-13
23050.000000  4.556180e-13
23150.000000  4.481573e-13
23250.000000  4.408614e-13
23350.000000  4.336995e-13
23450.000000  4.266969e-13
23550.000000  4.198368e-13
23650.000000  4.131095e-13
23750.000000  4.064946e-13
23850.000000  4.000272e-13
23950.000000  3.936383e-13
24050.000000  3.873663e-13
24150.000000  3.811672e-13
24250.000000  3.752796e-13
24350.000000  3.692702e-13
24450.000000  3.633004e-13
24550.000000  3.579998e-13
24650.000000  3.520173e-13
24750.000000  3.465982e-13
24850.000000  3.421703e-13
24950.000000  3.344837e-13
