2505.000000  4.845241e-12
2513.000000  2.173650e-12
2518.000000  1.565431e-12
2525.000000  1.470114e-12
2535.000000  1.820226e-12
2545.000000  2.387262e-12
2555.000000  5.042547e-12
2565.000000  3.948362e-12
2575.000000  5.376577e-12
2585.000000  4.543933e-12
2595.000000  3.922278e-12
2605.000000  3.023401e-12
2615.000000  2.735548e-12
2625.000000  4.108309e-12
2635.000000  8.083945e-12
2645.000000  1.185330e-11
2655.000000  1.533709e-11
2665.000000  9.348785e-12
2675.000000  1.104801e-11
2685.000000  1.239966e-11
2695.000000  9.417910e-12
2705.000000  1.174856e-11
2715.000000  8.237594e-12
2725.000000  7.140323e-12
2735.000000  8.530818e-12
2745.000000  3.845591e-12
2755.000000  5.599626e-12
2765.000000  7.754981e-12
2775.000000  8.777003e-12
2785.000000  4.474764e-12
2795.000000  1.540654e-12
2805.000000  1.986839e-12
2815.000000  7.432170e-12
2825.000000  1.260525e-11
2835.000000  1.220414e-11
2845.000000  9.351781e-12
2855.000000  4.738767e-12
2865.000000  1.228723e-11
2875.000000  1.510304e-11
2885.000000  1.342056e-11
2895.000000  1.492778e-11
2910.000000  1.979657e-11
2930.000000  1.760505e-11
2950.000000  1.715531e-11
2970.000000  1.914122e-11
2990.000000  1.887989e-11
3010.000000  2.009990e-11
3030.000000  2.042585e-11
3050.000000  2.116780e-11
3070.000000  2.098121e-11
3090.000000  2.133380e-11
3110.000000  2.191710e-11
3130.000000  2.126984e-11
3150.000000  2.060473e-11
3170.000000  2.186084e-11
3190.000000  1.953289e-11
3210.000000  2.191061e-11
3230.000000  1.816153e-11
3250.000000  2.335468e-11
3270.000000  2.656083e-11
3290.000000  2.559583e-11
3310.000000  2.553541e-11
3330.000000  2.550241e-11
3350.000000  2.495174e-11
3370.000000  2.115588e-11
3390.000000  2.365173e-11
3410.000000  2.413875e-11
3430.000000  2.464511e-11
3450.000000  2.598612e-11
3470.000000  2.607076e-11
3490.000000  2.724817e-11
3510.000000  2.831047e-11
3530.000000  2.673871e-11
3550.000000  3.043741e-11
3570.000000  2.476966e-11
3590.000000  2.475636e-11
3610.000000  2.644185e-11
3630.000000  2.674045e-11
3640.000000  2.662615e-11
3650.000000  3.002232e-11
3670.000000  2.990553e-11
3690.000000  2.912734e-11
3710.000000  3.098471e-11
3730.000000  2.744329e-11
3750.000000  3.069837e-11
3770.000000  3.426322e-11
3790.000000  3.665559e-11
3810.000000  3.857097e-11
3830.000000  2.787235e-11
3850.000000  3.576614e-11
3870.000000  3.614697e-11
3890.000000  3.427878e-11
3910.000000  4.013560e-11
3930.000000  2.178165e-11
3950.000000  3.545625e-11
3970.000000  2.375125e-11
3990.000000  4.476513e-11
4010.000000  4.764548e-11
4030.000000  4.757712e-11
4050.000000  4.643618e-11
4070.000000  4.566917e-11
4090.000000  4.840381e-11
4110.000000  4.481616e-11
4130.000000  4.878256e-11
4150.000000  5.014225e-11
4170.000000  4.943460e-11
4190.000000  4.827388e-11
4210.000000  4.837487e-11
4230.000000  4.649835e-11
4250.000000  4.761125e-11
4270.000000  4.537937e-11
4290.000000  4.200653e-11
4310.000000  3.619666e-11
4330.000000  4.591667e-11
4350.000000  4.279890e-11
4370.000000  4.966697e-11
4390.000000  4.642466e-11
4410.000000  4.838869e-11
4430.000000  4.943746e-11
4450.000000  4.927136e-11
4470.000000  5.103198e-11
4490.000000  5.108331e-11
4510.000000  5.514273e-11
4530.000000  5.050547e-11
4550.000000  5.146437e-11
4570.000000  5.442813e-11
4590.000000  5.143549e-11
4610.000000  5.276334e-11
4630.000000  5.171220e-11
4650.000000  5.231587e-11
4670.000000  5.331294e-11
4690.000000  5.199498e-11
4710.000000  4.993638e-11
4730.000000  5.240934e-11
4750.000000  5.300128e-11
4770.000000  5.275205e-11
4790.000000  5.250996e-11
4810.000000  5.182331e-11
4830.000000  5.226689e-11
4850.000000  4.789846e-11
4870.000000  4.187554e-11
4890.000000  4.968295e-11
4910.000000  4.967538e-11
4930.000000  4.885016e-11
4950.000000  5.058845e-11
4970.000000  5.084469e-11
4990.000000  4.759014e-11
5010.000000  4.574520e-11
5030.000000  4.812093e-11
5050.000000  4.805405e-11
5070.000000  4.967196e-11
5090.000000  4.802824e-11
5110.000000  4.862471e-11
5130.000000  4.731738e-11
5150.000000  4.602975e-11
5170.000000  4.387561e-11
5190.000000  4.367489e-11
5210.000000  4.584281e-11
5230.000000  4.621428e-11
5250.000000  4.705799e-11
5270.000000  4.256710e-11
5290.000000  4.651307e-11
5310.000000  4.734549e-11
5330.000000  4.378399e-11
5350.000000  4.631804e-11
5370.000000  4.627788e-11
5390.000000  4.568897e-11
5410.000000  4.428986e-11
5430.000000  4.527583e-11
5450.000000  4.624265e-11
5470.000000  4.527302e-11
5490.000000  4.483639e-11
5510.000000  4.480084e-11
5530.000000  4.496421e-11
5550.000000  4.531295e-11
5570.000000  4.424674e-11
5590.000000  4.348571e-11
5610.000000  4.436920e-11
5630.000000  4.440052e-11
5650.000000  4.403243e-11
5670.000000  4.303883e-11
5690.000000  4.356415e-11
5710.000000  4.287728e-11
5730.000000  4.485496e-11
5750.000000  4.352011e-11
5770.000000  4.378901e-11
5790.000000  4.274893e-11
5810.000000  4.334332e-11
5830.000000  4.365954e-11
5850.000000  4.279863e-11
5870.000000  4.276343e-11
5890.000000  4.081665e-11
5910.000000  4.225641e-11
5930.000000  4.202039e-11
5950.000000  4.197629e-11
5970.000000  4.192036e-11
5990.000000  4.143598e-11
6010.000000  4.079902e-11
6030.000000  4.079307e-11
6050.000000  4.122938e-11
6070.000000  4.106154e-11
6090.000000  4.018489e-11
6110.000000  3.973583e-11
6130.000000  3.857602e-11
6150.000000  3.868973e-11
6170.000000  3.785015e-11
6190.000000  3.927816e-11
6210.000000  3.926128e-11
6230.000000  3.833285e-11
6250.000000  3.711523e-11
6270.000000  3.853126e-11
6290.000000  3.851868e-11
6310.000000  3.742698e-11
6330.000000  3.751122e-11
6350.000000  3.738177e-11
6370.000000  3.715499e-11
6390.000000  3.737429e-11
6410.000000  3.653019e-11
6430.000000  3.676652e-11
6450.000000  3.626761e-11
6470.000000  3.620537e-11
6490.000000  3.562093e-11
6510.000000  3.613264e-11
6530.000000  3.592827e-11
6550.000000  3.437114e-11
6570.000000  3.003796e-11
6590.000000  3.493707e-11
6610.000000  3.540386e-11
6630.000000  3.520227e-11
6650.000000  3.506216e-11
6670.000000  3.463577e-11
6690.000000  3.492839e-11
6710.000000  3.434343e-11
6730.000000  3.448990e-11
6750.000000  3.400435e-11
6770.000000  3.401171e-11
6790.000000  3.378085e-11
6810.000000  3.354263e-11
6830.000000  3.355065e-11
6850.000000  3.295661e-11
6870.000000  3.312795e-11
6890.000000  3.303456e-11
6910.000000  3.277269e-11
6930.000000  3.260510e-11
6950.000000  3.244088e-11
6970.000000  3.232413e-11
6990.000000  3.218632e-11
7010.000000  3.128708e-11
7030.000000  3.163527e-11
7050.000000  3.164512e-11
7070.000000  3.136583e-11
7090.000000  3.117743e-11
7110.000000  3.093323e-11
7130.000000  3.068274e-11
7150.000000  3.049927e-11
7170.000000  3.029397e-11
7190.000000  2.965490e-11
7210.000000  2.999468e-11
7230.000000  2.982937e-11
7250.000000  2.987237e-11
7270.000000  2.977114e-11
7290.000000  2.905470e-11
7310.000000  2.931906e-11
7330.000000  2.918885e-11
7350.000000  2.917996e-11
7370.000000  2.910039e-11
7390.000000  2.845291e-11
7410.000000  2.805842e-11
7430.000000  2.819353e-11
7450.000000  2.818001e-11
7470.000000  2.823674e-11
7490.000000  2.797410e-11
7510.000000  2.794178e-11
7530.000000  2.785169e-11
7550.000000  2.784653e-11
7570.000000  2.753260e-11
7590.000000  2.743984e-11
7610.000000  2.722722e-11
7630.000000  2.725382e-11
7650.000000  2.705410e-11
7670.000000  2.645755e-11
7690.000000  2.672787e-11
7710.000000  2.644418e-11
7730.000000  2.639826e-11
7750.000000  2.608914e-11
7770.000000  2.608932e-11
7790.000000  2.622335e-11
7810.000000  2.600947e-11
7830.000000  2.571628e-11
7850.000000  2.559102e-11
7870.000000  2.568258e-11
7890.000000  2.551201e-11
7910.000000  2.521020e-11
7930.000000  2.476127e-11
7950.000000  2.478034e-11
7970.000000  2.501277e-11
7990.000000  2.491654e-11
8010.000000  2.461888e-11
8030.000000  2.447379e-11
8050.000000  2.429363e-11
8070.000000  2.434969e-11
8090.000000  2.397924e-11
8110.000000  2.412092e-11
8130.000000  2.410219e-11
8150.000000  2.391273e-11
8170.000000  2.379352e-11
8190.000000  2.314820e-11
8210.000000  2.313234e-11
8230.000000  2.305788e-11
8250.000000  2.306953e-11
8270.000000  2.323183e-11
8290.000000  2.306382e-11
8310.000000  2.266553e-11
8330.000000  2.247393e-11
8350.000000  2.255319e-11
8370.000000  2.257527e-11
8390.000000  2.223167e-11
8410.000000  2.236532e-11
8430.000000  2.198302e-11
8450.000000  2.188409e-11
8470.000000  2.177301e-11
8490.000000  2.151789e-11
8510.000000  2.048519e-11
8530.000000  2.117625e-11
8550.000000  1.812064e-11
8570.000000  2.154299e-11
8590.000000  2.101544e-11
8610.000000  2.085006e-11
8630.000000  2.122118e-11
8650.000000  2.084270e-11
8670.000000  1.783951e-11
8690.000000  2.040199e-11
8710.000000  2.074678e-11
8730.000000  2.058517e-11
8750.000000  1.950337e-11
8770.000000  2.043751e-11
8790.000000  2.040592e-11
8810.000000  2.007974e-11
8830.000000  2.013410e-11
8850.000000  1.981657e-11
8870.000000  1.877404e-11
8890.000000  1.991612e-11
8910.000000  1.996655e-11
8930.000000  1.962917e-11
8950.000000  1.967990e-11
8970.000000  1.959688e-11
8990.000000  1.950444e-11
9010.000000  1.800366e-11
9030.000000  1.887177e-11
9050.000000  1.937574e-11
9070.000000  1.894778e-11
9090.000000  1.847551e-11
9110.000000  1.872142e-11
9130.000000  1.899318e-11
9150.000000  1.887105e-11
9170.000000  1.873570e-11
9190.000000  1.870517e-11
9210.000000  1.812344e-11
9230.000000  1.688280e-11
9250.000000  1.778153e-11
9270.000000  1.807984e-11
9290.000000  1.820550e-11
9310.000000  1.820440e-11
9330.000000  1.806845e-11
9350.000000  1.798987e-11
9370.000000  1.790012e-11
9390.000000  1.781030e-11
9410.000000  1.707428e-11
9430.000000  1.750397e-11
9450.000000  1.732628e-11
9470.000000  1.750240e-11
9490.000000  1.747334e-11
9510.000000  1.727666e-11
9530.000000  1.698357e-11
9550.000000  1.573382e-11
9570.000000  1.682484e-11
9590.000000  1.700568e-11
9610.000000  1.679143e-11
9630.000000  1.662355e-11
9650.000000  1.661345e-11
9670.000000  1.645109e-11
9690.000000  1.651362e-11
9710.000000  1.653986e-11
9730.000000  1.647574e-11
9750.000000  1.623687e-11
9770.000000  1.627167e-11
9790.000000  1.615934e-11
9810.000000  1.619014e-11
9830.000000  1.607663e-11
9850.000000  1.600304e-11
9870.000000  1.586897e-11
9890.000000  1.576944e-11
9910.000000  1.566703e-11
9930.000000  1.575687e-11
9950.000000  1.567982e-11
9970.000000  1.561705e-11
9990.000000  1.552797e-11
10025.000000  1.515398e-11
10075.000000  1.472414e-11
10125.000000  1.499839e-11
10175.000000  1.476445e-11
10225.000000  1.468878e-11
10275.000000  1.459725e-11
10325.000000  1.431343e-11
10375.000000  1.418386e-11
10425.000000  1.408317e-11
10475.000000  1.376955e-11
10525.000000  1.373334e-11
10575.000000  1.355668e-11
10625.000000  1.339333e-11
10675.000000  1.301372e-11
10725.000000  1.302531e-11
10775.000000  1.287198e-11
10825.000000  1.261856e-11
10875.000000  1.252076e-11
10925.000000  1.194000e-11
10975.000000  1.210068e-11
11025.000000  1.222707e-11
11075.000000  1.217230e-11
11125.000000  1.199416e-11
11175.000000  1.185640e-11
11225.000000  1.179157e-11
11275.000000  1.149003e-11
11325.000000  1.142121e-11
11375.000000  1.134322e-11
11425.000000  1.114046e-11
11475.000000  1.121628e-11
11525.000000  1.110154e-11
11575.000000  1.093027e-11
11625.000000  1.070488e-11
11675.000000  1.059941e-11
11725.000000  1.067305e-11
11775.000000  1.036767e-11
11825.000000  1.030571e-11
11875.000000  1.015559e-11
11925.000000  1.027481e-11
11975.000000  9.918476e-12
12025.000000  9.961915e-12
12075.000000  9.820794e-12
12125.000000  9.765854e-12
12175.000000  9.759573e-12
12225.000000  9.655227e-12
12275.000000  9.525821e-12
12325.000000  9.448336e-12
12375.000000  9.359567e-12
12425.000000  9.262989e-12
12475.000000  9.200130e-12
12525.000000  9.074886e-12
12575.000000  8.971245e-12
12625.000000  8.901417e-12
12675.000000  8.806742e-12
12725.000000  8.755976e-12
12775.000000  8.616899e-12
12825.000000  7.902909e-12
12875.000000  8.438913e-12
12925.000000  8.386127e-12
12975.000000  8.357705e-12
13025.000000  8.242824e-12
13075.000000  8.212200e-12
13125.000000  8.069554e-12
13175.000000  7.981815e-12
13225.000000  7.980776e-12
13275.000000  7.844128e-12
13325.000000  7.812686e-12
13375.000000  7.730443e-12
13425.000000  7.693232e-12
13475.000000  7.618082e-12
13525.000000  7.541805e-12
13575.000000  7.416243e-12
13625.000000  7.387353e-12
13675.000000  7.310357e-12
13725.000000  7.212568e-12
13775.000000  7.174793e-12
13825.000000  7.122844e-12
13875.000000  7.088707e-12
13925.000000  7.004028e-12
13975.000000  6.945181e-12
14025.000000  6.853951e-12
14075.000000  6.828101e-12
14125.000000  6.715636e-12
14175.000000  6.712027e-12
14225.000000  6.578056e-12
14275.000000  6.479724e-12
14325.000000  6.511866e-12
14375.000000  6.491638e-12
14425.000000  6.236690e-12
14475.000000  6.354822e-12
14525.000000  6.198010e-12
14570.000000  6.222554e-12
14620.000000  6.153625e-12
14675.000000  6.118647e-12
14725.000000  5.999440e-12
14775.000000  5.953261e-12
14825.000000  5.928619e-12
14875.000000  5.795368e-12
14925.000000  5.887940e-12
14975.000000  5.789608e-12
15025.000000  5.666744e-12
15075.000000  5.615877e-12
15125.000000  5.654616e-12
15175.000000  5.626685e-12
15225.000000  5.524943e-12
15275.000000  5.522574e-12
15325.000000  5.455509e-12
15375.000000  5.414851e-12
15425.000000  5.345342e-12
15475.000000  5.316065e-12
15525.000000  5.251265e-12
15575.000000  5.176437e-12
15625.000000  5.213315e-12
15675.000000  5.074803e-12
15725.000000  5.043288e-12
15775.000000  4.933678e-12
15825.000000  4.961738e-12
15875.000000  4.723347e-12
15925.000000  4.849805e-12
15975.000000  4.860903e-12
16050.000000  4.767585e-12
16150.000000  4.601017e-12
16250.000000  4.655073e-12
16350.000000  4.492946e-12
16450.000000  4.308218e-12
16550.000000  4.395006e-12
16650.000000  4.313736e-12
16750.000000  4.136109e-12
16850.000000  3.938717e-12
16950.000000  4.070664e-12
17050.000000  3.949878e-12
17150.000000  3.886909e-12
17250.000000  3.762453e-12
17350.000000  3.479796e-12
17450.000000  3.590632e-12
17550.000000  3.568461e-12
17650.000000  3.496045e-12
17750.000000  3.429371e-12
17850.000000  3.370723e-12
17950.000000  3.313605e-12
18050.000000  3.223549e-12
18150.000000  2.995484e-12
18250.000000  3.056202e-12
18350.000000  3.043464e-12
18450.000000  2.970962e-12
18550.000000  2.924429e-12
18650.000000  2.843601e-12
18750.000000  2.616493e-12
18850.000000  2.738008e-12
18950.000000  2.652843e-12
19050.000000  2.665981e-12
19150.000000  2.607857e-12
19250.000000  2.560472e-12
19350.000000  2.487157e-12
19450.000000  2.303249e-12
19550.000000  2.408097e-12
19650.000000  2.371389e-12
19750.000000  2.321217e-12
19850.000000  2.290860e-12
19950.000000  2.248908e-12
20050.000000  2.216756e-12
20150.000000  2.185035e-12
20250.000000  2.130648e-12
20350.000000  2.080980e-12
20450.000000  2.069203e-12
20550.000000  2.026634e-12
20650.000000  1.982438e-12
20750.000000  1.953041e-12
20850.000000  1.918513e-12
20950.000000  1.877467e-12
21050.000000  1.856317e-12
21150.000000  1.819017e-12
21250.000000  1.786702e-12
21350.000000  1.759999e-12
21450.000000  1.733691e-12
21550.000000  1.697578e-12
21650.000000  1.572411e-12
21750.000000  1.625796e-12
21850.000000  1.611034e-12
21950.000000  1.594715e-12
22050.000000  1.555510e-12
22150.000000  1.537764e-12
22250.000000  1.513882e-12
22350.000000  1.488746e-12
22450.000000  1.464497e-12
22550.000000  1.433401e-12
22650.000000  1.412451e-12
22750.000000  1.394716e-12
22850.000000  1.365871e-12
22950.000000  1.343748e-12
23050.000000  1.328917e-12
23150.000000  1.304598e-12
23250.000000  1.282561e-12
23350.000000  1.261662e-12
23450.000000  1.246987e-12
23550.000000  1.221192e-12
23650.000000  1.207771e-12
23750.000000  1.181530e-12
23850.000000  1.161130e-12
23950.000000  1.150630e-12
24050.000000  1.131577e-12
24150.000000  1.108437e-12
24250.000000  1.096218e-12
24350.000000  1.077368e-12
24450.000000  1.062877e-12
24550.000000  1.039331e-12
24650.000000  1.032792e-12
24750.000000  1.012885e-12
24850.000000  9.933755e-13
24950.000000  9.832160e-13
