2505.000000  3.190092e-11
2513.000000  2.370561e-11
2518.000000  2.469382e-11
2525.000000  2.049130e-11
2535.000000  1.868794e-11
2545.000000  1.850111e-11
2555.000000  2.361763e-11
2565.000000  2.135669e-11
2575.000000  2.575565e-11
2585.000000  2.520730e-11
2595.000000  2.349437e-11
2605.000000  2.108513e-11
2615.000000  1.946984e-11
2625.000000  2.557859e-11
2635.000000  2.885175e-11
2645.000000  3.834436e-11
2655.000000  4.042880e-11
2665.000000  3.097399e-11
2675.000000  3.532267e-11
2685.000000  3.441226e-11
2695.000000  3.155434e-11
2705.000000  3.443929e-11
2715.000000  2.997110e-11
2725.000000  3.045803e-11
2735.000000  3.380643e-11
2745.000000  2.098702e-11
2755.000000  2.411126e-11
2765.000000  2.716724e-11
2775.000000  3.298733e-11
2785.000000  2.696436e-11
2795.000000  1.075150e-11
2805.000000  1.427513e-11
2815.000000  3.305432e-11
2825.000000  3.958052e-11
2835.000000  3.692804e-11
2845.000000  3.492470e-11
2855.000000  3.052860e-11
2865.000000  3.769554e-11
2875.000000  3.656154e-11
2885.000000  3.706021e-11
2895.000000  3.454250e-11
2910.000000  4.245109e-11
2930.000000  3.934023e-11
2950.000000  3.894165e-11
2970.000000  4.199863e-11
2990.000000  4.220764e-11
3010.000000  4.389290e-11
3030.000000  4.311129e-11
3050.000000  4.295668e-11
3070.000000  4.372187e-11
3090.000000  4.512871e-11
3110.000000  4.330260e-11
3130.000000  4.282159e-11
3150.000000  4.476508e-11
3170.000000  4.433758e-11
3190.000000  4.082917e-11
3210.000000  4.297240e-11
3230.000000  4.018272e-11
3250.000000  4.287518e-11
3270.000000  4.433732e-11
3290.000000  4.438335e-11
3310.000000  4.561681e-11
3330.000000  4.441328e-11
3350.000000  4.382646e-11
3370.000000  4.283536e-11
3390.000000  4.357335e-11
3410.000000  4.395308e-11
3430.000000  4.424007e-11
3450.000000  4.415518e-11
3470.000000  4.345685e-11
3490.000000  4.330123e-11
3510.000000  4.461119e-11
3530.000000  4.425630e-11
3550.000000  4.615440e-11
3570.000000  4.321471e-11
3590.000000  4.296607e-11
3610.000000  4.325796e-11
3630.000000  4.371713e-11
3640.000000  4.296009e-11
3650.000000  4.560689e-11
3670.000000  4.494076e-11
3690.000000  4.309924e-11
3710.000000  4.588118e-11
3730.000000  4.756665e-11
3750.000000  5.961938e-11
3770.000000  6.475571e-11
3790.000000  7.999921e-11
3810.000000  9.389254e-11
3830.000000  7.360293e-11
3850.000000  1.037759e-10
3870.000000  1.179433e-10
3890.000000  6.822447e-11
3910.000000  1.156790e-10
3930.000000  9.184339e-11
3950.000000  1.124997e-10
3970.000000  5.978629e-11
3990.000000  1.148516e-10
4010.000000  1.304988e-10
4030.000000  1.299062e-10
4050.000000  1.280585e-10
4070.000000  1.222085e-10
4090.000000  9.766879e-11
4110.000000  7.488023e-11
4130.000000  1.166420e-10
4150.000000  1.254727e-10
4170.000000  1.243446e-10
4190.000000  1.234860e-10
4210.000000  1.230438e-10
4230.000000  1.190272e-10
4250.000000  1.200653e-10
4270.000000  1.135394e-10
4290.000000  1.154769e-10
4310.000000  1.044589e-10
4330.000000  8.231743e-11
4350.000000  7.001972e-11
4370.000000  1.068327e-10
4390.000000  1.096892e-10
4410.000000  1.081332e-10
4430.000000  1.061792e-10
4450.000000  1.085475e-10
4470.000000  1.082146e-10
4490.000000  1.064947e-10
4510.000000  1.103977e-10
4530.000000  1.047540e-10
4550.000000  1.032993e-10
4570.000000  1.070900e-10
4590.000000  1.018569e-10
4610.000000  1.043257e-10
4630.000000  1.006661e-10
4650.000000  1.015630e-10
4670.000000  1.013691e-10
4690.000000  9.666935e-11
4710.000000  9.266452e-11
4730.000000  9.749832e-11
4750.000000  9.726683e-11
4770.000000  9.515030e-11
4790.000000  9.422272e-11
4810.000000  9.157411e-11
4830.000000  8.740698e-11
4850.000000  6.757363e-11
4870.000000  5.377683e-11
4890.000000  8.134460e-11
4910.000000  8.584585e-11
4930.000000  8.478777e-11
4950.000000  8.683748e-11
4970.000000  8.731663e-11
4990.000000  8.316164e-11
5010.000000  7.964118e-11
5030.000000  8.212308e-11
5050.000000  8.048388e-11
5070.000000  8.228924e-11
5090.000000  8.084121e-11
5110.000000  8.076417e-11
5130.000000  7.869338e-11
5150.000000  7.653685e-11
5170.000000  7.532489e-11
5190.000000  7.440364e-11
5210.000000  7.453954e-11
5230.000000  7.388705e-11
5250.000000  7.491155e-11
5270.000000  6.929411e-11
5290.000000  7.299123e-11
5310.000000  7.167151e-11
5330.000000  6.865641e-11
5350.000000  7.110919e-11
5370.000000  7.043275e-11
5390.000000  6.944577e-11
5410.000000  6.760253e-11
5430.000000  6.807059e-11
5450.000000  6.864207e-11
5470.000000  6.751437e-11
5490.000000  6.696676e-11
5510.000000  6.634271e-11
5530.000000  6.576744e-11
5550.000000  6.554523e-11
5570.000000  6.450207e-11
5590.000000  6.373351e-11
5610.000000  6.373160e-11
5630.000000  6.354824e-11
5650.000000  6.262617e-11
5670.000000  6.145847e-11
5690.000000  6.155318e-11
5710.000000  6.097223e-11
5730.000000  6.156890e-11
5750.000000  6.020530e-11
5770.000000  5.996489e-11
5790.000000  5.915241e-11
5810.000000  5.885079e-11
5830.000000  5.854415e-11
5850.000000  5.777196e-11
5870.000000  5.734773e-11
5890.000000  5.584417e-11
5910.000000  5.629480e-11
5930.000000  5.578481e-11
5950.000000  5.523073e-11
5970.000000  5.488554e-11
5990.000000  5.405172e-11
6010.000000  5.308740e-11
6030.000000  5.308927e-11
6050.000000  5.271334e-11
6070.000000  5.261756e-11
6090.000000  5.186722e-11
6110.000000  5.113186e-11
6130.000000  5.011204e-11
6150.000000  4.902255e-11
6170.000000  4.900209e-11
6190.000000  4.971222e-11
6210.000000  4.931452e-11
6230.000000  4.848984e-11
6250.000000  4.688269e-11
6270.000000  4.814916e-11
6290.000000  4.776294e-11
6310.000000  4.668599e-11
6330.000000  4.654841e-11
6350.000000  4.569546e-11
6370.000000  4.548072e-11
6390.000000  4.543939e-11
6410.000000  4.455745e-11
6430.000000  4.451574e-11
6450.000000  4.342615e-11
6470.000000  4.364249e-11
6490.000000  4.261048e-11
6510.000000  4.240398e-11
6530.000000  4.108811e-11
6550.000000  3.555421e-11
6570.000000  2.825420e-11
6590.000000  3.864210e-11
6610.000000  4.056448e-11
6630.000000  4.082660e-11
6650.000000  4.063722e-11
6670.000000  4.020229e-11
6690.000000  4.014614e-11
6710.000000  3.981789e-11
6730.000000  3.949289e-11
6750.000000  3.886272e-11
6770.000000  3.900878e-11
6790.000000  3.862255e-11
6810.000000  3.831739e-11
6830.000000  3.788578e-11
6850.000000  3.756370e-11
6870.000000  3.742692e-11
6890.000000  3.713961e-11
6910.000000  3.680342e-11
6930.000000  3.645357e-11
6950.000000  3.621008e-11
6970.000000  3.586607e-11
6990.000000  3.567538e-11
7010.000000  3.487580e-11
7030.000000  3.492842e-11
7050.000000  3.473159e-11
7070.000000  3.450876e-11
7090.000000  3.423931e-11
7110.000000  3.311643e-11
7130.000000  3.337354e-11
7150.000000  3.320262e-11
7170.000000  3.291511e-11
7190.000000  3.257735e-11
7210.000000  3.247286e-11
7230.000000  3.216482e-11
7250.000000  3.178965e-11
7270.000000  3.183314e-11
7290.000000  3.131118e-11
7310.000000  3.118956e-11
7330.000000  3.099669e-11
7350.000000  3.087086e-11
7370.000000  3.068561e-11
7390.000000  3.021729e-11
7410.000000  2.980098e-11
7430.000000  2.945043e-11
7450.000000  2.939855e-11
7470.000000  2.901279e-11
7490.000000  2.896916e-11
7510.000000  2.888980e-11
7530.000000  2.873575e-11
7550.000000  2.867920e-11
7570.000000  2.835446e-11
7590.000000  2.819951e-11
7610.000000  2.796554e-11
7630.000000  2.778974e-11
7650.000000  2.748433e-11
7670.000000  2.705808e-11
7690.000000  2.697831e-11
7710.000000  2.680801e-11
7730.000000  2.672743e-11
7750.000000  2.644477e-11
7770.000000  2.571762e-11
7790.000000  2.622769e-11
7810.000000  2.596604e-11
7830.000000  2.560052e-11
7850.000000  2.529917e-11
7870.000000  2.521004e-11
7890.000000  2.494632e-11
7910.000000  2.471849e-11
7930.000000  2.450538e-11
7950.000000  2.428144e-11
7970.000000  2.451324e-11
7990.000000  2.400027e-11
8010.000000  2.406452e-11
8030.000000  2.379467e-11
8050.000000  2.371189e-11
8070.000000  2.352387e-11
8090.000000  2.333105e-11
8110.000000  2.328675e-11
8130.000000  2.316691e-11
8150.000000  2.298575e-11
8170.000000  2.283130e-11
8190.000000  2.219814e-11
8210.000000  2.208557e-11
8230.000000  2.194471e-11
8250.000000  2.189209e-11
8270.000000  2.209036e-11
8290.000000  2.189456e-11
8310.000000  2.166697e-11
8330.000000  2.130891e-11
8350.000000  2.140972e-11
8370.000000  2.132057e-11
8390.000000  2.105265e-11
8410.000000  2.095203e-11
8430.000000  2.072311e-11
8450.000000  2.023490e-11
8470.000000  2.009298e-11
8490.000000  2.036937e-11
8510.000000  1.901476e-11
8530.000000  2.027687e-11
8550.000000  1.728103e-11
8570.000000  2.049040e-11
8590.000000  1.903379e-11
8610.000000  1.851141e-11
8630.000000  2.045350e-11
8650.000000  1.965160e-11
8670.000000  1.578377e-11
8690.000000  1.950210e-11
8710.000000  2.053078e-11
8730.000000  1.972056e-11
8750.000000  1.571765e-11
8770.000000  1.891323e-11
8790.000000  2.036799e-11
8810.000000  2.043551e-11
8830.000000  1.960854e-11
8850.000000  1.770612e-11
8870.000000  1.505863e-11
8890.000000  1.892235e-11
8910.000000  1.977463e-11
8930.000000  1.980187e-11
8950.000000  1.995314e-11
8970.000000  1.948339e-11
8990.000000  1.856552e-11
9010.000000  1.476873e-11
9030.000000  1.627985e-11
9050.000000  1.857194e-11
9070.000000  1.853116e-11
9090.000000  1.831296e-11
9110.000000  1.878907e-11
9130.000000  1.887248e-11
9150.000000  1.886492e-11
9170.000000  1.851843e-11
9190.000000  1.794228e-11
9210.000000  1.657573e-11
9230.000000  1.296577e-11
9250.000000  1.587230e-11
9270.000000  1.697206e-11
9290.000000  1.781694e-11
9310.000000  1.789384e-11
9330.000000  1.776861e-11
9350.000000  1.774958e-11
9370.000000  1.768445e-11
9390.000000  1.738429e-11
9410.000000  1.662627e-11
9430.000000  1.705290e-11
9450.000000  1.695974e-11
9470.000000  1.692940e-11
9490.000000  1.671447e-11
9510.000000  1.616513e-11
9530.000000  1.479230e-11
9550.000000  1.187071e-11
9570.000000  1.487081e-11
9590.000000  1.583845e-11
9610.000000  1.589091e-11
9630.000000  1.565024e-11
9650.000000  1.590774e-11
9670.000000  1.562211e-11
9690.000000  1.553142e-11
9710.000000  1.582392e-11
9730.000000  1.568221e-11
9750.000000  1.542131e-11
9770.000000  1.552775e-11
9790.000000  1.541159e-11
9810.000000  1.531491e-11
9830.000000  1.515563e-11
9850.000000  1.495637e-11
9870.000000  1.486338e-11
9890.000000  1.466374e-11
9910.000000  1.459840e-11
9930.000000  1.462651e-11
9950.000000  1.448788e-11
9970.000000  1.441196e-11
9990.000000  1.421580e-11
10025.000000  1.286217e-11
10075.000000  1.217092e-11
10125.000000  1.348024e-11
10175.000000  1.350019e-11
10225.000000  1.341633e-11
10275.000000  1.325228e-11
10325.000000  1.297306e-11
10375.000000  1.279743e-11
10425.000000  1.260092e-11
10475.000000  1.220274e-11
10525.000000  1.210025e-11
10575.000000  1.196859e-11
10625.000000  1.182200e-11
10675.000000  1.137059e-11
10725.000000  1.136008e-11
10775.000000  1.119998e-11
10825.000000  1.100090e-11
10875.000000  1.070886e-11
10925.000000  9.050894e-12
10975.000000  9.855399e-12
11025.000000  1.041855e-11
11075.000000  1.037542e-11
11125.000000  1.020059e-11
11175.000000  1.007118e-11
11225.000000  9.957727e-12
11275.000000  9.571498e-12
11325.000000  9.466318e-12
11375.000000  9.456924e-12
11425.000000  9.240259e-12
11475.000000  9.272604e-12
11525.000000  9.153603e-12
11575.000000  8.997501e-12
11625.000000  8.729555e-12
11675.000000  8.553946e-12
11725.000000  8.646200e-12
11775.000000  8.320379e-12
11825.000000  8.294098e-12
11875.000000  8.117048e-12
11925.000000  8.205088e-12
11975.000000  7.965238e-12
12025.000000  7.921577e-12
12075.000000  7.782449e-12
12125.000000  7.688501e-12
12175.000000  7.624553e-12
12225.000000  7.499127e-12
12275.000000  7.392469e-12
12325.000000  7.298987e-12
12375.000000  7.217624e-12
12425.000000  7.149000e-12
12475.000000  7.022194e-12
12525.000000  6.920619e-12
12575.000000  6.777105e-12
12625.000000  6.728606e-12
12675.000000  6.655788e-12
12725.000000  6.547805e-12
12775.000000  6.248227e-12
12825.000000  5.307760e-12
12875.000000  6.136104e-12
12925.000000  6.202563e-12
12975.000000  6.161248e-12
13025.000000  6.098217e-12
13075.000000  6.038795e-12
13125.000000  5.942325e-12
13175.000000  5.837893e-12
13225.000000  5.807649e-12
13275.000000  5.726843e-12
13325.000000  5.664496e-12
13375.000000  5.590167e-12
13425.000000  5.518551e-12
13475.000000  5.450883e-12
13525.000000  5.362884e-12
13575.000000  5.285219e-12
13625.000000  5.245703e-12
13675.000000  5.166297e-12
13725.000000  5.051583e-12
13775.000000  5.032429e-12
13825.000000  4.979145e-12
13875.000000  4.944615e-12
13925.000000  4.847370e-12
13975.000000  4.804175e-12
14025.000000  4.750825e-12
14075.000000  4.705190e-12
14125.000000  4.630041e-12
14175.000000  4.585879e-12
14225.000000  4.518832e-12
14275.000000  4.456350e-12
14325.000000  4.418933e-12
14375.000000  4.380853e-12
14425.000000  4.212220e-12
14475.000000  4.263454e-12
14525.000000  4.153656e-12
14570.000000  4.165449e-12
14620.000000  4.102659e-12
14675.000000  4.069444e-12
14725.000000  4.003257e-12
14775.000000  3.939565e-12
14825.000000  3.912550e-12
14875.000000  3.846720e-12
14925.000000  3.857084e-12
14975.000000  3.791626e-12
15025.000000  3.736727e-12
15075.000000  3.682473e-12
15125.000000  3.673430e-12
15175.000000  3.634212e-12
15225.000000  3.586667e-12
15275.000000  3.544090e-12
15325.000000  3.497721e-12
15375.000000  3.469812e-12
15425.000000  3.380240e-12
15475.000000  3.381254e-12
15525.000000  3.350235e-12
15575.000000  3.243925e-12
15625.000000  3.317670e-12
15675.000000  3.201794e-12
15725.000000  3.105396e-12
15775.000000  3.185100e-12
15825.000000  3.167367e-12
15875.000000  2.879524e-12
15925.000000  3.056587e-12
15975.000000  3.101662e-12
16050.000000  2.993772e-12
16150.000000  2.810618e-12
16250.000000  2.961310e-12
16350.000000  2.797363e-12
16450.000000  2.605622e-12
16550.000000  2.781357e-12
16650.000000  2.730195e-12
16750.000000  2.559288e-12
16850.000000  2.379503e-12
16950.000000  2.556478e-12
17050.000000  2.497894e-12
17150.000000  2.458275e-12
17250.000000  2.365441e-12
17350.000000  2.078945e-12
17450.000000  2.231704e-12
17550.000000  2.239991e-12
17650.000000  2.196850e-12
17750.000000  2.160409e-12
17850.000000  2.112958e-12
17950.000000  2.081377e-12
18050.000000  2.009647e-12
18150.000000  1.790218e-12
18250.000000  1.883420e-12
18350.000000  1.908567e-12
18450.000000  1.874790e-12
18550.000000  1.828373e-12
18650.000000  1.780532e-12
18750.000000  1.571868e-12
18850.000000  1.700935e-12
18950.000000  1.678707e-12
19050.000000  1.672377e-12
19150.000000  1.638056e-12
19250.000000  1.602332e-12
19350.000000  1.551046e-12
19450.000000  1.373473e-12
19550.000000  1.495031e-12
19650.000000  1.485830e-12
19750.000000  1.456724e-12
19850.000000  1.435047e-12
19950.000000  1.408673e-12
20050.000000  1.384300e-12
20150.000000  1.360406e-12
20250.000000  1.332640e-12
20350.000000  1.305686e-12
20450.000000  1.287728e-12
20550.000000  1.263397e-12
20650.000000  1.236993e-12
20750.000000  1.215844e-12
20850.000000  1.195414e-12
20950.000000  1.173243e-12
21050.000000  1.152941e-12
21150.000000  1.128611e-12
21250.000000  1.109801e-12
21350.000000  1.089895e-12
21450.000000  1.073099e-12
21550.000000  1.044079e-12
21650.000000  9.290866e-13
21750.000000  9.983582e-13
21850.000000  9.988020e-13
21950.000000  9.877509e-13
22050.000000  9.669101e-13
22150.000000  9.507176e-13
22250.000000  9.388761e-13
22350.000000  9.229953e-13
22450.000000  9.078119e-13
22550.000000  8.879734e-13
22650.000000  8.764044e-13
22750.000000  8.628752e-13
22850.000000  8.483362e-13
22950.000000  8.334159e-13
23050.000000  8.225051e-13
23150.000000  8.084992e-13
23250.000000  7.968511e-13
23350.000000  7.835491e-13
23450.000000  7.716752e-13
23550.000000  7.595703e-13
23650.000000  7.479657e-13
23750.000000  7.347704e-13
23850.000000  7.235735e-13
23950.000000  7.127466e-13
24050.000000  7.008306e-13
24150.000000  6.896863e-13
24250.000000  6.800755e-13
24350.000000  6.682667e-13
24450.000000  6.584079e-13
24550.000000  6.476777e-13
24650.000000  6.379198e-13
24750.000000  6.277709e-13
24850.000000  6.187848e-13
24950.000000  6.035548e-13
