2505.000000  3.660568e-11
2513.000000  3.393466e-11
2518.000000  3.411920e-11
2525.000000  3.219317e-11
2535.000000  3.168617e-11
2545.000000  3.184590e-11
2555.000000  3.377538e-11
2565.000000  3.376705e-11
2575.000000  3.556633e-11
2585.000000  3.566859e-11
2595.000000  3.539364e-11
2605.000000  3.407328e-11
2615.000000  3.377728e-11
2625.000000  3.520043e-11
2635.000000  3.539228e-11
2645.000000  3.832611e-11
2655.000000  3.798500e-11
2665.000000  3.593085e-11
2675.000000  3.686267e-11
2685.000000  3.715552e-11
2695.000000  3.562809e-11
2705.000000  3.603427e-11
2715.000000  3.469958e-11
2725.000000  3.485241e-11
2735.000000  3.672320e-11
2745.000000  3.262779e-11
2755.000000  3.313823e-11
2765.000000  3.431941e-11
2775.000000  3.593850e-11
2785.000000  3.543200e-11
2795.000000  2.920329e-11
2805.000000  3.182093e-11
2815.000000  3.673141e-11
2825.000000  3.662239e-11
2835.000000  3.564373e-11
2845.000000  3.478487e-11
2855.000000  3.385324e-11
2865.000000  3.524202e-11
2875.000000  3.465623e-11
2885.000000  3.539360e-11
2895.000000  3.470407e-11
2910.000000  3.685039e-11
2930.000000  3.574131e-11
2950.000000  3.559992e-11
2970.000000  3.583498e-11
2990.000000  3.592703e-11
3010.000000  3.626001e-11
3030.000000  3.611968e-11
3050.000000  3.589943e-11
3070.000000  3.557894e-11
3090.000000  3.586284e-11
3110.000000  3.538808e-11
3130.000000  3.519820e-11
3150.000000  3.546367e-11
3170.000000  3.530310e-11
3190.000000  3.436279e-11
3210.000000  3.479822e-11
3230.000000  3.425264e-11
3250.000000  3.454837e-11
3270.000000  3.470107e-11
3290.000000  3.484494e-11
3310.000000  3.486641e-11
3330.000000  3.434146e-11
3350.000000  3.387727e-11
3370.000000  3.393856e-11
3390.000000  3.370747e-11
3410.000000  3.407235e-11
3430.000000  3.398310e-11
3450.000000  3.381130e-11
3470.000000  3.353847e-11
3490.000000  3.345894e-11
3510.000000  3.359264e-11
3530.000000  3.358336e-11
3550.000000  3.352489e-11
3570.000000  3.308889e-11
3590.000000  3.297824e-11
3610.000000  3.288860e-11
3630.000000  3.280986e-11
3640.000000  3.269837e-11
3650.000000  3.299270e-11
3670.000000  3.280137e-11
3690.000000  3.151033e-11
3710.000000  3.420354e-11
3730.000000  3.695505e-11
3750.000000  4.906513e-11
3770.000000  5.273320e-11
3790.000000  6.592788e-11
3810.000000  7.831706e-11
3830.000000  6.112265e-11
3850.000000  8.729428e-11
3870.000000  9.949166e-11
3890.000000  5.280062e-11
3910.000000  9.884562e-11
3930.000000  1.032821e-10
3950.000000  9.855943e-11
3970.000000  5.050943e-11
3990.000000  9.357505e-11
4010.000000  1.048607e-10
4030.000000  1.048669e-10
4050.000000  1.032515e-10
4070.000000  9.812282e-11
4090.000000  7.456200e-11
4110.000000  5.585967e-11
4130.000000  9.277524e-11
4150.000000  9.680846e-11
4170.000000  9.623903e-11
4190.000000  9.526927e-11
4210.000000  9.405979e-11
4230.000000  9.227274e-11
4250.000000  9.132599e-11
4270.000000  8.971762e-11
4290.000000  8.827521e-11
4310.000000  8.300007e-11
4330.000000  6.098234e-11
4350.000000  5.139774e-11
4370.000000  8.011544e-11
4390.000000  8.228554e-11
4410.000000  8.210369e-11
4430.000000  8.181628e-11
4450.000000  8.110175e-11
4470.000000  8.018501e-11
4490.000000  7.866391e-11
4510.000000  7.818036e-11
4530.000000  7.708747e-11
4550.000000  7.562328e-11
4570.000000  7.549665e-11
4590.000000  7.433504e-11
4610.000000  7.409708e-11
4630.000000  7.272212e-11
4650.000000  7.232079e-11
4670.000000  7.144371e-11
4690.000000  7.027973e-11
4710.000000  6.852957e-11
4730.000000  6.888884e-11
4750.000000  6.802299e-11
4770.000000  6.709336e-11
4790.000000  6.608332e-11
4810.000000  6.465835e-11
4830.000000  6.150316e-11
4850.000000  4.724523e-11
4870.000000  3.788664e-11
4890.000000  5.787830e-11
4910.000000  6.076229e-11
4930.000000  6.038906e-11
4950.000000  6.037227e-11
4970.000000  5.993094e-11
4990.000000  5.924278e-11
5010.000000  5.822145e-11
5030.000000  5.798280e-11
5050.000000  5.722581e-11
5070.000000  5.678260e-11
5090.000000  5.614689e-11
5110.000000  5.554188e-11
5130.000000  5.488513e-11
5150.000000  5.424862e-11
5170.000000  5.303460e-11
5190.000000  5.261086e-11
5210.000000  5.247165e-11
5230.000000  5.166279e-11
5250.000000  5.145416e-11
5270.000000  5.052156e-11
5290.000000  5.033355e-11
5310.000000  4.961666e-11
5330.000000  4.910038e-11
5350.000000  4.877990e-11
5370.000000  4.817346e-11
5390.000000  4.770957e-11
5410.000000  4.712305e-11
5430.000000  4.668989e-11
5450.000000  4.625608e-11
5470.000000  4.578206e-11
5490.000000  4.532874e-11
5510.000000  4.486447e-11
5530.000000  4.433910e-11
5550.000000  4.396603e-11
5570.000000  4.349130e-11
5590.000000  4.303687e-11
5610.000000  4.262326e-11
5630.000000  4.221007e-11
5650.000000  4.176574e-11
5670.000000  4.134165e-11
5690.000000  4.093823e-11
5710.000000  4.053402e-11
5730.000000  4.014110e-11
5750.000000  3.972717e-11
5770.000000  3.934322e-11
5790.000000  3.894956e-11
5810.000000  3.856600e-11
5830.000000  3.819260e-11
5850.000000  3.780907e-11
5870.000000  3.742551e-11
5890.000000  3.687840e-11
5910.000000  3.671845e-11
5930.000000  3.636532e-11
5950.000000  3.600203e-11
5970.000000  3.565865e-11
5990.000000  3.530511e-11
6010.000000  3.496175e-11
6030.000000  3.463899e-11
6050.000000  3.431585e-11
6070.000000  3.399274e-11
6090.000000  3.366962e-11
6110.000000  3.334648e-11
6130.000000  3.301326e-11
6150.000000  3.263942e-11
6170.000000  3.238729e-11
6190.000000  3.211479e-11
6210.000000  3.181235e-11
6230.000000  3.150909e-11
6250.000000  3.116492e-11
6270.000000  3.094352e-11
6290.000000  3.065119e-11
6310.000000  3.035771e-11
6330.000000  3.008564e-11
6350.000000  2.973210e-11
6370.000000  2.949977e-11
6390.000000  2.926750e-11
6410.000000  2.898453e-11
6430.000000  2.873159e-11
6450.000000  2.835794e-11
6470.000000  2.811625e-11
6490.000000  2.776241e-11
6510.000000  2.733777e-11
6530.000000  2.644890e-11
6550.000000  2.288400e-11
6570.000000  1.830607e-11
6590.000000  2.493401e-11
6610.000000  2.597487e-11
6630.000000  2.604591e-11
6650.000000  2.592494e-11
6670.000000  2.574293e-11
6690.000000  2.557134e-11
6710.000000  2.535967e-11
6730.000000  2.513747e-11
6750.000000  2.491533e-11
6770.000000  2.471303e-11
6790.000000  2.449124e-11
6810.000000  2.427921e-11
6830.000000  2.406680e-11
6850.000000  2.386490e-11
6870.000000  2.366297e-11
6890.000000  2.346069e-11
6910.000000  2.325879e-11
6930.000000  2.305689e-11
6950.000000  2.286512e-11
6970.000000  2.266325e-11
6990.000000  2.248121e-11
7010.000000  2.227893e-11
7030.000000  2.209730e-11
7050.000000  2.191528e-11
7070.000000  2.173362e-11
7090.000000  2.155201e-11
7110.000000  2.130923e-11
7130.000000  2.117823e-11
7150.000000  2.100635e-11
7170.000000  2.083485e-11
7190.000000  2.066297e-11
7210.000000  2.049147e-11
7230.000000  2.031959e-11
7250.000000  2.015781e-11
7270.000000  1.999645e-11
7290.000000  1.982459e-11
7310.000000  1.966282e-11
7330.000000  1.950148e-11
7350.000000  1.934983e-11
7370.000000  1.919822e-11
7390.000000  1.903647e-11
7410.000000  1.887513e-11
7430.000000  1.872310e-11
7450.000000  1.857187e-11
7470.000000  1.841012e-11
7490.000000  1.826864e-11
7510.000000  1.812757e-11
7530.000000  1.799581e-11
7550.000000  1.785471e-11
7570.000000  1.770350e-11
7590.000000  1.757174e-11
7610.000000  1.743026e-11
7630.000000  1.728916e-11
7650.000000  1.715743e-11
7670.000000  1.701595e-11
7690.000000  1.688498e-11
7710.000000  1.675325e-11
7730.000000  1.662228e-11
7750.000000  1.649096e-11
7770.000000  1.617718e-11
7790.000000  1.623837e-11
7810.000000  1.611677e-11
7830.000000  1.598542e-11
7850.000000  1.585448e-11
7870.000000  1.572272e-11
7890.000000  1.559176e-11
7910.000000  1.549083e-11
7930.000000  1.537934e-11
7950.000000  1.524802e-11
7970.000000  1.514707e-11
7990.000000  1.500556e-11
8010.000000  1.492449e-11
8030.000000  1.480331e-11
8050.000000  1.469222e-11
8070.000000  1.458114e-11
8090.000000  1.447006e-11
8110.000000  1.436870e-11
8130.000000  1.425802e-11
8150.000000  1.415667e-11
8170.000000  1.404561e-11
8190.000000  1.391388e-11
8210.000000  1.385352e-11
8230.000000  1.376229e-11
8250.000000  1.366096e-11
8270.000000  1.360054e-11
8290.000000  1.350000e-11
8310.000000  1.340877e-11
8330.000000  1.327702e-11
8350.000000  1.320685e-11
8370.000000  1.309527e-11
8390.000000  1.296392e-11
8410.000000  1.283252e-11
8430.000000  1.275197e-11
8450.000000  1.261052e-11
8470.000000  1.226677e-11
8490.000000  1.264136e-11
8510.000000  1.183192e-11
8530.000000  1.265136e-11
8550.000000  1.117490e-11
8570.000000  1.277242e-11
8590.000000  1.173186e-11
8610.000000  1.137826e-11
8630.000000  1.291300e-11
8650.000000  1.232804e-11
8670.000000  1.005169e-11
8690.000000  1.264001e-11
8710.000000  1.310425e-11
8730.000000  1.252901e-11
8750.000000  9.687251e-12
8770.000000  1.185271e-11
8790.000000  1.298208e-11
8810.000000  1.308251e-11
8830.000000  1.272913e-11
8850.000000  1.122595e-11
8870.000000  9.374585e-12
8890.000000  1.202301e-11
8910.000000  1.260805e-11
8930.000000  1.268851e-11
8950.000000  1.265849e-11
8970.000000  1.241620e-11
8990.000000  1.173996e-11
9010.000000  9.221730e-12
9030.000000  1.015506e-11
9050.000000  1.173941e-11
9070.000000  1.195073e-11
9090.000000  1.190033e-11
9110.000000  1.199145e-11
9130.000000  1.196181e-11
9150.000000  1.186048e-11
9170.000000  1.169882e-11
9190.000000  1.137592e-11
9210.000000  1.047719e-11
9230.000000  8.091539e-12
9250.000000  1.006831e-11
9270.000000  1.090078e-11
9290.000000  1.120379e-11
9310.000000  1.121381e-11
9330.000000  1.116350e-11
9350.000000  1.110308e-11
9370.000000  1.103218e-11
9390.000000  1.094134e-11
9410.000000  1.077920e-11
9430.000000  1.078931e-11
9450.000000  1.069867e-11
9470.000000  1.058762e-11
9490.000000  1.043578e-11
9510.000000  1.011273e-11
9530.000000  9.180082e-12
9550.000000  7.328150e-12
9570.000000  9.260658e-12
9590.000000  9.897393e-12
9610.000000  1.000926e-11
9630.000000  9.974878e-12
9650.000000  9.989254e-12
9670.000000  9.886026e-12
9690.000000  9.877018e-12
9710.000000  9.832699e-12
9730.000000  9.764022e-12
9750.000000  9.693207e-12
9770.000000  9.633643e-12
9790.000000  9.567965e-12
9810.000000  9.502291e-12
9830.000000  9.436537e-12
9850.000000  9.365798e-12
9870.000000  9.304138e-12
9890.000000  9.219213e-12
9910.000000  9.164640e-12
9930.000000  9.090877e-12
9950.000000  9.020158e-12
9970.000000  8.934247e-12
9990.000000  8.810918e-12
10025.000000  7.952389e-12
10075.000000  7.547947e-12
10125.000000  8.440946e-12
10175.000000  8.385491e-12
10225.000000  8.274320e-12
10275.000000  8.141952e-12
10325.000000  8.008496e-12
10375.000000  7.881157e-12
10425.000000  7.754795e-12
10475.000000  7.616169e-12
10525.000000  7.505110e-12
10575.000000  7.387871e-12
10625.000000  7.271604e-12
10675.000000  7.100552e-12
10725.000000  7.019825e-12
10775.000000  6.924811e-12
10825.000000  6.793410e-12
10875.000000  6.601345e-12
10925.000000  5.555217e-12
10975.000000  6.063831e-12
11025.000000  6.358810e-12
11075.000000  6.306232e-12
11125.000000  6.226373e-12
11175.000000  6.134349e-12
11225.000000  6.042404e-12
11275.000000  5.930078e-12
11325.000000  5.838060e-12
11375.000000  5.772418e-12
11425.000000  5.684415e-12
11475.000000  5.606649e-12
11525.000000  5.524761e-12
11575.000000  5.442873e-12
11625.000000  5.353779e-12
11675.000000  5.261687e-12
11725.000000  5.209290e-12
11775.000000  5.099897e-12
11825.000000  5.045366e-12
11875.000000  4.971511e-12
11925.000000  4.916077e-12
11975.000000  4.834041e-12
12025.000000  4.775493e-12
12075.000000  4.705650e-12
12125.000000  4.639975e-12
12175.000000  4.577340e-12
12225.000000  4.513575e-12
12275.000000  4.448837e-12
12325.000000  4.387180e-12
12375.000000  4.327544e-12
12425.000000  4.268886e-12
12475.000000  4.208202e-12
12525.000000  4.151532e-12
12575.000000  4.088826e-12
12625.000000  4.034222e-12
12675.000000  3.973557e-12
12725.000000  3.900762e-12
12775.000000  3.731896e-12
12825.000000  3.199682e-12
12875.000000  3.668108e-12
12925.000000  3.700501e-12
12975.000000  3.667129e-12
13025.000000  3.625640e-12
13075.000000  3.578129e-12
13125.000000  3.530579e-12
13175.000000  3.482019e-12
13225.000000  3.438561e-12
13275.000000  3.394051e-12
13325.000000  3.349541e-12
13375.000000  3.306045e-12
13425.000000  3.263562e-12
13475.000000  3.221082e-12
13525.000000  3.178598e-12
13575.000000  3.138142e-12
13625.000000  3.098699e-12
13675.000000  3.059218e-12
13725.000000  3.015686e-12
13775.000000  2.982320e-12
13825.000000  2.944904e-12
13875.000000  2.908500e-12
13925.000000  2.870073e-12
13975.000000  2.835659e-12
14025.000000  2.800269e-12
14075.000000  2.765854e-12
14125.000000  2.731478e-12
14175.000000  2.697104e-12
14225.000000  2.663703e-12
14275.000000  2.631314e-12
14325.000000  2.598967e-12
14375.000000  2.567593e-12
14425.000000  2.525000e-12
14475.000000  2.505856e-12
14525.000000  2.469418e-12
14570.000000  2.448212e-12
14620.000000  2.419841e-12
14675.000000  2.390532e-12
14725.000000  2.362200e-12
14775.000000  2.332851e-12
14825.000000  2.307557e-12
14875.000000  2.278173e-12
14925.000000  2.254979e-12
14975.000000  2.228632e-12
15025.000000  2.199284e-12
15075.000000  2.175000e-12
15125.000000  2.149702e-12
15175.000000  2.123432e-12
15225.000000  2.101148e-12
15275.000000  2.067768e-12
15325.000000  2.041462e-12
15375.000000  2.028309e-12
15425.000000  1.979715e-12
15475.000000  1.981783e-12
15525.000000  1.959537e-12
15575.000000  1.885623e-12
15625.000000  1.942365e-12
15675.000000  1.870520e-12
15725.000000  1.806721e-12
15775.000000  1.888662e-12
15825.000000  1.862400e-12
15875.000000  1.682173e-12
15925.000000  1.791591e-12
15975.000000  1.824943e-12
16050.000000  1.763218e-12
16150.000000  1.647808e-12
16250.000000  1.737906e-12
16350.000000  1.646809e-12
16450.000000  1.536509e-12
16550.000000  1.632665e-12
16650.000000  1.599264e-12
16750.000000  1.505138e-12
16850.000000  1.404898e-12
16950.000000  1.497033e-12
17050.000000  1.470719e-12
17150.000000  1.439347e-12
17250.000000  1.396837e-12
17350.000000  1.234862e-12
17450.000000  1.322914e-12
17550.000000  1.319893e-12
17650.000000  1.294595e-12
17750.000000  1.269300e-12
17850.000000  1.242992e-12
17950.000000  1.216687e-12
18050.000000  1.184269e-12
18150.000000  1.057751e-12
18250.000000  1.110392e-12
18350.000000  1.118477e-12
18450.000000  1.099259e-12
18550.000000  1.074983e-12
18650.000000  1.045602e-12
18750.000000  9.314157e-13
18850.000000  1.000773e-12
18950.000000  9.929806e-13
19050.000000  9.766961e-13
19150.000000  9.578680e-13
19250.000000  9.377223e-13
19350.000000  9.095917e-13
19450.000000  8.129159e-13
19550.000000  8.753799e-13
19650.000000  8.689054e-13
19750.000000  8.538159e-13
19850.000000  8.381326e-13
19950.000000  8.225471e-13
20050.000000  8.074638e-13
20150.000000  7.925839e-13
20250.000000  7.780117e-13
20350.000000  7.638369e-13
20450.000000  7.500751e-13
20550.000000  7.365121e-13
20650.000000  7.232455e-13
20750.000000  7.102947e-13
20850.000000  6.977409e-13
20950.000000  6.852929e-13
21050.000000  6.732461e-13
21150.000000  6.610982e-13
21250.000000  6.494606e-13
21350.000000  6.383255e-13
21450.000000  6.264795e-13
21550.000000  6.100878e-13
21650.000000  5.495481e-13
21750.000000  5.851863e-13
21850.000000  5.840726e-13
21950.000000  5.756710e-13
22050.000000  5.658500e-13
22150.000000  5.561338e-13
22250.000000  5.471267e-13
22350.000000  5.380145e-13
22450.000000  5.290117e-13
22550.000000  5.201999e-13
22650.000000  5.116995e-13
22750.000000  5.033006e-13
22850.000000  4.953033e-13
22950.000000  4.873060e-13
23050.000000  4.795113e-13
23150.000000  4.719190e-13
23250.000000  4.644284e-13
23350.000000  4.570390e-13
23450.000000  4.498521e-13
23550.000000  4.427668e-13
23650.000000  4.357825e-13
23750.000000  4.289036e-13
23850.000000  4.222195e-13
23950.000000  4.156406e-13
24050.000000  4.090575e-13
24150.000000  4.024824e-13
24250.000000  3.966100e-13
24350.000000  3.901313e-13
24450.000000  3.837547e-13
24550.000000  3.785926e-13
24650.000000  3.719112e-13
24750.000000  3.663420e-13
24850.000000  3.624982e-13
24950.000000  3.519688e-13
