2505.000000  6.366020e-14
2513.000000  3.856176e-14
2518.000000  2.393514e-14
2525.000000  2.697301e-14
2535.000000  7.525308e-14
2545.000000  9.484424e-14
2555.000000  3.129812e-13
2565.000000  1.641311e-13
2575.000000  2.484613e-13
2585.000000  1.935734e-13
2595.000000  1.704001e-13
2605.000000  1.673777e-13
2615.000000  1.570756e-13
2625.000000  2.251282e-13
2635.000000  5.747076e-13
2645.000000  8.537110e-13
2655.000000  1.636739e-12
2665.000000  8.604891e-13
2675.000000  8.215205e-13
2685.000000  1.199548e-12
2695.000000  7.116291e-13
2705.000000  1.117277e-12
2715.000000  6.388811e-13
2725.000000  3.286026e-13
2735.000000  5.156436e-13
2745.000000  3.355340e-13
2755.000000  4.715032e-13
2765.000000  6.938629e-13
2775.000000  7.345616e-13
2785.000000  4.088656e-13
2795.000000  1.361816e-13
2805.000000  1.796977e-13
2815.000000  5.957948e-13
2825.000000  8.814212e-13
2835.000000  7.172863e-13
2845.000000  3.307354e-13
2855.000000  1.028721e-13
2865.000000  5.515299e-13
2875.000000  1.209477e-12
2885.000000  1.465940e-12
2895.000000  2.189497e-12
2910.000000  3.281090e-12
2930.000000  3.116724e-12
2950.000000  2.731099e-12
2970.000000  2.842997e-12
2990.000000  2.857579e-12
3010.000000  2.438714e-12
3030.000000  3.320382e-12
3050.000000  3.504887e-12
3070.000000  4.384358e-12
3090.000000  4.607901e-12
3110.000000  6.045156e-12
3130.000000  4.981370e-12
3150.000000  5.626079e-12
3170.000000  6.632369e-12
3190.000000  5.568918e-12
3210.000000  6.068873e-12
3230.000000  4.640428e-12
3250.000000  7.756966e-12
3270.000000  9.781778e-12
3290.000000  9.784931e-12
3310.000000  8.428531e-12
3330.000000  8.780265e-12
3350.000000  7.977926e-12
3370.000000  5.550097e-12
3390.000000  6.473844e-12
3410.000000  7.327585e-12
3430.000000  8.315886e-12
3450.000000  8.716132e-12
3470.000000  9.188397e-12
3490.000000  1.067110e-11
3510.000000  1.139156e-11
3530.000000  9.464860e-12
3550.000000  1.084146e-11
3570.000000  6.019674e-12
3590.000000  7.376457e-12
3610.000000  1.086321e-11
3630.000000  1.211952e-11
3640.000000  1.256064e-11
3650.000000  1.422027e-11
3670.000000  1.531235e-11
3690.000000  1.439129e-11
3710.000000  1.567575e-11
3730.000000  8.910688e-12
3750.000000  1.035461e-11
3770.000000  1.331825e-11
3790.000000  1.296622e-11
3810.000000  1.131055e-11
3830.000000  5.799379e-12
3850.000000  6.321871e-12
3870.000000  7.205054e-12
3890.000000  1.338972e-11
3910.000000  1.641918e-11
3930.000000  6.267314e-12
3950.000000  1.292866e-11
3970.000000  8.144148e-12
3990.000000  2.240624e-11
4010.000000  2.580143e-11
4030.000000  2.504597e-11
4050.000000  2.358877e-11
4070.000000  2.222252e-11
4090.000000  2.794483e-11
4110.000000  2.735701e-11
4130.000000  2.386938e-11
4150.000000  2.179714e-11
4170.000000  2.222651e-11
4190.000000  2.257035e-11
4210.000000  2.518024e-11
4230.000000  2.707704e-11
4250.000000  2.787641e-11
4270.000000  2.587655e-11
4290.000000  2.322749e-11
4310.000000  1.924926e-11
4330.000000  3.062486e-11
4350.000000  2.981167e-11
4370.000000  3.240617e-11
4390.000000  2.883226e-11
4410.000000  3.177629e-11
4430.000000  3.476920e-11
4450.000000  3.529924e-11
4470.000000  3.830181e-11
4490.000000  3.937067e-11
4510.000000  4.527981e-11
4530.000000  3.971790e-11
4550.000000  4.115389e-11
4570.000000  4.476388e-11
4590.000000  4.294949e-11
4610.000000  4.461852e-11
4630.000000  4.330773e-11
4650.000000  4.419625e-11
4670.000000  4.575087e-11
4690.000000  4.489608e-11
4710.000000  4.380621e-11
4730.000000  4.586402e-11
4750.000000  4.831335e-11
4770.000000  4.889751e-11
4790.000000  4.865296e-11
4810.000000  4.789877e-11
4830.000000  4.960134e-11
4850.000000  4.676654e-11
4870.000000  4.348705e-11
4890.000000  4.802986e-11
4910.000000  4.770001e-11
4930.000000  4.698616e-11
4950.000000  5.037832e-11
4970.000000  4.917538e-11
4990.000000  4.546877e-11
5010.000000  4.318842e-11
5030.000000  4.589313e-11
5050.000000  4.631220e-11
5070.000000  4.858340e-11
5090.000000  4.518820e-11
5110.000000  4.650558e-11
5130.000000  4.458043e-11
5150.000000  4.320388e-11
5170.000000  4.000560e-11
5190.000000  4.224098e-11
5210.000000  4.546401e-11
5230.000000  4.721869e-11
5250.000000  4.874463e-11
5270.000000  4.330710e-11
5290.000000  4.951582e-11
5310.000000  5.268602e-11
5330.000000  4.636437e-11
5350.000000  5.111549e-11
5370.000000  5.166656e-11
5390.000000  4.972866e-11
5410.000000  4.882311e-11
5430.000000  4.966954e-11
5450.000000  5.276018e-11
5470.000000  5.054940e-11
5490.000000  4.982595e-11
5510.000000  4.976961e-11
5530.000000  5.129254e-11
5550.000000  5.244171e-11
5570.000000  5.130580e-11
5590.000000  4.975215e-11
5610.000000  5.255213e-11
5630.000000  5.156485e-11
5650.000000  5.181623e-11
5670.000000  5.045243e-11
5690.000000  5.214443e-11
5710.000000  5.023085e-11
5730.000000  5.509249e-11
5750.000000  5.264431e-11
5770.000000  5.366431e-11
5790.000000  5.089572e-11
5810.000000  5.353295e-11
5830.000000  5.521546e-11
5850.000000  5.347394e-11
5870.000000  5.375840e-11
5890.000000  4.842511e-11
5910.000000  5.298798e-11
5930.000000  5.305558e-11
5950.000000  5.313807e-11
5970.000000  5.410802e-11
5990.000000  5.300238e-11
6010.000000  5.197174e-11
6030.000000  5.315364e-11
6050.000000  5.414968e-11
6070.000000  5.389231e-11
6090.000000  5.139505e-11
6110.000000  5.157584e-11
6130.000000  4.895676e-11
6150.000000  5.050300e-11
6170.000000  4.858296e-11
6190.000000  5.170415e-11
6210.000000  5.157702e-11
6230.000000  4.974945e-11
6250.000000  4.789463e-11
6270.000000  5.037622e-11
6290.000000  5.107396e-11
6310.000000  4.935925e-11
6330.000000  4.992365e-11
6350.000000  4.994135e-11
6370.000000  4.956330e-11
6390.000000  5.051676e-11
6410.000000  4.944891e-11
6430.000000  4.998576e-11
6450.000000  4.975384e-11
6470.000000  4.960956e-11
6490.000000  4.836004e-11
6510.000000  4.978471e-11
6530.000000  4.994433e-11
6550.000000  4.924057e-11
6570.000000  4.721406e-11
6590.000000  4.936627e-11
6610.000000  4.973433e-11
6630.000000  4.934961e-11
6650.000000  4.927510e-11
6670.000000  4.842026e-11
6690.000000  4.981692e-11
6710.000000  4.801671e-11
6730.000000  4.961322e-11
6750.000000  4.867387e-11
6770.000000  4.891630e-11
6790.000000  4.851040e-11
6810.000000  4.830113e-11
6830.000000  4.888255e-11
6850.000000  4.732241e-11
6870.000000  4.807677e-11
6890.000000  4.850075e-11
6910.000000  4.799609e-11
6930.000000  4.739231e-11
6950.000000  4.671237e-11
6970.000000  4.692996e-11
6990.000000  4.649272e-11
7010.000000  4.499480e-11
7030.000000  4.607830e-11
7050.000000  4.669997e-11
7070.000000  4.586746e-11
7090.000000  4.564675e-11
7110.000000  4.543643e-11
7130.000000  4.445446e-11
7150.000000  4.432899e-11
7170.000000  4.466965e-11
7190.000000  4.305783e-11
7210.000000  4.430343e-11
7230.000000  4.479109e-11
7250.000000  4.482034e-11
7270.000000  4.447979e-11
7290.000000  4.292806e-11
7310.000000  4.381072e-11
7330.000000  4.375695e-11
7350.000000  4.363636e-11
7370.000000  4.430948e-11
7390.000000  4.314773e-11
7410.000000  4.278839e-11
7430.000000  4.328860e-11
7450.000000  4.335473e-11
7470.000000  4.354582e-11
7490.000000  4.307403e-11
7510.000000  4.347669e-11
7530.000000  4.363162e-11
7550.000000  4.383954e-11
7570.000000  4.333807e-11
7590.000000  4.316695e-11
7610.000000  4.311841e-11
7630.000000  4.331955e-11
7650.000000  4.330177e-11
7670.000000  4.184871e-11
7690.000000  4.312633e-11
7710.000000  4.225228e-11
7730.000000  4.225892e-11
7750.000000  4.190064e-11
7770.000000  4.286132e-11
7790.000000  4.270188e-11
7810.000000  4.248537e-11
7830.000000  4.203638e-11
7850.000000  4.178069e-11
7870.000000  4.180189e-11
7890.000000  4.061080e-11
7910.000000  3.939844e-11
7930.000000  3.918604e-11
7950.000000  3.869555e-11
7970.000000  4.003829e-11
7990.000000  3.993571e-11
8010.000000  3.968160e-11
8030.000000  3.971425e-11
8050.000000  3.926924e-11
8070.000000  3.910274e-11
8090.000000  3.793482e-11
8110.000000  3.795799e-11
8130.000000  3.843917e-11
8150.000000  3.830276e-11
8170.000000  3.837673e-11
8190.000000  3.757259e-11
8210.000000  3.750014e-11
8230.000000  3.773013e-11
8250.000000  3.812268e-11
8270.000000  3.845621e-11
8290.000000  3.812795e-11
8310.000000  3.672009e-11
8330.000000  3.686832e-11
8350.000000  3.691737e-11
8370.000000  3.724413e-11
8390.000000  3.615862e-11
8410.000000  3.729078e-11
8430.000000  3.629889e-11
8450.000000  3.698312e-11
8470.000000  3.674838e-11
8490.000000  3.648458e-11
8510.000000  3.454336e-11
8530.000000  3.577750e-11
8550.000000  3.013900e-11
8570.000000  3.681610e-11
8590.000000  3.617663e-11
8610.000000  3.621332e-11
8630.000000  3.656501e-11
8650.000000  3.613830e-11
8670.000000  3.056728e-11
8690.000000  3.504862e-11
8710.000000  3.583518e-11
8730.000000  3.596782e-11
8750.000000  3.546515e-11
8770.000000  3.604617e-11
8790.000000  3.564728e-11
8810.000000  3.473517e-11
8830.000000  3.538877e-11
8850.000000  3.562626e-11
8870.000000  3.480304e-11
8890.000000  3.549347e-11
8910.000000  3.578389e-11
8930.000000  3.481870e-11
8950.000000  3.473077e-11
8970.000000  3.478904e-11
8990.000000  3.491128e-11
9010.000000  3.346976e-11
9030.000000  3.442604e-11
9050.000000  3.510138e-11
9070.000000  3.460154e-11
9090.000000  3.339125e-11
9110.000000  3.332733e-11
9130.000000  3.425603e-11
9150.000000  3.221465e-11
9170.000000  3.144165e-11
9190.000000  3.171078e-11
9210.000000  3.085423e-11
9230.000000  3.120254e-11
9250.000000  3.106797e-11
9270.000000  3.158140e-11
9290.000000  3.120337e-11
9310.000000  3.191275e-11
9330.000000  3.187208e-11
9350.000000  3.153314e-11
9370.000000  3.134458e-11
9390.000000  3.085058e-11
9410.000000  2.999828e-11
9430.000000  3.043062e-11
9450.000000  2.981259e-11
9470.000000  3.063074e-11
9490.000000  3.051472e-11
9510.000000  3.088957e-11
9530.000000  3.055299e-11
9550.000000  3.033219e-11
9570.000000  3.039279e-11
9590.000000  3.074194e-11
9610.000000  3.041161e-11
9630.000000  3.014482e-11
9650.000000  2.973120e-11
9670.000000  2.959224e-11
9690.000000  3.010183e-11
9710.000000  2.988859e-11
9730.000000  2.987584e-11
9750.000000  2.958668e-11
9770.000000  2.969210e-11
9790.000000  2.918980e-11
9810.000000  2.990201e-11
9830.000000  2.974848e-11
9850.000000  2.986998e-11
9870.000000  2.970333e-11
9890.000000  2.980027e-11
9910.000000  2.945746e-11
9930.000000  2.977636e-11
9950.000000  2.957579e-11
9970.000000  2.965760e-11
9990.000000  2.958767e-11
10025.000000  2.931574e-11
10075.000000  2.901391e-11
10125.000000  2.897484e-11
10175.000000  2.849087e-11
10225.000000  2.850214e-11
10275.000000  2.850072e-11
10325.000000  2.795539e-11
10375.000000  2.777920e-11
10425.000000  2.780110e-11
10475.000000  2.745325e-11
10525.000000  2.740463e-11
10575.000000  2.711841e-11
10625.000000  2.690497e-11
10675.000000  2.636891e-11
10725.000000  2.635668e-11
10775.000000  2.605523e-11
10825.000000  2.560923e-11
10875.000000  2.528470e-11
10925.000000  2.484329e-11
10975.000000  2.325253e-11
11025.000000  2.315801e-11
11075.000000  2.345183e-11
11125.000000  2.334709e-11
11175.000000  2.355000e-11
11225.000000  2.345526e-11
11275.000000  2.305231e-11
11325.000000  2.326145e-11
11375.000000  2.275488e-11
11425.000000  2.279443e-11
11475.000000  2.303160e-11
11525.000000  2.294345e-11
11575.000000  2.263726e-11
11625.000000  2.233182e-11
11675.000000  2.233839e-11
11725.000000  2.258795e-11
11775.000000  2.212331e-11
11825.000000  2.195399e-11
11875.000000  2.169506e-11
11925.000000  2.205462e-11
11975.000000  2.117945e-11
12025.000000  2.149574e-11
12075.000000  2.122597e-11
12125.000000  2.122878e-11
12175.000000  2.129020e-11
12225.000000  2.115889e-11
12275.000000  2.098274e-11
12325.000000  2.082588e-11
12375.000000  2.069476e-11
12425.000000  2.049087e-11
12475.000000  2.051206e-11
12525.000000  2.027637e-11
12575.000000  2.019098e-11
12625.000000  2.009425e-11
12675.000000  1.984010e-11
12725.000000  1.985251e-11
12775.000000  1.982852e-11
12825.000000  1.905522e-11
12875.000000  1.938821e-11
12925.000000  1.914047e-11
12975.000000  1.927312e-11
13025.000000  1.901569e-11
13075.000000  1.907132e-11
13125.000000  1.872952e-11
13175.000000  1.861301e-11
13225.000000  1.865802e-11
13275.000000  1.829733e-11
13325.000000  1.839938e-11
13375.000000  1.823980e-11
13425.000000  1.829520e-11
13475.000000  1.815167e-11
13525.000000  1.808448e-11
13575.000000  1.772306e-11
13625.000000  1.765913e-11
13675.000000  1.762237e-11
13725.000000  1.760695e-11
13775.000000  1.748541e-11
13825.000000  1.743731e-11
13875.000000  1.728431e-11
13925.000000  1.724699e-11
13975.000000  1.710582e-11
14025.000000  1.685222e-11
14075.000000  1.661291e-11
14125.000000  1.609389e-11
14175.000000  1.612311e-11
14225.000000  1.587770e-11
14275.000000  1.563360e-11
14325.000000  1.590304e-11
14375.000000  1.599195e-11
14425.000000  1.543859e-11
14475.000000  1.588136e-11
14525.000000  1.544704e-11
14570.000000  1.544145e-11
14620.000000  1.528570e-11
14675.000000  1.516990e-11
14725.000000  1.493020e-11
14775.000000  1.500554e-11
14825.000000  1.495177e-11
14875.000000  1.483425e-11
14925.000000  1.510682e-11
14975.000000  1.491567e-11
15025.000000  1.462558e-11
15075.000000  1.449903e-11
15125.000000  1.459578e-11
15175.000000  1.467208e-11
15225.000000  1.449022e-11
15275.000000  1.454395e-11
15325.000000  1.446132e-11
15375.000000  1.447978e-11
15425.000000  1.439254e-11
15475.000000  1.435282e-11
15525.000000  1.410328e-11
15575.000000  1.392973e-11
15625.000000  1.422989e-11
15675.000000  1.381414e-11
15725.000000  1.388240e-11
15775.000000  1.341287e-11
15825.000000  1.360762e-11
15875.000000  1.300475e-11
15925.000000  1.338562e-11
15975.000000  1.352286e-11
16050.000000  1.335357e-11
16150.000000  1.306511e-11
16250.000000  1.312426e-11
16350.000000  1.293618e-11
16450.000000  1.247288e-11
16550.000000  1.258428e-11
16650.000000  1.230211e-11
16750.000000  1.204191e-11
16850.000000  1.159621e-11
16950.000000  1.178632e-11
17050.000000  1.134442e-11
17150.000000  1.124197e-11
17250.000000  1.090809e-11
17350.000000  1.048131e-11
17450.000000  1.052777e-11
17550.000000  1.035418e-11
17650.000000  1.018349e-11
17750.000000  9.930089e-12
17850.000000  9.817375e-12
17950.000000  9.643176e-12
18050.000000  9.393429e-12
18150.000000  9.120773e-12
18250.000000  9.022444e-12
18350.000000  8.878049e-12
18450.000000  8.641921e-12
18550.000000  8.552701e-12
18650.000000  8.296489e-12
18750.000000  8.007301e-12
18850.000000  8.057446e-12
18950.000000  7.709467e-12
19050.000000  7.819308e-12
19150.000000  7.636654e-12
19250.000000  7.530070e-12
19350.000000  7.299754e-12
19450.000000  7.061508e-12
19550.000000  7.113265e-12
19650.000000  6.944795e-12
19750.000000  6.773723e-12
19850.000000  6.693865e-12
19950.000000  6.571433e-12
20050.000000  6.522063e-12
20150.000000  6.444835e-12
20250.000000  6.243430e-12
20350.000000  6.112929e-12
20450.000000  6.102264e-12
20550.000000  5.953556e-12
20650.000000  5.829391e-12
20750.000000  5.743623e-12
20850.000000  5.644760e-12
20950.000000  5.513917e-12
21050.000000  5.485797e-12
21150.000000  5.379983e-12
21250.000000  5.282725e-12
21350.000000  5.219860e-12
21450.000000  5.129508e-12
21550.000000  5.049831e-12
21650.000000  4.867552e-12
21750.000000  4.835177e-12
21850.000000  4.778922e-12
21950.000000  4.729309e-12
22050.000000  4.600281e-12
22150.000000  4.586479e-12
22250.000000  4.476423e-12
22350.000000  4.407282e-12
22450.000000  4.342577e-12
22550.000000  4.270485e-12
22650.000000  4.187080e-12
22750.000000  4.160880e-12
22850.000000  4.056984e-12
22950.000000  3.654640e-12
23050.000000  3.797028e-12
23150.000000  3.761066e-12
23250.000000  3.389114e-12
23350.000000  3.535059e-12
23450.000000  3.550015e-12
23550.000000  3.170881e-12
23650.000000  3.348572e-12
23750.000000  3.326109e-12
23850.000000  3.008544e-12
23950.000000  3.149847e-12
24050.000000  3.165122e-12
24150.000000  2.907080e-12
24250.000000  2.990076e-12
24350.000000  3.006885e-12
24450.000000  2.838351e-12
24550.000000  2.806915e-12
24650.000000  2.893533e-12
24750.000000  2.781818e-12
24850.000000  2.668120e-12
24950.000000  2.734957e-12
