2505.000000  3.716962e-14
2513.000000  2.092205e-14
2518.000000  1.377646e-14
2525.000000  1.657351e-14
2535.000000  6.714455e-14
2545.000000  8.320464e-14
2555.000000  1.878514e-13
2565.000000  9.555011e-14
2575.000000  1.645688e-13
2585.000000  1.224803e-13
2595.000000  1.298386e-13
2605.000000  1.603016e-13
2615.000000  1.421442e-13
2625.000000  2.273241e-13
2635.000000  5.169951e-13
2645.000000  5.922806e-13
2655.000000  1.257916e-12
2665.000000  6.750047e-13
2675.000000  5.959844e-13
2685.000000  9.250729e-13
2695.000000  4.700157e-13
2705.000000  8.885346e-13
2715.000000  5.385723e-13
2725.000000  3.046546e-13
2735.000000  4.413057e-13
2745.000000  4.113913e-13
2755.000000  5.041539e-13
2765.000000  7.578805e-13
2775.000000  8.994609e-13
2785.000000  4.909713e-13
2795.000000  2.162625e-13
2805.000000  2.728001e-13
2815.000000  7.293531e-13
2825.000000  8.925403e-13
2835.000000  6.539958e-13
2845.000000  2.907498e-13
2855.000000  7.760626e-14
2865.000000  5.004337e-13
2875.000000  9.684371e-13
2885.000000  1.497549e-12
2895.000000  2.336462e-12
2910.000000  3.580146e-12
2930.000000  3.589389e-12
2950.000000  3.081863e-12
2970.000000  3.176020e-12
2990.000000  3.085797e-12
3010.000000  2.556763e-12
3030.000000  3.930660e-12
3050.000000  4.198778e-12
3070.000000  6.221761e-12
3090.000000  6.953005e-12
3110.000000  1.027797e-11
3130.000000  8.409666e-12
3150.000000  1.078994e-11
3170.000000  1.324443e-11
3190.000000  1.057810e-11
3210.000000  1.172519e-11
3230.000000  8.767456e-12
3250.000000  1.509857e-11
3270.000000  1.990980e-11
3290.000000  2.089958e-11
3310.000000  1.737350e-11
3330.000000  1.811142e-11
3350.000000  1.630797e-11
3370.000000  1.100559e-11
3390.000000  1.269539e-11
3410.000000  1.487679e-11
3430.000000  1.721034e-11
3450.000000  1.702159e-11
3470.000000  1.826795e-11
3490.000000  2.224684e-11
3510.000000  2.415987e-11
3530.000000  1.932554e-11
3550.000000  2.284545e-11
3570.000000  1.134968e-11
3590.000000  1.425147e-11
3610.000000  2.251072e-11
3630.000000  2.774933e-11
3640.000000  2.908198e-11
3650.000000  3.303682e-11
3670.000000  3.728729e-11
3690.000000  3.350663e-11
3710.000000  3.434094e-11
3730.000000  1.625576e-11
3750.000000  1.943171e-11
3770.000000  2.866037e-11
3790.000000  2.837946e-11
3810.000000  2.376529e-11
3830.000000  1.115289e-11
3850.000000  1.326186e-11
3870.000000  1.535095e-11
3890.000000  2.937555e-11
3910.000000  3.680148e-11
3930.000000  1.259087e-11
3950.000000  2.749702e-11
3970.000000  1.684314e-11
3990.000000  5.392603e-11
4010.000000  6.508823e-11
4030.000000  6.163941e-11
4050.000000  5.742250e-11
4070.000000  5.272387e-11
4090.000000  6.959360e-11
4110.000000  6.587567e-11
4130.000000  5.613040e-11
4150.000000  4.975959e-11
4170.000000  5.143532e-11
4190.000000  5.479865e-11
4210.000000  6.184254e-11
4230.000000  6.520416e-11
4250.000000  7.322363e-11
4270.000000  6.805135e-11
4290.000000  6.185901e-11
4310.000000  5.382103e-11
4330.000000  8.414193e-11
4350.000000  8.431221e-11
4370.000000  9.150043e-11
4390.000000  8.018947e-11
4410.000000  8.740621e-11
4430.000000  9.457238e-11
4450.000000  9.700838e-11
4470.000000  1.060249e-10
4490.000000  1.099656e-10
4510.000000  1.292418e-10
4530.000000  1.105802e-10
4550.000000  1.155176e-10
4570.000000  1.269507e-10
4590.000000  1.238433e-10
4610.000000  1.284525e-10
4630.000000  1.237252e-10
4650.000000  1.266254e-10
4670.000000  1.326124e-10
4690.000000  1.301280e-10
4710.000000  1.265025e-10
4730.000000  1.329388e-10
4750.000000  1.408951e-10
4770.000000  1.426879e-10
4790.000000  1.421195e-10
4810.000000  1.416061e-10
4830.000000  1.481979e-10
4850.000000  1.393739e-10
4870.000000  1.298853e-10
4890.000000  1.434690e-10
4910.000000  1.427984e-10
4930.000000  1.397353e-10
4950.000000  1.507690e-10
4970.000000  1.457771e-10
4990.000000  1.335830e-10
5010.000000  1.255278e-10
5030.000000  1.339893e-10
5050.000000  1.345207e-10
5070.000000  1.410441e-10
5090.000000  1.289288e-10
5110.000000  1.337002e-10
5130.000000  1.268233e-10
5150.000000  1.230666e-10
5170.000000  1.106945e-10
5190.000000  1.195141e-10
5210.000000  1.306661e-10
5230.000000  1.424850e-10
5250.000000  1.484249e-10
5270.000000  1.299217e-10
5290.000000  1.521493e-10
5310.000000  1.649019e-10
5330.000000  1.412718e-10
5350.000000  1.581522e-10
5370.000000  1.604776e-10
5390.000000  1.525457e-10
5410.000000  1.512673e-10
5430.000000  1.537158e-10
5450.000000  1.647832e-10
5470.000000  1.570686e-10
5490.000000  1.543234e-10
5510.000000  1.537258e-10
5530.000000  1.605675e-10
5550.000000  1.652838e-10
5570.000000  1.616074e-10
5590.000000  1.558660e-10
5610.000000  1.665965e-10
5630.000000  1.621393e-10
5650.000000  1.639263e-10
5670.000000  1.595472e-10
5690.000000  1.663627e-10
5710.000000  1.586379e-10
5730.000000  1.767005e-10
5750.000000  1.676056e-10
5770.000000  1.717516e-10
5790.000000  1.607072e-10
5810.000000  1.720617e-10
5830.000000  1.793365e-10
5850.000000  1.723555e-10
5870.000000  1.733132e-10
5890.000000  1.466828e-10
5910.000000  1.702663e-10
5930.000000  1.713905e-10
5950.000000  1.713936e-10
5970.000000  1.759010e-10
5990.000000  1.714345e-10
6010.000000  1.678187e-10
6030.000000  1.733936e-10
6050.000000  1.769532e-10
6070.000000  1.761008e-10
6090.000000  1.664427e-10
6110.000000  1.677447e-10
6130.000000  1.567646e-10
6150.000000  1.635983e-10
6170.000000  1.563042e-10
6190.000000  1.685123e-10
6210.000000  1.670951e-10
6230.000000  1.606130e-10
6250.000000  1.536961e-10
6270.000000  1.626555e-10
6290.000000  1.666933e-10
6310.000000  1.600545e-10
6330.000000  1.627731e-10
6350.000000  1.616035e-10
6370.000000  1.603151e-10
6390.000000  1.657042e-10
6410.000000  1.625178e-10
6430.000000  1.641888e-10
6450.000000  1.635900e-10
6470.000000  1.635506e-10
6490.000000  1.586759e-10
6510.000000  1.638707e-10
6530.000000  1.645795e-10
6550.000000  1.624453e-10
6570.000000  1.585437e-10
6590.000000  1.639795e-10
6610.000000  1.651263e-10
6630.000000  1.635863e-10
6650.000000  1.635148e-10
6670.000000  1.599604e-10
6690.000000  1.655982e-10
6710.000000  1.585557e-10
6730.000000  1.659289e-10
6750.000000  1.619538e-10
6770.000000  1.634739e-10
6790.000000  1.615571e-10
6810.000000  1.613108e-10
6830.000000  1.637976e-10
6850.000000  1.580906e-10
6870.000000  1.609138e-10
6890.000000  1.628942e-10
6910.000000  1.610607e-10
6930.000000  1.580647e-10
6950.000000  1.549947e-10
6970.000000  1.562797e-10
6990.000000  1.542572e-10
7010.000000  1.494442e-10
7030.000000  1.537792e-10
7050.000000  1.566260e-10
7070.000000  1.528282e-10
7090.000000  1.515826e-10
7110.000000  1.503870e-10
7130.000000  1.466004e-10
7150.000000  1.464202e-10
7170.000000  1.486915e-10
7190.000000  1.432308e-10
7210.000000  1.478307e-10
7230.000000  1.506949e-10
7250.000000  1.501400e-10
7270.000000  1.488196e-10
7290.000000  1.433671e-10
7310.000000  1.467700e-10
7330.000000  1.464159e-10
7350.000000  1.458080e-10
7370.000000  1.493886e-10
7390.000000  1.455455e-10
7410.000000  1.449350e-10
7430.000000  1.466561e-10
7450.000000  1.466106e-10
7470.000000  1.470432e-10
7490.000000  1.453627e-10
7510.000000  1.477506e-10
7530.000000  1.488406e-10
7550.000000  1.496681e-10
7570.000000  1.479202e-10
7590.000000  1.470123e-10
7610.000000  1.470940e-10
7630.000000  1.482697e-10
7650.000000  1.484879e-10
7670.000000  1.425744e-10
7690.000000  1.480453e-10
7710.000000  1.447052e-10
7730.000000  1.447152e-10
7750.000000  1.438020e-10
7770.000000  1.476707e-10
7790.000000  1.472966e-10
7810.000000  1.464762e-10
7830.000000  1.449042e-10
7850.000000  1.434313e-10
7870.000000  1.435509e-10
7890.000000  1.376451e-10
7910.000000  1.331662e-10
7930.000000  1.330732e-10
7950.000000  1.306792e-10
7970.000000  1.365492e-10
7990.000000  1.361507e-10
8010.000000  1.356731e-10
8030.000000  1.361585e-10
8050.000000  1.343670e-10
8070.000000  1.330169e-10
8090.000000  1.286501e-10
8110.000000  1.278975e-10
8130.000000  1.303804e-10
8150.000000  1.301667e-10
8170.000000  1.308313e-10
8190.000000  1.281612e-10
8210.000000  1.279098e-10
8230.000000  1.296647e-10
8250.000000  1.309425e-10
8270.000000  1.323789e-10
8290.000000  1.309469e-10
8310.000000  1.246701e-10
8330.000000  1.259287e-10
8350.000000  1.258897e-10
8370.000000  1.276867e-10
8390.000000  1.231306e-10
8410.000000  1.283046e-10
8430.000000  1.243448e-10
8450.000000  1.273880e-10
8470.000000  1.267902e-10
8490.000000  1.260769e-10
8510.000000  1.191525e-10
8530.000000  1.233131e-10
8550.000000  1.031924e-10
8570.000000  1.275063e-10
8590.000000  1.254344e-10
8610.000000  1.259963e-10
8630.000000  1.271032e-10
8650.000000  1.257191e-10
8670.000000  1.051922e-10
8690.000000  1.211348e-10
8710.000000  1.248757e-10
8730.000000  1.254485e-10
8750.000000  1.242468e-10
8770.000000  1.260252e-10
8790.000000  1.246756e-10
8810.000000  1.208709e-10
8830.000000  1.235534e-10
8850.000000  1.251178e-10
8870.000000  1.225102e-10
8890.000000  1.245985e-10
8910.000000  1.260607e-10
8930.000000  1.220536e-10
8950.000000  1.219506e-10
8970.000000  1.221757e-10
8990.000000  1.226045e-10
9010.000000  1.176766e-10
9030.000000  1.210094e-10
9050.000000  1.239998e-10
9070.000000  1.225866e-10
9090.000000  1.176551e-10
9110.000000  1.167623e-10
9130.000000  1.208724e-10
9150.000000  1.115289e-10
9170.000000  1.082991e-10
9190.000000  1.099095e-10
9210.000000  1.066538e-10
9230.000000  1.090499e-10
9250.000000  1.081302e-10
9270.000000  1.101419e-10
9290.000000  1.084644e-10
9310.000000  1.119170e-10
9330.000000  1.118919e-10
9350.000000  1.104687e-10
9370.000000  1.097310e-10
9390.000000  1.072524e-10
9410.000000  1.042651e-10
9430.000000  1.058631e-10
9450.000000  1.032192e-10
9470.000000  1.069277e-10
9490.000000  1.062508e-10
9510.000000  1.083391e-10
9530.000000  1.072360e-10
9550.000000  1.064193e-10
9570.000000  1.065833e-10
9590.000000  1.083376e-10
9610.000000  1.067795e-10
9630.000000  1.060900e-10
9650.000000  1.038804e-10
9670.000000  1.032516e-10
9690.000000  1.057004e-10
9710.000000  1.047186e-10
9730.000000  1.048438e-10
9750.000000  1.040078e-10
9770.000000  1.044874e-10
9790.000000  1.021539e-10
9810.000000  1.056994e-10
9830.000000  1.049201e-10
9850.000000  1.058878e-10
9870.000000  1.055472e-10
9890.000000  1.061408e-10
9910.000000  1.045522e-10
9930.000000  1.059354e-10
9950.000000  1.049711e-10
9970.000000  1.056212e-10
9990.000000  1.054734e-10
10025.000000  1.044720e-10
10075.000000  1.034655e-10
10125.000000  1.037564e-10
10175.000000  1.020243e-10
10225.000000  1.022574e-10
10275.000000  1.025063e-10
10325.000000  1.004701e-10
10375.000000  9.985291e-11
10425.000000  1.001631e-10
10475.000000  9.909164e-11
10525.000000  9.902136e-11
10575.000000  9.794602e-11
10625.000000  9.740939e-11
10675.000000  9.534132e-11
10725.000000  9.528509e-11
10775.000000  9.439123e-11
10825.000000  9.255509e-11
10875.000000  9.119846e-11
10925.000000  8.943808e-11
10975.000000  8.268255e-11
11025.000000  8.238713e-11
11075.000000  8.384801e-11
11125.000000  8.371096e-11
11175.000000  8.488842e-11
11225.000000  8.447874e-11
11275.000000  8.302877e-11
11325.000000  8.395769e-11
11375.000000  8.187231e-11
11425.000000  8.240522e-11
11475.000000  8.357862e-11
11525.000000  8.332832e-11
11575.000000  8.225598e-11
11625.000000  8.114557e-11
11675.000000  8.128025e-11
11725.000000  8.248311e-11
11775.000000  8.081270e-11
11825.000000  8.019741e-11
11875.000000  7.919476e-11
11925.000000  8.081573e-11
11975.000000  7.719637e-11
12025.000000  7.876872e-11
12075.000000  7.775481e-11
12125.000000  7.795633e-11
12175.000000  7.827870e-11
12225.000000  7.785722e-11
12275.000000  7.733698e-11
12325.000000  7.655707e-11
12375.000000  7.625357e-11
12425.000000  7.545163e-11
12475.000000  7.570251e-11
12525.000000  7.479218e-11
12575.000000  7.467107e-11
12625.000000  7.442459e-11
12675.000000  7.332494e-11
12725.000000  7.345842e-11
12775.000000  7.358955e-11
12825.000000  7.062659e-11
12875.000000  7.188657e-11
12925.000000  7.083713e-11
12975.000000  7.172150e-11
13025.000000  7.053070e-11
13075.000000  7.105687e-11
13125.000000  6.959861e-11
13175.000000  6.936579e-11
13225.000000  6.952491e-11
13275.000000  6.813568e-11
13325.000000  6.875144e-11
13375.000000  6.811545e-11
13425.000000  6.844966e-11
13475.000000  6.794534e-11
13525.000000  6.778339e-11
13575.000000  6.634588e-11
13625.000000  6.610753e-11
13675.000000  6.615347e-11
13725.000000  6.624252e-11
13775.000000  6.575753e-11
13825.000000  6.571357e-11
13875.000000  6.506991e-11
13925.000000  6.491769e-11
13975.000000  6.435288e-11
14025.000000  6.336119e-11
14075.000000  6.204811e-11
14125.000000  5.966200e-11
14175.000000  5.981403e-11
14225.000000  5.915936e-11
14275.000000  5.812275e-11
14325.000000  5.939561e-11
14375.000000  5.985760e-11
14425.000000  5.768000e-11
14475.000000  5.972314e-11
14525.000000  5.777891e-11
14570.000000  5.772922e-11
14620.000000  5.689554e-11
14675.000000  5.642872e-11
14725.000000  5.560325e-11
14775.000000  5.607641e-11
14825.000000  5.597902e-11
14875.000000  5.570404e-11
14925.000000  5.690042e-11
14975.000000  5.626384e-11
15025.000000  5.493766e-11
15075.000000  5.455376e-11
15125.000000  5.477628e-11
15175.000000  5.528273e-11
15225.000000  5.472212e-11
15275.000000  5.493685e-11
15325.000000  5.480745e-11
15375.000000  5.504203e-11
15425.000000  5.464677e-11
15475.000000  5.457900e-11
15525.000000  5.347976e-11
15575.000000  5.280506e-11
15625.000000  5.414772e-11
15675.000000  5.252382e-11
15725.000000  5.312524e-11
15775.000000  5.067480e-11
15825.000000  5.168409e-11
15875.000000  4.960960e-11
15925.000000  5.085319e-11
15975.000000  5.149111e-11
16050.000000  5.091557e-11
16150.000000  5.015627e-11
16250.000000  5.019964e-11
16350.000000  4.986939e-11
16450.000000  4.797368e-11
16550.000000  4.853339e-11
16650.000000  4.723648e-11
16750.000000  4.656208e-11
16850.000000  4.488200e-11
16950.000000  4.564333e-11
17050.000000  4.383285e-11
17150.000000  4.359615e-11
17250.000000  4.224713e-11
17350.000000  4.081891e-11
17450.000000  4.092064e-11
17550.000000  4.012808e-11
17650.000000  3.959948e-11
17750.000000  3.849471e-11
17850.000000  3.818371e-11
17950.000000  3.749827e-11
18050.000000  3.645900e-11
18150.000000  3.574200e-11
18250.000000  3.512494e-11
18350.000000  3.447899e-11
18450.000000  3.357848e-11
18550.000000  3.330415e-11
18650.000000  3.222623e-11
18750.000000  3.138318e-11
18850.000000  3.137929e-11
18950.000000  2.989711e-11
19050.000000  3.051838e-11
19150.000000  2.976080e-11
19250.000000  2.940684e-11
19350.000000  2.842549e-11
19450.000000  2.768141e-11
19550.000000  2.780083e-11
19650.000000  2.705273e-11
19750.000000  2.628739e-11
19850.000000  2.602619e-11
19950.000000  2.556629e-11
20050.000000  2.544882e-11
20150.000000  2.515895e-11
20250.000000  2.429530e-11
20350.000000  2.384920e-11
20450.000000  2.382086e-11
20550.000000  2.317246e-11
20650.000000  2.270894e-11
20750.000000  2.237622e-11
20850.000000  2.198962e-11
20950.000000  2.147164e-11
21050.000000  2.141919e-11
21150.000000  2.100667e-11
21250.000000  2.059915e-11
21350.000000  2.041300e-11
21450.000000  2.002302e-11
21550.000000  1.971916e-11
21650.000000  1.913222e-11
21750.000000  1.886242e-11
21850.000000  1.867883e-11
21950.000000  1.848464e-11
22050.000000  1.793873e-11
22150.000000  1.797193e-11
22250.000000  1.746703e-11
22350.000000  1.721671e-11
22450.000000  1.696326e-11
22550.000000  1.672211e-11
22650.000000  1.635083e-11
22750.000000  1.630717e-11
22850.000000  1.586892e-11
22950.000000  1.399274e-11
23050.000000  1.471976e-11
23150.000000  1.458339e-11
23250.000000  1.291769e-11
23350.000000  1.360436e-11
23450.000000  1.363738e-11
23550.000000  1.198325e-11
23650.000000  1.284086e-11
23750.000000  1.269079e-11
23850.000000  1.135346e-11
23950.000000  1.203161e-11
24050.000000  1.209406e-11
24150.000000  1.099462e-11
24250.000000  1.141717e-11
24350.000000  1.150170e-11
24450.000000  1.078274e-11
24550.000000  1.068226e-11
24650.000000  1.108468e-11
24750.000000  1.062831e-11
24850.000000  1.012327e-11
24950.000000  1.045490e-11
