2505.000000  2.763605e-14
2513.000000  1.620513e-14
2518.000000  1.011867e-14
2525.000000  1.168965e-14
2535.000000  3.982063e-14
2545.000000  4.880360e-14
2555.000000  1.463358e-13
2565.000000  7.582362e-14
2575.000000  1.179841e-13
2585.000000  9.385850e-14
2595.000000  8.607959e-14
2605.000000  9.237546e-14
2615.000000  8.655169e-14
2625.000000  1.267847e-13
2635.000000  3.074068e-13
2645.000000  4.301481e-13
2655.000000  8.664542e-13
2665.000000  4.638247e-13
2675.000000  4.165315e-13
2685.000000  6.384815e-13
2695.000000  3.583484e-13
2705.000000  5.936799e-13
2715.000000  3.390749e-13
2725.000000  1.760399e-13
2735.000000  2.760680e-13
2745.000000  2.016432e-13
2755.000000  2.728432e-13
2765.000000  4.009537e-13
2775.000000  4.328991e-13
2785.000000  2.425292e-13
2795.000000  8.337242e-14
2805.000000  1.098229e-13
2815.000000  3.524396e-13
2825.000000  4.863683e-13
2835.000000  3.718477e-13
2845.000000  1.645901e-13
2855.000000  4.637177e-14
2865.000000  2.733753e-13
2875.000000  6.091803e-13
2885.000000  8.314829e-13
2895.000000  1.292240e-12
2910.000000  1.965096e-12
2930.000000  1.896900e-12
2950.000000  1.634567e-12
2970.000000  1.700681e-12
2990.000000  1.677630e-12
3010.000000  1.391924e-12
3030.000000  2.003003e-12
3050.000000  2.117925e-12
3070.000000  2.800793e-12
3090.000000  3.043856e-12
3110.000000  4.115904e-12
3130.000000  3.373826e-12
3150.000000  3.936766e-12
3170.000000  4.674813e-12
3190.000000  3.895679e-12
3210.000000  4.259753e-12
3230.000000  3.192035e-12
3250.000000  5.422790e-12
3270.000000  6.949356e-12
3290.000000  7.019858e-12
3310.000000  6.011080e-12
3330.000000  6.237412e-12
3350.000000  5.635312e-12
3370.000000  3.926175e-12
3390.000000  4.545168e-12
3410.000000  5.232866e-12
3430.000000  6.003199e-12
3450.000000  6.202389e-12
3470.000000  6.586748e-12
3490.000000  7.691845e-12
3510.000000  8.192792e-12
3530.000000  6.670887e-12
3550.000000  7.667939e-12
3570.000000  4.072353e-12
3590.000000  5.161049e-12
3610.000000  7.824510e-12
3630.000000  8.989872e-12
3640.000000  9.351510e-12
3650.000000  1.053473e-11
3670.000000  1.148960e-11
3690.000000  1.075226e-11
3710.000000  1.162875e-11
3730.000000  6.259879e-12
3750.000000  7.292786e-12
3770.000000  9.595522e-12
3790.000000  9.361312e-12
3810.000000  8.034663e-12
3830.000000  3.943053e-12
3850.000000  4.338127e-12
3870.000000  5.098814e-12
3890.000000  9.880329e-12
3910.000000  1.197561e-11
3930.000000  4.321813e-12
3950.000000  9.129315e-12
3970.000000  5.668266e-12
3990.000000  1.669853e-11
4010.000000  1.967146e-11
4030.000000  1.915741e-11
4050.000000  1.788982e-11
4070.000000  1.670860e-11
4090.000000  2.130585e-11
4110.000000  2.090712e-11
4130.000000  1.786036e-11
4150.000000  1.606611e-11
4170.000000  1.645058e-11
4190.000000  1.701660e-11
4210.000000  1.928613e-11
4230.000000  2.101290e-11
4250.000000  2.189588e-11
4270.000000  2.033809e-11
4290.000000  1.828807e-11
4310.000000  1.518651e-11
4330.000000  2.422221e-11
4350.000000  2.372463e-11
4370.000000  2.579818e-11
4390.000000  2.290009e-11
4410.000000  2.519417e-11
4430.000000  2.754077e-11
4450.000000  2.805056e-11
4470.000000  3.054173e-11
4490.000000  3.145607e-11
4510.000000  3.640371e-11
4530.000000  3.175532e-11
4550.000000  3.287519e-11
4570.000000  3.591348e-11
4590.000000  3.462860e-11
4610.000000  3.600057e-11
4630.000000  3.480367e-11
4650.000000  3.559775e-11
4670.000000  3.686125e-11
4690.000000  3.614497e-11
4710.000000  3.531455e-11
4730.000000  3.709587e-11
4750.000000  3.939878e-11
4770.000000  4.001062e-11
4790.000000  3.975167e-11
4810.000000  3.910552e-11
4830.000000  4.067321e-11
4850.000000  3.822865e-11
4870.000000  3.559014e-11
4890.000000  3.941825e-11
4910.000000  3.913110e-11
4930.000000  3.854174e-11
4950.000000  4.151263e-11
4970.000000  4.032791e-11
4990.000000  3.720401e-11
5010.000000  3.530311e-11
5030.000000  3.755736e-11
5050.000000  3.800108e-11
5070.000000  3.989773e-11
5090.000000  3.687706e-11
5110.000000  3.806603e-11
5130.000000  3.633668e-11
5150.000000  3.530339e-11
5170.000000  3.273013e-11
5190.000000  3.476308e-11
5210.000000  3.741171e-11
5230.000000  3.888719e-11
5250.000000  4.016690e-11
5270.000000  3.560606e-11
5290.000000  4.092518e-11
5310.000000  4.371866e-11
5330.000000  3.823788e-11
5350.000000  4.238301e-11
5370.000000  4.295080e-11
5390.000000  4.114765e-11
5410.000000  4.048805e-11
5430.000000  4.119528e-11
5450.000000  4.399730e-11
5470.000000  4.192055e-11
5490.000000  4.123280e-11
5510.000000  4.121126e-11
5530.000000  4.259129e-11
5550.000000  4.365158e-11
5570.000000  4.275552e-11
5590.000000  4.138698e-11
5610.000000  4.390051e-11
5630.000000  4.287043e-11
5650.000000  4.319179e-11
5670.000000  4.203057e-11
5690.000000  4.360009e-11
5710.000000  4.188538e-11
5730.000000  4.622689e-11
5750.000000  4.397332e-11
5770.000000  4.492250e-11
5790.000000  4.243096e-11
5810.000000  4.487875e-11
5830.000000  4.645091e-11
5850.000000  4.489991e-11
5870.000000  4.513943e-11
5890.000000  4.034587e-11
5910.000000  4.445702e-11
5930.000000  4.455316e-11
5950.000000  4.461872e-11
5970.000000  4.555688e-11
5990.000000  4.452967e-11
6010.000000  4.362490e-11
6030.000000  4.476419e-11
6050.000000  4.562635e-11
6070.000000  4.545149e-11
6090.000000  4.314325e-11
6110.000000  4.334874e-11
6130.000000  4.098697e-11
6150.000000  4.240087e-11
6170.000000  4.077923e-11
6190.000000  4.352913e-11
6210.000000  4.336336e-11
6230.000000  4.172414e-11
6250.000000  4.007397e-11
6270.000000  4.230660e-11
6290.000000  4.301040e-11
6310.000000  4.146769e-11
6330.000000  4.201494e-11
6350.000000  4.192600e-11
6370.000000  4.158452e-11
6390.000000  4.254384e-11
6410.000000  4.168156e-11
6430.000000  4.213555e-11
6450.000000  4.199521e-11
6470.000000  4.190335e-11
6490.000000  4.073227e-11
6510.000000  4.197864e-11
6530.000000  4.210795e-11
6550.000000  4.154433e-11
6570.000000  3.999502e-11
6590.000000  4.173423e-11
6610.000000  4.204641e-11
6630.000000  4.170049e-11
6650.000000  4.164723e-11
6670.000000  4.085006e-11
6690.000000  4.216069e-11
6710.000000  4.053261e-11
6730.000000  4.206491e-11
6750.000000  4.119530e-11
6770.000000  4.145989e-11
6790.000000  4.106430e-11
6810.000000  4.091028e-11
6830.000000  4.144720e-11
6850.000000  4.005300e-11
6870.000000  4.074844e-11
6890.000000  4.118124e-11
6910.000000  4.070953e-11
6930.000000  4.009579e-11
6950.000000  3.938757e-11
6970.000000  3.961657e-11
6990.000000  3.922310e-11
7010.000000  3.790332e-11
7030.000000  3.891071e-11
7050.000000  3.955169e-11
7070.000000  3.876120e-11
7090.000000  3.853705e-11
7110.000000  3.826842e-11
7130.000000  3.738457e-11
7150.000000  3.733758e-11
7170.000000  3.768661e-11
7190.000000  3.628641e-11
7210.000000  3.743526e-11
7230.000000  3.791738e-11
7250.000000  3.792350e-11
7270.000000  3.757870e-11
7290.000000  3.616873e-11
7310.000000  3.698755e-11
7330.000000  3.696667e-11
7350.000000  3.683913e-11
7370.000000  3.753296e-11
7390.000000  3.652692e-11
7410.000000  3.627174e-11
7430.000000  3.669243e-11
7450.000000  3.674983e-11
7470.000000  3.689265e-11
7490.000000  3.646860e-11
7510.000000  3.690747e-11
7530.000000  3.709100e-11
7550.000000  3.729960e-11
7570.000000  3.686073e-11
7590.000000  3.670041e-11
7610.000000  3.669570e-11
7630.000000  3.689435e-11
7650.000000  3.689993e-11
7670.000000  3.558959e-11
7690.000000  3.676912e-11
7710.000000  3.598670e-11
7730.000000  3.598470e-11
7750.000000  3.570955e-11
7770.000000  3.658496e-11
7790.000000  3.647420e-11
7810.000000  3.627723e-11
7830.000000  3.589655e-11
7850.000000  3.560982e-11
7870.000000  3.559139e-11
7890.000000  3.435446e-11
7910.000000  3.324299e-11
7930.000000  3.312784e-11
7950.000000  3.265885e-11
7970.000000  3.393487e-11
7990.000000  3.386055e-11
8010.000000  3.367739e-11
8030.000000  3.374382e-11
8050.000000  3.333095e-11
8070.000000  3.311871e-11
8090.000000  3.202366e-11
8110.000000  3.195696e-11
8130.000000  3.245329e-11
8150.000000  3.235825e-11
8170.000000  3.247413e-11
8190.000000  3.184643e-11
8210.000000  3.175829e-11
8230.000000  3.202996e-11
8250.000000  3.239003e-11
8270.000000  3.268381e-11
8290.000000  3.237634e-11
8310.000000  3.101797e-11
8330.000000  3.123271e-11
8350.000000  3.125422e-11
8370.000000  3.160435e-11
8390.000000  3.066248e-11
8410.000000  3.170098e-11
8430.000000  3.081136e-11
8450.000000  3.145155e-11
8470.000000  3.126428e-11
8490.000000  3.100906e-11
8510.000000  2.929269e-11
8530.000000  3.032878e-11
8550.000000  2.530007e-11
8570.000000  3.134703e-11
8590.000000  3.081401e-11
8610.000000  3.090222e-11
8630.000000  3.120207e-11
8650.000000  3.078418e-11
8670.000000  2.575856e-11
8690.000000  2.985970e-11
8710.000000  3.060283e-11
8730.000000  3.074028e-11
8750.000000  3.032620e-11
8770.000000  3.084157e-11
8790.000000  3.047883e-11
8810.000000  2.967113e-11
8830.000000  3.026724e-11
8850.000000  3.052463e-11
8870.000000  2.981746e-11
8890.000000  3.039049e-11
8910.000000  3.069864e-11
8930.000000  2.980682e-11
8950.000000  2.974748e-11
8970.000000  2.979587e-11
8990.000000  2.990402e-11
9010.000000  2.867877e-11
9030.000000  2.949835e-11
9050.000000  3.013904e-11
9070.000000  2.971184e-11
9090.000000  2.860787e-11
9110.000000  2.848547e-11
9130.000000  2.938426e-11
9150.000000  2.731992e-11
9170.000000  2.657744e-11
9190.000000  2.687051e-11
9210.000000  2.610826e-11
9230.000000  2.652896e-11
9250.000000  2.638852e-11
9270.000000  2.686566e-11
9290.000000  2.650150e-11
9310.000000  2.721701e-11
9330.000000  2.720247e-11
9350.000000  2.687671e-11
9370.000000  2.672254e-11
9390.000000  2.617960e-11
9410.000000  2.544689e-11
9430.000000  2.581161e-11
9450.000000  2.524375e-11
9470.000000  2.603806e-11
9490.000000  2.589952e-11
9510.000000  2.633561e-11
9530.000000  2.604538e-11
9550.000000  2.588153e-11
9570.000000  2.591704e-11
9590.000000  2.625297e-11
9610.000000  2.594790e-11
9630.000000  2.571509e-11
9650.000000  2.532297e-11
9670.000000  2.518313e-11
9690.000000  2.567276e-11
9710.000000  2.547998e-11
9730.000000  2.550463e-11
9750.000000  2.524605e-11
9770.000000  2.535083e-11
9790.000000  2.488358e-11
9810.000000  2.557195e-11
9830.000000  2.544604e-11
9850.000000  2.557237e-11
9870.000000  2.545113e-11
9890.000000  2.556987e-11
9910.000000  2.522593e-11
9930.000000  2.554913e-11
9950.000000  2.534537e-11
9970.000000  2.545445e-11
9990.000000  2.540214e-11
10025.000000  2.517047e-11
10075.000000  2.492108e-11
10125.000000  2.490949e-11
10175.000000  2.448147e-11
10225.000000  2.451526e-11
10275.000000  2.454147e-11
10325.000000  2.405938e-11
10375.000000  2.391305e-11
10425.000000  2.394598e-11
10475.000000  2.366197e-11
10525.000000  2.362528e-11
10575.000000  2.338431e-11
10625.000000  2.321238e-11
10675.000000  2.273603e-11
10725.000000  2.272252e-11
10775.000000  2.247784e-11
10825.000000  2.208350e-11
10875.000000  2.175751e-11
10925.000000  2.133418e-11
10975.000000  1.980570e-11
11025.000000  1.973025e-11
11075.000000  2.003486e-11
11125.000000  1.997398e-11
11175.000000  2.020762e-11
11225.000000  2.012262e-11
11275.000000  1.977504e-11
11325.000000  1.998008e-11
11375.000000  1.950802e-11
11425.000000  1.958974e-11
11475.000000  1.982058e-11
11525.000000  1.975114e-11
11575.000000  1.948380e-11
11625.000000  1.922509e-11
11675.000000  1.923857e-11
11725.000000  1.948471e-11
11775.000000  1.908510e-11
11825.000000  1.894895e-11
11875.000000  1.870784e-11
11925.000000  1.904682e-11
11975.000000  1.825815e-11
12025.000000  1.856197e-11
12075.000000  1.831809e-11
12125.000000  1.832736e-11
12175.000000  1.839098e-11
12225.000000  1.828279e-11
12275.000000  1.814419e-11
12325.000000  1.799111e-11
12375.000000  1.788679e-11
12425.000000  1.771164e-11
12475.000000  1.773983e-11
12525.000000  1.753135e-11
12575.000000  1.746579e-11
12625.000000  1.739660e-11
12675.000000  1.716239e-11
12725.000000  1.717976e-11
12775.000000  1.717395e-11
12825.000000  1.649540e-11
12875.000000  1.678376e-11
12925.000000  1.656179e-11
12975.000000  1.670131e-11
13025.000000  1.646114e-11
13075.000000  1.653067e-11
13125.000000  1.622790e-11
13175.000000  1.613291e-11
13225.000000  1.616511e-11
13275.000000  1.584641e-11
13325.000000  1.595710e-11
13375.000000  1.580967e-11
13425.000000  1.586759e-11
13475.000000  1.574411e-11
13525.000000  1.569180e-11
13575.000000  1.536296e-11
13625.000000  1.531095e-11
13675.000000  1.528567e-11
13725.000000  1.527933e-11
13775.000000  1.517566e-11
13825.000000  1.514344e-11
13875.000000  1.500826e-11
13925.000000  1.497464e-11
13975.000000  1.484103e-11
14025.000000  1.461696e-11
14075.000000  1.435833e-11
14125.000000  1.386295e-11
14175.000000  1.388132e-11
14225.000000  1.369281e-11
14275.000000  1.347912e-11
14325.000000  1.372816e-11
14375.000000  1.381492e-11
14425.000000  1.332069e-11
14475.000000  1.374834e-11
14525.000000  1.333109e-11
14570.000000  1.332261e-11
14620.000000  1.317004e-11
14675.000000  1.306346e-11
14725.000000  1.285889e-11
14775.000000  1.294056e-11
14825.000000  1.289611e-11
14875.000000  1.282486e-11
14925.000000  1.305873e-11
14975.000000  1.289636e-11
15025.000000  1.265584e-11
15075.000000  1.252930e-11
15125.000000  1.259377e-11
15175.000000  1.267396e-11
15225.000000  1.252431e-11
15275.000000  1.257117e-11
15325.000000  1.250767e-11
15375.000000  1.254111e-11
15425.000000  1.245467e-11
15475.000000  1.242500e-11
15525.000000  1.220035e-11
15575.000000  1.203589e-11
15625.000000  1.232373e-11
15675.000000  1.195757e-11
15725.000000  1.202952e-11
15775.000000  1.159722e-11
15825.000000  1.177207e-11
15875.000000  1.124811e-11
15925.000000  1.158054e-11
15975.000000  1.170784e-11
16050.000000  1.156073e-11
16150.000000  1.132734e-11
16250.000000  1.137258e-11
16350.000000  1.123581e-11
16450.000000  1.081515e-11
16550.000000  1.092653e-11
16650.000000  1.066878e-11
16750.000000  1.047016e-11
16850.000000  1.007667e-11
16950.000000  1.025081e-11
17050.000000  9.855370e-12
17150.000000  9.785884e-12
17250.000000  9.486104e-12
17350.000000  9.127074e-12
17450.000000  9.165048e-12
17550.000000  9.005366e-12
17650.000000  8.864587e-12
17750.000000  8.635665e-12
17850.000000  8.544904e-12
17950.000000  8.394504e-12
18050.000000  8.173529e-12
18150.000000  7.957473e-12
18250.000000  7.858685e-12
18350.000000  7.728543e-12
18450.000000  7.525191e-12
18550.000000  7.449673e-12
18650.000000  7.221243e-12
18750.000000  6.987150e-12
18850.000000  7.018827e-12
18950.000000  6.706274e-12
19050.000000  6.817458e-12
19150.000000  6.655163e-12
19250.000000  6.566148e-12
19350.000000  6.360928e-12
19450.000000  6.165303e-12
19550.000000  6.204237e-12
19650.000000  6.050619e-12
19750.000000  5.897280e-12
19850.000000  5.829429e-12
19950.000000  5.722593e-12
20050.000000  5.683931e-12
20150.000000  5.618778e-12
20250.000000  5.437753e-12
20350.000000  5.326695e-12
20450.000000  5.319169e-12
20550.000000  5.185511e-12
20650.000000  5.078130e-12
20750.000000  5.002338e-12
20850.000000  4.917876e-12
20950.000000  4.803415e-12
21050.000000  4.782506e-12
21150.000000  4.689799e-12
21250.000000  4.603828e-12
21350.000000  4.552544e-12
21450.000000  4.470998e-12
21550.000000  4.402855e-12
21650.000000  4.250646e-12
21750.000000  4.214793e-12
21850.000000  4.167669e-12
21950.000000  4.124347e-12
22050.000000  4.010257e-12
22150.000000  4.001640e-12
22250.000000  3.902878e-12
22350.000000  3.842763e-12
22450.000000  3.787237e-12
22550.000000  3.724655e-12
22650.000000  3.650581e-12
22750.000000  3.630880e-12
22850.000000  3.539048e-12
22950.000000  3.157723e-12
23050.000000  3.298877e-12
23150.000000  3.268409e-12
23250.000000  2.922689e-12
23350.000000  3.063269e-12
23450.000000  3.075801e-12
23550.000000  2.725655e-12
23650.000000  2.895541e-12
23750.000000  2.874587e-12
23850.000000  2.584124e-12
23950.000000  2.718913e-12
24050.000000  2.734852e-12
24150.000000  2.499555e-12
24250.000000  2.580738e-12
24350.000000  2.598624e-12
24450.000000  2.444457e-12
24550.000000  2.420104e-12
24650.000000  2.501513e-12
24750.000000  2.402441e-12
24850.000000  2.295960e-12
24950.000000  2.361559e-12
