2505.000000  4.930944e-16
2513.000000  2.979324e-16
2518.000000  3.494609e-16
2525.000000  4.707479e-16
2535.000000  1.529262e-15
2545.000000  1.942318e-15
2555.000000  2.083445e-15
2565.000000  8.661893e-16
2575.000000  1.992558e-15
2585.000000  1.016153e-15
2595.000000  1.558475e-15
2605.000000  2.397437e-15
2615.000000  1.951938e-15
2625.000000  4.080705e-15
2635.000000  7.437145e-15
2645.000000  5.019575e-15
2655.000000  9.083104e-15
2665.000000  6.028185e-15
2675.000000  6.172768e-15
2685.000000  8.485397e-15
2695.000000  4.649795e-15
2705.000000  1.144814e-14
2715.000000  9.500951e-15
2725.000000  7.120201e-15
2735.000000  7.783184e-15
2745.000000  1.192928e-14
2755.000000  1.131797e-14
2765.000000  1.991457e-14
2775.000000  2.756967e-14
2785.000000  1.581266e-14
2795.000000  1.738797e-14
2805.000000  1.747522e-14
2815.000000  2.604422e-14
2825.000000  2.507076e-14
2835.000000  1.943913e-14
2845.000000  1.132904e-14
2855.000000  4.175645e-15
2865.000000  2.093366e-14
2875.000000  2.749245e-14
2885.000000  5.496139e-14
2895.000000  6.897375e-14
2910.000000  8.854998e-14
2930.000000  9.514224e-14
2950.000000  9.194743e-14
2970.000000  9.324001e-14
2990.000000  1.103144e-13
3010.000000  1.165841e-13
3030.000000  1.525761e-13
3050.000000  1.874504e-13
3070.000000  2.677888e-13
3090.000000  3.363064e-13
3110.000000  5.250480e-13
3130.000000  4.882528e-13
3150.000000  7.820476e-13
3170.000000  1.112411e-12
3190.000000  8.903933e-13
3210.000000  1.102660e-12
3230.000000  9.217956e-13
3250.000000  1.487844e-12
3270.000000  2.204826e-12
3290.000000  2.862128e-12
3310.000000  2.359032e-12
3330.000000  2.581638e-12
3350.000000  2.489775e-12
3370.000000  1.741330e-12
3390.000000  2.061997e-12
3410.000000  2.678652e-12
3430.000000  3.356932e-12
3450.000000  3.014066e-12
3470.000000  3.389112e-12
3490.000000  4.334154e-12
3510.000000  5.585928e-12
3530.000000  4.737164e-12
3550.000000  7.209248e-12
3570.000000  3.196175e-12
3590.000000  2.866066e-12
3610.000000  4.913355e-12
3630.000000  7.943665e-12
3640.000000  9.239195e-12
3650.000000  9.596700e-12
3670.000000  1.296477e-11
3690.000000  1.122694e-11
3710.000000  9.829303e-12
3730.000000  3.818874e-12
3750.000000  4.879351e-12
3770.000000  1.008545e-11
3790.000000  1.188963e-11
3810.000000  9.893090e-12
3830.000000  3.982665e-12
3850.000000  6.582384e-12
3870.000000  6.768934e-12
3890.000000  9.650111e-12
3910.000000  1.122367e-11
3930.000000  3.192274e-12
3950.000000  7.054841e-12
3970.000000  4.217273e-12
3990.000000  1.876172e-11
4010.000000  2.976658e-11
4030.000000  2.690570e-11
4050.000000  2.741342e-11
4070.000000  2.632544e-11
4090.000000  3.615777e-11
4110.000000  2.714240e-11
4130.000000  2.760145e-11
4150.000000  2.647196e-11
4170.000000  2.496158e-11
4190.000000  2.863010e-11
4210.000000  2.823226e-11
4230.000000  2.283128e-11
4250.000000  3.607169e-11
4270.000000  3.434385e-11
4290.000000  3.384162e-11
4310.000000  3.524174e-11
4330.000000  5.292256e-11
4350.000000  5.611958e-11
4370.000000  5.918389e-11
4390.000000  5.199732e-11
4410.000000  5.402407e-11
4430.000000  6.001043e-11
4450.000000  6.357394e-11
4470.000000  6.928052e-11
4490.000000  7.513406e-11
4510.000000  9.124691e-11
4530.000000  7.422482e-11
4550.000000  8.026115e-11
4570.000000  9.190275e-11
4590.000000  8.958393e-11
4610.000000  9.493602e-11
4630.000000  9.364344e-11
4650.000000  9.455153e-11
4670.000000  1.025541e-10
4690.000000  1.020171e-10
4710.000000  9.994457e-11
4730.000000  1.020461e-10
4750.000000  1.073572e-10
4770.000000  9.905454e-11
4790.000000  1.011202e-10
4810.000000  1.068381e-10
4830.000000  1.129861e-10
4850.000000  1.133995e-10
4870.000000  1.111786e-10
4890.000000  1.215375e-10
4910.000000  1.234932e-10
4930.000000  1.201817e-10
4950.000000  1.253133e-10
4970.000000  1.121867e-10
4990.000000  1.064062e-10
5010.000000  9.542694e-11
5030.000000  1.060642e-10
5050.000000  1.041837e-10
5070.000000  1.079576e-10
5090.000000  9.871377e-11
5110.000000  1.056403e-10
5130.000000  9.913955e-11
5150.000000  9.768207e-11
5170.000000  8.873028e-11
5190.000000  9.421300e-11
5210.000000  1.015378e-10
5230.000000  1.346581e-10
5250.000000  1.381584e-10
5270.000000  1.267149e-10
5290.000000  1.499051e-10
5310.000000  1.667409e-10
5330.000000  1.444527e-10
5350.000000  1.615581e-10
5370.000000  1.638227e-10
5390.000000  1.542818e-10
5410.000000  1.577617e-10
5430.000000  1.579281e-10
5450.000000  1.620443e-10
5470.000000  1.551109e-10
5490.000000  1.573936e-10
5510.000000  1.536062e-10
5530.000000  1.696089e-10
5550.000000  1.756152e-10
5570.000000  1.736345e-10
5590.000000  1.675598e-10
5610.000000  1.700597e-10
5630.000000  1.687518e-10
5650.000000  1.756113e-10
5670.000000  1.706204e-10
5690.000000  1.832436e-10
5710.000000  1.703424e-10
5730.000000  1.930246e-10
5750.000000  1.889862e-10
5770.000000  1.925908e-10
5790.000000  1.798025e-10
5810.000000  1.957582e-10
5830.000000  2.059932e-10
5850.000000  1.951409e-10
5870.000000  1.932921e-10
5890.000000  1.474348e-10
5910.000000  1.839844e-10
5930.000000  1.880621e-10
5950.000000  1.886259e-10
5970.000000  1.987365e-10
5990.000000  1.945815e-10
6010.000000  1.922908e-10
6030.000000  2.048208e-10
6050.000000  2.115213e-10
6070.000000  2.119589e-10
6090.000000  2.043662e-10
6110.000000  2.073576e-10
6130.000000  1.923385e-10
6150.000000  2.034500e-10
6170.000000  1.814764e-10
6190.000000  1.929348e-10
6210.000000  1.880416e-10
6230.000000  1.777501e-10
6250.000000  1.730380e-10
6270.000000  1.869368e-10
6290.000000  1.976553e-10
6310.000000  1.944966e-10
6330.000000  2.033356e-10
6350.000000  2.068025e-10
6370.000000  2.047733e-10
6390.000000  2.102370e-10
6410.000000  2.084514e-10
6430.000000  2.077283e-10
6450.000000  2.102255e-10
6470.000000  2.139759e-10
6490.000000  2.041827e-10
6510.000000  2.139072e-10
6530.000000  2.197048e-10
6550.000000  2.138978e-10
6570.000000  2.153263e-10
6590.000000  2.190623e-10
6610.000000  2.185994e-10
6630.000000  2.191495e-10
6650.000000  2.151778e-10
6670.000000  2.093186e-10
6690.000000  2.090893e-10
6710.000000  2.015075e-10
6730.000000  2.045231e-10
6750.000000  2.003846e-10
6770.000000  2.091300e-10
6790.000000  2.034088e-10
6810.000000  2.086950e-10
6830.000000  2.152423e-10
6850.000000  2.122391e-10
6870.000000  2.159435e-10
6890.000000  2.234346e-10
6910.000000  2.255191e-10
6930.000000  2.216467e-10
6950.000000  2.207289e-10
6970.000000  2.285361e-10
6990.000000  2.231489e-10
7010.000000  2.228622e-10
7030.000000  2.295040e-10
7050.000000  2.283371e-10
7070.000000  2.080428e-10
7090.000000  2.008054e-10
7110.000000  1.978666e-10
7130.000000  1.856415e-10
7150.000000  1.879469e-10
7170.000000  1.983653e-10
7190.000000  1.996648e-10
7210.000000  2.024740e-10
7230.000000  2.160134e-10
7250.000000  2.172759e-10
7270.000000  2.213629e-10
7290.000000  2.210601e-10
7310.000000  2.248924e-10
7330.000000  2.264533e-10
7350.000000  2.265802e-10
7370.000000  2.363811e-10
7390.000000  2.337121e-10
7410.000000  2.326437e-10
7430.000000  2.359607e-10
7450.000000  2.372196e-10
7470.000000  2.370022e-10
7490.000000  2.365640e-10
7510.000000  2.423682e-10
7530.000000  2.443775e-10
7550.000000  2.455954e-10
7570.000000  2.445752e-10
7590.000000  2.396125e-10
7610.000000  2.395383e-10
7630.000000  2.395641e-10
7650.000000  2.402343e-10
7670.000000  2.283701e-10
7690.000000  2.371057e-10
7710.000000  2.299654e-10
7730.000000  2.333795e-10
7750.000000  2.310527e-10
7770.000000  2.369371e-10
7790.000000  2.367544e-10
7810.000000  2.401862e-10
7830.000000  2.362293e-10
7850.000000  2.338939e-10
7870.000000  2.380773e-10
7890.000000  2.305107e-10
7910.000000  2.244678e-10
7930.000000  2.277720e-10
7950.000000  2.215733e-10
7970.000000  2.344414e-10
7990.000000  2.322873e-10
8010.000000  2.345557e-10
8030.000000  2.351195e-10
8050.000000  2.338101e-10
8070.000000  2.289301e-10
8090.000000  2.264576e-10
8110.000000  2.260979e-10
8130.000000  2.309835e-10
8150.000000  2.323602e-10
8170.000000  2.337069e-10
8190.000000  2.280597e-10
8210.000000  2.251396e-10
8230.000000  2.326127e-10
8250.000000  2.315694e-10
8270.000000  2.364079e-10
8290.000000  2.330422e-10
8310.000000  2.235568e-10
8330.000000  2.260245e-10
8350.000000  2.255562e-10
8370.000000  2.274000e-10
8390.000000  2.172905e-10
8410.000000  2.292451e-10
8430.000000  2.214156e-10
8450.000000  2.266560e-10
8470.000000  2.276148e-10
8490.000000  2.247904e-10
8510.000000  2.140556e-10
8530.000000  2.226731e-10
8550.000000  1.834898e-10
8570.000000  2.318451e-10
8590.000000  2.311511e-10
8610.000000  2.314698e-10
8630.000000  2.335945e-10
8650.000000  2.326595e-10
8670.000000  1.920262e-10
8690.000000  2.238745e-10
8710.000000  2.339218e-10
8730.000000  2.346286e-10
8750.000000  2.345793e-10
8770.000000  2.346299e-10
8790.000000  2.357050e-10
8810.000000  2.291671e-10
8830.000000  2.323913e-10
8850.000000  2.362881e-10
8870.000000  2.270796e-10
8890.000000  2.312893e-10
8910.000000  2.343873e-10
8930.000000  2.284781e-10
8950.000000  2.270120e-10
8970.000000  2.289286e-10
8990.000000  2.314380e-10
9010.000000  2.222147e-10
9030.000000  2.282856e-10
9050.000000  2.344671e-10
9070.000000  2.355094e-10
9090.000000  2.260131e-10
9110.000000  2.265078e-10
9130.000000  2.320560e-10
9150.000000  2.188735e-10
9170.000000  2.143451e-10
9190.000000  2.179334e-10
9210.000000  2.132579e-10
9230.000000  2.174204e-10
9250.000000  2.150320e-10
9270.000000  2.177564e-10
9290.000000  2.152469e-10
9310.000000  2.221320e-10
9330.000000  2.228177e-10
9350.000000  2.200919e-10
9370.000000  2.163883e-10
9390.000000  2.159848e-10
9410.000000  2.126205e-10
9430.000000  2.151788e-10
9450.000000  2.101191e-10
9470.000000  2.168392e-10
9490.000000  2.161149e-10
9510.000000  2.196345e-10
9530.000000  2.182918e-10
9550.000000  2.149287e-10
9570.000000  2.161676e-10
9590.000000  2.206605e-10
9610.000000  2.171102e-10
9630.000000  2.184585e-10
9650.000000  2.102750e-10
9670.000000  2.096776e-10
9690.000000  2.155478e-10
9710.000000  2.142432e-10
9730.000000  2.123125e-10
9750.000000  2.123923e-10
9770.000000  2.142488e-10
9790.000000  2.090443e-10
9810.000000  2.179096e-10
9830.000000  2.150622e-10
9850.000000  2.188948e-10
9870.000000  2.182676e-10
9890.000000  2.189786e-10
9910.000000  2.169331e-10
9930.000000  2.182227e-10
9950.000000  2.171656e-10
9970.000000  2.189486e-10
9990.000000  2.195023e-10
10025.000000  2.160724e-10
10075.000000  2.145603e-10
10125.000000  2.166680e-10
10175.000000  2.142497e-10
10225.000000  2.158925e-10
10275.000000  2.166482e-10
10325.000000  2.129804e-10
10375.000000  2.122605e-10
10425.000000  2.137172e-10
10475.000000  2.123157e-10
10525.000000  2.130239e-10
10575.000000  2.104134e-10
10625.000000  2.104933e-10
10675.000000  2.068534e-10
10725.000000  2.073960e-10
10775.000000  2.060516e-10
10825.000000  2.035150e-10
10875.000000  2.019478e-10
10925.000000  1.990456e-10
10975.000000  1.881870e-10
11025.000000  1.875567e-10
11075.000000  1.904267e-10
11125.000000  1.905653e-10
11175.000000  1.924439e-10
11225.000000  1.927959e-10
11275.000000  1.900989e-10
11325.000000  1.917101e-10
11375.000000  1.881200e-10
11425.000000  1.897732e-10
11475.000000  1.921459e-10
11525.000000  1.926495e-10
11575.000000  1.908659e-10
11625.000000  1.885070e-10
11675.000000  1.892754e-10
11725.000000  1.923139e-10
11775.000000  1.886320e-10
11825.000000  1.887019e-10
11875.000000  1.862194e-10
11925.000000  1.899738e-10
11975.000000  1.829383e-10
12025.000000  1.871184e-10
12075.000000  1.860507e-10
12125.000000  1.867776e-10
12175.000000  1.870574e-10
12225.000000  1.865816e-10
12275.000000  1.857176e-10
12325.000000  1.847213e-10
12375.000000  1.844962e-10
12425.000000  1.835603e-10
12475.000000  1.837522e-10
12525.000000  1.823140e-10
12575.000000  1.824538e-10
12625.000000  1.819878e-10
12675.000000  1.807856e-10
12725.000000  1.811270e-10
12775.000000  1.816456e-10
12825.000000  1.760808e-10
12875.000000  1.789433e-10
12925.000000  1.763609e-10
12975.000000  1.792192e-10
13025.000000  1.778713e-10
13075.000000  1.788068e-10
13125.000000  1.759653e-10
13175.000000  1.762013e-10
13225.000000  1.767621e-10
13275.000000  1.741419e-10
13325.000000  1.757006e-10
13375.000000  1.750189e-10
13425.000000  1.755628e-10
13475.000000  1.755958e-10
13525.000000  1.751868e-10
13575.000000  1.732742e-10
13625.000000  1.720253e-10
13675.000000  1.737669e-10
13725.000000  1.748858e-10
13775.000000  1.738961e-10
13825.000000  1.747468e-10
13875.000000  1.722939e-10
13925.000000  1.651701e-10
13975.000000  1.683768e-10
14025.000000  1.680203e-10
14075.000000  1.658923e-10
14125.000000  1.612312e-10
14175.000000  1.614589e-10
14225.000000  1.620154e-10
14275.000000  1.601030e-10
14325.000000  1.633039e-10
14375.000000  1.641307e-10
14425.000000  1.615926e-10
14475.000000  1.667916e-10
14525.000000  1.621181e-10
14570.000000  1.619910e-10
14620.000000  1.566557e-10
14675.000000  1.572219e-10
14725.000000  1.579335e-10
14775.000000  1.600969e-10
14825.000000  1.616294e-10
14875.000000  1.616002e-10
14925.000000  1.652989e-10
14975.000000  1.661438e-10
15025.000000  1.621268e-10
15075.000000  1.616192e-10
15125.000000  1.623852e-10
15175.000000  1.647289e-10
15225.000000  1.660253e-10
15275.000000  1.645454e-10
15325.000000  1.674334e-10
15375.000000  1.663711e-10
15425.000000  1.649782e-10
15475.000000  1.700317e-10
15525.000000  1.662258e-10
15575.000000  1.606918e-10
15625.000000  1.666317e-10
15675.000000  1.673458e-10
15725.000000  1.681681e-10
15775.000000  1.570038e-10
15825.000000  1.627637e-10
15875.000000  1.614126e-10
15925.000000  1.670043e-10
15975.000000  1.635047e-10
16050.000000  1.630183e-10
16150.000000  1.658739e-10
16250.000000  1.612250e-10
16350.000000  1.669816e-10
16450.000000  1.568503e-10
16550.000000  1.638148e-10
16650.000000  1.546026e-10
16750.000000  1.570985e-10
16850.000000  1.508769e-10
16950.000000  1.540059e-10
17050.000000  1.485039e-10
17150.000000  1.467734e-10
17250.000000  1.448453e-10
17350.000000  1.396355e-10
17450.000000  1.407027e-10
17550.000000  1.365428e-10
17650.000000  1.354504e-10
17750.000000  1.325046e-10
17850.000000  1.304303e-10
17950.000000  1.295786e-10
18050.000000  1.243356e-10
18150.000000  1.240296e-10
18250.000000  1.205451e-10
18350.000000  1.195713e-10
18450.000000  1.163647e-10
18550.000000  1.145317e-10
18650.000000  1.123521e-10
18750.000000  1.099578e-10
18850.000000  1.088203e-10
18950.000000  1.049719e-10
19050.000000  1.059208e-10
19150.000000  1.037804e-10
19250.000000  1.029458e-10
19350.000000  9.919521e-11
19450.000000  9.741517e-11
19550.000000  9.679688e-11
19650.000000  9.425634e-11
19750.000000  9.108393e-11
19850.000000  9.025698e-11
19950.000000  8.845975e-11
20050.000000  8.855723e-11
20150.000000  8.713613e-11
20250.000000  8.439283e-11
20350.000000  8.359440e-11
20450.000000  8.297457e-11
20550.000000  8.060942e-11
20650.000000  7.923269e-11
20750.000000  7.816054e-11
20850.000000  7.677080e-11
20950.000000  7.524471e-11
21050.000000  7.479719e-11
21150.000000  7.366442e-11
21250.000000  7.232239e-11
21350.000000  7.158674e-11
21450.000000  7.027487e-11
21550.000000  6.922008e-11
21650.000000  6.796157e-11
21750.000000  6.653808e-11
21850.000000  6.587574e-11
21950.000000  6.511772e-11
22050.000000  6.306805e-11
22150.000000  6.363941e-11
22250.000000  6.130095e-11
22350.000000  6.082103e-11
22450.000000  5.998999e-11
22550.000000  5.936756e-11
22650.000000  5.785228e-11
22750.000000  5.784523e-11
22850.000000  5.648974e-11
22950.000000  4.673768e-11
23050.000000  5.089730e-11
23150.000000  5.036455e-11
23250.000000  4.242436e-11
23350.000000  4.611922e-11
23450.000000  4.460107e-11
23550.000000  3.773557e-11
23650.000000  4.243506e-11
23750.000000  4.080128e-11
23850.000000  3.563564e-11
23950.000000  3.923703e-11
24050.000000  3.867263e-11
24150.000000  3.439079e-11
24250.000000  3.708431e-11
24350.000000  3.680743e-11
24450.000000  3.395860e-11
24550.000000  3.419119e-11
24650.000000  3.553640e-11
24750.000000  3.388129e-11
24850.000000  3.193366e-11
24950.000000  3.334664e-11
