2505.000000  1.252647e-13
2513.000000  7.212763e-14
2518.000000  4.671026e-14
2525.000000  5.082337e-14
2535.000000  1.193215e-13
2545.000000  1.600833e-13
2555.000000  5.435290e-13
2565.000000  3.066051e-13
2575.000000  4.621503e-13
2585.000000  3.572023e-13
2595.000000  3.030375e-13
2605.000000  2.670197e-13
2615.000000  2.471184e-13
2625.000000  3.582164e-13
2635.000000  9.722715e-13
2645.000000  1.416744e-12
2655.000000  2.538404e-12
2665.000000  1.392234e-12
2675.000000  1.387418e-12
2685.000000  1.916100e-12
2695.000000  1.171177e-12
2705.000000  1.746882e-12
2715.000000  1.031094e-12
2725.000000  5.417776e-13
2735.000000  8.532339e-13
2745.000000  4.943390e-13
2755.000000  7.339640e-13
2765.000000  1.089401e-12
2775.000000  1.125657e-12
2785.000000  5.870068e-13
2795.000000  2.018993e-13
2805.000000  2.637636e-13
2815.000000  8.724359e-13
2825.000000  1.379092e-12
2835.000000  1.124087e-12
2845.000000  5.266953e-13
2855.000000  1.850729e-13
2865.000000  8.777421e-13
2875.000000  1.859358e-12
2885.000000  2.098413e-12
2895.000000  3.064168e-12
2910.000000  4.496721e-12
2930.000000  4.205486e-12
2950.000000  3.730657e-12
2970.000000  3.829348e-12
2990.000000  3.911994e-12
3010.000000  3.436909e-12
3030.000000  4.446667e-12
3050.000000  4.715703e-12
3070.000000  5.661059e-12
3090.000000  5.646601e-12
3110.000000  7.306202e-12
3130.000000  6.062750e-12
3150.000000  6.607779e-12
3170.000000  7.773828e-12
3190.000000  6.584963e-12
3210.000000  7.152315e-12
3230.000000  5.657485e-12
3250.000000  9.256157e-12
3270.000000  1.151386e-11
3290.000000  1.146260e-11
3310.000000  9.871881e-12
3330.000000  1.029863e-11
3350.000000  9.394323e-12
3370.000000  6.399767e-12
3390.000000  7.594160e-12
3410.000000  8.446347e-12
3430.000000  9.603572e-12
3450.000000  1.003573e-11
3470.000000  1.056979e-11
3490.000000  1.230468e-11
3510.000000  1.325882e-11
3530.000000  1.128918e-11
3550.000000  1.308124e-11
3570.000000  7.658488e-12
3590.000000  8.878371e-12
3610.000000  1.257862e-11
3630.000000  1.360409e-11
3640.000000  1.412723e-11
3650.000000  1.603507e-11
3670.000000  1.715393e-11
3690.000000  1.607342e-11
3710.000000  1.743561e-11
3730.000000  1.024157e-11
3750.000000  1.198248e-11
3770.000000  1.546109e-11
3790.000000  1.512289e-11
3810.000000  1.341440e-11
3830.000000  7.178245e-12
3850.000000  8.081613e-12
3870.000000  8.650806e-12
3890.000000  1.485868e-11
3910.000000  1.846885e-11
3930.000000  7.608363e-12
3950.000000  1.532362e-11
3970.000000  9.878365e-12
3990.000000  2.487220e-11
4010.000000  2.805849e-11
4030.000000  2.702997e-11
4050.000000  2.575296e-11
4070.000000  2.444094e-11
4090.000000  3.032026e-11
4110.000000  2.949491e-11
4130.000000  2.651935e-11
4150.000000  2.455412e-11
4170.000000  2.510924e-11
4190.000000  2.492998e-11
4210.000000  2.716602e-11
4230.000000  2.855480e-11
4250.000000  2.909888e-11
4270.000000  2.697190e-11
4290.000000  2.418920e-11
4310.000000  2.007328e-11
4330.000000  3.189225e-11
4350.000000  3.090901e-11
4370.000000  3.345393e-11
4390.000000  2.986541e-11
4410.000000  3.297909e-11
4430.000000  3.636115e-11
4450.000000  3.671134e-11
4470.000000  3.967171e-11
4490.000000  4.078434e-11
4510.000000  4.644826e-11
4530.000000  4.102381e-11
4550.000000  4.263936e-11
4570.000000  4.607694e-11
4590.000000  4.409369e-11
4610.000000  4.574115e-11
4630.000000  4.471077e-11
4650.000000  4.544085e-11
4670.000000  4.705764e-11
4690.000000  4.624690e-11
4710.000000  4.510950e-11
4730.000000  4.697302e-11
4750.000000  4.893228e-11
4770.000000  4.929978e-11
4790.000000  4.914456e-11
4810.000000  4.859273e-11
4830.000000  4.993095e-11
4850.000000  4.744445e-11
4870.000000  4.415928e-11
4890.000000  4.838528e-11
4910.000000  4.814249e-11
4930.000000  4.737367e-11
4950.000000  5.040622e-11
4970.000000  4.962668e-11
4990.000000  4.604218e-11
5010.000000  4.378413e-11
5030.000000  4.646150e-11
5050.000000  4.664448e-11
5070.000000  4.880139e-11
5090.000000  4.577966e-11
5110.000000  4.691773e-11
5130.000000  4.524520e-11
5150.000000  4.371102e-11
5170.000000  4.017080e-11
5190.000000  4.222312e-11
5210.000000  4.558675e-11
5230.000000  4.754440e-11
5250.000000  4.913692e-11
5270.000000  4.375992e-11
5290.000000  4.973473e-11
5310.000000  5.266230e-11
5330.000000  4.671769e-11
5350.000000  5.113192e-11
5370.000000  5.144516e-11
5390.000000  4.983693e-11
5410.000000  4.889006e-11
5430.000000  4.966649e-11
5450.000000  5.232774e-11
5470.000000  5.058935e-11
5490.000000  5.008309e-11
5510.000000  4.995365e-11
5530.000000  5.130652e-11
5550.000000  5.232711e-11
5570.000000  5.108765e-11
5590.000000  4.968879e-11
5610.000000  5.215805e-11
5630.000000  5.154299e-11
5650.000000  5.171164e-11
5670.000000  5.042324e-11
5690.000000  5.186706e-11
5710.000000  5.007609e-11
5730.000000  5.443194e-11
5750.000000  5.235831e-11
5770.000000  5.320586e-11
5790.000000  5.078639e-11
5810.000000  5.304031e-11
5830.000000  5.445836e-11
5850.000000  5.288001e-11
5870.000000  5.312586e-11
5890.000000  4.803864e-11
5910.000000  5.242712e-11
5930.000000  5.248211e-11
5950.000000  5.255191e-11
5970.000000  5.333529e-11
5990.000000  5.242173e-11
6010.000000  5.145307e-11
6030.000000  5.241938e-11
6050.000000  5.336191e-11
6070.000000  5.303693e-11
6090.000000  5.095770e-11
6110.000000  5.105433e-11
6130.000000  4.866915e-11
6150.000000  5.007864e-11
6170.000000  4.816469e-11
6190.000000  5.106093e-11
6210.000000  5.098046e-11
6230.000000  4.935744e-11
6250.000000  4.770304e-11
6270.000000  4.993058e-11
6290.000000  5.048114e-11
6310.000000  4.893535e-11
6330.000000  4.941908e-11
6350.000000  4.953174e-11
6370.000000  4.923038e-11
6390.000000  4.994227e-11
6410.000000  4.888241e-11
6430.000000  4.938626e-11
6450.000000  4.910793e-11
6470.000000  4.892322e-11
6490.000000  4.785512e-11
6510.000000  4.919548e-11
6530.000000  4.937621e-11
6550.000000  4.865708e-11
6570.000000  4.652395e-11
6590.000000  4.869136e-11
6610.000000  4.904752e-11
6630.000000  4.871562e-11
6650.000000  4.861587e-11
6670.000000  4.787089e-11
6690.000000  4.905563e-11
6710.000000  4.748034e-11
6730.000000  4.880674e-11
6750.000000  4.798133e-11
6770.000000  4.815164e-11
6790.000000  4.783375e-11
6810.000000  4.759672e-11
6830.000000  4.810325e-11
6850.000000  4.671470e-11
6870.000000  4.734146e-11
6890.000000  4.767272e-11
6910.000000  4.723482e-11
6930.000000  4.676738e-11
6950.000000  4.622737e-11
6970.000000  4.640301e-11
6990.000000  4.599066e-11
7010.000000  4.469328e-11
7030.000000  4.559407e-11
7050.000000  4.605082e-11
7070.000000  4.534853e-11
7090.000000  4.515778e-11
7110.000000  4.505325e-11
7130.000000  4.415837e-11
7150.000000  4.397762e-11
7170.000000  4.426951e-11
7190.000000  4.278771e-11
7210.000000  4.382596e-11
7230.000000  4.426441e-11
7250.000000  4.427734e-11
7270.000000  4.400782e-11
7290.000000  4.265560e-11
7310.000000  4.340471e-11
7330.000000  4.330497e-11
7350.000000  4.322374e-11
7370.000000  4.374496e-11
7390.000000  4.266853e-11
7410.000000  4.227031e-11
7430.000000  4.276088e-11
7450.000000  4.279773e-11
7470.000000  4.297432e-11
7490.000000  4.255286e-11
7510.000000  4.283849e-11
7530.000000  4.293005e-11
7550.000000  4.309098e-11
7570.000000  4.263531e-11
7590.000000  4.246856e-11
7610.000000  4.239331e-11
7630.000000  4.254330e-11
7650.000000  4.250907e-11
7670.000000  4.119410e-11
7690.000000  4.232222e-11
7710.000000  4.151683e-11
7730.000000  4.154229e-11
7750.000000  4.116721e-11
7770.000000  4.203116e-11
7790.000000  4.182778e-11
7810.000000  4.165550e-11
7830.000000  4.120909e-11
7850.000000  4.103117e-11
7870.000000  4.109738e-11
7890.000000  4.017909e-11
7910.000000  3.914978e-11
7930.000000  3.885476e-11
7950.000000  3.845090e-11
7970.000000  3.958568e-11
7990.000000  3.946647e-11
8010.000000  3.917620e-11
8030.000000  3.919009e-11
8050.000000  3.877878e-11
8070.000000  3.868948e-11
8090.000000  3.769105e-11
8110.000000  3.778917e-11
8130.000000  3.815695e-11
8150.000000  3.800218e-11
8170.000000  3.802538e-11
8190.000000  3.717282e-11
8210.000000  3.715935e-11
8230.000000  3.729521e-11
8250.000000  3.764015e-11
8270.000000  3.793491e-11
8290.000000  3.764208e-11
8310.000000  3.647864e-11
8330.000000  3.649055e-11
8350.000000  3.658375e-11
8370.000000  3.680854e-11
8390.000000  3.577420e-11
8410.000000  3.679786e-11
8430.000000  3.588731e-11
8450.000000  3.650107e-11
8470.000000  3.624132e-11
8490.000000  3.601590e-11
8510.000000  3.421354e-11
8530.000000  3.541771e-11
8550.000000  3.026973e-11
8570.000000  3.625505e-11
8590.000000  3.564980e-11
8610.000000  3.563372e-11
8630.000000  3.592848e-11
8650.000000  3.558621e-11
8670.000000  3.054051e-11
8690.000000  3.453321e-11
8710.000000  3.523230e-11
8730.000000  3.531881e-11
8750.000000  3.483972e-11
8770.000000  3.534275e-11
8790.000000  3.498924e-11
8810.000000  3.413527e-11
8830.000000  3.469661e-11
8850.000000  3.489477e-11
8870.000000  3.413542e-11
8890.000000  3.479646e-11
8910.000000  3.498805e-11
8930.000000  3.416364e-11
8950.000000  3.404408e-11
8970.000000  3.410373e-11
8990.000000  3.421016e-11
9010.000000  3.284035e-11
9030.000000  3.374478e-11
9050.000000  3.430364e-11
9070.000000  3.384609e-11
9090.000000  3.277474e-11
9110.000000  3.278353e-11
9130.000000  3.351441e-11
9150.000000  3.194470e-11
9170.000000  3.131251e-11
9190.000000  3.150116e-11
9210.000000  3.072034e-11
9230.000000  3.093326e-11
9250.000000  3.081266e-11
9270.000000  3.123996e-11
9290.000000  3.092268e-11
9310.000000  3.148164e-11
9330.000000  3.142187e-11
9350.000000  3.113016e-11
9370.000000  3.092772e-11
9390.000000  3.059118e-11
9410.000000  2.977785e-11
9430.000000  3.020268e-11
9450.000000  2.965138e-11
9470.000000  3.032743e-11
9490.000000  3.024556e-11
9510.000000  3.048121e-11
9530.000000  3.017312e-11
9550.000000  2.992726e-11
9570.000000  2.999794e-11
9590.000000  3.028343e-11
9610.000000  2.999115e-11
9630.000000  2.975175e-11
9650.000000  2.936372e-11
9670.000000  2.926094e-11
9690.000000  2.969096e-11
9710.000000  2.948114e-11
9730.000000  2.943408e-11
9750.000000  2.918030e-11
9770.000000  2.925678e-11
9790.000000  2.881623e-11
9810.000000  2.940360e-11
9830.000000  2.925562e-11
9850.000000  2.935120e-11
9870.000000  2.916494e-11
9890.000000  2.921569e-11
9910.000000  2.893735e-11
9930.000000  2.918778e-11
9950.000000  2.901869e-11
9970.000000  2.906092e-11
9990.000000  2.897527e-11
10025.000000  2.872742e-11
10075.000000  2.841650e-11
10125.000000  2.834844e-11
10175.000000  2.790528e-11
10225.000000  2.787296e-11
10275.000000  2.784681e-11
10325.000000  2.733661e-11
10375.000000  2.715286e-11
10425.000000  2.716474e-11
10475.000000  2.681940e-11
10525.000000  2.676340e-11
10575.000000  2.646291e-11
10625.000000  2.625393e-11
10675.000000  2.575923e-11
10725.000000  2.574326e-11
10775.000000  2.544278e-11
10825.000000  2.501087e-11
10875.000000  2.475475e-11
10925.000000  2.438945e-11
10975.000000  2.307030e-11
11025.000000  2.297015e-11
11075.000000  2.318065e-11
11125.000000  2.304725e-11
11175.000000  2.316380e-11
11225.000000  2.308030e-11
11275.000000  2.268785e-11
11325.000000  2.284773e-11
11375.000000  2.240374e-11
11425.000000  2.238442e-11
11475.000000  2.257581e-11
11525.000000  2.248615e-11
11575.000000  2.218518e-11
11625.000000  2.188743e-11
11675.000000  2.188468e-11
11725.000000  2.207816e-11
11775.000000  2.164436e-11
11825.000000  2.146079e-11
11875.000000  2.122695e-11
11925.000000  2.153303e-11
11975.000000  2.072498e-11
12025.000000  2.099674e-11
12075.000000  2.075292e-11
12125.000000  2.075145e-11
12175.000000  2.079062e-11
12225.000000  2.065217e-11
12275.000000  2.046961e-11
12325.000000  2.033269e-11
12375.000000  2.020218e-11
12425.000000  2.001299e-11
12475.000000  2.000644e-11
12525.000000  1.978977e-11
12575.000000  1.970234e-11
12625.000000  1.959500e-11
12675.000000  1.936402e-11
12725.000000  1.935763e-11
12775.000000  1.931372e-11
12825.000000  1.861017e-11
12875.000000  1.891277e-11
12925.000000  1.868587e-11
12975.000000  1.878207e-11
13025.000000  1.855116e-11
13075.000000  1.857951e-11
13125.000000  1.825685e-11
13175.000000  1.814512e-11
13225.000000  1.818506e-11
13275.000000  1.785615e-11
13325.000000  1.792425e-11
13375.000000  1.778431e-11
13425.000000  1.781580e-11
13475.000000  1.768080e-11
13525.000000  1.760868e-11
13575.000000  1.728889e-11
13625.000000  1.721743e-11
13675.000000  1.718269e-11
13725.000000  1.715345e-11
13775.000000  1.703281e-11
13825.000000  1.698451e-11
13875.000000  1.683561e-11
13925.000000  1.679570e-11
13975.000000  1.667088e-11
14025.000000  1.643749e-11
14075.000000  1.625949e-11
14125.000000  1.582688e-11
14175.000000  1.585535e-11
14225.000000  1.559823e-11
14275.000000  1.536629e-11
14325.000000  1.560696e-11
14375.000000  1.567219e-11
14425.000000  1.517741e-11
14475.000000  1.554930e-11
14525.000000  1.516969e-11
14570.000000  1.516157e-11
14620.000000  1.503941e-11
14675.000000  1.493280e-11
14725.000000  1.470574e-11
14775.000000  1.475892e-11
14825.000000  1.470488e-11
14875.000000  1.454347e-11
14925.000000  1.481509e-11
14975.000000  1.463044e-11
15025.000000  1.431397e-11
15075.000000  1.423108e-11
15125.000000  1.435321e-11
15175.000000  1.440439e-11
15225.000000  1.422320e-11
15275.000000  1.426706e-11
15325.000000  1.418719e-11
15375.000000  1.418124e-11
15425.000000  1.411295e-11
15475.000000  1.407022e-11
15525.000000  1.384386e-11
15575.000000  1.369773e-11
15625.000000  1.393016e-11
15675.000000  1.356165e-11
15725.000000  1.360346e-11
15775.000000  1.316637e-11
15825.000000  1.335518e-11
15875.000000  1.281130e-11
15925.000000  1.315501e-11
15975.000000  1.325341e-11
16050.000000  1.309753e-11
16150.000000  1.281200e-11
16250.000000  1.285400e-11
16350.000000  1.264629e-11
16450.000000  1.222497e-11
16550.000000  1.230276e-11
16650.000000  1.203368e-11
16750.000000  1.175203e-11
16850.000000  1.133970e-11
16950.000000  1.149043e-11
17050.000000  1.108386e-11
17150.000000  1.094744e-11
17250.000000  1.064890e-11
17350.000000  1.023062e-11
17450.000000  1.026531e-11
17550.000000  1.010379e-11
17650.000000  9.928003e-12
17750.000000  9.692353e-12
17850.000000  9.571145e-12
17950.000000  9.398661e-12
18050.000000  9.162888e-12
18150.000000  8.880038e-12
18250.000000  8.794447e-12
18350.000000  8.654475e-12
18450.000000  8.425000e-12
18550.000000  8.335039e-12
18650.000000  8.096522e-12
18750.000000  7.796465e-12
18850.000000  7.852546e-12
18950.000000  7.533484e-12
19050.000000  7.611190e-12
19150.000000  7.437707e-12
19250.000000  7.329191e-12
19350.000000  7.114859e-12
19450.000000  6.872334e-12
19550.000000  6.921798e-12
19650.000000  6.768099e-12
19750.000000  6.603143e-12
19850.000000  6.523127e-12
19950.000000  6.405558e-12
20050.000000  6.351149e-12
20150.000000  6.271713e-12
20250.000000  6.086207e-12
20350.000000  5.957891e-12
20450.000000  5.940060e-12
20550.000000  5.801544e-12
20650.000000  5.678434e-12
20750.000000  5.596762e-12
20850.000000  5.500762e-12
20950.000000  5.373245e-12
21050.000000  5.340489e-12
21150.000000  5.238422e-12
21250.000000  5.145295e-12
21350.000000  5.079301e-12
21450.000000  4.993869e-12
21550.000000  4.914802e-12
21650.000000  4.736350e-12
21750.000000  4.710089e-12
21850.000000  4.650895e-12
21950.000000  4.601362e-12
22050.000000  4.478739e-12
22150.000000  4.460213e-12
22250.000000  4.357792e-12
22350.000000  4.290252e-12
22450.000000  4.226879e-12
22550.000000  4.157116e-12
22650.000000  4.076858e-12
22750.000000  4.046125e-12
22850.000000  3.949006e-12
22950.000000  3.603513e-12
23050.000000  3.715794e-12
23150.000000  3.679111e-12
23250.000000  3.349182e-12
23350.000000  3.469756e-12
23450.000000  3.481206e-12
23550.000000  3.144998e-12
23650.000000  3.294395e-12
23750.000000  3.271057e-12
23850.000000  2.988287e-12
23950.000000  3.106888e-12
24050.000000  3.114670e-12
24150.000000  2.885149e-12
24250.000000  2.951712e-12
24350.000000  2.960699e-12
24450.000000  2.811077e-12
24550.000000  2.775813e-12
24650.000000  2.846926e-12
24750.000000  2.744676e-12
24850.000000  2.643871e-12
24950.000000  2.696728e-12
