2505.000000  6.513263e-15
2513.000000  3.652828e-15
2518.000000  3.111070e-15
2525.000000  4.089263e-15
2535.000000  1.727040e-14
2545.000000  2.188131e-14
2555.000000  3.257984e-14
2565.000000  1.338085e-14
2575.000000  3.103426e-14
2585.000000  1.671466e-14
2595.000000  2.454331e-14
2605.000000  3.623735e-14
2615.000000  2.911935e-14
2625.000000  5.580089e-14
2635.000000  1.201276e-13
2645.000000  9.792453e-14
2655.000000  1.975856e-13
2665.000000  1.176654e-13
2675.000000  1.091265e-13
2685.000000  1.588781e-13
2695.000000  7.456061e-14
2705.000000  1.708544e-13
2715.000000  1.232897e-13
2725.000000  7.936945e-14
2735.000000  1.001953e-13
2745.000000  1.289234e-13
2755.000000  1.384829e-13
2765.000000  2.211199e-13
2775.000000  3.005483e-13
2785.000000  1.551181e-13
2795.000000  1.034969e-13
2805.000000  1.185860e-13
2815.000000  2.495274e-13
2825.000000  2.672307e-13
2835.000000  1.933119e-13
2845.000000  8.967427e-14
2855.000000  2.619214e-14
2865.000000  1.664472e-13
2875.000000  2.649150e-13
2885.000000  4.682552e-13
2895.000000  6.702994e-13
2910.000000  9.515012e-13
2930.000000  9.950113e-13
2950.000000  8.886211e-13
2970.000000  9.037880e-13
2990.000000  9.180558e-13
3010.000000  8.231349e-13
3030.000000  1.249819e-12
3050.000000  1.404446e-12
3070.000000  2.255444e-12
3090.000000  2.656375e-12
3110.000000  4.289831e-12
3130.000000  3.655502e-12
3150.000000  5.338017e-12
3170.000000  6.882810e-12
3190.000000  5.237500e-12
3210.000000  6.121977e-12
3230.000000  4.548502e-12
3250.000000  7.833677e-12
3270.000000  1.085066e-11
3290.000000  1.210344e-11
3310.000000  9.838596e-12
3330.000000  1.043619e-11
3350.000000  9.476209e-12
3370.000000  6.399394e-12
3390.000000  7.387148e-12
3410.000000  8.894205e-12
3430.000000  1.037000e-11
3450.000000  9.729051e-12
3470.000000  1.061108e-11
3490.000000  1.335707e-11
3510.000000  1.493744e-11
3530.000000  1.176393e-11
3550.000000  1.465015e-11
3570.000000  6.974631e-12
3590.000000  8.061114e-12
3610.000000  1.333748e-11
3630.000000  1.830527e-11
3640.000000  1.913353e-11
3650.000000  2.199391e-11
3670.000000  2.621352e-11
3690.000000  2.261156e-11
3710.000000  2.175465e-11
3730.000000  9.266014e-12
3750.000000  1.129966e-11
3770.000000  1.900335e-11
3790.000000  1.927837e-11
3810.000000  1.577124e-11
3830.000000  7.365352e-12
3850.000000  9.565683e-12
3870.000000  1.048091e-11
3890.000000  1.923888e-11
3910.000000  2.437786e-11
3930.000000  7.853592e-12
3950.000000  1.722239e-11
3970.000000  1.042507e-11
3990.000000  3.784364e-11
4010.000000  4.837200e-11
4030.000000  4.446852e-11
4050.000000  4.141341e-11
4070.000000  3.734995e-11
4090.000000  5.150591e-11
4110.000000  4.723978e-11
4130.000000  4.004159e-11
4150.000000  3.561126e-11
4170.000000  3.716761e-11
4190.000000  4.102438e-11
4210.000000  4.540670e-11
4230.000000  4.375613e-11
4250.000000  5.623440e-11
4270.000000  5.246241e-11
4290.000000  4.850693e-11
4310.000000  4.468528e-11
4330.000000  6.820223e-11
4350.000000  7.037405e-11
4370.000000  7.606459e-11
4390.000000  6.567366e-11
4410.000000  7.075081e-11
4430.000000  7.530205e-11
4450.000000  7.790915e-11
4470.000000  8.571652e-11
4490.000000  8.983562e-11
4510.000000  1.076972e-10
4530.000000  8.936055e-11
4550.000000  9.462254e-11
4570.000000  1.053315e-10
4590.000000  1.039159e-10
4610.000000  1.076448e-10
4630.000000  1.033010e-10
4650.000000  1.057301e-10
4670.000000  1.121667e-10
4690.000000  1.101114e-10
4710.000000  1.062862e-10
4730.000000  1.122041e-10
4750.000000  1.190342e-10
4770.000000  1.194878e-10
4790.000000  1.194900e-10
4810.000000  1.210740e-10
4830.000000  1.278882e-10
4850.000000  1.203943e-10
4870.000000  1.123489e-10
4890.000000  1.244748e-10
4910.000000  1.242321e-10
4930.000000  1.208035e-10
4950.000000  1.301434e-10
4970.000000  1.242492e-10
4990.000000  1.127618e-10
5010.000000  1.045571e-10
5030.000000  1.127907e-10
5050.000000  1.125939e-10
5070.000000  1.178100e-10
5090.000000  1.061848e-10
5110.000000  1.113491e-10
5130.000000  1.045844e-10
5150.000000  1.018461e-10
5170.000000  8.918786e-11
5190.000000  9.737998e-11
5210.000000  1.079475e-10
5230.000000  1.248538e-10
5250.000000  1.310480e-10
5270.000000  1.137427e-10
5290.000000  1.358628e-10
5310.000000  1.498696e-10
5330.000000  1.253078e-10
5350.000000  1.420411e-10
5370.000000  1.443776e-10
5390.000000  1.358785e-10
5410.000000  1.360010e-10
5430.000000  1.382236e-10
5450.000000  1.482726e-10
5470.000000  1.408940e-10
5490.000000  1.382880e-10
5510.000000  1.370544e-10
5530.000000  1.453131e-10
5550.000000  1.506667e-10
5570.000000  1.471926e-10
5590.000000  1.414172e-10
5610.000000  1.518981e-10
5630.000000  1.469785e-10
5650.000000  1.498352e-10
5670.000000  1.459150e-10
5690.000000  1.537027e-10
5710.000000  1.451194e-10
5730.000000  1.639605e-10
5750.000000  1.543585e-10
5770.000000  1.590398e-10
5790.000000  1.469614e-10
5810.000000  1.601200e-10
5830.000000  1.686067e-10
5850.000000  1.603834e-10
5870.000000  1.608190e-10
5890.000000  1.253161e-10
5910.000000  1.568016e-10
5930.000000  1.591800e-10
5950.000000  1.590516e-10
5970.000000  1.644900e-10
5990.000000  1.595230e-10
6010.000000  1.559789e-10
6030.000000  1.631463e-10
6050.000000  1.670811e-10
6070.000000  1.664379e-10
6090.000000  1.563136e-10
6110.000000  1.578563e-10
6130.000000  1.455440e-10
6150.000000  1.533504e-10
6170.000000  1.446815e-10
6190.000000  1.577645e-10
6210.000000  1.554998e-10
6230.000000  1.485490e-10
6250.000000  1.417200e-10
6270.000000  1.510392e-10
6290.000000  1.566316e-10
6310.000000  1.489399e-10
6330.000000  1.525132e-10
6350.000000  1.496069e-10
6370.000000  1.485902e-10
6390.000000  1.565374e-10
6410.000000  1.540037e-10
6430.000000  1.552182e-10
6450.000000  1.547280e-10
6470.000000  1.553422e-10
6490.000000  1.500732e-10
6510.000000  1.553264e-10
6530.000000  1.563606e-10
6550.000000  1.546386e-10
6570.000000  1.529276e-10
6590.000000  1.571791e-10
6610.000000  1.580481e-10
6630.000000  1.562221e-10
6650.000000  1.560200e-10
6670.000000  1.520098e-10
6690.000000  1.574611e-10
6710.000000  1.500253e-10
6730.000000  1.583766e-10
6750.000000  1.538642e-10
6770.000000  1.562884e-10
6790.000000  1.534799e-10
6810.000000  1.540527e-10
6830.000000  1.570982e-10
6850.000000  1.515137e-10
6870.000000  1.545417e-10
6890.000000  1.571144e-10
6910.000000  1.554374e-10
6930.000000  1.516909e-10
6950.000000  1.484357e-10
6970.000000  1.506494e-10
6990.000000  1.479200e-10
7010.000000  1.437538e-10
7030.000000  1.485380e-10
7050.000000  1.515162e-10
7070.000000  1.460636e-10
7090.000000  1.438411e-10
7110.000000  1.423687e-10
7130.000000  1.376583e-10
7150.000000  1.379645e-10
7170.000000  1.413488e-10
7190.000000  1.367976e-10
7210.000000  1.412852e-10
7230.000000  1.454747e-10
7250.000000  1.447022e-10
7270.000000  1.434933e-10
7290.000000  1.385205e-10
7310.000000  1.422357e-10
7330.000000  1.417196e-10
7350.000000  1.411024e-10
7370.000000  1.458508e-10
7390.000000  1.422081e-10
7410.000000  1.421087e-10
7430.000000  1.437626e-10
7450.000000  1.435624e-10
7470.000000  1.436774e-10
7490.000000  1.420831e-10
7510.000000  1.453277e-10
7530.000000  1.469752e-10
7550.000000  1.477248e-10
7570.000000  1.461230e-10
7590.000000  1.446476e-10
7610.000000  1.447934e-10
7630.000000  1.463993e-10
7650.000000  1.468191e-10
7670.000000  1.398279e-10
7690.000000  1.462713e-10
7710.000000  1.426043e-10
7730.000000  1.426254e-10
7750.000000  1.419676e-10
7770.000000  1.461868e-10
7790.000000  1.461531e-10
7810.000000  1.453895e-10
7830.000000  1.437698e-10
7850.000000  1.415962e-10
7870.000000  1.422411e-10
7890.000000  1.352091e-10
7910.000000  1.307521e-10
7930.000000  1.312894e-10
7950.000000  1.281287e-10
7970.000000  1.350308e-10
7990.000000  1.346164e-10
8010.000000  1.344840e-10
8030.000000  1.352062e-10
8050.000000  1.332731e-10
8070.000000  1.311749e-10
8090.000000  1.269631e-10
8110.000000  1.256296e-10
8130.000000  1.287131e-10
8150.000000  1.286968e-10
8170.000000  1.296868e-10
8190.000000  1.267709e-10
8210.000000  1.264193e-10
8230.000000  1.292677e-10
8250.000000  1.301302e-10
8270.000000  1.319770e-10
8290.000000  1.301791e-10
8310.000000  1.227431e-10
8330.000000  1.247134e-10
8350.000000  1.243968e-10
8370.000000  1.267019e-10
8390.000000  1.216083e-10
8410.000000  1.277311e-10
8430.000000  1.234116e-10
8450.000000  1.266813e-10
8470.000000  1.263380e-10
8490.000000  1.255162e-10
8510.000000  1.185438e-10
8530.000000  1.223935e-10
8550.000000  1.015274e-10
8570.000000  1.273570e-10
8590.000000  1.253969e-10
8610.000000  1.262831e-10
8630.000000  1.274060e-10
8650.000000  1.260134e-10
8670.000000  1.042569e-10
8690.000000  1.209085e-10
8710.000000  1.255143e-10
8730.000000  1.260807e-10
8750.000000  1.253643e-10
8770.000000  1.269637e-10
8790.000000  1.256917e-10
8810.000000  1.212835e-10
8830.000000  1.243592e-10
8850.000000  1.264811e-10
8870.000000  1.237943e-10
8890.000000  1.257199e-10
8910.000000  1.275589e-10
8930.000000  1.229948e-10
8950.000000  1.230722e-10
8970.000000  1.233423e-10
8990.000000  1.238295e-10
9010.000000  1.188502e-10
9030.000000  1.223146e-10
9050.000000  1.259161e-10
9070.000000  1.249195e-10
9090.000000  1.191404e-10
9110.000000  1.178320e-10
9130.000000  1.226895e-10
9150.000000  1.122267e-10
9170.000000  1.087611e-10
9190.000000  1.109070e-10
9210.000000  1.073209e-10
9230.000000  1.104586e-10
9250.000000  1.090501e-10
9270.000000  1.113492e-10
9290.000000  1.094422e-10
9310.000000  1.136497e-10
9330.000000  1.135899e-10
9350.000000  1.119870e-10
9370.000000  1.111390e-10
9390.000000  1.082499e-10
9410.000000  1.050378e-10
9430.000000  1.069707e-10
9450.000000  1.038451e-10
9470.000000  1.082580e-10
9490.000000  1.075070e-10
9510.000000  1.098814e-10
9530.000000  1.089749e-10
9550.000000  1.077276e-10
9570.000000  1.080445e-10
9590.000000  1.103153e-10
9610.000000  1.083407e-10
9630.000000  1.078735e-10
9650.000000  1.049712e-10
9670.000000  1.040826e-10
9690.000000  1.071122e-10
9710.000000  1.059651e-10
9730.000000  1.062449e-10
9750.000000  1.056134e-10
9770.000000  1.060921e-10
9790.000000  1.032608e-10
9810.000000  1.077027e-10
9830.000000  1.065183e-10
9850.000000  1.081284e-10
9870.000000  1.079867e-10
9890.000000  1.087451e-10
9910.000000  1.068648e-10
9930.000000  1.083670e-10
9950.000000  1.071703e-10
9970.000000  1.081454e-10
9990.000000  1.081100e-10
10025.000000  1.069564e-10
10075.000000  1.059534e-10
10125.000000  1.067376e-10
10175.000000  1.049154e-10
10225.000000  1.053525e-10
10275.000000  1.057996e-10
10325.000000  1.036394e-10
10375.000000  1.030360e-10
10425.000000  1.035487e-10
10475.000000  1.025404e-10
10525.000000  1.025956e-10
10575.000000  1.013494e-10
10625.000000  1.010323e-10
10675.000000  9.871989e-11
10725.000000  9.862476e-11
10775.000000  9.792850e-11
10825.000000  9.576576e-11
10875.000000  9.422552e-11
10925.000000  9.249339e-11
10975.000000  8.510391e-11
11025.000000  8.487799e-11
11075.000000  8.651207e-11
11125.000000  8.655090e-11
11175.000000  8.799574e-11
11225.000000  8.749519e-11
11275.000000  8.583394e-11
11325.000000  8.693136e-11
11375.000000  8.464855e-11
11425.000000  8.548070e-11
11475.000000  8.702830e-11
11525.000000  8.679779e-11
11575.000000  8.567200e-11
11625.000000  8.459675e-11
11675.000000  8.467001e-11
11725.000000  8.619320e-11
11775.000000  8.439633e-11
11825.000000  8.379536e-11
11875.000000  8.275964e-11
11925.000000  8.469303e-11
11975.000000  8.049104e-11
12025.000000  8.246305e-11
12075.000000  8.133951e-11
12125.000000  8.175295e-11
12175.000000  8.225089e-11
12225.000000  8.184608e-11
12275.000000  8.133864e-11
12325.000000  8.033573e-11
12375.000000  8.023804e-11
12425.000000  7.928054e-11
12475.000000  7.974409e-11
12525.000000  7.869403e-11
12575.000000  7.875340e-11
12625.000000  7.861848e-11
12675.000000  7.723387e-11
12725.000000  7.748810e-11
12775.000000  7.786833e-11
12825.000000  7.448167e-11
12875.000000  7.590362e-11
12925.000000  7.465415e-11
12975.000000  7.598965e-11
13025.000000  7.447910e-11
13075.000000  7.533278e-11
13125.000000  7.351023e-11
13175.000000  7.347552e-11
13225.000000  7.368413e-11
13275.000000  7.213314e-11
13325.000000  7.302694e-11
13375.000000  7.237408e-11
13425.000000  7.283993e-11
13475.000000  7.228875e-11
13525.000000  7.215984e-11
13575.000000  7.061659e-11
13625.000000  7.032078e-11
13675.000000  7.056932e-11
13725.000000  7.078554e-11
13775.000000  7.025344e-11
13825.000000  7.032228e-11
13875.000000  6.955335e-11
13925.000000  6.930522e-11
13975.000000  6.867090e-11
14025.000000  6.761940e-11
14075.000000  6.592501e-11
14125.000000  6.303127e-11
14175.000000  6.330312e-11
14225.000000  6.286918e-11
14275.000000  6.158208e-11
14325.000000  6.316174e-11
14375.000000  6.374997e-11
14425.000000  6.126607e-11
14475.000000  6.372285e-11
14525.000000  6.139365e-11
14570.000000  6.134383e-11
14620.000000  6.015939e-11
14675.000000  5.967838e-11
14725.000000  5.887695e-11
14775.000000  5.950069e-11
14825.000000  5.954639e-11
14875.000000  5.930128e-11
14925.000000  6.080780e-11
14975.000000  6.018919e-11
15025.000000  5.847390e-11
15075.000000  5.812396e-11
15125.000000  5.823663e-11
15175.000000  5.899710e-11
15225.000000  5.847780e-11
15275.000000  5.868920e-11
15325.000000  5.874950e-11
15375.000000  5.916058e-11
15425.000000  5.855231e-11
15475.000000  5.863344e-11
15525.000000  5.731127e-11
15575.000000  5.646495e-11
15625.000000  5.809064e-11
15675.000000  5.634607e-11
15725.000000  5.732554e-11
15775.000000  5.395066e-11
15825.000000  5.530855e-11
15875.000000  5.331830e-11
15925.000000  5.444924e-11
15975.000000  5.518229e-11
16050.000000  5.461607e-11
16150.000000  5.413468e-11
16250.000000  5.401297e-11
16350.000000  5.405172e-11
16450.000000  5.177312e-11
16550.000000  5.263778e-11
16650.000000  5.094524e-11
16750.000000  5.059772e-11
16850.000000  4.874013e-11
16950.000000  4.965992e-11
17050.000000  4.762624e-11
17150.000000  4.753662e-11
17250.000000  4.601540e-11
17350.000000  4.458269e-11
17450.000000  4.472319e-11
17550.000000  4.372750e-11
17650.000000  4.331485e-11
17750.000000  4.197158e-11
17850.000000  4.176783e-11
17950.000000  4.102554e-11
18050.000000  3.979501e-11
18150.000000  3.932286e-11
18250.000000  3.844767e-11
18350.000000  3.764417e-11
18450.000000  3.670913e-11
18550.000000  3.649214e-11
18650.000000  3.522400e-11
18750.000000  3.453571e-11
18850.000000  3.437341e-11
18950.000000  3.262666e-11
19050.000000  3.352925e-11
19150.000000  3.264333e-11
19250.000000  3.233605e-11
19350.000000  3.114871e-11
19450.000000  3.047857e-11
19550.000000  3.060379e-11
19650.000000  2.967625e-11
19750.000000  2.869598e-11
19850.000000  2.849909e-11
19950.000000  2.802040e-11
20050.000000  2.798246e-11
20150.000000  2.765653e-11
20250.000000  2.662436e-11
20350.000000  2.621403e-11
20450.000000  2.619477e-11
20550.000000  2.539339e-11
20650.000000  2.492386e-11
20750.000000  2.455799e-11
20850.000000  2.412649e-11
20950.000000  2.356580e-11
21050.000000  2.355923e-11
21150.000000  2.311335e-11
21250.000000  2.262333e-11
21350.000000  2.249042e-11
21450.000000  2.202259e-11
21550.000000  2.168104e-11
21650.000000  2.113330e-11
21750.000000  2.072114e-11
21850.000000  2.056566e-11
21950.000000  2.035982e-11
22050.000000  1.969856e-11
22150.000000  1.984485e-11
22250.000000  1.920554e-11
22350.000000  1.895402e-11
22450.000000  1.866517e-11
22550.000000  1.844388e-11
22650.000000  1.797997e-11
22750.000000  1.800953e-11
22850.000000  1.748856e-11
22950.000000  1.518861e-11
23050.000000  1.612693e-11
23150.000000  1.597236e-11
23250.000000  1.397142e-11
23350.000000  1.481877e-11
23450.000000  1.477301e-11
23550.000000  1.284306e-11
23650.000000  1.394478e-11
23750.000000  1.366742e-11
23850.000000  1.214125e-11
23950.000000  1.301560e-11
24050.000000  1.304047e-11
24150.000000  1.176707e-11
24250.000000  1.233789e-11
24350.000000  1.242182e-11
24450.000000  1.158818e-11
24550.000000  1.150620e-11
24650.000000  1.198610e-11
24750.000000  1.147633e-11
24850.000000  1.087690e-11
24950.000000  1.128657e-11
