2505.000000  7.699447e-16
2513.000000  4.464036e-16
2518.000000  4.638734e-16
2525.000000  6.286401e-16
2535.000000  2.344062e-15
2545.000000  2.964337e-15
2555.000000  3.643402e-15
2565.000000  1.384482e-15
2575.000000  3.522418e-15
2585.000000  1.640234e-15
2595.000000  2.688238e-15
2605.000000  4.217483e-15
2615.000000  3.259371e-15
2625.000000  7.010202e-15
2635.000000  1.554137e-14
2645.000000  1.096079e-14
2655.000000  2.562156e-14
2665.000000  1.303630e-14
2675.000000  1.430530e-14
2685.000000  1.964025e-14
2695.000000  8.306197e-15
2705.000000  2.417628e-14
2715.000000  1.671415e-14
2725.000000  1.084552e-14
2735.000000  1.305087e-14
2745.000000  1.862831e-14
2755.000000  1.944694e-14
2765.000000  3.396082e-14
2775.000000  4.791517e-14
2785.000000  2.368422e-14
2795.000000  1.996090e-14
2805.000000  2.117019e-14
2815.000000  3.988213e-14
2825.000000  4.042105e-14
2835.000000  2.812161e-14
2845.000000  1.408750e-14
2855.000000  4.683811e-15
2865.000000  2.682782e-14
2875.000000  4.018954e-14
2885.000000  8.237132e-14
2895.000000  1.162101e-13
2910.000000  1.714667e-13
2930.000000  1.790083e-13
2950.000000  1.571895e-13
2970.000000  1.595845e-13
2990.000000  1.717290e-13
3010.000000  1.620084e-13
3030.000000  2.485361e-13
3050.000000  2.887127e-13
3070.000000  4.988529e-13
3090.000000  6.143082e-13
3110.000000  1.063323e-12
3130.000000  8.868825e-13
3150.000000  1.374989e-12
3170.000000  1.856202e-12
3190.000000  1.428182e-12
3210.000000  1.674459e-12
3230.000000  1.258161e-12
3250.000000  2.215344e-12
3270.000000  3.180787e-12
3290.000000  3.725774e-12
3310.000000  2.977412e-12
3330.000000  3.157640e-12
3350.000000  2.871882e-12
3370.000000  1.869361e-12
3390.000000  2.189939e-12
3410.000000  2.780456e-12
3430.000000  3.400053e-12
3450.000000  3.097507e-12
3470.000000  3.386121e-12
3490.000000  4.366785e-12
3510.000000  5.128591e-12
3530.000000  4.112115e-12
3550.000000  5.517050e-12
3570.000000  2.458030e-12
3590.000000  2.618099e-12
3610.000000  4.523876e-12
3630.000000  6.508684e-12
3640.000000  7.170557e-12
3650.000000  7.809666e-12
3670.000000  9.606296e-12
3690.000000  8.343342e-12
3710.000000  7.780267e-12
3730.000000  3.084848e-12
3750.000000  3.885132e-12
3770.000000  7.093535e-12
3790.000000  7.551791e-12
3810.000000  6.219487e-12
3830.000000  2.585145e-12
3850.000000  3.738377e-12
3870.000000  3.987505e-12
3890.000000  6.836433e-12
3910.000000  8.484827e-12
3930.000000  2.423039e-12
3950.000000  5.611818e-12
3970.000000  3.275347e-12
3990.000000  1.357258e-11
4010.000000  1.868617e-11
4030.000000  1.707504e-11
4050.000000  1.650347e-11
4070.000000  1.518183e-11
4090.000000  2.084454e-11
4110.000000  1.775802e-11
4130.000000  1.618456e-11
4150.000000  1.458616e-11
4170.000000  1.478960e-11
4190.000000  1.632582e-11
4210.000000  1.736903e-11
4230.000000  1.618222e-11
4250.000000  2.166497e-11
4270.000000  2.042068e-11
4290.000000  1.914346e-11
4310.000000  1.813259e-11
4330.000000  2.775994e-11
4350.000000  2.876576e-11
4370.000000  3.079308e-11
4390.000000  2.679836e-11
4410.000000  2.862083e-11
4430.000000  3.121350e-11
4450.000000  3.245081e-11
4470.000000  3.548087e-11
4490.000000  3.763505e-11
4510.000000  4.501327e-11
4530.000000  3.747727e-11
4550.000000  3.981754e-11
4570.000000  4.438619e-11
4590.000000  4.378323e-11
4610.000000  4.580144e-11
4630.000000  4.453390e-11
4650.000000  4.529645e-11
4670.000000  4.832843e-11
4690.000000  4.767425e-11
4710.000000  4.640354e-11
4730.000000  4.810179e-11
4750.000000  5.064835e-11
4770.000000  4.993210e-11
4790.000000  4.994049e-11
4810.000000  5.148693e-11
4830.000000  5.395968e-11
4850.000000  5.216212e-11
4870.000000  4.956475e-11
4890.000000  5.428532e-11
4910.000000  5.441999e-11
4930.000000  5.284984e-11
4950.000000  5.650951e-11
4970.000000  5.358424e-11
4990.000000  4.939826e-11
5010.000000  4.567856e-11
5030.000000  4.929644e-11
5050.000000  4.871028e-11
5070.000000  5.060443e-11
5090.000000  4.594390e-11
5110.000000  4.815652e-11
5130.000000  4.533873e-11
5150.000000  4.416555e-11
5170.000000  4.023042e-11
5190.000000  4.361098e-11
5210.000000  4.689014e-11
5230.000000  5.622866e-11
5250.000000  5.843969e-11
5270.000000  5.194729e-11
5290.000000  6.121325e-11
5310.000000  6.733711e-11
5330.000000  5.771821e-11
5350.000000  6.460187e-11
5370.000000  6.558451e-11
5390.000000  6.176970e-11
5410.000000  6.230923e-11
5430.000000  6.271277e-11
5450.000000  6.660489e-11
5470.000000  6.378068e-11
5490.000000  6.333837e-11
5510.000000  6.254113e-11
5530.000000  6.685350e-11
5550.000000  6.904778e-11
5570.000000  6.765034e-11
5590.000000  6.520158e-11
5610.000000  6.891483e-11
5630.000000  6.744416e-11
5650.000000  6.890926e-11
5670.000000  6.696416e-11
5690.000000  7.060247e-11
5710.000000  6.632707e-11
5730.000000  7.439164e-11
5750.000000  7.144041e-11
5770.000000  7.329312e-11
5790.000000  6.816452e-11
5810.000000  7.382089e-11
5830.000000  7.738479e-11
5850.000000  7.396734e-11
5870.000000  7.408966e-11
5890.000000  5.828470e-11
5910.000000  7.210650e-11
5930.000000  7.317008e-11
5950.000000  7.307638e-11
5970.000000  7.597220e-11
5990.000000  7.392647e-11
6010.000000  7.250066e-11
6030.000000  7.585336e-11
6050.000000  7.770709e-11
6070.000000  7.732428e-11
6090.000000  7.357793e-11
6110.000000  7.453833e-11
6130.000000  6.907483e-11
6150.000000  7.275016e-11
6170.000000  6.821698e-11
6190.000000  7.339228e-11
6210.000000  7.198960e-11
6230.000000  6.912826e-11
6250.000000  6.616483e-11
6270.000000  7.022793e-11
6290.000000  7.302968e-11
6310.000000  7.066115e-11
6330.000000  7.271582e-11
6350.000000  7.273190e-11
6370.000000  7.216552e-11
6390.000000  7.443885e-11
6410.000000  7.331839e-11
6430.000000  7.380613e-11
6450.000000  7.392429e-11
6470.000000  7.436777e-11
6490.000000  7.167090e-11
6510.000000  7.433556e-11
6530.000000  7.536965e-11
6550.000000  7.401612e-11
6570.000000  7.374283e-11
6590.000000  7.532876e-11
6610.000000  7.552823e-11
6630.000000  7.538464e-11
6650.000000  7.498686e-11
6670.000000  7.328796e-11
6690.000000  7.530713e-11
6710.000000  7.203131e-11
6730.000000  7.529785e-11
6750.000000  7.328299e-11
6770.000000  7.477728e-11
6790.000000  7.370959e-11
6810.000000  7.414663e-11
6830.000000  7.567942e-11
6850.000000  7.356914e-11
6870.000000  7.472369e-11
6890.000000  7.623115e-11
6910.000000  7.579948e-11
6930.000000  7.422620e-11
6950.000000  7.280793e-11
6970.000000  7.428554e-11
6990.000000  7.275499e-11
7010.000000  7.165836e-11
7030.000000  7.372779e-11
7050.000000  7.460429e-11
7070.000000  7.141059e-11
7090.000000  7.025786e-11
7110.000000  6.932901e-11
7130.000000  6.707332e-11
7150.000000  6.730058e-11
7170.000000  6.943730e-11
7190.000000  6.772149e-11
7210.000000  6.933482e-11
7230.000000  7.202371e-11
7250.000000  7.158757e-11
7270.000000  7.157587e-11
7290.000000  6.998844e-11
7310.000000  7.132543e-11
7330.000000  7.125351e-11
7350.000000  7.101855e-11
7370.000000  7.348494e-11
7390.000000  7.213075e-11
7410.000000  7.175906e-11
7430.000000  7.274073e-11
7450.000000  7.278214e-11
7470.000000  7.273590e-11
7490.000000  7.225083e-11
7510.000000  7.379149e-11
7530.000000  7.443453e-11
7550.000000  7.487476e-11
7570.000000  7.426085e-11
7590.000000  7.341762e-11
7610.000000  7.361631e-11
7630.000000  7.401787e-11
7650.000000  7.422076e-11
7670.000000  7.102651e-11
7690.000000  7.395892e-11
7710.000000  7.198103e-11
7730.000000  7.241834e-11
7750.000000  7.193792e-11
7770.000000  7.386978e-11
7790.000000  7.363927e-11
7810.000000  7.379848e-11
7830.000000  7.285565e-11
7850.000000  7.198107e-11
7870.000000  7.243932e-11
7890.000000  6.934017e-11
7910.000000  6.727211e-11
7930.000000  6.778952e-11
7950.000000  6.617200e-11
7970.000000  6.963598e-11
7990.000000  6.922240e-11
8010.000000  6.942761e-11
8030.000000  6.968421e-11
8050.000000  6.894875e-11
8070.000000  6.773417e-11
8090.000000  6.613782e-11
8110.000000  6.573884e-11
8130.000000  6.715977e-11
8150.000000  6.735808e-11
8170.000000  6.773320e-11
8190.000000  6.631267e-11
8210.000000  6.600425e-11
8230.000000  6.755698e-11
8250.000000  6.770169e-11
8270.000000  6.880038e-11
8290.000000  6.797889e-11
8310.000000  6.481762e-11
8330.000000  6.555120e-11
8350.000000  6.547361e-11
8370.000000  6.626940e-11
8390.000000  6.348930e-11
8410.000000  6.671870e-11
8430.000000  6.455037e-11
8450.000000  6.630428e-11
8470.000000  6.634727e-11
8490.000000  6.581479e-11
8510.000000  6.244799e-11
8530.000000  6.475851e-11
8550.000000  5.403171e-11
8570.000000  6.703551e-11
8590.000000  6.634777e-11
8610.000000  6.654233e-11
8630.000000  6.704323e-11
8650.000000  6.668126e-11
8670.000000  5.568206e-11
8690.000000  6.404447e-11
8710.000000  6.650360e-11
8730.000000  6.673252e-11
8750.000000  6.644189e-11
8770.000000  6.686575e-11
8790.000000  6.666802e-11
8810.000000  6.471652e-11
8830.000000  6.589298e-11
8850.000000  6.685463e-11
8870.000000  6.536532e-11
8890.000000  6.645401e-11
8910.000000  6.717089e-11
8930.000000  6.526438e-11
8950.000000  6.499687e-11
8970.000000  6.531303e-11
8990.000000  6.572887e-11
9010.000000  6.308753e-11
9030.000000  6.481868e-11
9050.000000  6.646573e-11
9070.000000  6.626154e-11
9090.000000  6.350393e-11
9110.000000  6.318515e-11
9130.000000  6.506571e-11
9150.000000  6.040546e-11
9170.000000  5.877692e-11
9190.000000  5.974612e-11
9210.000000  5.825728e-11
9230.000000  5.964884e-11
9250.000000  5.901418e-11
9270.000000  5.997734e-11
9290.000000  5.912883e-11
9310.000000  6.113217e-11
9330.000000  6.123914e-11
9350.000000  6.040607e-11
9370.000000  5.971064e-11
9390.000000  5.883626e-11
9410.000000  5.759753e-11
9430.000000  5.831229e-11
9450.000000  5.685463e-11
9470.000000  5.888055e-11
9490.000000  5.853805e-11
9510.000000  5.974078e-11
9530.000000  5.924758e-11
9550.000000  5.856647e-11
9570.000000  5.876111e-11
9590.000000  5.988943e-11
9610.000000  5.890913e-11
9630.000000  5.894867e-11
9650.000000  5.719082e-11
9670.000000  5.691881e-11
9690.000000  5.837836e-11
9710.000000  5.792224e-11
9730.000000  5.772561e-11
9750.000000  5.758348e-11
9770.000000  5.795785e-11
9790.000000  5.651294e-11
9810.000000  5.885034e-11
9830.000000  5.822111e-11
9850.000000  5.905270e-11
9870.000000  5.890426e-11
9890.000000  5.918568e-11
9910.000000  5.846503e-11
9930.000000  5.901325e-11
9950.000000  5.855604e-11
9970.000000  5.900160e-11
9990.000000  5.904772e-11
10025.000000  5.831801e-11
10075.000000  5.785427e-11
10125.000000  5.824533e-11
10175.000000  5.746669e-11
10225.000000  5.770963e-11
10275.000000  5.788623e-11
10325.000000  5.679854e-11
10375.000000  5.651914e-11
10425.000000  5.682937e-11
10475.000000  5.632551e-11
10525.000000  5.643947e-11
10575.000000  5.574485e-11
10625.000000  5.561732e-11
10675.000000  5.458749e-11
10725.000000  5.461506e-11
10775.000000  5.419398e-11
10825.000000  5.334669e-11
10875.000000  5.263272e-11
10925.000000  5.167553e-11
10975.000000  4.816298e-11
11025.000000  4.797750e-11
11075.000000  4.884996e-11
11125.000000  4.884384e-11
11175.000000  4.950959e-11
11225.000000  4.940850e-11
11275.000000  4.863721e-11
11325.000000  4.913366e-11
11375.000000  4.799980e-11
11425.000000  4.843715e-11
11475.000000  4.911346e-11
11525.000000  4.910465e-11
11575.000000  4.857610e-11
11625.000000  4.796877e-11
11675.000000  4.808243e-11
11725.000000  4.886647e-11
11775.000000  4.789195e-11
11825.000000  4.772148e-11
11875.000000  4.713091e-11
11925.000000  4.809382e-11
11975.000000  4.608494e-11
12025.000000  4.711759e-11
12075.000000  4.666845e-11
12125.000000  4.685876e-11
12175.000000  4.698709e-11
12225.000000  4.680624e-11
12275.000000  4.656075e-11
12325.000000  4.617402e-11
12375.000000  4.607117e-11
12425.000000  4.569035e-11
12475.000000  4.582516e-11
12525.000000  4.535614e-11
12575.000000  4.537103e-11
12625.000000  4.525543e-11
12675.000000  4.474153e-11
12725.000000  4.483012e-11
12775.000000  4.495738e-11
12825.000000  4.339066e-11
12875.000000  4.408278e-11
12925.000000  4.343353e-11
12975.000000  4.410345e-11
13025.000000  4.356356e-11
13075.000000  4.386051e-11
13125.000000  4.302434e-11
13175.000000  4.299865e-11
13225.000000  4.313803e-11
13275.000000  4.237095e-11
13325.000000  4.280338e-11
13375.000000  4.256640e-11
13425.000000  4.276528e-11
13475.000000  4.257855e-11
13525.000000  4.250423e-11
13575.000000  4.180641e-11
13625.000000  4.157713e-11
13675.000000  4.181653e-11
13725.000000  4.198979e-11
13775.000000  4.171315e-11
13825.000000  4.180371e-11
13875.000000  4.130292e-11
13925.000000  4.084559e-11
13975.000000  4.078864e-11
14025.000000  4.034819e-11
14075.000000  3.951437e-11
14125.000000  3.811560e-11
14175.000000  3.816391e-11
14225.000000  3.806148e-11
14275.000000  3.747682e-11
14325.000000  3.832790e-11
14375.000000  3.863369e-11
14425.000000  3.753385e-11
14475.000000  3.890124e-11
14525.000000  3.764406e-11
14570.000000  3.759267e-11
14620.000000  3.684951e-11
14675.000000  3.667710e-11
14725.000000  3.643133e-11
14775.000000  3.686150e-11
14825.000000  3.698256e-11
14875.000000  3.692272e-11
14925.000000  3.772985e-11
14975.000000  3.757036e-11
15025.000000  3.667747e-11
15075.000000  3.649175e-11
15125.000000  3.660250e-11
15175.000000  3.704675e-11
15225.000000  3.699523e-11
15275.000000  3.694812e-11
15325.000000  3.718502e-11
15375.000000  3.732865e-11
15425.000000  3.703636e-11
15475.000000  3.740527e-11
15525.000000  3.663798e-11
15575.000000  3.594134e-11
15625.000000  3.699742e-11
15675.000000  3.639247e-11
15725.000000  3.673155e-11
15775.000000  3.471234e-11
15825.000000  3.567552e-11
15875.000000  3.473699e-11
15925.000000  3.565541e-11
15975.000000  3.567731e-11
16050.000000  3.543929e-11
16150.000000  3.539734e-11
16250.000000  3.507009e-11
16350.000000  3.546466e-11
16450.000000  3.378285e-11
16550.000000  3.458545e-11
16650.000000  3.324575e-11
16750.000000  3.321029e-11
16850.000000  3.199932e-11
16950.000000  3.256309e-11
17050.000000  3.130682e-11
17150.000000  3.112266e-11
17250.000000  3.035241e-11
17350.000000  2.939641e-11
17450.000000  2.946435e-11
17550.000000  2.877312e-11
17650.000000  2.847818e-11
17750.000000  2.771976e-11
17850.000000  2.746933e-11
17950.000000  2.706562e-11
18050.000000  2.620526e-11
18150.000000  2.593577e-11
18250.000000  2.534620e-11
18350.000000  2.492398e-11
18450.000000  2.429173e-11
18550.000000  2.406029e-11
18650.000000  2.336687e-11
18750.000000  2.288671e-11
18850.000000  2.271887e-11
18950.000000  2.171438e-11
19050.000000  2.210924e-11
19150.000000  2.158627e-11
19250.000000  2.136847e-11
19350.000000  2.062025e-11
19450.000000  2.018690e-11
19550.000000  2.015921e-11
19650.000000  1.960700e-11
19750.000000  1.896835e-11
19850.000000  1.880247e-11
19950.000000  1.846775e-11
20050.000000  1.844185e-11
20150.000000  1.820491e-11
20250.000000  1.758649e-11
20350.000000  1.733515e-11
20450.000000  1.726414e-11
20550.000000  1.677988e-11
20650.000000  1.646114e-11
20750.000000  1.622241e-11
20850.000000  1.594963e-11
20950.000000  1.558467e-11
21050.000000  1.553315e-11
21150.000000  1.526098e-11
21250.000000  1.496799e-11
21350.000000  1.483265e-11
21450.000000  1.453726e-11
21550.000000  1.432169e-11
21650.000000  1.399368e-11
21750.000000  1.372213e-11
21850.000000  1.359243e-11
21950.000000  1.344287e-11
22050.000000  1.301809e-11
22150.000000  1.310304e-11
22250.000000  1.266880e-11
22350.000000  1.252798e-11
22450.000000  1.234698e-11
22550.000000  1.219702e-11
22650.000000  1.190315e-11
22750.000000  1.189683e-11
22850.000000  1.158842e-11
22950.000000  9.866435e-12
23050.000000  1.058254e-11
23150.000000  1.048363e-11
23250.000000  9.024346e-12
23350.000000  9.675683e-12
23450.000000  9.570917e-12
23550.000000  8.220676e-12
23650.000000  9.035932e-12
23750.000000  8.838773e-12
23850.000000  7.775268e-12
23950.000000  8.413207e-12
24050.000000  8.413937e-12
24150.000000  7.539957e-12
24250.000000  7.984834e-12
24350.000000  8.022707e-12
24450.000000  7.443374e-12
24550.000000  7.440835e-12
24650.000000  7.752915e-12
24750.000000  7.412571e-12
24850.000000  7.009283e-12
24950.000000  7.300815e-12
