2505.000000  1.328628e-11
2513.000000  6.484605e-12
2518.000000  4.652627e-12
2525.000000  4.371376e-12
2535.000000  5.215283e-12
2545.000000  6.577933e-12
2555.000000  1.249450e-11
2565.000000  1.009408e-11
2575.000000  1.341798e-11
2585.000000  1.164553e-11
2595.000000  1.024267e-11
2605.000000  8.102052e-12
2615.000000  7.280488e-12
2625.000000  1.081070e-11
2635.000000  1.910211e-11
2645.000000  2.734654e-11
2655.000000  3.397862e-11
2665.000000  2.209334e-11
2675.000000  2.580120e-11
2685.000000  2.845856e-11
2695.000000  2.195635e-11
2705.000000  2.673279e-11
2715.000000  1.945579e-11
2725.000000  1.776491e-11
2735.000000  2.072806e-11
2745.000000  9.892942e-12
2755.000000  1.405928e-11
2765.000000  1.877386e-11
2775.000000  2.151229e-11
2785.000000  1.159468e-11
2795.000000  3.696593e-12
2805.000000  4.869723e-12
2815.000000  1.879448e-11
2825.000000  2.973380e-11
2835.000000  2.845998e-11
2845.000000  2.287350e-11
2855.000000  1.201292e-11
2865.000000  2.876107e-11
2875.000000  3.352551e-11
2885.000000  3.025417e-11
2895.000000  3.271643e-11
2910.000000  4.253005e-11
2930.000000  3.817534e-11
2950.000000  3.735452e-11
2970.000000  4.126897e-11
2990.000000  4.078217e-11
3010.000000  4.330098e-11
3030.000000  4.356335e-11
3050.000000  4.518819e-11
3070.000000  4.467997e-11
3090.000000  4.530624e-11
3110.000000  4.598438e-11
3130.000000  4.496441e-11
3150.000000  4.370007e-11
3170.000000  4.614929e-11
3190.000000  4.158111e-11
3210.000000  4.620946e-11
3230.000000  3.930378e-11
3250.000000  4.871380e-11
3270.000000  5.468056e-11
3290.000000  5.311210e-11
3310.000000  5.334126e-11
3330.000000  5.301028e-11
3350.000000  5.201053e-11
3370.000000  4.495104e-11
3390.000000  4.983638e-11
3410.000000  5.059396e-11
3430.000000  5.186356e-11
3450.000000  5.379908e-11
3470.000000  5.391308e-11
3490.000000  5.593536e-11
3510.000000  5.794986e-11
3530.000000  5.500218e-11
3550.000000  6.201226e-11
3570.000000  5.204341e-11
3590.000000  5.172548e-11
3610.000000  5.446051e-11
3630.000000  5.497189e-11
3640.000000  5.483540e-11
3650.000000  6.108994e-11
3670.000000  6.067753e-11
3690.000000  5.906370e-11
3710.000000  6.258269e-11
3730.000000  5.678321e-11
3750.000000  6.351483e-11
3770.000000  7.017225e-11
3790.000000  7.555301e-11
3810.000000  8.036368e-11
3830.000000  6.025833e-11
3850.000000  7.722524e-11
3870.000000  7.847798e-11
3890.000000  7.096300e-11
3910.000000  8.272319e-11
3930.000000  4.768654e-11
3950.000000  7.503937e-11
3970.000000  5.104042e-11
3990.000000  9.076848e-11
4010.000000  9.603330e-11
4030.000000  9.589476e-11
4050.000000  9.383327e-11
4070.000000  9.237468e-11
4090.000000  9.621329e-11
4110.000000  8.817378e-11
4130.000000  9.756190e-11
4150.000000  1.000489e-10
4170.000000  9.885292e-11
4190.000000  9.667610e-11
4210.000000  9.655855e-11
4230.000000  9.292297e-11
4250.000000  9.495338e-11
4270.000000  9.129913e-11
4290.000000  8.512769e-11
4310.000000  7.445734e-11
4330.000000  9.083562e-11
4350.000000  8.447053e-11
4370.000000  9.808096e-11
4390.000000  9.265810e-11
4410.000000  9.569894e-11
4430.000000  9.763555e-11
4450.000000  9.705629e-11
4470.000000  9.978348e-11
4490.000000  9.997564e-11
4510.000000  1.065601e-10
4530.000000  9.860509e-11
4550.000000  1.001349e-10
4570.000000  1.052984e-10
4590.000000  1.001126e-10
4610.000000  1.024316e-10
4630.000000  1.006146e-10
4650.000000  1.015701e-10
4670.000000  1.032761e-10
4690.000000  1.010339e-10
4710.000000  9.730992e-11
4730.000000  1.015325e-10
4750.000000  1.023316e-10
4770.000000  1.017710e-10
4790.000000  1.012159e-10
4810.000000  1.002500e-10
4830.000000  1.005666e-10
4850.000000  9.265964e-11
4870.000000  8.098436e-11
4890.000000  9.603721e-11
4910.000000  9.612462e-11
4930.000000  9.451998e-11
4950.000000  9.727339e-11
4970.000000  9.799360e-11
4990.000000  9.235663e-11
5010.000000  8.911648e-11
5030.000000  9.332847e-11
5050.000000  9.293151e-11
5070.000000  9.562424e-11
5090.000000  9.286539e-11
5110.000000  9.375045e-11
5130.000000  9.158697e-11
5150.000000  8.925735e-11
5170.000000  8.555141e-11
5190.000000  8.512098e-11
5210.000000  8.845758e-11
5230.000000  8.916338e-11
5250.000000  9.077099e-11
5270.000000  8.300563e-11
5290.000000  8.961098e-11
5310.000000  9.083173e-11
5330.000000  8.489488e-11
5350.000000  8.907880e-11
5370.000000  8.873797e-11
5390.000000  8.780303e-11
5410.000000  8.542095e-11
5430.000000  8.697723e-11
5450.000000  8.835008e-11
5470.000000  8.686303e-11
5490.000000  8.626603e-11
5510.000000  8.616481e-11
5530.000000  8.620763e-11
5550.000000  8.681892e-11
5570.000000  8.485150e-11
5590.000000  8.359895e-11
5610.000000  8.480077e-11
5630.000000  8.503297e-11
5650.000000  8.436732e-11
5670.000000  8.267179e-11
5690.000000  8.345377e-11
5710.000000  8.222230e-11
5730.000000  8.524798e-11
5750.000000  8.313486e-11
5770.000000  8.343516e-11
5790.000000  8.187150e-11
5810.000000  8.262089e-11
5830.000000  8.298010e-11
5850.000000  8.151145e-11
5870.000000  8.138950e-11
5890.000000  7.817929e-11
5910.000000  8.048522e-11
5930.000000  8.002694e-11
5950.000000  7.990156e-11
5970.000000  7.968342e-11
5990.000000  7.889675e-11
6010.000000  7.783045e-11
6030.000000  7.767870e-11
6050.000000  7.832887e-11
6070.000000  7.796201e-11
6090.000000  7.664824e-11
6110.000000  7.580228e-11
6130.000000  7.381832e-11
6150.000000  7.394426e-11
6170.000000  7.253530e-11
6190.000000  7.474163e-11
6210.000000  7.466907e-11
6230.000000  7.313458e-11
6250.000000  7.107434e-11
6270.000000  7.330711e-11
6290.000000  7.321037e-11
6310.000000  7.139382e-11
6330.000000  7.149660e-11
6350.000000  7.128367e-11
6370.000000  7.087462e-11
6390.000000  7.105037e-11
6410.000000  6.960436e-11
6430.000000  6.991110e-11
6450.000000  6.906341e-11
6470.000000  6.891785e-11
6490.000000  6.784754e-11
6510.000000  6.863909e-11
6530.000000  6.826103e-11
6550.000000  6.522721e-11
6570.000000  5.683070e-11
6590.000000  6.635962e-11
6610.000000  6.719835e-11
6630.000000  6.689277e-11
6650.000000  6.660987e-11
6670.000000  6.584956e-11
6690.000000  6.625970e-11
6710.000000  6.532096e-11
6730.000000  6.545885e-11
6750.000000  6.465358e-11
6770.000000  6.459935e-11
6790.000000  6.420009e-11
6810.000000  6.375653e-11
6830.000000  6.368018e-11
6850.000000  6.272285e-11
6870.000000  6.289922e-11
6890.000000  6.270563e-11
6910.000000  6.224947e-11
6930.000000  6.193254e-11
6950.000000  6.160654e-11
6970.000000  6.137342e-11
6990.000000  6.109548e-11
7010.000000  5.968767e-11
7030.000000  6.013083e-11
7050.000000  6.007946e-11
7070.000000  5.960445e-11
7090.000000  5.926062e-11
7110.000000  5.877534e-11
7130.000000  5.834451e-11
7150.000000  5.799141e-11
7170.000000  5.763535e-11
7190.000000  5.661322e-11
7210.000000  5.701409e-11
7230.000000  5.675736e-11
7250.000000  5.676049e-11
7270.000000  5.654616e-11
7290.000000  5.539410e-11
7310.000000  5.571952e-11
7330.000000  5.544470e-11
7350.000000  5.541381e-11
7370.000000  5.524120e-11
7390.000000  5.417677e-11
7410.000000  5.344158e-11
7430.000000  5.365258e-11
7450.000000  5.357912e-11
7470.000000  5.360510e-11
7490.000000  5.313206e-11
7510.000000  5.302402e-11
7530.000000  5.284445e-11
7550.000000  5.279958e-11
7570.000000  5.226827e-11
7590.000000  5.205614e-11
7610.000000  5.170000e-11
7630.000000  5.166042e-11
7650.000000  5.130898e-11
7670.000000  5.031194e-11
7690.000000  5.070194e-11
7710.000000  5.018692e-11
7730.000000  5.011425e-11
7750.000000  4.955888e-11
7770.000000  4.945924e-11
7790.000000  4.966703e-11
7810.000000  4.931945e-11
7830.000000  4.878417e-11
7850.000000  4.855899e-11
7870.000000  4.865601e-11
7890.000000  4.835942e-11
7910.000000  4.787283e-11
7930.000000  4.708860e-11
7950.000000  4.708174e-11
7970.000000  4.741507e-11
7990.000000  4.721034e-11
8010.000000  4.668873e-11
8030.000000  4.644613e-11
8050.000000  4.611126e-11
8070.000000  4.617037e-11
8090.000000  4.555164e-11
8110.000000  4.572982e-11
8130.000000  4.564621e-11
8150.000000  4.532214e-11
8170.000000  4.508703e-11
8190.000000  4.399120e-11
8210.000000  4.398482e-11
8230.000000  4.378403e-11
8250.000000  4.377596e-11
8270.000000  4.400048e-11
8290.000000  4.370331e-11
8310.000000  4.307052e-11
8330.000000  4.264560e-11
8350.000000  4.280726e-11
8370.000000  4.278683e-11
8390.000000  4.218589e-11
8410.000000  4.237577e-11
8430.000000  4.176140e-11
8450.000000  4.152979e-11
8470.000000  4.130036e-11
8490.000000  4.089915e-11
8510.000000  3.905954e-11
8530.000000  4.033540e-11
8550.000000  3.499011e-11
8570.000000  4.082825e-11
8590.000000  3.990872e-11
8610.000000  3.955267e-11
8630.000000  4.022975e-11
8650.000000  3.958829e-11
8670.000000  3.432772e-11
8690.000000  3.881470e-11
8710.000000  3.937745e-11
8730.000000  3.905211e-11
8750.000000  3.696737e-11
8770.000000  3.871655e-11
8790.000000  3.869757e-11
8810.000000  3.815229e-11
8830.000000  3.817186e-11
8850.000000  3.756374e-11
8870.000000  3.558653e-11
8890.000000  3.774844e-11
8910.000000  3.779032e-11
8930.000000  3.726288e-11
8950.000000  3.731997e-11
8970.000000  3.716267e-11
8990.000000  3.694969e-11
9010.000000  3.415663e-11
9030.000000  3.576445e-11
9050.000000  3.664586e-11
9070.000000  3.591380e-11
9090.000000  3.510773e-11
9110.000000  3.555798e-11
9130.000000  3.595382e-11
9150.000000  3.576283e-11
9170.000000  3.552701e-11
9190.000000  3.542183e-11
9210.000000  3.442613e-11
9230.000000  3.197660e-11
9250.000000  3.379070e-11
9270.000000  3.431173e-11
9290.000000  3.451658e-11
9310.000000  3.447393e-11
9330.000000  3.423507e-11
9350.000000  3.407861e-11
9370.000000  3.391351e-11
9390.000000  3.375470e-11
9410.000000  3.249594e-11
9430.000000  3.320729e-11
9450.000000  3.292300e-11
9470.000000  3.315468e-11
9490.000000  3.306786e-11
9510.000000  3.272094e-11
9530.000000  3.217099e-11
9550.000000  2.974883e-11
9570.000000  3.189340e-11
9590.000000  3.218499e-11
9610.000000  3.183274e-11
9630.000000  3.153475e-11
9650.000000  3.151325e-11
9670.000000  3.121457e-11
9690.000000  3.130375e-11
9710.000000  3.132431e-11
9730.000000  3.119122e-11
9750.000000  3.079070e-11
9770.000000  3.082314e-11
9790.000000  3.063730e-11
9810.000000  3.063418e-11
9830.000000  3.044194e-11
9850.000000  3.028939e-11
9870.000000  3.005324e-11
9890.000000  2.986038e-11
9910.000000  2.969483e-11
9930.000000  2.979766e-11
9950.000000  2.965939e-11
9970.000000  2.953508e-11
9990.000000  2.937151e-11
10025.000000  2.864842e-11
10075.000000  2.782844e-11
10125.000000  2.836938e-11
10175.000000  2.796375e-11
10225.000000  2.778868e-11
10275.000000  2.758361e-11
10325.000000  2.707614e-11
10375.000000  2.683154e-11
10425.000000  2.662429e-11
10475.000000  2.606196e-11
10525.000000  2.597260e-11
10575.000000  2.563496e-11
10625.000000  2.532020e-11
10675.000000  2.464244e-11
10725.000000  2.464914e-11
10775.000000  2.436417e-11
10825.000000  2.391814e-11
10875.000000  2.371852e-11
10925.000000  2.255244e-11
10975.000000  2.294548e-11
11025.000000  2.316112e-11
11075.000000  2.303977e-11
11125.000000  2.271455e-11
11175.000000  2.244626e-11
11225.000000  2.230880e-11
11275.000000  2.178246e-11
11325.000000  2.163080e-11
11375.000000  2.148149e-11
11425.000000  2.111309e-11
11475.000000  2.119495e-11
11525.000000  2.097928e-11
11575.000000  2.067656e-11
11625.000000  2.026408e-11
11675.000000  2.005846e-11
11725.000000  2.015323e-11
11775.000000  1.960929e-11
11825.000000  1.949041e-11
11875.000000  1.921757e-11
11925.000000  1.938546e-11
11975.000000  1.877484e-11
12025.000000  1.882216e-11
12075.000000  1.856943e-11
12125.000000  1.845590e-11
12175.000000  1.841668e-11
12225.000000  1.822282e-11
12275.000000  1.797998e-11
12325.000000  1.783592e-11
12375.000000  1.766383e-11
12425.000000  1.748783e-11
12475.000000  1.735454e-11
12525.000000  1.713532e-11
12575.000000  1.693618e-11
12625.000000  1.679375e-11
12675.000000  1.662835e-11
12725.000000  1.651336e-11
12775.000000  1.623692e-11
12825.000000  1.489976e-11
12875.000000  1.592067e-11
12925.000000  1.583310e-11
12975.000000  1.575912e-11
13025.000000  1.556382e-11
13075.000000  1.548406e-11
13125.000000  1.523231e-11
13175.000000  1.506622e-11
13225.000000  1.504939e-11
13275.000000  1.481329e-11
13325.000000  1.473736e-11
13375.000000  1.458600e-11
13425.000000  1.450383e-11
13475.000000  1.436455e-11
13525.000000  1.421999e-11
13575.000000  1.400366e-11
13625.000000  1.394077e-11
13675.000000  1.379678e-11
13725.000000  1.360994e-11
13775.000000  1.353702e-11
13825.000000  1.343230e-11
13875.000000  1.336227e-11
13925.000000  1.320748e-11
13975.000000  1.309440e-11
14025.000000  1.293403e-11
14075.000000  1.287547e-11
14125.000000  1.268274e-11
14175.000000  1.265649e-11
14225.000000  1.242507e-11
14275.000000  1.225336e-11
14325.000000  1.228886e-11
14375.000000  1.223455e-11
14425.000000  1.180116e-11
14475.000000  1.198726e-11
14525.000000  1.171457e-11
14570.000000  1.173997e-11
14620.000000  1.161926e-11
14675.000000  1.154637e-11
14725.000000  1.134432e-11
14775.000000  1.125175e-11
14825.000000  1.119742e-11
14875.000000  1.095914e-11
14925.000000  1.110072e-11
14975.000000  1.093059e-11
15025.000000  1.070867e-11
15075.000000  1.061783e-11
15125.000000  1.067494e-11
15175.000000  1.061092e-11
15225.000000  1.043461e-11
15275.000000  1.041099e-11
15325.000000  1.029342e-11
15375.000000  1.021158e-11
15425.000000  1.008297e-11
15475.000000  1.002915e-11
15525.000000  9.918599e-12
15575.000000  9.771969e-12
15625.000000  9.824899e-12
15675.000000  9.591370e-12
15725.000000  9.504267e-12
15775.000000  9.339807e-12
15825.000000  9.374200e-12
15875.000000  8.942807e-12
15925.000000  9.170691e-12
15975.000000  9.175018e-12
16050.000000  9.000057e-12
16150.000000  8.680571e-12
16250.000000  8.782170e-12
16350.000000  8.475562e-12
16450.000000  8.120141e-12
16550.000000  8.287135e-12
16650.000000  8.128890e-12
16750.000000  7.793499e-12
16850.000000  7.417088e-12
16950.000000  7.661692e-12
17050.000000  7.450989e-12
17150.000000  7.320065e-12
17250.000000  7.098425e-12
17350.000000  6.552636e-12
17450.000000  6.770465e-12
17550.000000  6.726826e-12
17650.000000  6.588792e-12
17750.000000  6.466813e-12
17850.000000  6.350973e-12
17950.000000  6.240732e-12
18050.000000  6.075391e-12
18150.000000  5.631719e-12
18250.000000  5.758594e-12
18350.000000  5.736076e-12
18450.000000  5.603921e-12
18550.000000  5.512694e-12
18650.000000  5.365199e-12
18750.000000  4.922815e-12
18850.000000  5.160122e-12
18950.000000  5.016607e-12
19050.000000  5.022505e-12
19150.000000  4.916158e-12
19250.000000  4.825386e-12
19350.000000  4.690890e-12
19450.000000  4.334210e-12
19550.000000  4.535447e-12
19650.000000  4.470892e-12
19750.000000  4.376624e-12
19850.000000  4.316603e-12
19950.000000  4.237776e-12
20050.000000  4.174560e-12
20150.000000  4.111404e-12
20250.000000  4.015221e-12
20350.000000  3.924635e-12
20450.000000  3.893710e-12
20550.000000  3.817029e-12
20650.000000  3.734459e-12
20750.000000  3.678338e-12
20850.000000  3.614456e-12
20950.000000  3.538258e-12
21050.000000  3.494137e-12
21150.000000  3.425687e-12
21250.000000  3.365697e-12
21350.000000  3.313084e-12
21450.000000  3.263107e-12
21550.000000  3.194431e-12
21650.000000  2.955876e-12
21750.000000  3.062626e-12
21850.000000  3.033898e-12
21950.000000  3.000808e-12
22050.000000  2.930609e-12
22150.000000  2.894246e-12
22250.000000  2.850043e-12
22350.000000  2.802809e-12
22450.000000  2.757053e-12
22550.000000  2.699696e-12
22650.000000  2.660587e-12
22750.000000  2.624810e-12
22850.000000  2.573422e-12
22950.000000  2.533451e-12
23050.000000  2.502053e-12
23150.000000  2.457477e-12
23250.000000  2.418879e-12
23350.000000  2.377865e-12
23450.000000  2.347999e-12
23550.000000  2.304397e-12
23650.000000  2.274867e-12
23750.000000  2.228656e-12
23850.000000  2.192395e-12
23950.000000  2.168355e-12
24050.000000  2.132514e-12
24150.000000  2.093036e-12
24250.000000  2.066981e-12
24350.000000  2.031669e-12
24450.000000  2.004470e-12
24550.000000  1.962816e-12
24650.000000  1.946198e-12
24750.000000  1.910867e-12
24850.000000  1.874808e-12
24950.000000  1.853935e-12
