2505.000000  9.156143e-11
2513.000000  7.960899e-11
2518.000000  8.316568e-11
2525.000000  7.614358e-11
2535.000000  7.793902e-11
2545.000000  7.514556e-11
2555.000000  8.115787e-11
2565.000000  7.881222e-11
2575.000000  8.647630e-11
2585.000000  8.417422e-11
2595.000000  8.261071e-11
2605.000000  7.802615e-11
2615.000000  7.764256e-11
2625.000000  8.227921e-11
2635.000000  8.267872e-11
2645.000000  9.167492e-11
2655.000000  8.970840e-11
2665.000000  8.004183e-11
2675.000000  8.558013e-11
2685.000000  8.253696e-11
2695.000000  8.047440e-11
2705.000000  8.386051e-11
2715.000000  7.903057e-11
2725.000000  8.011837e-11
2735.000000  8.645661e-11
2745.000000  7.145351e-11
2755.000000  7.128780e-11
2765.000000  7.367543e-11
2775.000000  8.000684e-11
2785.000000  7.956505e-11
2795.000000  6.349620e-11
2805.000000  7.174418e-11
2815.000000  8.125623e-11
2825.000000  8.285640e-11
2835.000000  7.711047e-11
2845.000000  7.435698e-11
2855.000000  7.325342e-11
2865.000000  7.827874e-11
2875.000000  7.509918e-11
2885.000000  7.626754e-11
2895.000000  7.279986e-11
2910.000000  8.095198e-11
2930.000000  7.723816e-11
2950.000000  7.686645e-11
2970.000000  7.741266e-11
2990.000000  7.730113e-11
3010.000000  7.910323e-11
3030.000000  7.731693e-11
3050.000000  7.571270e-11
3070.000000  7.444843e-11
3090.000000  7.521471e-11
3110.000000  7.244930e-11
3130.000000  7.164862e-11
3150.000000  7.226272e-11
3170.000000  7.086903e-11
3190.000000  6.801889e-11
3210.000000  6.910503e-11
3230.000000  6.773373e-11
3250.000000  6.743323e-11
3270.000000  6.708611e-11
3290.000000  6.680912e-11
3310.000000  6.661836e-11
3330.000000  6.490920e-11
3350.000000  6.374514e-11
3370.000000  6.317092e-11
3390.000000  6.213762e-11
3410.000000  6.270855e-11
3430.000000  6.192007e-11
3450.000000  6.122212e-11
3470.000000  6.009454e-11
3490.000000  5.942505e-11
3510.000000  5.953525e-11
3530.000000  5.931604e-11
3550.000000  5.881840e-11
3570.000000  5.775785e-11
3590.000000  5.705990e-11
3610.000000  5.650117e-11
3630.000000  5.578014e-11
3640.000000  5.563125e-11
3650.000000  5.613828e-11
3670.000000  5.548650e-11
3690.000000  5.334256e-11
3710.000000  5.437331e-11
3730.000000  5.559139e-11
3750.000000  6.957253e-11
3770.000000  7.237190e-11
3790.000000  8.490581e-11
3810.000000  9.469888e-11
3830.000000  7.693097e-11
3850.000000  9.867462e-11
3870.000000  1.062817e-10
3890.000000  6.959329e-11
3910.000000  1.041053e-10
3930.000000  1.046554e-10
3950.000000  1.024824e-10
3970.000000  6.533291e-11
3990.000000  9.822921e-11
4010.000000  1.010529e-10
4030.000000  9.812949e-11
4050.000000  9.911288e-11
4070.000000  9.582598e-11
4090.000000  8.308936e-11
4110.000000  6.606691e-11
4130.000000  8.971826e-11
4150.000000  9.160865e-11
4170.000000  9.018879e-11
4190.000000  8.917305e-11
4210.000000  8.821094e-11
4230.000000  8.672866e-11
4250.000000  8.499476e-11
4270.000000  8.315734e-11
4290.000000  8.293921e-11
4310.000000  8.012675e-11
4330.000000  6.674514e-11
4350.000000  5.770313e-11
4370.000000  7.679947e-11
4390.000000  7.556231e-11
4410.000000  7.601557e-11
4430.000000  7.434540e-11
4450.000000  7.426037e-11
4470.000000  7.227507e-11
4490.000000  7.085122e-11
4510.000000  7.088991e-11
4530.000000  6.966212e-11
4550.000000  6.806270e-11
4570.000000  6.840695e-11
4590.000000  6.661361e-11
4610.000000  6.686259e-11
4630.000000  6.458831e-11
4650.000000  6.497112e-11
4670.000000  6.372893e-11
4690.000000  6.288294e-11
4710.000000  6.098137e-11
4730.000000  6.129212e-11
4750.000000  6.033001e-11
4770.000000  6.001925e-11
4790.000000  5.906725e-11
4810.000000  5.782176e-11
4830.000000  5.621757e-11
4850.000000  4.801520e-11
4870.000000  4.002318e-11
4890.000000  5.373062e-11
4910.000000  5.404254e-11
4930.000000  5.296650e-11
4950.000000  5.291783e-11
4970.000000  5.247007e-11
4990.000000  5.157225e-11
5010.000000  4.983253e-11
5030.000000  4.965518e-11
5050.000000  4.848683e-11
5070.000000  4.863901e-11
5090.000000  4.800852e-11
5110.000000  4.716970e-11
5130.000000  4.691522e-11
5150.000000  4.575237e-11
5170.000000  4.520691e-11
5190.000000  4.482661e-11
5210.000000  4.397660e-11
5230.000000  4.343708e-11
5250.000000  4.339049e-11
5270.000000  4.228751e-11
5290.000000  4.262660e-11
5310.000000  4.152582e-11
5330.000000  4.137407e-11
5350.000000  4.107520e-11
5370.000000  4.056580e-11
5390.000000  4.005101e-11
5410.000000  3.935679e-11
5430.000000  3.902189e-11
5450.000000  3.870584e-11
5470.000000  3.815900e-11
5490.000000  3.780187e-11
5510.000000  3.729671e-11
5530.000000  3.701046e-11
5550.000000  3.658513e-11
5570.000000  3.614878e-11
5590.000000  3.577626e-11
5610.000000  3.549169e-11
5630.000000  3.510076e-11
5650.000000  3.438330e-11
5670.000000  3.409913e-11
5690.000000  3.385489e-11
5710.000000  3.350605e-11
5730.000000  3.313355e-11
5750.000000  3.273993e-11
5770.000000  3.237921e-11
5790.000000  3.191325e-11
5810.000000  3.160502e-11
5830.000000  3.127317e-11
5850.000000  3.094463e-11
5870.000000  3.035114e-11
5890.000000  3.008998e-11
5910.000000  2.990008e-11
5930.000000  2.963747e-11
5950.000000  2.905920e-11
5970.000000  2.888337e-11
5990.000000  2.849823e-11
6010.000000  2.832417e-11
6030.000000  2.803127e-11
6050.000000  2.768785e-11
6070.000000  2.739554e-11
6090.000000  2.710071e-11
6110.000000  2.684582e-11
6130.000000  2.653455e-11
6150.000000  2.591157e-11
6170.000000  2.595383e-11
6190.000000  2.571454e-11
6210.000000  2.544440e-11
6230.000000  2.511327e-11
6250.000000  2.461363e-11
6270.000000  2.464304e-11
6290.000000  2.436980e-11
6310.000000  2.403658e-11
6330.000000  2.384725e-11
6350.000000  2.322691e-11
6370.000000  2.312353e-11
6390.000000  2.308468e-11
6410.000000  2.281118e-11
6430.000000  2.264097e-11
6450.000000  2.222637e-11
6470.000000  2.218767e-11
6490.000000  2.181624e-11
6510.000000  2.155327e-11
6530.000000  2.113837e-11
6550.000000  1.921671e-11
6570.000000  1.591769e-11
6590.000000  2.022722e-11
6610.000000  2.051016e-11
6630.000000  2.036987e-11
6650.000000  2.023653e-11
6670.000000  1.998737e-11
6690.000000  1.980573e-11
6710.000000  1.965322e-11
6730.000000  1.943589e-11
6750.000000  1.925966e-11
6770.000000  1.908728e-11
6790.000000  1.887575e-11
6810.000000  1.869850e-11
6830.000000  1.847775e-11
6850.000000  1.832369e-11
6870.000000  1.815185e-11
6890.000000  1.798584e-11
6910.000000  1.780169e-11
6930.000000  1.759246e-11
6950.000000  1.747085e-11
6970.000000  1.730517e-11
6990.000000  1.715748e-11
7010.000000  1.694171e-11
7030.000000  1.682124e-11
7050.000000  1.660430e-11
7070.000000  1.646220e-11
7090.000000  1.635842e-11
7110.000000  1.613440e-11
7130.000000  1.601442e-11
7150.000000  1.587814e-11
7170.000000  1.573506e-11
7190.000000  1.559874e-11
7210.000000  1.545775e-11
7230.000000  1.527012e-11
7250.000000  1.513924e-11
7270.000000  1.502991e-11
7290.000000  1.488067e-11
7310.000000  1.474279e-11
7330.000000  1.461723e-11
7350.000000  1.450023e-11
7370.000000  1.436541e-11
7390.000000  1.423240e-11
7410.000000  1.409372e-11
7430.000000  1.390827e-11
7450.000000  1.380949e-11
7470.000000  1.363942e-11
7490.000000  1.355709e-11
7510.000000  1.342870e-11
7530.000000  1.334711e-11
7550.000000  1.323007e-11
7570.000000  1.311403e-11
7590.000000  1.298773e-11
7610.000000  1.289457e-11
7630.000000  1.277061e-11
7650.000000  1.264041e-11
7670.000000  1.253803e-11
7690.000000  1.242330e-11
7710.000000  1.230856e-11
7730.000000  1.221235e-11
7750.000000  1.210452e-11
7770.000000  1.177791e-11
7790.000000  1.189384e-11
7810.000000  1.180534e-11
7830.000000  1.169500e-11
7850.000000  1.153441e-11
7870.000000  1.142100e-11
7890.000000  1.128569e-11
7910.000000  1.128028e-11
7930.000000  1.120234e-11
7950.000000  1.102225e-11
7970.000000  1.101245e-11
7990.000000  1.077172e-11
8010.000000  1.082518e-11
8030.000000  1.072742e-11
8050.000000  1.063582e-11
8070.000000  1.054813e-11
8090.000000  1.045653e-11
8110.000000  1.036263e-11
8130.000000  1.028566e-11
8150.000000  1.020182e-11
8170.000000  1.012003e-11
8190.000000  9.996070e-12
8210.000000  9.896137e-12
8230.000000  9.771379e-12
8250.000000  9.794520e-12
8270.000000  9.754073e-12
8290.000000  9.631581e-12
8310.000000  9.590167e-12
8330.000000  9.489890e-12
8350.000000  9.429106e-12
8370.000000  9.355246e-12
8390.000000  9.275012e-12
8410.000000  9.168748e-12
8430.000000  9.081579e-12
8450.000000  8.905164e-12
8470.000000  8.795007e-12
8490.000000  8.932175e-12
8510.000000  8.508472e-12
8530.000000  8.926060e-12
8550.000000  8.109123e-12
8570.000000  8.962021e-12
8590.000000  8.335028e-12
8610.000000  8.130006e-12
8630.000000  8.967844e-12
8650.000000  8.614298e-12
8670.000000  7.285233e-12
8690.000000  8.734618e-12
8710.000000  8.998755e-12
8730.000000  8.660208e-12
8750.000000  6.962188e-12
8770.000000  8.260295e-12
8790.000000  8.840371e-12
8810.000000  8.843156e-12
8830.000000  8.598856e-12
8850.000000  7.820278e-12
8870.000000  6.682804e-12
8890.000000  8.255393e-12
8910.000000  8.476817e-12
8930.000000  8.443760e-12
8950.000000  8.440441e-12
8970.000000  8.320624e-12
8990.000000  8.008376e-12
9010.000000  6.507028e-12
9030.000000  7.068425e-12
9050.000000  7.923631e-12
9070.000000  7.909049e-12
9090.000000  7.878207e-12
9110.000000  7.894559e-12
9130.000000  7.853641e-12
9150.000000  7.821489e-12
9170.000000  7.706532e-12
9190.000000  7.524785e-12
9210.000000  7.106126e-12
9230.000000  5.655033e-12
9250.000000  6.849508e-12
9270.000000  7.151135e-12
9290.000000  7.347147e-12
9310.000000  7.346357e-12
9330.000000  7.278441e-12
9350.000000  7.256102e-12
9370.000000  7.207899e-12
9390.000000  7.120576e-12
9410.000000  6.973645e-12
9430.000000  7.025871e-12
9450.000000  6.985203e-12
9470.000000  6.910375e-12
9490.000000  6.832732e-12
9510.000000  6.690091e-12
9530.000000  6.220492e-12
9550.000000  5.080012e-12
9570.000000  6.245108e-12
9590.000000  6.525174e-12
9610.000000  6.529178e-12
9630.000000  6.408025e-12
9650.000000  6.478250e-12
9670.000000  6.405192e-12
9690.000000  6.383557e-12
9710.000000  6.352702e-12
9730.000000  6.301224e-12
9750.000000  6.248734e-12
9770.000000  6.212517e-12
9790.000000  6.163347e-12
9810.000000  6.112406e-12
9830.000000  6.052246e-12
9850.000000  6.016997e-12
9870.000000  5.974572e-12
9890.000000  5.909215e-12
9910.000000  5.888382e-12
9930.000000  5.843649e-12
9950.000000  5.795060e-12
9970.000000  5.746636e-12
9990.000000  5.689036e-12
10025.000000  5.245669e-12
10075.000000  4.968145e-12
10125.000000  5.364440e-12
10175.000000  5.339213e-12
10225.000000  5.266901e-12
10275.000000  5.173536e-12
10325.000000  5.080435e-12
10375.000000  4.994245e-12
10425.000000  4.911912e-12
10475.000000  4.815492e-12
10525.000000  4.726785e-12
10575.000000  4.656023e-12
10625.000000  4.581403e-12
10675.000000  4.466710e-12
10725.000000  4.418077e-12
10775.000000  4.348655e-12
10825.000000  4.263476e-12
10875.000000  4.173251e-12
10925.000000  3.610706e-12
10975.000000  3.886412e-12
11025.000000  3.988512e-12
11075.000000  3.942187e-12
11125.000000  3.877826e-12
11175.000000  3.814723e-12
11225.000000  3.754230e-12
11275.000000  3.653475e-12
11325.000000  3.605057e-12
11375.000000  3.574283e-12
11425.000000  3.516612e-12
11475.000000  3.465162e-12
11525.000000  3.411167e-12
11575.000000  3.356716e-12
11625.000000  3.289511e-12
11675.000000  3.237529e-12
11725.000000  3.200371e-12
11775.000000  3.129260e-12
11825.000000  3.099063e-12
11875.000000  3.047281e-12
11925.000000  3.011440e-12
11975.000000  2.960359e-12
12025.000000  2.919230e-12
12075.000000  2.874319e-12
12125.000000  2.830100e-12
12175.000000  2.789379e-12
12225.000000  2.746938e-12
12275.000000  2.704245e-12
12325.000000  2.665372e-12
12375.000000  2.626921e-12
12425.000000  2.590261e-12
12475.000000  2.543041e-12
12525.000000  2.514249e-12
12575.000000  2.470886e-12
12625.000000  2.439223e-12
12675.000000  2.405962e-12
12725.000000  2.364893e-12
12775.000000  2.287464e-12
12825.000000  2.009097e-12
12875.000000  2.237857e-12
12925.000000  2.234431e-12
12975.000000  2.208259e-12
13025.000000  2.178289e-12
13075.000000  2.147552e-12
13125.000000  2.117587e-12
13175.000000  2.082067e-12
13225.000000  2.059376e-12
13275.000000  2.030852e-12
13325.000000  2.002815e-12
13375.000000  1.975314e-12
13425.000000  1.947202e-12
13475.000000  1.920424e-12
13525.000000  1.893111e-12
13575.000000  1.868491e-12
13625.000000  1.843154e-12
13675.000000  1.816505e-12
13725.000000  1.792073e-12
13775.000000  1.771209e-12
13825.000000  1.747800e-12
13875.000000  1.724911e-12
13925.000000  1.701116e-12
13975.000000  1.679095e-12
14025.000000  1.657615e-12
14075.000000  1.635728e-12
14125.000000  1.613942e-12
14175.000000  1.593672e-12
14225.000000  1.572942e-12
14275.000000  1.552774e-12
14325.000000  1.532430e-12
14375.000000  1.512572e-12
14425.000000  1.487289e-12
14475.000000  1.473833e-12
14525.000000  1.452926e-12
14570.000000  1.439159e-12
14620.000000  1.421842e-12
14675.000000  1.403581e-12
14725.000000  1.385856e-12
14775.000000  1.366620e-12
14825.000000  1.352215e-12
14875.000000  1.334394e-12
14925.000000  1.320087e-12
14975.000000  1.302543e-12
15025.000000  1.287267e-12
15075.000000  1.270340e-12
15125.000000  1.255160e-12
15175.000000  1.239444e-12
15225.000000  1.225349e-12
15275.000000  1.207755e-12
15325.000000  1.191910e-12
15375.000000  1.181134e-12
15425.000000  1.157212e-12
15475.000000  1.153176e-12
15525.000000  1.139291e-12
15575.000000  1.105742e-12
15625.000000  1.124112e-12
15675.000000  1.089779e-12
15725.000000  1.060454e-12
15775.000000  1.089203e-12
15825.000000  1.074958e-12
15875.000000  9.953112e-13
15925.000000  1.037797e-12
15975.000000  1.047324e-12
16050.000000  1.016108e-12
16150.000000  9.600474e-13
16250.000000  9.906265e-13
16350.000000  9.470968e-13
16450.000000  8.930434e-13
16550.000000  9.270918e-13
16650.000000  9.070530e-13
16750.000000  8.634265e-13
16850.000000  8.133089e-13
16950.000000  8.466575e-13
17050.000000  8.299405e-13
17150.000000  8.121663e-13
17250.000000  7.908229e-13
17350.000000  7.159330e-13
17450.000000  7.503461e-13
17550.000000  7.431835e-13
17650.000000  7.280839e-13
17750.000000  7.123887e-13
17850.000000  6.978339e-13
17950.000000  6.840462e-13
18050.000000  6.655323e-13
18150.000000  6.086366e-13
18250.000000  6.289418e-13
18350.000000  6.282611e-13
18450.000000  6.162469e-13
18550.000000  6.024635e-13
18650.000000  5.880581e-13
18750.000000  5.375431e-13
18850.000000  5.640119e-13
18950.000000  5.563161e-13
19050.000000  5.456676e-13
19150.000000  5.351203e-13
19250.000000  5.242410e-13
19350.000000  5.106914e-13
19450.000000  4.652125e-13
19550.000000  4.911185e-13
19650.000000  4.850457e-13
19750.000000  4.758861e-13
19850.000000  4.669353e-13
19950.000000  4.580108e-13
20050.000000  4.494457e-13
20150.000000  4.409069e-13
20250.000000  4.327274e-13
20350.000000  4.247249e-13
20450.000000  4.170113e-13
20550.000000  4.091637e-13
20650.000000  4.016313e-13
20750.000000  3.944540e-13
20850.000000  3.872369e-13
20950.000000  3.802102e-13
21050.000000  3.733599e-13
21150.000000  3.664022e-13
21250.000000  3.599211e-13
21350.000000  3.533491e-13
21450.000000  3.472042e-13
21550.000000  3.393208e-13
21650.000000  3.104826e-13
21750.000000  3.259375e-13
21850.000000  3.235392e-13
21950.000000  3.182163e-13
22050.000000  3.127514e-13
22150.000000  3.073347e-13
22250.000000  3.021666e-13
22350.000000  2.970280e-13
22450.000000  2.920276e-13
22550.000000  2.870838e-13
22650.000000  2.822897e-13
22750.000000  2.775618e-13
22850.000000  2.731224e-13
22950.000000  2.686029e-13
23050.000000  2.642330e-13
23150.000000  2.599096e-13
23250.000000  2.556987e-13
23350.000000  2.515451e-13
23450.000000  2.475014e-13
23550.000000  2.435021e-13
23650.000000  2.396030e-13
23750.000000  2.357832e-13
23850.000000  2.320383e-13
23950.000000  2.283267e-13
24050.000000  2.245252e-13
24150.000000  2.209909e-13
24250.000000  2.176551e-13
24350.000000  2.141493e-13
24450.000000  2.106590e-13
24550.000000  2.076473e-13
24650.000000  2.040719e-13
24750.000000  2.009597e-13
24850.000000  1.984882e-13
24950.000000  1.936061e-13
