2505.000000  2.874424e-11
2513.000000  1.553807e-11
2518.000000  1.266943e-11
2525.000000  1.068983e-11
2535.000000  1.202750e-11
2545.000000  1.497252e-11
2555.000000  2.600326e-11
2565.000000  2.059984e-11
2575.000000  2.639699e-11
2585.000000  2.279722e-11
2595.000000  2.007195e-11
2605.000000  1.602283e-11
2615.000000  1.443138e-11
2625.000000  2.134499e-11
2635.000000  3.571202e-11
2645.000000  5.204919e-11
2655.000000  6.241268e-11
2665.000000  4.178620e-11
2675.000000  4.870134e-11
2685.000000  5.216152e-11
2695.000000  4.177275e-11
2705.000000  5.002225e-11
2715.000000  3.750970e-11
2725.000000  3.574552e-11
2735.000000  4.063907e-11
2745.000000  1.931172e-11
2755.000000  2.681122e-11
2765.000000  3.509026e-11
2775.000000  4.163832e-11
2785.000000  2.395753e-11
2795.000000  7.184352e-12
2805.000000  9.610699e-12
2815.000000  3.693920e-11
2825.000000  5.674453e-11
2835.000000  5.466137e-11
2845.000000  4.855422e-11
2855.000000  2.900785e-11
2865.000000  5.678203e-11
2875.000000  6.208512e-11
2885.000000  5.780829e-11
2895.000000  5.952307e-11
2910.000000  7.694358e-11
2930.000000  6.964177e-11
2950.000000  6.815441e-11
2970.000000  7.621140e-11
2990.000000  7.541979e-11
3010.000000  8.061044e-11
3030.000000  8.008315e-11
3050.000000  8.264756e-11
3070.000000  8.180676e-11
3090.000000  8.489563e-11
3110.000000  8.414041e-11
3130.000000  8.267344e-11
3150.000000  8.201205e-11
3170.000000  8.529423e-11
3190.000000  7.696473e-11
3210.000000  8.500701e-11
3230.000000  7.300566e-11
3250.000000  8.783356e-11
3270.000000  9.708401e-11
3290.000000  9.478859e-11
3310.000000  9.654916e-11
3330.000000  9.538464e-11
3350.000000  9.388618e-11
3370.000000  8.447840e-11
3390.000000  9.167048e-11
3410.000000  9.287328e-11
3430.000000  9.473188e-11
3450.000000  9.791353e-11
3470.000000  9.705064e-11
3490.000000  9.946024e-11
3510.000000  1.030606e-10
3530.000000  9.869447e-11
3550.000000  1.101109e-10
3570.000000  9.515832e-11
3590.000000  9.459469e-11
3610.000000  9.813569e-11
3630.000000  9.923669e-11
3640.000000  9.846662e-11
3650.000000  1.089333e-10
3670.000000  1.073449e-10
3690.000000  1.046016e-10
3710.000000  1.134581e-10
3730.000000  1.090844e-10
3750.000000  1.242583e-10
3770.000000  1.353801e-10
3790.000000  1.478995e-10
3810.000000  1.606118e-10
3830.000000  1.259800e-10
3850.000000  1.592049e-10
3870.000000  1.649269e-10
3890.000000  1.399047e-10
3910.000000  1.660570e-10
3930.000000  9.816961e-11
3950.000000  1.512161e-10
3970.000000  1.012366e-10
3990.000000  1.778702e-10
4010.000000  1.883057e-10
4030.000000  1.879320e-10
4050.000000  1.846473e-10
4070.000000  1.821950e-10
4090.000000  1.850316e-10
4110.000000  1.663645e-10
4130.000000  1.895252e-10
4150.000000  1.957440e-10
4170.000000  1.924143e-10
4190.000000  1.900755e-10
4210.000000  1.893326e-10
4230.000000  1.830798e-10
4250.000000  1.872927e-10
4270.000000  1.815252e-10
4290.000000  1.716212e-10
4310.000000  1.537999e-10
4330.000000  1.745606e-10
4350.000000  1.606527e-10
4370.000000  1.910017e-10
4390.000000  1.824949e-10
4410.000000  1.854778e-10
4430.000000  1.869338e-10
4450.000000  1.864120e-10
4470.000000  1.904709e-10
4490.000000  1.904809e-10
4510.000000  2.020637e-10
4530.000000  1.875427e-10
4550.000000  1.896092e-10
4570.000000  1.991704e-10
4590.000000  1.894154e-10
4610.000000  1.940649e-10
4630.000000  1.902692e-10
4650.000000  1.921715e-10
4670.000000  1.949814e-10
4690.000000  1.903061e-10
4710.000000  1.833295e-10
4730.000000  1.913924e-10
4750.000000  1.927212e-10
4770.000000  1.911155e-10
4790.000000  1.901722e-10
4810.000000  1.883245e-10
4830.000000  1.881965e-10
4850.000000  1.715163e-10
4870.000000  1.485697e-10
4890.000000  1.797714e-10
4910.000000  1.802736e-10
4930.000000  1.772556e-10
4950.000000  1.822688e-10
4970.000000  1.834720e-10
4990.000000  1.730835e-10
5010.000000  1.669835e-10
5030.000000  1.747218e-10
5050.000000  1.737457e-10
5070.000000  1.784816e-10
5090.000000  1.736420e-10
5110.000000  1.749982e-10
5130.000000  1.707225e-10
5150.000000  1.668071e-10
5170.000000  1.623580e-10
5190.000000  1.608714e-10
5210.000000  1.648517e-10
5230.000000  1.659295e-10
5250.000000  1.685287e-10
5270.000000  1.549652e-10
5290.000000  1.661430e-10
5310.000000  1.676476e-10
5330.000000  1.578837e-10
5350.000000  1.649550e-10
5370.000000  1.643019e-10
5390.000000  1.624304e-10
5410.000000  1.583256e-10
5430.000000  1.608103e-10
5450.000000  1.632551e-10
5470.000000  1.605145e-10
5490.000000  1.593871e-10
5510.000000  1.590345e-10
5530.000000  1.589841e-10
5550.000000  1.598811e-10
5570.000000  1.565449e-10
5590.000000  1.543901e-10
5610.000000  1.561533e-10
5630.000000  1.565390e-10
5650.000000  1.550240e-10
5670.000000  1.520058e-10
5690.000000  1.533640e-10
5710.000000  1.513125e-10
5730.000000  1.561980e-10
5750.000000  1.525869e-10
5770.000000  1.529543e-10
5790.000000  1.502735e-10
5810.000000  1.513283e-10
5830.000000  1.517616e-10
5850.000000  1.492036e-10
5870.000000  1.489806e-10
5890.000000  1.439687e-10
5910.000000  1.471706e-10
5930.000000  1.462913e-10
5950.000000  1.459629e-10
5970.000000  1.455321e-10
5990.000000  1.440108e-10
6010.000000  1.420632e-10
6030.000000  1.417737e-10
6050.000000  1.426629e-10
6070.000000  1.421339e-10
6090.000000  1.397285e-10
6110.000000  1.381757e-10
6130.000000  1.348725e-10
6150.000000  1.346166e-10
6170.000000  1.324907e-10
6190.000000  1.360966e-10
6210.000000  1.359105e-10
6230.000000  1.331990e-10
6250.000000  1.292765e-10
6270.000000  1.333610e-10
6290.000000  1.330069e-10
6310.000000  1.298223e-10
6330.000000  1.299492e-10
6350.000000  1.294209e-10
6370.000000  1.286688e-10
6390.000000  1.288925e-10
6410.000000  1.263766e-10
6430.000000  1.268188e-10
6450.000000  1.252488e-10
6470.000000  1.250823e-10
6490.000000  1.229670e-10
6510.000000  1.242210e-10
6530.000000  1.234181e-10
6550.000000  1.173168e-10
6570.000000  1.012055e-10
6590.000000  1.197749e-10
6610.000000  1.213714e-10
6630.000000  1.209843e-10
6650.000000  1.204057e-10
6670.000000  1.190767e-10
6690.000000  1.196736e-10
6710.000000  1.181072e-10
6730.000000  1.182007e-10
6750.000000  1.166398e-10
6770.000000  1.166811e-10
6790.000000  1.158804e-10
6810.000000  1.151173e-10
6830.000000  1.147972e-10
6850.000000  1.132513e-10
6870.000000  1.134650e-10
6890.000000  1.130698e-10
6910.000000  1.122486e-10
6930.000000  1.116317e-10
6950.000000  1.110228e-10
6970.000000  1.105438e-10
6990.000000  1.100254e-10
7010.000000  1.076023e-10
7030.000000  1.082576e-10
7050.000000  1.081166e-10
7070.000000  1.073046e-10
7090.000000  1.066813e-10
7110.000000  1.054437e-10
7130.000000  1.049381e-10
7150.000000  1.043536e-10
7170.000000  1.036521e-10
7190.000000  1.019777e-10
7210.000000  1.024830e-10
7230.000000  1.019461e-10
7250.000000  1.018769e-10
7270.000000  1.015490e-10
7290.000000  9.959118e-11
7310.000000  9.996014e-11
7330.000000  9.951391e-11
7350.000000  9.939516e-11
7370.000000  9.908812e-11
7390.000000  9.727289e-11
7410.000000  9.595762e-11
7430.000000  9.617996e-11
7450.000000  9.600331e-11
7470.000000  9.590075e-11
7490.000000  9.514285e-11
7510.000000  9.494688e-11
7530.000000  9.459613e-11
7550.000000  9.452897e-11
7570.000000  9.356926e-11
7590.000000  9.318714e-11
7610.000000  9.255058e-11
7630.000000  9.240255e-11
7650.000000  9.173480e-11
7670.000000  9.007022e-11
7690.000000  9.061094e-11
7710.000000  8.972063e-11
7730.000000  8.957194e-11
7750.000000  8.863974e-11
7770.000000  8.812530e-11
7790.000000  8.869483e-11
7810.000000  8.806645e-11
7830.000000  8.710491e-11
7850.000000  8.661271e-11
7870.000000  8.673375e-11
7890.000000  8.618342e-11
7910.000000  8.537798e-11
7930.000000  8.407551e-11
7950.000000  8.402654e-11
7970.000000  8.455053e-11
7990.000000  8.408012e-11
8010.000000  8.325964e-11
8030.000000  8.276605e-11
8050.000000  8.223216e-11
8070.000000  8.222332e-11
8090.000000  8.121302e-11
8110.000000  8.148562e-11
8130.000000  8.127554e-11
8150.000000  8.069314e-11
8170.000000  8.026221e-11
8190.000000  7.837295e-11
8210.000000  7.834034e-11
8230.000000  7.796140e-11
8250.000000  7.782521e-11
8270.000000  7.825421e-11
8290.000000  7.772836e-11
8310.000000  7.668040e-11
8330.000000  7.582920e-11
8350.000000  7.616510e-11
8370.000000  7.604590e-11
8390.000000  7.503189e-11
8410.000000  7.525138e-11
8430.000000  7.425691e-11
8450.000000  7.364503e-11
8470.000000  7.321517e-11
8490.000000  7.278396e-11
8510.000000  6.922699e-11
8530.000000  7.188488e-11
8550.000000  6.211488e-11
8570.000000  7.269521e-11
8590.000000  7.071808e-11
8610.000000  6.980424e-11
8630.000000  7.169340e-11
8650.000000  7.049046e-11
8670.000000  6.051526e-11
8690.000000  6.913370e-11
8710.000000  7.032498e-11
8730.000000  6.963475e-11
8750.000000  6.463424e-11
8770.000000  6.885554e-11
8790.000000  6.910422e-11
8810.000000  6.829767e-11
8830.000000  6.802362e-11
8850.000000  6.660338e-11
8870.000000  6.228436e-11
8890.000000  6.717220e-11
8910.000000  6.734918e-11
8930.000000  6.648979e-11
8950.000000  6.663143e-11
8970.000000  6.627879e-11
8990.000000  6.576104e-11
9010.000000  6.001497e-11
9030.000000  6.327700e-11
9050.000000  6.523311e-11
9070.000000  6.389903e-11
9090.000000  6.251985e-11
9110.000000  6.340629e-11
9130.000000  6.408057e-11
9150.000000  6.379547e-11
9170.000000  6.334082e-11
9190.000000  6.305749e-11
9210.000000  6.119182e-11
9230.000000  5.591610e-11
9250.000000  5.994696e-11
9270.000000  6.097501e-11
9290.000000  6.150152e-11
9310.000000  6.141197e-11
9330.000000  6.098466e-11
9350.000000  6.071834e-11
9370.000000  6.043628e-11
9390.000000  6.010538e-11
9410.000000  5.788784e-11
9430.000000  5.909989e-11
9450.000000  5.864914e-11
9470.000000  5.900599e-11
9490.000000  5.881061e-11
9510.000000  5.815039e-11
9530.000000  5.697626e-11
9550.000000  5.201404e-11
9570.000000  5.652250e-11
9590.000000  5.715366e-11
9610.000000  5.653895e-11
9630.000000  5.598759e-11
9650.000000  5.602364e-11
9670.000000  5.542246e-11
9690.000000  5.551674e-11
9710.000000  5.566633e-11
9730.000000  5.541718e-11
9750.000000  5.465893e-11
9770.000000  5.476871e-11
9790.000000  5.443730e-11
9810.000000  5.439152e-11
9830.000000  5.405563e-11
9850.000000  5.371447e-11
9870.000000  5.332591e-11
9890.000000  5.294308e-11
9910.000000  5.267610e-11
9930.000000  5.281690e-11
9950.000000  5.257014e-11
9970.000000  5.234926e-11
9990.000000  5.203787e-11
10025.000000  5.055144e-11
10075.000000  4.898185e-11
10125.000000  5.018767e-11
10175.000000  4.954592e-11
10225.000000  4.920553e-11
10275.000000  4.881995e-11
10325.000000  4.790969e-11
10375.000000  4.747466e-11
10425.000000  4.706909e-11
10475.000000  4.601866e-11
10525.000000  4.585139e-11
10575.000000  4.528347e-11
10625.000000  4.472728e-11
10675.000000  4.350791e-11
10725.000000  4.349414e-11
10775.000000  4.300941e-11
10825.000000  4.226152e-11
10875.000000  4.185825e-11
10925.000000  3.941834e-11
10975.000000  4.040263e-11
11025.000000  4.087166e-11
11075.000000  4.062989e-11
11125.000000  4.002969e-11
11175.000000  3.955352e-11
11225.000000  3.929307e-11
11275.000000  3.833186e-11
11325.000000  3.802022e-11
11375.000000  3.779898e-11
11425.000000  3.711527e-11
11475.000000  3.726211e-11
11525.000000  3.687445e-11
11575.000000  3.634044e-11
11625.000000  3.557691e-11
11675.000000  3.515953e-11
11725.000000  3.536719e-11
11775.000000  3.437157e-11
11825.000000  3.420753e-11
11875.000000  3.367306e-11
11925.000000  3.397640e-11
11975.000000  3.296660e-11
12025.000000  3.300692e-11
12075.000000  3.256107e-11
12125.000000  3.231909e-11
12175.000000  3.221946e-11
12225.000000  3.186268e-11
12275.000000  3.144385e-11
12325.000000  3.117485e-11
12375.000000  3.086804e-11
12425.000000  3.056440e-11
12475.000000  3.030068e-11
12525.000000  2.990176e-11
12575.000000  2.952955e-11
12625.000000  2.929594e-11
12675.000000  2.901998e-11
12725.000000  2.879325e-11
12775.000000  2.825529e-11
12825.000000  2.576789e-11
12875.000000  2.770606e-11
12925.000000  2.758231e-11
12975.000000  2.742901e-11
13025.000000  2.710107e-11
13075.000000  2.693773e-11
13125.000000  2.652357e-11
13175.000000  2.621644e-11
13225.000000  2.615643e-11
13275.000000  2.576470e-11
13325.000000  2.560932e-11
13375.000000  2.534051e-11
13425.000000  2.517363e-11
13475.000000  2.492652e-11
13525.000000  2.465518e-11
13575.000000  2.429467e-11
13625.000000  2.417872e-11
13675.000000  2.392105e-11
13725.000000  2.354306e-11
13775.000000  2.343426e-11
13825.000000  2.325074e-11
13875.000000  2.312979e-11
13925.000000  2.283724e-11
13975.000000  2.264138e-11
14025.000000  2.236906e-11
14075.000000  2.226233e-11
14125.000000  2.192875e-11
14175.000000  2.185676e-11
14225.000000  2.148257e-11
14275.000000  2.118946e-11
14325.000000  2.121507e-11
14375.000000  2.110266e-11
14425.000000  2.035241e-11
14475.000000  2.066302e-11
14525.000000  2.018734e-11
14570.000000  2.023273e-11
14620.000000  2.001018e-11
14675.000000  1.988771e-11
14725.000000  1.954499e-11
14775.000000  1.936308e-11
14825.000000  1.925679e-11
14875.000000  1.889928e-11
14925.000000  1.908246e-11
14975.000000  1.878998e-11
15025.000000  1.846542e-11
15075.000000  1.826421e-11
15125.000000  1.832602e-11
15175.000000  1.820404e-11
15225.000000  1.791646e-11
15275.000000  1.784148e-11
15325.000000  1.763138e-11
15375.000000  1.750198e-11
15425.000000  1.722095e-11
15475.000000  1.716105e-11
15525.000000  1.699514e-11
15575.000000  1.666886e-11
15625.000000  1.683818e-11
15675.000000  1.640414e-11
15725.000000  1.616219e-11
15775.000000  1.606967e-11
15825.000000  1.607705e-11
15875.000000  1.515673e-11
15925.000000  1.569681e-11
15975.000000  1.574629e-11
16050.000000  1.540402e-11
16150.000000  1.474422e-11
16250.000000  1.506088e-11
16350.000000  1.449747e-11
16450.000000  1.377612e-11
16550.000000  1.419515e-11
16650.000000  1.392968e-11
16750.000000  1.332247e-11
16850.000000  1.260661e-11
16950.000000  1.311009e-11
17050.000000  1.276033e-11
17150.000000  1.254907e-11
17250.000000  1.215621e-11
17350.000000  1.113881e-11
17450.000000  1.158313e-11
17550.000000  1.151160e-11
17650.000000  1.127525e-11
17750.000000  1.106941e-11
17850.000000  1.086262e-11
17950.000000  1.068299e-11
18050.000000  1.039316e-11
18150.000000  9.585685e-12
18250.000000  9.847454e-12
18350.000000  9.820008e-12
18450.000000  9.603634e-12
18550.000000  9.433135e-12
18650.000000  9.188427e-12
18750.000000  8.404257e-12
18850.000000  8.827662e-12
18950.000000  8.595920e-12
19050.000000  8.597302e-12
19150.000000  8.417689e-12
19250.000000  8.260210e-12
19350.000000  8.031161e-12
19450.000000  7.390810e-12
19550.000000  7.760429e-12
19650.000000  7.655230e-12
19750.000000  7.494006e-12
19850.000000  7.388097e-12
19950.000000  7.252997e-12
20050.000000  7.142103e-12
20150.000000  7.030477e-12
20250.000000  6.871475e-12
20350.000000  6.720190e-12
20450.000000  6.658587e-12
20550.000000  6.529139e-12
20650.000000  6.390641e-12
20750.000000  6.291219e-12
20850.000000  6.183370e-12
20950.000000  6.056427e-12
21050.000000  5.974188e-12
21150.000000  5.856150e-12
21250.000000  5.754568e-12
21350.000000  5.663974e-12
21450.000000  5.579347e-12
21550.000000  5.460302e-12
21650.000000  5.038254e-12
21750.000000  5.237923e-12
21850.000000  5.190539e-12
21950.000000  5.130428e-12
22050.000000  5.014364e-12
22150.000000  4.945225e-12
22250.000000  4.873629e-12
22350.000000  4.792819e-12
22450.000000  4.714476e-12
22550.000000  4.613178e-12
22650.000000  4.549861e-12
22750.000000  4.486707e-12
22850.000000  4.402809e-12
22950.000000  4.333584e-12
23050.000000  4.278804e-12
23150.000000  4.203327e-12
23250.000000  4.140781e-12
23350.000000  4.069715e-12
23450.000000  4.015251e-12
23550.000000  3.946438e-12
23650.000000  3.892066e-12
23750.000000  3.814790e-12
23850.000000  3.756117e-12
23950.000000  3.709143e-12
24050.000000  3.648181e-12
24150.000000  3.584279e-12
24250.000000  3.537074e-12
24350.000000  3.475302e-12
24450.000000  3.429556e-12
24550.000000  3.361980e-12
24650.000000  3.328101e-12
24750.000000  3.269966e-12
24850.000000  3.213119e-12
24950.000000  3.166994e-12
