2505.000000  1.340584e-12
2513.000000  6.509105e-13
2518.000000  4.415395e-13
2525.000000  4.559004e-13
2535.000000  8.426238e-13
2545.000000  1.148941e-12
2555.000000  3.570518e-12
2565.000000  2.517992e-12
2575.000000  3.875466e-12
2585.000000  3.260855e-12
2595.000000  2.783742e-12
2605.000000  2.200331e-12
2615.000000  1.988038e-12
2625.000000  2.935150e-12
2635.000000  7.407042e-12
2645.000000  9.994254e-12
2655.000000  1.628755e-11
2665.000000  9.258369e-12
2675.000000  1.006434e-11
2685.000000  1.297409e-11
2695.000000  8.017625e-12
2705.000000  1.112176e-11
2715.000000  6.870055e-12
2725.000000  3.898251e-12
2735.000000  6.016132e-12
2745.000000  3.257259e-12
2755.000000  5.080729e-12
2765.000000  7.393898e-12
2775.000000  7.363343e-12
2785.000000  3.570220e-12
2795.000000  1.375206e-12
2805.000000  1.757510e-12
2815.000000  5.695547e-12
2825.000000  8.995482e-12
2835.000000  6.943186e-12
2845.000000  3.296399e-12
2855.000000  1.423559e-12
2865.000000  5.246442e-12
2875.000000  1.072721e-11
2885.000000  1.122939e-11
2895.000000  1.627822e-11
2910.000000  2.319785e-11
2930.000000  2.101992e-11
2950.000000  1.892750e-11
2970.000000  1.908222e-11
2990.000000  1.947900e-11
3010.000000  1.787774e-11
3030.000000  2.156497e-11
3050.000000  2.271883e-11
3070.000000  2.603779e-11
3090.000000  2.355021e-11
3110.000000  2.996987e-11
3130.000000  2.593218e-11
3150.000000  2.626920e-11
3170.000000  3.020848e-11
3190.000000  2.612729e-11
3210.000000  2.844141e-11
3230.000000  2.353759e-11
3250.000000  3.635561e-11
3270.000000  4.455206e-11
3290.000000  4.374944e-11
3310.000000  3.825278e-11
3330.000000  3.952079e-11
3350.000000  3.681832e-11
3370.000000  2.462594e-11
3390.000000  2.988011e-11
3410.000000  3.173020e-11
3430.000000  3.572364e-11
3450.000000  3.659537e-11
3470.000000  3.870064e-11
3490.000000  4.499441e-11
3510.000000  4.858188e-11
3530.000000  4.306827e-11
3550.000000  5.120172e-11
3570.000000  3.246769e-11
3590.000000  3.445707e-11
3610.000000  4.476947e-11
3630.000000  4.623990e-11
3640.000000  4.816279e-11
3650.000000  5.488603e-11
3670.000000  5.849207e-11
3690.000000  5.398390e-11
3710.000000  5.711909e-11
3730.000000  3.511088e-11
3750.000000  4.125009e-11
3770.000000  5.426006e-11
3790.000000  5.424372e-11
3810.000000  4.951727e-11
3830.000000  2.712334e-11
3850.000000  3.458090e-11
3870.000000  3.400854e-11
3890.000000  4.873684e-11
3910.000000  6.052712e-11
3930.000000  2.892357e-11
3950.000000  5.455046e-11
3970.000000  3.692010e-11
3990.000000  7.972575e-11
4010.000000  8.695394e-11
4030.000000  8.352824e-11
4050.000000  8.032921e-11
4070.000000  7.676827e-11
4090.000000  9.316681e-11
4110.000000  9.065903e-11
4130.000000  8.575142e-11
4150.000000  8.161211e-11
4170.000000  8.422416e-11
4190.000000  8.007277e-11
4210.000000  8.377894e-11
4230.000000  8.291196e-11
4250.000000  8.355018e-11
4270.000000  7.695080e-11
4290.000000  6.916206e-11
4310.000000  5.763269e-11
4330.000000  9.064657e-11
4350.000000  8.731066e-11
4370.000000  9.386099e-11
4390.000000  8.409292e-11
4410.000000  9.291895e-11
4430.000000  1.034653e-10
4450.000000  1.029489e-10
4470.000000  1.102632e-10
4490.000000  1.130627e-10
4510.000000  1.259433e-10
4530.000000  1.127733e-10
4550.000000  1.177229e-10
4570.000000  1.254221e-10
4590.000000  1.195145e-10
4610.000000  1.229810e-10
4630.000000  1.216327e-10
4650.000000  1.225789e-10
4670.000000  1.267171e-10
4690.000000  1.246793e-10
4710.000000  1.212191e-10
4730.000000  1.255252e-10
4750.000000  1.283005e-10
4770.000000  1.284961e-10
4790.000000  1.282756e-10
4810.000000  1.275777e-10
4830.000000  1.293776e-10
4850.000000  1.241408e-10
4870.000000  1.145142e-10
4890.000000  1.244083e-10
4910.000000  1.244373e-10
4930.000000  1.218548e-10
4950.000000  1.275632e-10
4970.000000  1.279755e-10
4990.000000  1.193466e-10
5010.000000  1.138115e-10
5030.000000  1.205295e-10
5050.000000  1.199904e-10
5070.000000  1.249132e-10
5090.000000  1.191629e-10
5110.000000  1.210780e-10
5130.000000  1.180853e-10
5150.000000  1.133238e-10
5170.000000  1.007423e-10
5190.000000  1.047344e-10
5210.000000  1.157353e-10
5230.000000  1.207858e-10
5250.000000  1.253744e-10
5270.000000  1.111192e-10
5290.000000  1.254305e-10
5310.000000  1.313385e-10
5330.000000  1.178003e-10
5350.000000  1.273147e-10
5370.000000  1.269754e-10
5390.000000  1.246708e-10
5410.000000  1.216030e-10
5430.000000  1.236997e-10
5450.000000  1.279576e-10
5470.000000  1.257635e-10
5490.000000  1.254196e-10
5510.000000  1.248219e-10
5530.000000  1.270286e-10
5550.000000  1.289827e-10
5570.000000  1.252640e-10
5590.000000  1.223438e-10
5610.000000  1.269023e-10
5630.000000  1.271262e-10
5650.000000  1.273096e-10
5670.000000  1.244378e-10
5690.000000  1.266941e-10
5710.000000  1.230808e-10
5730.000000  1.313651e-10
5750.000000  1.275972e-10
5770.000000  1.288406e-10
5790.000000  1.245560e-10
5810.000000  1.282416e-10
5830.000000  1.304240e-10
5850.000000  1.272231e-10
5870.000000  1.275177e-10
5890.000000  1.154266e-10
5910.000000  1.260687e-10
5930.000000  1.260851e-10
5950.000000  1.262289e-10
5970.000000  1.270526e-10
5990.000000  1.256650e-10
6010.000000  1.235338e-10
6030.000000  1.247031e-10
6050.000000  1.267695e-10
6070.000000  1.257268e-10
6090.000000  1.225067e-10
6110.000000  1.220967e-10
6130.000000  1.172515e-10
6150.000000  1.200195e-10
6170.000000  1.152110e-10
6190.000000  1.214474e-10
6210.000000  1.215145e-10
6230.000000  1.182872e-10
6250.000000  1.151422e-10
6270.000000  1.194490e-10
6290.000000  1.201573e-10
6310.000000  1.168726e-10
6330.000000  1.175594e-10
6350.000000  1.180765e-10
6370.000000  1.175907e-10
6390.000000  1.182606e-10
6410.000000  1.156791e-10
6430.000000  1.167691e-10
6450.000000  1.157067e-10
6470.000000  1.151347e-10
6490.000000  1.132839e-10
6510.000000  1.161011e-10
6530.000000  1.164790e-10
6550.000000  1.144268e-10
6570.000000  1.077073e-10
6590.000000  1.142989e-10
6610.000000  1.152282e-10
6630.000000  1.144565e-10
6650.000000  1.140930e-10
6670.000000  1.126385e-10
6690.000000  1.145199e-10
6710.000000  1.117597e-10
6730.000000  1.136455e-10
6750.000000  1.121608e-10
6770.000000  1.121971e-10
6790.000000  1.117121e-10
6810.000000  1.109923e-10
6830.000000  1.117980e-10
6850.000000  1.092000e-10
6870.000000  1.101343e-10
6890.000000  1.104786e-10
6910.000000  1.096564e-10
6930.000000  1.090168e-10
6950.000000  1.082419e-10
6970.000000  1.084188e-10
6990.000000  1.076249e-10
7010.000000  1.051832e-10
7030.000000  1.065670e-10
7050.000000  1.069852e-10
7070.000000  1.058211e-10
7090.000000  1.053758e-10
7110.000000  1.055208e-10
7130.000000  1.036870e-10
7150.000000  1.029686e-10
7170.000000  1.033516e-10
7190.000000  1.004386e-10
7210.000000  1.020785e-10
7230.000000  1.027759e-10
7250.000000  1.027721e-10
7270.000000  1.023292e-10
7290.000000  9.979128e-11
7310.000000  1.010897e-10
7330.000000  1.005725e-10
7350.000000  1.006183e-10
7370.000000  1.010957e-10
7390.000000  9.882871e-11
7410.000000  9.769946e-11
7430.000000  9.873866e-11
7450.000000  9.868418e-11
7470.000000  9.907792e-11
7490.000000  9.817144e-11
7510.000000  9.830132e-11
7530.000000  9.832936e-11
7550.000000  9.846939e-11
7570.000000  9.751236e-11
7590.000000  9.712677e-11
7610.000000  9.677367e-11
7630.000000  9.695836e-11
7650.000000  9.670612e-11
7670.000000  9.408515e-11
7690.000000  9.611398e-11
7710.000000  9.460214e-11
7730.000000  9.467191e-11
7750.000000  9.364579e-11
7770.000000  9.522005e-11
7790.000000  9.463895e-11
7810.000000  9.428396e-11
7830.000000  9.321997e-11
7850.000000  9.306450e-11
7870.000000  9.338236e-11
7890.000000  9.232217e-11
7910.000000  9.070555e-11
7930.000000  8.950981e-11
7950.000000  8.901953e-11
7970.000000  9.075158e-11
7990.000000  9.047682e-11
8010.000000  8.951704e-11
8030.000000  8.946609e-11
8050.000000  8.855958e-11
8070.000000  8.879426e-11
8090.000000  8.702499e-11
8110.000000  8.749134e-11
8130.000000  8.787295e-11
8150.000000  8.740569e-11
8170.000000  8.721004e-11
8190.000000  8.488058e-11
8210.000000  8.514093e-11
8230.000000  8.503334e-11
8250.000000  8.569672e-11
8270.000000  8.616142e-11
8290.000000  8.558216e-11
8310.000000  8.381341e-11
8330.000000  8.325818e-11
8350.000000  8.364211e-11
8370.000000  8.382543e-11
8390.000000  8.170281e-11
8410.000000  8.351067e-11
8430.000000  8.174995e-11
8450.000000  8.270958e-11
8470.000000  8.193815e-11
8490.000000  8.137054e-11
8510.000000  7.773100e-11
8530.000000  8.021281e-11
8550.000000  6.986049e-11
8570.000000  8.157446e-11
8590.000000  8.029712e-11
8610.000000  8.007212e-11
8630.000000  8.054759e-11
8650.000000  7.979821e-11
8670.000000  6.983930e-11
8690.000000  7.761254e-11
8710.000000  7.893332e-11
8730.000000  7.887851e-11
8750.000000  7.781816e-11
8770.000000  7.877428e-11
8790.000000  7.808295e-11
8810.000000  7.614770e-11
8830.000000  7.722037e-11
8850.000000  7.748015e-11
8870.000000  7.586535e-11
8890.000000  7.735981e-11
8910.000000  7.745395e-11
8930.000000  7.603767e-11
8950.000000  7.570319e-11
8970.000000  7.580683e-11
8990.000000  7.594440e-11
9010.000000  7.287032e-11
9030.000000  7.488029e-11
9050.000000  7.570807e-11
9070.000000  7.477229e-11
9090.000000  7.277490e-11
9110.000000  7.308358e-11
9130.000000  7.405601e-11
9150.000000  7.238304e-11
9170.000000  7.154394e-11
9190.000000  7.169829e-11
9210.000000  7.012753e-11
9230.000000  6.984729e-11
9250.000000  6.970637e-11
9270.000000  7.041672e-11
9290.000000  6.999799e-11
9310.000000  7.061590e-11
9330.000000  7.031356e-11
9350.000000  6.981295e-11
9370.000000  6.936049e-11
9390.000000  6.910979e-11
9410.000000  6.715639e-11
9430.000000  6.826878e-11
9450.000000  6.725899e-11
9470.000000  6.826651e-11
9490.000000  6.817510e-11
9510.000000  6.812707e-11
9530.000000  6.754636e-11
9550.000000  6.660415e-11
9570.000000  6.700229e-11
9590.000000  6.743021e-11
9610.000000  6.684011e-11
9630.000000  6.634472e-11
9650.000000  6.563655e-11
9670.000000  6.548977e-11
9690.000000  6.611613e-11
9710.000000  6.564346e-11
9730.000000  6.544712e-11
9750.000000  6.490498e-11
9770.000000  6.496839e-11
9790.000000  6.425576e-11
9810.000000  6.498971e-11
9830.000000  6.465417e-11
9850.000000  6.471624e-11
9870.000000  6.422523e-11
9890.000000  6.415624e-11
9910.000000  6.372186e-11
9930.000000  6.405924e-11
9950.000000  6.376418e-11
9970.000000  6.367484e-11
9990.000000  6.340897e-11
10025.000000  6.289701e-11
10075.000000  6.206352e-11
10125.000000  6.187877e-11
10175.000000  6.093470e-11
10225.000000  6.069670e-11
10275.000000  6.049723e-11
10325.000000  5.945570e-11
10375.000000  5.898589e-11
10425.000000  5.890154e-11
10475.000000  5.808519e-11
10525.000000  5.789800e-11
10575.000000  5.715162e-11
10625.000000  5.664723e-11
10675.000000  5.562873e-11
10725.000000  5.558603e-11
10775.000000  5.485443e-11
10825.000000  5.385543e-11
10875.000000  5.352539e-11
10925.000000  5.295747e-11
10975.000000  5.122605e-11
11025.000000  5.106982e-11
11075.000000  5.116620e-11
11125.000000  5.068852e-11
11175.000000  5.053892e-11
11225.000000  5.035278e-11
11275.000000  4.942362e-11
11325.000000  4.957868e-11
11375.000000  4.882162e-11
11425.000000  4.846409e-11
11475.000000  4.874594e-11
11525.000000  4.848419e-11
11575.000000  4.781019e-11
11625.000000  4.711597e-11
11675.000000  4.704082e-11
11725.000000  4.725715e-11
11775.000000  4.634625e-11
11825.000000  4.582020e-11
11875.000000  4.542164e-11
11925.000000  4.591510e-11
11975.000000  4.421909e-11
12025.000000  4.468012e-11
12075.000000  4.415375e-11
12125.000000  4.417048e-11
12175.000000  4.419392e-11
12225.000000  4.386154e-11
12275.000000  4.338114e-11
12325.000000  4.315242e-11
12375.000000  4.282950e-11
12425.000000  4.241134e-11
12475.000000  4.231589e-11
12525.000000  4.188005e-11
12575.000000  4.164256e-11
12625.000000  4.132769e-11
12675.000000  4.088051e-11
12725.000000  4.080416e-11
12775.000000  4.059841e-11
12825.000000  3.907979e-11
12875.000000  3.981027e-11
12925.000000  3.937510e-11
12975.000000  3.943229e-11
13025.000000  3.897644e-11
13075.000000  3.892464e-11
13125.000000  3.822695e-11
13175.000000  3.797682e-11
13225.000000  3.807523e-11
13275.000000  3.744120e-11
13325.000000  3.743414e-11
13375.000000  3.716211e-11
13425.000000  3.715025e-11
13475.000000  3.684959e-11
13525.000000  3.666121e-11
13575.000000  3.605473e-11
13625.000000  3.589555e-11
13675.000000  3.576463e-11
13725.000000  3.564643e-11
13775.000000  3.537228e-11
13825.000000  3.522887e-11
13875.000000  3.491230e-11
13925.000000  3.478648e-11
13975.000000  3.454303e-11
14025.000000  3.409672e-11
14075.000000  3.393717e-11
14125.000000  3.327357e-11
14175.000000  3.333666e-11
14225.000000  3.272860e-11
14275.000000  3.221912e-11
14325.000000  3.264491e-11
14375.000000  3.266941e-11
14425.000000  3.172580e-11
14475.000000  3.227434e-11
14525.000000  3.160673e-11
14570.000000  3.158348e-11
14620.000000  3.144809e-11
14675.000000  3.122196e-11
14725.000000  3.072609e-11
14775.000000  3.073362e-11
14825.000000  3.060570e-11
14875.000000  2.995430e-11
14925.000000  3.062885e-11
14975.000000  3.021816e-11
15025.000000  2.927250e-11
15075.000000  2.932190e-11
15125.000000  2.971938e-11
15175.000000  2.971003e-11
15225.000000  2.926853e-11
15275.000000  2.932425e-11
15325.000000  2.913171e-11
15375.000000  2.900846e-11
15425.000000  2.892364e-11
15475.000000  2.877454e-11
15525.000000  2.835528e-11
15575.000000  2.813908e-11
15625.000000  2.833731e-11
15675.000000  2.770306e-11
15725.000000  2.770435e-11
15775.000000  2.674262e-11
15825.000000  2.717897e-11
15875.000000  2.627125e-11
15925.000000  2.679240e-11
15975.000000  2.682663e-11
16050.000000  2.654303e-11
16150.000000  2.596718e-11
16250.000000  2.593296e-11
16350.000000  2.538495e-11
16450.000000  2.469820e-11
16550.000000  2.469907e-11
16650.000000  2.419065e-11
16750.000000  2.349477e-11
16850.000000  2.278403e-11
16950.000000  2.295393e-11
17050.000000  2.222275e-11
17150.000000  2.181049e-11
17250.000000  2.130406e-11
17350.000000  2.043872e-11
17450.000000  2.048066e-11
17550.000000  2.021046e-11
17650.000000  1.981872e-11
17750.000000  1.938878e-11
17850.000000  1.910873e-11
17950.000000  1.875233e-11
18050.000000  1.830908e-11
18150.000000  1.764569e-11
18250.000000  1.753082e-11
18350.000000  1.726488e-11
18450.000000  1.679886e-11
18550.000000  1.662016e-11
18650.000000  1.617572e-11
18750.000000  1.544372e-11
18850.000000  1.564839e-11
18950.000000  1.507679e-11
19050.000000  1.514442e-11
19150.000000  1.481220e-11
19250.000000  1.457523e-11
19350.000000  1.418245e-11
19450.000000  1.361582e-11
19550.000000  1.376250e-11
19650.000000  1.348955e-11
19750.000000  1.316525e-11
19850.000000  1.300209e-11
19950.000000  1.277501e-11
20050.000000  1.264201e-11
20150.000000  1.246879e-11
20250.000000  1.213623e-11
20350.000000  1.187134e-11
20450.000000  1.181204e-11
20550.000000  1.156050e-11
20650.000000  1.129881e-11
20750.000000  1.115101e-11
20850.000000  1.095889e-11
20950.000000  1.070200e-11
21050.000000  1.061963e-11
21150.000000  1.042002e-11
21250.000000  1.024076e-11
21350.000000  1.009103e-11
21450.000000  9.932046e-12
21550.000000  9.767002e-12
21650.000000  9.369736e-12
21750.000000  9.368411e-12
21850.000000  9.236138e-12
21950.000000  9.141367e-12
22050.000000  8.899944e-12
22150.000000  8.850926e-12
22250.000000  8.666640e-12
22350.000000  8.529782e-12
22450.000000  8.400564e-12
22550.000000  8.259249e-12
22650.000000  8.104977e-12
22750.000000  8.024990e-12
22850.000000  7.839880e-12
22950.000000  7.444349e-12
23050.000000  7.508135e-12
23150.000000  7.412292e-12
23250.000000  6.973703e-12
23350.000000  7.060337e-12
23450.000000  7.052835e-12
23550.000000  6.595656e-12
23650.000000  6.742206e-12
23750.000000  6.662289e-12
23850.000000  6.283232e-12
23950.000000  6.401621e-12
24050.000000  6.363632e-12
24150.000000  6.044555e-12
24250.000000  6.091445e-12
24350.000000  6.053575e-12
24450.000000  5.854077e-12
24550.000000  5.749135e-12
24650.000000  5.810564e-12
24750.000000  5.647754e-12
24850.000000  5.487930e-12
24950.000000  5.530967e-12
