2505.000000  1.428527e-11
2513.000000  1.319063e-11
2518.000000  1.308243e-11
2525.000000  1.246719e-11
2535.000000  1.237494e-11
2545.000000  1.251442e-11
2555.000000  1.360696e-11
2565.000000  1.375933e-11
2575.000000  1.464093e-11
2585.000000  1.483663e-11
2595.000000  1.477325e-11
2605.000000  1.439680e-11
2615.000000  1.402587e-11
2625.000000  1.503641e-11
2635.000000  1.529838e-11
2645.000000  1.691073e-11
2655.000000  1.704291e-11
2665.000000  1.610921e-11
2675.000000  1.668133e-11
2685.000000  1.713857e-11
2695.000000  1.634465e-11
2705.000000  1.659792e-11
2715.000000  1.587839e-11
2725.000000  1.608248e-11
2735.000000  1.676649e-11
2745.000000  1.490991e-11
2755.000000  1.565619e-11
2765.000000  1.653192e-11
2775.000000  1.729864e-11
2785.000000  1.718101e-11
2795.000000  1.269223e-11
2805.000000  1.432566e-11
2815.000000  1.839979e-11
2825.000000  1.819441e-11
2835.000000  1.793993e-11
2845.000000  1.769525e-11
2855.000000  1.677291e-11
2865.000000  1.774290e-11
2875.000000  1.768054e-11
2885.000000  1.828541e-11
2895.000000  1.825202e-11
2910.000000  1.915605e-11
2930.000000  1.890613e-11
2950.000000  1.877215e-11
2970.000000  1.906183e-11
2990.000000  1.924230e-11
3010.000000  1.935963e-11
3030.000000  1.959509e-11
3050.000000  1.976415e-11
3070.000000  1.988387e-11
3090.000000  2.012243e-11
3110.000000  2.005036e-11
3130.000000  2.021457e-11
3150.000000  2.062105e-11
3170.000000  2.071394e-11
3190.000000  2.014291e-11
3210.000000  2.048786e-11
3230.000000  2.015579e-11
3250.000000  2.069816e-11
3270.000000  2.112293e-11
3290.000000  2.142968e-11
3310.000000  2.157434e-11
3330.000000  2.136499e-11
3350.000000  2.117999e-11
3370.000000  2.122531e-11
3390.000000  2.125701e-11
3410.000000  2.158572e-11
3430.000000  2.175347e-11
3450.000000  2.161287e-11
3470.000000  2.161527e-11
3490.000000  2.177718e-11
3510.000000  2.203261e-11
3530.000000  2.208432e-11
3550.000000  2.238577e-11
3570.000000  2.193183e-11
3590.000000  2.196417e-11
3610.000000  2.210170e-11
3630.000000  2.234676e-11
3640.000000  2.232761e-11
3650.000000  2.262460e-11
3670.000000  2.254261e-11
3690.000000  2.216937e-11
3710.000000  2.545167e-11
3730.000000  2.765664e-11
3750.000000  3.347599e-11
3770.000000  3.461710e-11
3790.000000  3.796225e-11
3810.000000  4.128040e-11
3830.000000  3.561549e-11
3850.000000  4.298947e-11
3870.000000  4.457196e-11
3890.000000  3.490484e-11
3910.000000  4.446782e-11
3930.000000  4.273375e-11
3950.000000  4.480189e-11
3970.000000  3.382594e-11
3990.000000  4.444029e-11
4010.000000  4.539065e-11
4030.000000  4.516814e-11
4050.000000  4.500381e-11
4070.000000  4.417124e-11
4090.000000  4.155616e-11
4110.000000  3.578817e-11
4130.000000  4.390807e-11
4150.000000  4.407039e-11
4170.000000  4.409027e-11
4190.000000  4.370097e-11
4210.000000  4.334561e-11
4230.000000  4.298287e-11
4250.000000  4.294080e-11
4270.000000  4.269244e-11
4290.000000  4.252707e-11
4310.000000  4.161069e-11
4330.000000  3.838261e-11
4350.000000  3.482737e-11
4370.000000  4.165440e-11
4390.000000  4.146811e-11
4410.000000  4.129946e-11
4430.000000  4.152043e-11
4450.000000  4.121363e-11
4470.000000  4.101697e-11
4490.000000  4.093540e-11
4510.000000  4.072725e-11
4530.000000  4.037439e-11
4550.000000  4.004294e-11
4570.000000  4.012249e-11
4590.000000  3.990528e-11
4610.000000  3.983191e-11
4630.000000  3.956155e-11
4650.000000  3.941546e-11
4670.000000  3.924360e-11
4690.000000  3.902639e-11
4710.000000  3.872384e-11
4730.000000  3.863049e-11
4750.000000  3.844218e-11
4770.000000  3.823813e-11
4790.000000  3.800775e-11
4810.000000  3.773257e-11
4830.000000  3.728073e-11
4850.000000  3.464943e-11
4870.000000  3.051636e-11
4890.000000  3.646711e-11
4910.000000  3.671065e-11
4930.000000  3.635097e-11
4950.000000  3.637577e-11
4970.000000  3.630312e-11
4990.000000  3.603783e-11
5010.000000  3.570977e-11
5030.000000  3.570414e-11
5050.000000  3.546197e-11
5070.000000  3.534494e-11
5090.000000  3.513664e-11
5110.000000  3.495314e-11
5130.000000  3.474909e-11
5150.000000  3.451599e-11
5170.000000  3.392417e-11
5190.000000  3.388949e-11
5210.000000  3.386726e-11
5230.000000  3.366746e-11
5250.000000  3.368238e-11
5270.000000  3.324348e-11
5290.000000  3.330319e-11
5310.000000  3.311230e-11
5330.000000  3.280151e-11
5350.000000  3.277846e-11
5370.000000  3.253798e-11
5390.000000  3.238764e-11
5410.000000  3.215879e-11
5430.000000  3.200419e-11
5450.000000  3.182495e-11
5470.000000  3.172421e-11
5490.000000  3.156976e-11
5510.000000  3.139943e-11
5530.000000  3.120855e-11
5550.000000  3.107820e-11
5570.000000  3.088306e-11
5590.000000  3.069218e-11
5610.000000  3.054184e-11
5630.000000  3.040056e-11
5650.000000  3.023280e-11
5670.000000  3.006672e-11
5690.000000  2.990900e-11
5710.000000  2.973866e-11
5730.000000  2.958832e-11
5750.000000  2.942963e-11
5770.000000  2.927190e-11
5790.000000  2.910157e-11
5810.000000  2.895123e-11
5830.000000  2.878515e-11
5850.000000  2.863480e-11
5870.000000  2.847708e-11
5890.000000  2.813313e-11
5910.000000  2.816379e-11
5930.000000  2.801087e-11
5950.000000  2.786053e-11
5970.000000  2.771019e-11
5990.000000  2.755728e-11
6010.000000  2.740779e-11
6030.000000  2.725702e-11
6050.000000  2.711276e-11
6070.000000  2.695985e-11
6090.000000  2.681067e-11
6110.000000  2.667202e-11
6130.000000  2.649656e-11
6150.000000  2.636341e-11
6170.000000  2.621365e-11
6190.000000  2.608897e-11
6210.000000  2.594471e-11
6230.000000  2.580489e-11
6250.000000  2.564927e-11
6270.000000  2.552897e-11
6290.000000  2.539381e-11
6310.000000  2.524199e-11
6330.000000  2.511397e-11
6350.000000  2.497997e-11
6370.000000  2.484597e-11
6390.000000  2.470362e-11
6410.000000  2.456496e-11
6430.000000  2.443329e-11
6450.000000  2.428555e-11
6470.000000  2.416646e-11
6490.000000  2.399931e-11
6510.000000  2.385214e-11
6530.000000  2.359885e-11
6550.000000  2.257473e-11
6570.000000  1.956089e-11
6590.000000  2.305227e-11
6610.000000  2.317456e-11
6630.000000  2.312700e-11
6650.000000  2.301781e-11
6670.000000  2.289270e-11
6690.000000  2.277164e-11
6710.000000  2.264652e-11
6730.000000  2.252589e-11
6750.000000  2.240161e-11
6770.000000  2.228261e-11
6790.000000  2.216123e-11
6810.000000  2.204149e-11
6830.000000  2.192291e-11
6850.000000  2.180359e-11
6870.000000  2.168633e-11
6890.000000  2.156997e-11
6910.000000  2.145271e-11
6930.000000  2.133876e-11
6950.000000  2.122166e-11
6970.000000  2.110894e-11
6990.000000  2.099541e-11
7010.000000  2.088063e-11
7030.000000  2.076891e-11
7050.000000  2.065792e-11
7070.000000  2.054688e-11
7090.000000  2.043711e-11
7110.000000  2.032449e-11
7130.000000  2.021723e-11
7150.000000  2.010751e-11
7170.000000  2.000106e-11
7190.000000  1.989181e-11
7210.000000  1.978536e-11
7230.000000  1.968108e-11
7250.000000  1.957763e-11
7270.000000  1.947275e-11
7290.000000  1.936599e-11
7310.000000  1.926459e-11
7330.000000  1.915988e-11
7350.000000  1.905982e-11
7370.000000  1.895917e-11
7390.000000  1.885529e-11
7410.000000  1.875142e-11
7430.000000  1.865489e-11
7450.000000  1.855614e-11
7470.000000  1.845797e-11
7490.000000  1.835789e-11
7510.000000  1.826062e-11
7530.000000  1.816545e-11
7550.000000  1.807072e-11
7570.000000  1.797512e-11
7590.000000  1.787869e-11
7610.000000  1.778521e-11
7630.000000  1.769093e-11
7650.000000  1.759614e-11
7670.000000  1.750060e-11
7690.000000  1.741087e-11
7710.000000  1.731740e-11
7730.000000  1.722856e-11
7750.000000  1.713592e-11
7770.000000  1.703734e-11
7790.000000  1.695883e-11
7810.000000  1.686993e-11
7830.000000  1.677983e-11
7850.000000  1.669216e-11
7870.000000  1.660448e-11
7890.000000  1.651886e-11
7910.000000  1.643293e-11
7930.000000  1.634366e-11
7950.000000  1.625763e-11
7970.000000  1.617575e-11
7990.000000  1.609187e-11
8010.000000  1.600708e-11
8030.000000  1.592485e-11
8050.000000  1.584055e-11
8070.000000  1.575909e-11
8090.000000  1.567527e-11
8110.000000  1.559587e-11
8130.000000  1.551404e-11
8150.000000  1.543512e-11
8170.000000  1.535372e-11
8190.000000  1.526537e-11
8210.000000  1.519883e-11
8230.000000  1.511953e-11
8250.000000  1.504563e-11
8270.000000  1.497408e-11
8290.000000  1.489812e-11
8310.000000  1.481720e-11
8330.000000  1.472099e-11
8350.000000  1.466068e-11
8370.000000  1.455552e-11
8390.000000  1.447405e-11
8410.000000  1.438968e-11
8430.000000  1.435600e-11
8450.000000  1.427725e-11
8470.000000  1.405891e-11
8490.000000  1.424074e-11
8510.000000  1.373545e-11
8530.000000  1.415589e-11
8550.000000  1.338011e-11
8570.000000  1.408329e-11
8590.000000  1.373995e-11
8610.000000  1.347175e-11
8630.000000  1.395588e-11
8650.000000  1.380782e-11
8670.000000  1.275957e-11
8690.000000  1.374655e-11
8710.000000  1.375860e-11
8730.000000  1.362641e-11
8750.000000  1.257837e-11
8770.000000  1.340398e-11
8790.000000  1.350727e-11
8810.000000  1.345382e-11
8830.000000  1.336446e-11
8850.000000  1.307377e-11
8870.000000  1.219980e-11
8890.000000  1.311540e-11
8910.000000  1.312976e-11
8930.000000  1.308685e-11
8950.000000  1.302793e-11
8970.000000  1.294206e-11
8990.000000  1.281168e-11
9010.000000  1.185306e-11
9030.000000  1.238011e-11
9050.000000  1.265134e-11
9070.000000  1.261847e-11
9090.000000  1.254231e-11
9110.000000  1.251479e-11
9130.000000  1.246166e-11
9150.000000  1.240183e-11
9170.000000  1.233647e-11
9190.000000  1.224661e-11
9210.000000  1.206600e-11
9230.000000  1.105063e-11
9250.000000  1.190165e-11
9270.000000  1.199851e-11
9290.000000  1.197648e-11
9310.000000  1.192404e-11
9330.000000  1.186669e-11
9350.000000  1.180893e-11
9370.000000  1.175132e-11
9390.000000  1.169445e-11
9410.000000  1.161239e-11
9430.000000  1.158066e-11
9450.000000  1.152422e-11
9470.000000  1.146983e-11
9490.000000  1.140680e-11
9510.000000  1.131808e-11
9530.000000  1.112124e-11
9550.000000  1.020251e-11
9570.000000  1.105600e-11
9590.000000  1.111097e-11
9610.000000  1.108308e-11
9630.000000  1.102901e-11
9650.000000  1.098248e-11
9670.000000  1.092114e-11
9690.000000  1.087908e-11
9710.000000  1.082801e-11
9730.000000  1.077668e-11
9750.000000  1.072429e-11
9770.000000  1.067329e-11
9790.000000  1.062312e-11
9810.000000  1.057321e-11
9830.000000  1.052388e-11
9850.000000  1.047239e-11
9870.000000  1.042386e-11
9890.000000  1.037321e-11
9910.000000  1.032552e-11
9930.000000  1.027767e-11
9950.000000  1.022998e-11
9970.000000  1.018229e-11
9990.000000  1.012843e-11
10025.000000  9.870599e-12
10075.000000  9.572203e-12
10125.000000  9.813955e-12
10175.000000  9.704591e-12
10225.000000  9.594593e-12
10275.000000  9.484595e-12
10325.000000  9.375079e-12
10375.000000  9.270041e-12
10425.000000  9.164578e-12
10475.000000  9.056804e-12
10525.000000  8.958043e-12
10575.000000  8.857541e-12
10625.000000  8.756300e-12
10675.000000  8.637359e-12
10725.000000  8.557205e-12
10775.000000  8.465460e-12
10825.000000  8.368016e-12
10875.000000  8.265153e-12
10925.000000  7.759374e-12
10975.000000  8.002557e-12
11025.000000  8.009271e-12
11075.000000  7.926026e-12
11125.000000  7.838984e-12
11175.000000  7.753941e-12
11225.000000  7.670472e-12
11275.000000  7.586649e-12
11325.000000  7.504921e-12
11375.000000  7.426155e-12
11425.000000  7.346073e-12
11475.000000  7.270526e-12
11525.000000  7.192923e-12
11575.000000  7.116638e-12
11625.000000  7.039446e-12
11675.000000  6.964805e-12
11725.000000  6.895053e-12
11775.000000  6.814713e-12
11825.000000  6.747442e-12
11875.000000  6.678597e-12
11925.000000  6.613806e-12
11975.000000  6.535450e-12
12025.000000  6.476526e-12
12075.000000  6.409736e-12
12125.000000  6.345851e-12
12175.000000  6.281966e-12
12225.000000  6.218492e-12
12275.000000  6.154607e-12
12325.000000  6.093613e-12
12375.000000  6.032208e-12
12425.000000  5.971695e-12
12475.000000  5.912346e-12
12525.000000  5.853518e-12
12575.000000  5.794169e-12
12625.000000  5.737299e-12
12675.000000  5.680527e-12
12725.000000  5.621379e-12
12775.000000  5.520243e-12
12825.000000  5.097459e-12
12875.000000  5.426595e-12
12925.000000  5.406978e-12
12975.000000  5.357445e-12
13025.000000  5.305536e-12
13075.000000  5.253724e-12
13125.000000  5.203131e-12
13175.000000  5.153800e-12
13225.000000  5.105206e-12
13275.000000  5.057094e-12
13325.000000  5.008244e-12
13375.000000  4.962131e-12
13425.000000  4.914444e-12
13475.000000  4.867592e-12
13525.000000  4.822796e-12
13575.000000  4.777164e-12
13625.000000  4.732792e-12
13675.000000  4.688477e-12
13725.000000  4.644009e-12
13775.000000  4.601692e-12
13825.000000  4.559063e-12
13875.000000  4.517966e-12
13925.000000  4.476075e-12
13975.000000  4.434665e-12
14025.000000  4.394404e-12
14075.000000  4.354157e-12
14125.000000  4.313583e-12
14175.000000  4.274485e-12
14225.000000  4.235555e-12
14275.000000  4.196144e-12
14325.000000  4.159269e-12
14375.000000  4.121175e-12
14425.000000  4.080078e-12
14475.000000  4.046463e-12
14525.000000  4.007108e-12
14570.000000  3.977193e-12
14620.000000  3.942060e-12
14675.000000  3.904704e-12
14725.000000  3.869828e-12
14775.000000  3.834953e-12
14825.000000  3.801819e-12
14875.000000  3.763299e-12
14925.000000  3.734290e-12
14975.000000  3.699896e-12
15025.000000  3.659321e-12
15075.000000  3.630312e-12
15125.000000  3.597916e-12
15175.000000  3.563522e-12
15225.000000  3.539813e-12
15275.000000  3.490623e-12
15325.000000  3.457064e-12
15375.000000  3.445259e-12
15425.000000  3.374740e-12
15475.000000  3.385100e-12
15525.000000  3.358075e-12
15575.000000  3.252990e-12
15625.000000  3.321540e-12
15675.000000  3.244177e-12
15725.000000  3.145554e-12
15775.000000  3.240633e-12
15825.000000  3.208719e-12
15875.000000  2.981843e-12
15925.000000  3.126253e-12
15975.000000  3.139531e-12
16050.000000  3.071040e-12
16150.000000  2.909950e-12
16250.000000  2.994635e-12
16350.000000  2.890843e-12
16450.000000  2.730093e-12
16550.000000  2.818235e-12
16650.000000  2.759874e-12
16750.000000  2.652696e-12
16850.000000  2.502149e-12
16950.000000  2.588435e-12
17050.000000  2.537541e-12
17150.000000  2.485282e-12
17250.000000  2.426791e-12
17350.000000  2.228112e-12
17450.000000  2.316229e-12
17550.000000  2.287163e-12
17650.000000  2.241061e-12
17750.000000  2.196060e-12
17850.000000  2.152052e-12
17950.000000  2.109240e-12
18050.000000  2.063322e-12
18150.000000  1.905689e-12
18250.000000  1.962471e-12
18350.000000  1.947035e-12
18450.000000  1.909603e-12
18550.000000  1.872496e-12
18650.000000  1.828794e-12
18750.000000  1.679897e-12
18850.000000  1.756491e-12
18950.000000  1.732311e-12
19050.000000  1.700361e-12
19150.000000  1.668230e-12
19250.000000  1.636934e-12
19350.000000  1.599315e-12
19450.000000  1.479885e-12
19550.000000  1.540410e-12
19650.000000  1.518701e-12
19750.000000  1.490713e-12
19850.000000  1.463764e-12
19950.000000  1.437064e-12
20050.000000  1.411108e-12
20150.000000  1.385731e-12
20250.000000  1.360808e-12
20350.000000  1.336340e-12
20450.000000  1.312747e-12
20550.000000  1.289477e-12
20650.000000  1.266754e-12
20750.000000  1.244559e-12
20850.000000  1.222819e-12
20950.000000  1.201500e-12
21050.000000  1.180726e-12
21150.000000  1.160268e-12
21250.000000  1.140322e-12
21350.000000  1.120829e-12
21450.000000  1.101858e-12
21550.000000  1.079783e-12
21650.000000  1.005434e-12
21750.000000  1.040801e-12
21850.000000  1.029297e-12
21950.000000  1.012194e-12
22050.000000  9.953460e-13
22150.000000  9.789133e-13
22250.000000  9.628450e-13
22350.000000  9.469564e-13
22450.000000  9.314323e-13
22550.000000  9.162042e-13
22650.000000  9.015077e-13
22750.000000  8.869330e-13
22850.000000  8.727325e-13
22950.000000  8.588706e-13
23050.000000  8.452881e-13
23150.000000  8.318316e-13
23250.000000  8.187451e-13
23350.000000  8.059164e-13
23450.000000  7.932946e-13
23550.000000  7.809522e-13
23650.000000  7.687839e-13
23750.000000  7.568637e-13
23850.000000  7.450341e-13
23950.000000  7.335192e-13
24050.000000  7.221857e-13
24150.000000  7.107615e-13
24250.000000  7.007758e-13
24350.000000  6.891957e-13
24450.000000  6.783895e-13
24550.000000  6.695630e-13
24650.000000  6.583528e-13
24750.000000  6.485003e-13
24850.000000  6.408288e-13
24950.000000  6.258746e-13
