2505.000000  2.281168e-12
2513.000000  9.787971e-13
2518.000000  6.425297e-13
2525.000000  6.615976e-13
2535.000000  9.150016e-13
2545.000000  1.206957e-12
2555.000000  2.755701e-12
2565.000000  2.184718e-12
2575.000000  3.091014e-12
2585.000000  2.637493e-12
2595.000000  2.280697e-12
2605.000000  1.747297e-12
2615.000000  1.578143e-12
2625.000000  2.354596e-12
2635.000000  4.880718e-12
2645.000000  6.936965e-12
2655.000000  9.446594e-12
2665.000000  5.678565e-12
2675.000000  6.660650e-12
2685.000000  7.780113e-12
2695.000000  5.562781e-12
2705.000000  7.059925e-12
2715.000000  4.792045e-12
2725.000000  3.769424e-12
2735.000000  4.771980e-12
2745.000000  2.271784e-12
2755.000000  3.399111e-12
2765.000000  4.747387e-12
2775.000000  5.091654e-12
2785.000000  2.521853e-12
2795.000000  9.104217e-13
2805.000000  1.168145e-12
2815.000000  4.263603e-12
2825.000000  7.174685e-12
2835.000000  6.688219e-12
2845.000000  4.261569e-12
2855.000000  1.959568e-12
2865.000000  6.180044e-12
2875.000000  8.749232e-12
2885.000000  7.690150e-12
2895.000000  9.242483e-12
2910.000000  1.233750e-11
2930.000000  1.095904e-11
2950.000000  1.058290e-11
2970.000000  1.141595e-11
2990.000000  1.132741e-11
3010.000000  1.168516e-11
3030.000000  1.231646e-11
3050.000000  1.283901e-11
3070.000000  1.294878e-11
3090.000000  1.255963e-11
3110.000000  1.360588e-11
3130.000000  1.293312e-11
3150.000000  1.238847e-11
3170.000000  1.344328e-11
3190.000000  1.200088e-11
3210.000000  1.341656e-11
3230.000000  1.112941e-11
3250.000000  1.497123e-11
3270.000000  1.739302e-11
3290.000000  1.678249e-11
3310.000000  1.622548e-11
3330.000000  1.635186e-11
3350.000000  1.589876e-11
3370.000000  1.259346e-11
3390.000000  1.452345e-11
3410.000000  1.490531e-11
3430.000000  1.559296e-11
3450.000000  1.630825e-11
3470.000000  1.668247e-11
3490.000000  1.784731e-11
3510.000000  1.861719e-11
3530.000000  1.731673e-11
3550.000000  1.997301e-11
3570.000000  1.539735e-11
3590.000000  1.546435e-11
3610.000000  1.719351e-11
3630.000000  1.739398e-11
3640.000000  1.750824e-11
3650.000000  1.981159e-11
3670.000000  2.006641e-11
3690.000000  1.936140e-11
3710.000000  2.048247e-11
3730.000000  1.651524e-11
3750.000000  1.844505e-11
3770.000000  2.129479e-11
3790.000000  2.226271e-11
3810.000000  2.245374e-11
3830.000000  1.508078e-11
3850.000000  1.947656e-11
3870.000000  1.913638e-11
3890.000000  2.043212e-11
3910.000000  2.369978e-11
3930.000000  1.273137e-11
3950.000000  2.122146e-11
3970.000000  1.453147e-11
3990.000000  2.763171e-11
4010.000000  2.942445e-11
4030.000000  2.924863e-11
4050.000000  2.839053e-11
4070.000000  2.772718e-11
4090.000000  3.062396e-11
4110.000000  2.916299e-11
4130.000000  3.021252e-11
4150.000000  3.047936e-11
4170.000000  3.045611e-11
4190.000000  2.923028e-11
4210.000000  2.955372e-11
4230.000000  2.839534e-11
4250.000000  2.878873e-11
4270.000000  2.715441e-11
4290.000000  2.479761e-11
4310.000000  2.080222e-11
4330.000000  2.896819e-11
4350.000000  2.739718e-11
4370.000000  3.056905e-11
4390.000000  2.819207e-11
4410.000000  3.008868e-11
4430.000000  3.164703e-11
4450.000000  3.136460e-11
4470.000000  3.275044e-11
4490.000000  3.301986e-11
4510.000000  3.576787e-11
4530.000000  3.269624e-11
4550.000000  3.352978e-11
4570.000000  3.545195e-11
4590.000000  3.360528e-11
4610.000000  3.440646e-11
4630.000000  3.387232e-11
4650.000000  3.418870e-11
4670.000000  3.492936e-11
4690.000000  3.425468e-11
4710.000000  3.303446e-11
4730.000000  3.446889e-11
4750.000000  3.493674e-11
4770.000000  3.488624e-11
4790.000000  3.470721e-11
4810.000000  3.434303e-11
4830.000000  3.471035e-11
4850.000000  3.251946e-11
4870.000000  2.895430e-11
4890.000000  3.310950e-11
4910.000000  3.305256e-11
4930.000000  3.246625e-11
4950.000000  3.362564e-11
4970.000000  3.386674e-11
4990.000000  3.174391e-11
5010.000000  3.053386e-11
5030.000000  3.213820e-11
5050.000000  3.209989e-11
5070.000000  3.321599e-11
5090.000000  3.203670e-11
5110.000000  3.246465e-11
5130.000000  3.169740e-11
5150.000000  3.073328e-11
5170.000000  2.857186e-11
5190.000000  2.874253e-11
5210.000000  3.074632e-11
5230.000000  3.111820e-11
5250.000000  3.187095e-11
5270.000000  2.870509e-11
5290.000000  3.157119e-11
5310.000000  3.234837e-11
5330.000000  2.970354e-11
5350.000000  3.154241e-11
5370.000000  3.146532e-11
5390.000000  3.108974e-11
5410.000000  3.015064e-11
5430.000000  3.081745e-11
5450.000000  3.149493e-11
5470.000000  3.090202e-11
5490.000000  3.068508e-11
5510.000000  3.067044e-11
5530.000000  3.082062e-11
5550.000000  3.112091e-11
5570.000000  3.031357e-11
5590.000000  2.975971e-11
5610.000000  3.045873e-11
5630.000000  3.053067e-11
5650.000000  3.037827e-11
5670.000000  2.971549e-11
5690.000000  3.008451e-11
5710.000000  2.953732e-11
5730.000000  3.098546e-11
5750.000000  3.010522e-11
5770.000000  3.030099e-11
5790.000000  2.957209e-11
5810.000000  3.005180e-11
5830.000000  3.031304e-11
5850.000000  2.968797e-11
5870.000000  2.968955e-11
5890.000000  2.799596e-11
5910.000000  2.935645e-11
5930.000000  2.923686e-11
5950.000000  2.922937e-11
5970.000000  2.922144e-11
5990.000000  2.891943e-11
6010.000000  2.848320e-11
6030.000000  2.849558e-11
6050.000000  2.887566e-11
6070.000000  2.869818e-11
6090.000000  2.811026e-11
6110.000000  2.784544e-11
6130.000000  2.697650e-11
6150.000000  2.720584e-11
6170.000000  2.648318e-11
6190.000000  2.755337e-11
6210.000000  2.756323e-11
6230.000000  2.690594e-11
6250.000000  2.613836e-11
6270.000000  2.706817e-11
6290.000000  2.709025e-11
6310.000000  2.635700e-11
6330.000000  2.641929e-11
6350.000000  2.641901e-11
6370.000000  2.627605e-11
6390.000000  2.637813e-11
6410.000000  2.579663e-11
6430.000000  2.597890e-11
6450.000000  2.566439e-11
6470.000000  2.557983e-11
6490.000000  2.520409e-11
6510.000000  2.562781e-11
6530.000000  2.556233e-11
6550.000000  2.472258e-11
6570.000000  2.208333e-11
6590.000000  2.493625e-11
6610.000000  2.520548e-11
6630.000000  2.503356e-11
6650.000000  2.493540e-11
6670.000000  2.463682e-11
6690.000000  2.487995e-11
6710.000000  2.443393e-11
6730.000000  2.459146e-11
6750.000000  2.430069e-11
6770.000000  2.425808e-11
6790.000000  2.412549e-11
6810.000000  2.395289e-11
6830.000000  2.400426e-11
6850.000000  2.355073e-11
6870.000000  2.368088e-11
6890.000000  2.364902e-11
6910.000000  2.346841e-11
6930.000000  2.335791e-11
6950.000000  2.323344e-11
6970.000000  2.318259e-11
6990.000000  2.307042e-11
7010.000000  2.247909e-11
7030.000000  2.271949e-11
7050.000000  2.273657e-11
7070.000000  2.253359e-11
7090.000000  2.240774e-11
7110.000000  2.234857e-11
7130.000000  2.207590e-11
7150.000000  2.193067e-11
7170.000000  2.183907e-11
7190.000000  2.134702e-11
7210.000000  2.161183e-11
7230.000000  2.155945e-11
7250.000000  2.159408e-11
7270.000000  2.149710e-11
7290.000000  2.098899e-11
7310.000000  2.120386e-11
7330.000000  2.109516e-11
7350.000000  2.110430e-11
7370.000000  2.106859e-11
7390.000000  2.060335e-11
7410.000000  2.032143e-11
7430.000000  2.046615e-11
7450.000000  2.046009e-11
7470.000000  2.052567e-11
7490.000000  2.031965e-11
7510.000000  2.029136e-11
7530.000000  2.024466e-11
7550.000000  2.023852e-11
7570.000000  2.002728e-11
7590.000000  1.995280e-11
7610.000000  1.981873e-11
7630.000000  1.983690e-11
7650.000000  1.972286e-11
7670.000000  1.927349e-11
7690.000000  1.951863e-11
7710.000000  1.928641e-11
7730.000000  1.926862e-11
7750.000000  1.903708e-11
7770.000000  1.915147e-11
7790.000000  1.915227e-11
7810.000000  1.902522e-11
7830.000000  1.881528e-11
7850.000000  1.875414e-11
7870.000000  1.882349e-11
7890.000000  1.869748e-11
7910.000000  1.846655e-11
7930.000000  1.814364e-11
7950.000000  1.813438e-11
7970.000000  1.832885e-11
7990.000000  1.828012e-11
8010.000000  1.804791e-11
8030.000000  1.797573e-11
8050.000000  1.782370e-11
8070.000000  1.788578e-11
8090.000000  1.759209e-11
8110.000000  1.769418e-11
8130.000000  1.769552e-11
8150.000000  1.756981e-11
8170.000000  1.749005e-11
8190.000000  1.702533e-11
8210.000000  1.703525e-11
8230.000000  1.697283e-11
8250.000000  1.702795e-11
8270.000000  1.711682e-11
8290.000000  1.700038e-11
8310.000000  1.670762e-11
8330.000000  1.657661e-11
8350.000000  1.663338e-11
8370.000000  1.665092e-11
8390.000000  1.637156e-11
8410.000000  1.651826e-11
8430.000000  1.622731e-11
8450.000000  1.623703e-11
8470.000000  1.611909e-11
8490.000000  1.592933e-11
8510.000000  1.521829e-11
8530.000000  1.567776e-11
8550.000000  1.355590e-11
8570.000000  1.593524e-11
8590.000000  1.562763e-11
8610.000000  1.554554e-11
8630.000000  1.570036e-11
8650.000000  1.546255e-11
8670.000000  1.344124e-11
8690.000000  1.514095e-11
8710.000000  1.534263e-11
8730.000000  1.526016e-11
8750.000000  1.477355e-11
8770.000000  1.519027e-11
8790.000000  1.509988e-11
8810.000000  1.481044e-11
8830.000000  1.493334e-11
8850.000000  1.481440e-11
8870.000000  1.427140e-11
8890.000000  1.482200e-11
8910.000000  1.482555e-11
8930.000000  1.457051e-11
8950.000000  1.457122e-11
8970.000000  1.454507e-11
8990.000000  1.451667e-11
9010.000000  1.367084e-11
9030.000000  1.418049e-11
9050.000000  1.441586e-11
9070.000000  1.413853e-11
9090.000000  1.378643e-11
9110.000000  1.393067e-11
9130.000000  1.411126e-11
9150.000000  1.398812e-11
9170.000000  1.389396e-11
9190.000000  1.389310e-11
9210.000000  1.352448e-11
9230.000000  1.295766e-11
9250.000000  1.332242e-11
9270.000000  1.349533e-11
9290.000000  1.351663e-11
9310.000000  1.352882e-11
9330.000000  1.343647e-11
9350.000000  1.336876e-11
9370.000000  1.329510e-11
9390.000000  1.324955e-11
9410.000000  1.275259e-11
9430.000000  1.304784e-11
9450.000000  1.290089e-11
9470.000000  1.303342e-11
9490.000000  1.301555e-11
9510.000000  1.290698e-11
9530.000000  1.275682e-11
9550.000000  1.212130e-11
9570.000000  1.263166e-11
9590.000000  1.271864e-11
9610.000000  1.257537e-11
9630.000000  1.246060e-11
9650.000000  1.241803e-11
9670.000000  1.233015e-11
9690.000000  1.239653e-11
9710.000000  1.236451e-11
9730.000000  1.231981e-11
9750.000000  1.217163e-11
9770.000000  1.217701e-11
9790.000000  1.209265e-11
9810.000000  1.212788e-11
9830.000000  1.205153e-11
9850.000000  1.201908e-11
9870.000000  1.191514e-11
9890.000000  1.185794e-11
9910.000000  1.178427e-11
9930.000000  1.184420e-11
9950.000000  1.178899e-11
9970.000000  1.174648e-11
9990.000000  1.168414e-11
10025.000000  1.149266e-11
10075.000000  1.122574e-11
10125.000000  1.132186e-11
10175.000000  1.113465e-11
10225.000000  1.107906e-11
10275.000000  1.101523e-11
10325.000000  1.081182e-11
10375.000000  1.071542e-11
10425.000000  1.065567e-11
10475.000000  1.045422e-11
10525.000000  1.042157e-11
10575.000000  1.027946e-11
10625.000000  1.015904e-11
10675.000000  9.906140e-12
10725.000000  9.912044e-12
10775.000000  9.787917e-12
10825.000000  9.597013e-12
10875.000000  9.533254e-12
10925.000000  9.248781e-12
10975.000000  9.241040e-12
11025.000000  9.284628e-12
11075.000000  9.253393e-12
11125.000000  9.129365e-12
11175.000000  9.035843e-12
11225.000000  8.990441e-12
11275.000000  8.788180e-12
11325.000000  8.756025e-12
11375.000000  8.674365e-12
11425.000000  8.542446e-12
11475.000000  8.586022e-12
11525.000000  8.506798e-12
11575.000000  8.380644e-12
11625.000000  8.230498e-12
11675.000000  8.173193e-12
11725.000000  8.205906e-12
11775.000000  8.001182e-12
11825.000000  7.933789e-12
11875.000000  7.841253e-12
11925.000000  7.915843e-12
11975.000000  7.636761e-12
12025.000000  7.677972e-12
12075.000000  7.576501e-12
12125.000000  7.549968e-12
12175.000000  7.549090e-12
12225.000000  7.475440e-12
12275.000000  7.376669e-12
12325.000000  7.327899e-12
12375.000000  7.260217e-12
12425.000000  7.182754e-12
12475.000000  7.145868e-12
12525.000000  7.059807e-12
12575.000000  6.991431e-12
12625.000000  6.933115e-12
12675.000000  6.857587e-12
12725.000000  6.827115e-12
12775.000000  6.745923e-12
12825.000000  6.296643e-12
12875.000000  6.609399e-12
12925.000000  6.555260e-12
12975.000000  6.537237e-12
13025.000000  6.451582e-12
13075.000000  6.428496e-12
13125.000000  6.316399e-12
13175.000000  6.254904e-12
13225.000000  6.259965e-12
13275.000000  6.154919e-12
13325.000000  6.135087e-12
13375.000000  6.075815e-12
13425.000000  6.053834e-12
13475.000000  5.997505e-12
13525.000000  5.947929e-12
13575.000000  5.850136e-12
13625.000000  5.824824e-12
13675.000000  5.773911e-12
13725.000000  5.717854e-12
13775.000000  5.680749e-12
13825.000000  5.643071e-12
13875.000000  5.608890e-12
13925.000000  5.557905e-12
13975.000000  5.512003e-12
14025.000000  5.439387e-12
14075.000000  5.420741e-12
14125.000000  5.330755e-12
14175.000000  5.334296e-12
14225.000000  5.227827e-12
14275.000000  5.148847e-12
14325.000000  5.186633e-12
14375.000000  5.173935e-12
14425.000000  4.990611e-12
14475.000000  5.077281e-12
14525.000000  4.960246e-12
14570.000000  4.970633e-12
14620.000000  4.930346e-12
14675.000000  4.898515e-12
14725.000000  4.809100e-12
14775.000000  4.781597e-12
14825.000000  4.760495e-12
14875.000000  4.645183e-12
14925.000000  4.732466e-12
14975.000000  4.658297e-12
15025.000000  4.537746e-12
15075.000000  4.516667e-12
15125.000000  4.560006e-12
15175.000000  4.542512e-12
15225.000000  4.461572e-12
15275.000000  4.462546e-12
15325.000000  4.415401e-12
15375.000000  4.384508e-12
15425.000000  4.346143e-12
15475.000000  4.318368e-12
15525.000000  4.260745e-12
15575.000000  4.214580e-12
15625.000000  4.232358e-12
15675.000000  4.130862e-12
15725.000000  4.117567e-12
15775.000000  3.999259e-12
15825.000000  4.034706e-12
15875.000000  3.876577e-12
15925.000000  3.956874e-12
15975.000000  3.956188e-12
16050.000000  3.895130e-12
16150.000000  3.784805e-12
16250.000000  3.795894e-12
16350.000000  3.681363e-12
16450.000000  3.559773e-12
16550.000000  3.590875e-12
16650.000000  3.521841e-12
16750.000000  3.392696e-12
16850.000000  3.257894e-12
16950.000000  3.327583e-12
17050.000000  3.228422e-12
17150.000000  3.170566e-12
17250.000000  3.080834e-12
17350.000000  2.889716e-12
17450.000000  2.946833e-12
17550.000000  2.922243e-12
17650.000000  2.862204e-12
17750.000000  2.805793e-12
17850.000000  2.760350e-12
17950.000000  2.710380e-12
18050.000000  2.642284e-12
18150.000000  2.485241e-12
18250.000000  2.512143e-12
18350.000000  2.491548e-12
18450.000000  2.428703e-12
18550.000000  2.395910e-12
18650.000000  2.330581e-12
18750.000000  2.166275e-12
18850.000000  2.247426e-12
18950.000000  2.174370e-12
19050.000000  2.182301e-12
19150.000000  2.134845e-12
19250.000000  2.097245e-12
19350.000000  2.039715e-12
19450.000000  1.910644e-12
19550.000000  1.975429e-12
19650.000000  1.942185e-12
19750.000000  1.900054e-12
19850.000000  1.875544e-12
19950.000000  1.841277e-12
20050.000000  1.816418e-12
20150.000000  1.790645e-12
20250.000000  1.745678e-12
20350.000000  1.705124e-12
20450.000000  1.695970e-12
20550.000000  1.661242e-12
20650.000000  1.624036e-12
20750.000000  1.601279e-12
20850.000000  1.573269e-12
20950.000000  1.538030e-12
21050.000000  1.522848e-12
21150.000000  1.493134e-12
21250.000000  1.466821e-12
21350.000000  1.444663e-12
21450.000000  1.422731e-12
21550.000000  1.395121e-12
21650.000000  1.306186e-12
21750.000000  1.336701e-12
21850.000000  1.321584e-12
21950.000000  1.308559e-12
22050.000000  1.275720e-12
22150.000000  1.263594e-12
22250.000000  1.241977e-12
22350.000000  1.221454e-12
22450.000000  1.201966e-12
22550.000000  1.178185e-12
22650.000000  1.159652e-12
22750.000000  1.145499e-12
22850.000000  1.120797e-12
22950.000000  1.100026e-12
23050.000000  1.089591e-12
23150.000000  1.070252e-12
23250.000000  1.046199e-12
23350.000000  1.032613e-12
23450.000000  1.022399e-12
23550.000000  9.950529e-13
23650.000000  9.886014e-13
23750.000000  9.685450e-13
23850.000000  9.465640e-13
23950.000000  9.419452e-13
24050.000000  9.275704e-13
24150.000000  9.049988e-13
24250.000000  8.971265e-13
24350.000000  8.830777e-13
24450.000000  8.691561e-13
24550.000000  8.498348e-13
24650.000000  8.465737e-13
24750.000000  8.293977e-13
24850.000000  8.116120e-13
24950.000000  8.067483e-13
