2505.000000  8.774019e-17
2513.000000  5.414033e-17
2518.000000  6.448397e-17
2525.000000  8.577759e-17
2535.000000  2.556717e-16
2545.000000  3.284535e-16
2555.000000  3.431121e-16
2565.000000  1.503750e-16
2575.000000  3.217458e-16
2585.000000  1.779845e-16
2595.000000  2.596028e-16
2605.000000  3.897573e-16
2615.000000  3.225804e-16
2625.000000  6.304325e-16
2635.000000  1.082766e-15
2645.000000  7.570015e-16
2655.000000  1.240648e-15
2665.000000  9.164986e-16
2675.000000  8.806581e-16
2685.000000  1.217103e-15
2695.000000  7.394431e-16
2705.000000  1.642567e-15
2715.000000  1.454472e-15
2725.000000  1.156066e-15
2735.000000  1.231589e-15
2745.000000  1.898306e-15
2755.000000  1.761350e-15
2765.000000  2.962272e-15
2775.000000  4.024944e-15
2785.000000  2.449525e-15
2795.000000  2.936166e-15
2805.000000  2.937683e-15
2815.000000  3.856330e-15
2825.000000  3.813053e-15
2835.000000  3.053651e-15
2845.000000  1.926321e-15
2855.000000  7.529748e-16
2865.000000  3.502456e-15
2875.000000  4.278626e-15
2885.000000  8.043532e-15
2895.000000  9.656546e-15
2910.000000  1.218132e-14
2930.000000  1.329953e-14
2950.000000  1.312509e-14
2970.000000  1.306659e-14
2990.000000  1.621786e-14
3010.000000  1.757185e-14
3030.000000  2.257500e-14
3050.000000  2.767258e-14
3070.000000  3.648453e-14
3090.000000  4.349919e-14
3110.000000  6.857227e-14
3130.000000  6.184296e-14
3150.000000  1.017469e-13
3170.000000  1.484936e-13
3190.000000  1.185233e-13
3210.000000  1.481307e-13
3230.000000  1.342642e-13
3250.000000  2.156604e-13
3270.000000  3.065046e-13
3290.000000  4.018303e-13
3310.000000  3.312342e-13
3330.000000  3.680662e-13
3350.000000  3.554161e-13
3370.000000  2.360238e-13
3390.000000  2.912620e-13
3410.000000  3.736551e-13
3430.000000  4.681901e-13
3450.000000  4.329601e-13
3470.000000  4.793112e-13
3490.000000  6.170813e-13
3510.000000  8.385627e-13
3530.000000  7.344922e-13
3550.000000  1.106509e-12
3570.000000  5.266152e-13
3590.000000  4.688629e-13
3610.000000  7.894750e-13
3630.000000  1.195024e-12
3640.000000  1.387911e-12
3650.000000  1.419403e-12
3670.000000  1.863552e-12
3690.000000  1.631198e-12
3710.000000  1.436700e-12
3730.000000  5.921261e-13
3750.000000  7.780684e-13
3770.000000  1.588777e-12
3790.000000  1.824847e-12
3810.000000  1.596168e-12
3830.000000  6.711446e-13
3850.000000  1.109387e-12
3870.000000  1.103457e-12
3890.000000  1.472646e-12
3910.000000  1.850187e-12
3930.000000  5.330925e-13
3950.000000  1.223406e-12
3970.000000  7.259522e-13
3990.000000  2.986133e-12
4010.000000  4.337707e-12
4030.000000  3.762493e-12
4050.000000  3.937626e-12
4070.000000  3.821534e-12
4090.000000  4.977107e-12
4110.000000  3.413590e-12
4130.000000  3.747093e-12
4150.000000  3.611193e-12
4170.000000  3.332237e-12
4190.000000  3.861395e-12
4210.000000  3.702655e-12
4230.000000  3.030403e-12
4250.000000  4.597826e-12
4270.000000  4.337929e-12
4290.000000  4.377831e-12
4310.000000  4.644573e-12
4330.000000  6.828282e-12
4350.000000  7.118387e-12
4370.000000  7.473759e-12
4390.000000  6.753177e-12
4410.000000  7.066691e-12
4430.000000  7.763921e-12
4450.000000  8.282917e-12
4470.000000  8.925678e-12
4490.000000  9.706477e-12
4510.000000  1.145757e-11
4530.000000  9.590292e-12
4550.000000  1.041395e-11
4570.000000  1.169301e-11
4590.000000  1.133524e-11
4610.000000  1.203524e-11
4630.000000  1.184209e-11
4650.000000  1.187412e-11
4670.000000  1.286011e-11
4690.000000  1.277129e-11
4710.000000  1.259088e-11
4730.000000  1.267833e-11
4750.000000  1.308794e-11
4770.000000  1.161327e-11
4790.000000  1.201433e-11
4810.000000  1.302652e-11
4830.000000  1.361998e-11
4850.000000  1.404744e-11
4870.000000  1.393527e-11
4890.000000  1.501753e-11
4910.000000  1.525807e-11
4930.000000  1.486635e-11
4950.000000  1.522028e-11
4970.000000  1.347675e-11
4990.000000  1.299441e-11
5010.000000  1.150830e-11
5030.000000  1.270417e-11
5050.000000  1.222549e-11
5070.000000  1.243914e-11
5090.000000  1.156807e-11
5110.000000  1.227948e-11
5130.000000  1.159999e-11
5150.000000  1.136959e-11
5170.000000  1.071568e-11
5190.000000  1.135812e-11
5210.000000  1.236634e-11
5230.000000  1.695178e-11
5250.000000  1.734974e-11
5270.000000  1.615199e-11
5290.000000  1.877958e-11
5310.000000  2.068574e-11
5330.000000  1.833683e-11
5350.000000  2.017200e-11
5370.000000  2.029381e-11
5390.000000  1.942335e-11
5410.000000  1.986818e-11
5430.000000  1.980220e-11
5450.000000  1.989992e-11
5470.000000  1.926622e-11
5490.000000  1.974667e-11
5510.000000  1.916084e-11
5530.000000  2.112759e-11
5550.000000  2.183903e-11
5570.000000  2.155516e-11
5590.000000  2.087804e-11
5610.000000  2.085791e-11
5630.000000  2.108534e-11
5650.000000  2.198980e-11
5670.000000  2.136852e-11
5690.000000  2.286820e-11
5710.000000  2.144230e-11
5730.000000  2.389526e-11
5750.000000  2.389969e-11
5770.000000  2.406982e-11
5790.000000  2.289721e-11
5810.000000  2.446247e-11
5830.000000  2.547759e-11
5850.000000  2.432718e-11
5870.000000  2.393345e-11
5890.000000  1.888058e-11
5910.000000  2.278625e-11
5930.000000  2.322160e-11
5950.000000  2.330125e-11
5970.000000  2.443920e-11
5990.000000  2.427572e-11
6010.000000  2.414098e-11
6030.000000  2.550892e-11
6050.000000  2.626291e-11
6070.000000  2.630850e-11
6090.000000  2.577326e-11
6110.000000  2.617557e-11
6130.000000  2.452399e-11
6150.000000  2.577360e-11
6170.000000  2.278938e-11
6190.000000  2.394881e-11
6210.000000  2.346186e-11
6230.000000  2.229373e-11
6250.000000  2.189826e-11
6270.000000  2.353162e-11
6290.000000  2.475612e-11
6310.000000  2.474684e-11
6330.000000  2.576203e-11
6350.000000  2.644361e-11
6370.000000  2.622673e-11
6390.000000  2.672389e-11
6410.000000  2.648209e-11
6430.000000  2.634939e-11
6450.000000  2.659335e-11
6470.000000  2.706967e-11
6490.000000  2.607758e-11
6510.000000  2.726367e-11
6530.000000  2.806360e-11
6550.000000  2.728547e-11
6570.000000  2.741783e-11
6590.000000  2.782557e-11
6610.000000  2.775396e-11
6630.000000  2.786459e-11
6650.000000  2.726316e-11
6670.000000  2.660214e-11
6690.000000  2.624599e-11
6710.000000  2.557802e-11
6730.000000  2.552924e-11
6750.000000  2.517928e-11
6770.000000  2.630917e-11
6790.000000  2.565506e-11
6810.000000  2.633372e-11
6830.000000  2.719991e-11
6850.000000  2.705848e-11
6870.000000  2.738490e-11
6890.000000  2.831867e-11
6910.000000  2.878728e-11
6930.000000  2.851299e-11
6950.000000  2.876762e-11
6970.000000  2.970547e-11
6990.000000  2.912789e-11
7010.000000  2.929156e-11
7030.000000  2.999897e-11
7050.000000  2.950001e-11
7070.000000  2.674783e-11
7090.000000  2.582040e-11
7110.000000  2.558247e-11
7130.000000  2.404734e-11
7150.000000  2.421858e-11
7170.000000  2.548420e-11
7190.000000  2.592944e-11
7210.000000  2.605285e-11
7230.000000  2.781535e-11
7250.000000  2.808835e-11
7270.000000  2.891681e-11
7290.000000  2.919256e-11
7310.000000  2.962984e-11
7330.000000  2.986148e-11
7350.000000  2.991332e-11
7370.000000  3.098368e-11
7390.000000  3.084561e-11
7410.000000  3.066920e-11
7430.000000  3.110123e-11
7450.000000  3.125221e-11
7470.000000  3.126533e-11
7490.000000  3.127143e-11
7510.000000  3.184224e-11
7530.000000  3.202237e-11
7550.000000  3.214250e-11
7570.000000  3.207927e-11
7590.000000  3.138577e-11
7610.000000  3.127907e-11
7630.000000  3.115600e-11
7650.000000  3.117269e-11
7670.000000  2.972349e-11
7690.000000  3.055917e-11
7710.000000  2.978626e-11
7730.000000  3.033454e-11
7750.000000  3.001489e-11
7770.000000  3.058978e-11
7790.000000  3.057821e-11
7810.000000  3.113293e-11
7830.000000  3.068937e-11
7850.000000  3.054870e-11
7870.000000  3.116307e-11
7890.000000  3.078831e-11
7910.000000  3.019363e-11
7930.000000  3.053005e-11
7950.000000  2.990264e-11
7970.000000  3.128224e-11
7990.000000  3.098714e-11
8010.000000  3.124607e-11
8030.000000  3.128738e-11
8050.000000  3.123814e-11
8070.000000  3.074224e-11
8090.000000  3.077229e-11
8110.000000  3.087067e-11
8130.000000  3.132110e-11
8150.000000  3.145807e-11
8170.000000  3.153584e-11
8190.000000  3.068831e-11
8210.000000  3.033686e-11
8230.000000  3.117708e-11
8250.000000  3.099986e-11
8270.000000  3.157083e-11
8290.000000  3.119014e-11
8310.000000  3.029715e-11
8330.000000  3.046677e-11
8350.000000  3.045225e-11
8370.000000  3.054396e-11
8390.000000  2.911435e-11
8410.000000  3.069504e-11
8430.000000  2.964056e-11
8450.000000  3.031124e-11
8470.000000  3.034281e-11
8490.000000  3.024038e-11
8510.000000  2.897477e-11
8530.000000  3.018506e-11
8550.000000  2.606453e-11
8570.000000  3.104929e-11
8590.000000  3.094878e-11
8610.000000  3.094656e-11
8630.000000  3.120912e-11
8650.000000  3.128434e-11
8670.000000  2.697697e-11
8690.000000  3.009999e-11
8710.000000  3.135432e-11
8730.000000  3.135333e-11
8750.000000  3.135059e-11
8770.000000  3.130022e-11
8790.000000  3.151156e-11
8810.000000  3.079793e-11
8830.000000  3.106026e-11
8850.000000  3.144134e-11
8870.000000  3.010519e-11
8890.000000  3.060039e-11
8910.000000  3.093893e-11
8930.000000  3.042739e-11
8950.000000  3.018098e-11
8970.000000  3.044463e-11
8990.000000  3.077961e-11
9010.000000  2.970704e-11
9030.000000  3.045290e-11
9050.000000  3.110343e-11
9070.000000  3.127535e-11
9090.000000  3.024927e-11
9110.000000  3.054899e-11
9130.000000  3.099161e-11
9150.000000  3.005275e-11
9170.000000  2.970541e-11
9190.000000  3.001497e-11
9210.000000  2.954589e-11
9230.000000  2.986670e-11
9250.000000  2.958507e-11
9270.000000  2.978988e-11
9290.000000  2.953464e-11
9310.000000  3.017346e-11
9330.000000  3.023383e-11
9350.000000  3.003971e-11
9370.000000  2.951852e-11
9390.000000  2.975716e-11
9410.000000  2.946264e-11
9430.000000  2.971850e-11
9450.000000  2.916954e-11
9470.000000  2.981184e-11
9490.000000  2.979565e-11
9510.000000  3.000008e-11
9530.000000  2.987102e-11
9550.000000  2.939228e-11
9570.000000  2.957401e-11
9590.000000  3.006042e-11
9610.000000  2.962648e-11
9630.000000  2.987846e-11
9650.000000  2.872982e-11
9670.000000  2.872559e-11
9690.000000  2.944891e-11
9710.000000  2.930358e-11
9730.000000  2.891904e-11
9750.000000  2.901235e-11
9770.000000  2.924697e-11
9790.000000  2.854726e-11
9810.000000  2.964450e-11
9830.000000  2.925203e-11
9850.000000  2.969664e-11
9870.000000  2.960474e-11
9890.000000  2.964634e-11
9910.000000  2.947491e-11
9930.000000  2.953653e-11
9950.000000  2.947837e-11
9970.000000  2.962176e-11
9990.000000  2.967606e-11
10025.000000  2.925635e-11
10075.000000  2.909606e-11
10125.000000  2.927409e-11
10175.000000  2.900475e-11
10225.000000  2.917293e-11
10275.000000  2.922836e-11
10325.000000  2.881100e-11
10375.000000  2.872158e-11
10425.000000  2.889465e-11
10475.000000  2.867665e-11
10525.000000  2.877555e-11
10575.000000  2.845889e-11
10625.000000  2.846029e-11
10675.000000  2.806390e-11
10725.000000  2.807936e-11
10775.000000  2.798574e-11
10825.000000  2.768583e-11
10875.000000  2.764797e-11
10925.000000  2.739193e-11
10975.000000  2.643015e-11
11025.000000  2.632401e-11
11075.000000  2.652802e-11
11125.000000  2.649571e-11
11175.000000  2.657084e-11
11225.000000  2.665952e-11
11275.000000  2.632442e-11
11325.000000  2.646455e-11
11375.000000  2.609489e-11
11425.000000  2.616230e-11
11475.000000  2.642888e-11
11525.000000  2.648419e-11
11575.000000  2.625100e-11
11625.000000  2.593437e-11
11675.000000  2.602424e-11
11725.000000  2.634266e-11
11775.000000  2.587850e-11
11825.000000  2.589641e-11
11875.000000  2.558303e-11
11925.000000  2.601384e-11
11975.000000  2.520884e-11
12025.000000  2.571198e-11
12075.000000  2.559331e-11
12125.000000  2.567093e-11
12175.000000  2.567394e-11
12225.000000  2.560475e-11
12275.000000  2.549837e-11
12325.000000  2.541371e-11
12375.000000  2.536759e-11
12425.000000  2.527529e-11
12475.000000  2.525258e-11
12525.000000  2.508487e-11
12575.000000  2.509075e-11
12625.000000  2.500863e-11
12675.000000  2.490867e-11
12725.000000  2.492933e-11
12775.000000  2.495352e-11
12825.000000  2.435258e-11
12875.000000  2.463186e-11
12925.000000  2.437054e-11
12975.000000  2.467205e-11
13025.000000  2.455997e-11
13075.000000  2.461023e-11
13125.000000  2.428649e-11
13175.000000  2.431097e-11
13225.000000  2.437288e-11
13275.000000  2.406301e-11
13325.000000  2.403525e-11
13375.000000  2.383592e-11
13425.000000  2.378304e-11
13475.000000  2.391194e-11
13525.000000  2.376790e-11
13575.000000  2.363578e-11
13625.000000  2.343969e-11
13675.000000  2.374004e-11
13725.000000  2.386563e-11
13775.000000  2.378354e-11
13825.000000  2.385660e-11
13875.000000  2.350395e-11
13925.000000  2.210225e-11
13975.000000  2.277493e-11
14025.000000  2.288151e-11
14075.000000  2.285926e-11
14125.000000  2.239529e-11
14175.000000  2.246923e-11
14225.000000  2.253437e-11
14275.000000  2.230660e-11
14325.000000  2.263315e-11
14375.000000  2.263233e-11
14425.000000  2.256796e-11
14475.000000  2.299156e-11
14525.000000  2.261972e-11
14570.000000  2.262594e-11
14620.000000  2.171136e-11
14675.000000  2.191046e-11
14725.000000  2.218999e-11
14775.000000  2.235688e-11
14825.000000  2.258848e-11
14875.000000  2.254577e-11
14925.000000  2.306531e-11
14975.000000  2.329444e-11
15025.000000  2.267109e-11
15075.000000  2.274694e-11
15125.000000  2.295432e-11
15175.000000  2.324866e-11
15225.000000  2.351160e-11
15275.000000  2.318437e-11
15325.000000  2.367166e-11
15375.000000  2.326930e-11
15425.000000  2.305363e-11
15475.000000  2.406307e-11
15525.000000  2.351687e-11
15575.000000  2.303816e-11
15625.000000  2.386203e-11
15675.000000  2.398439e-11
15725.000000  2.394155e-11
15775.000000  2.288395e-11
15825.000000  2.367508e-11
15875.000000  2.345224e-11
15925.000000  2.423351e-11
15975.000000  2.390767e-11
16050.000000  2.381270e-11
16150.000000  2.426513e-11
16250.000000  2.358402e-11
16350.000000  2.426898e-11
16450.000000  2.319917e-11
16550.000000  2.391823e-11
16650.000000  2.287716e-11
16750.000000  2.290537e-11
16850.000000  2.223426e-11
16950.000000  2.238969e-11
17050.000000  2.167650e-11
17150.000000  2.114442e-11
17250.000000  2.088878e-11
17350.000000  2.014448e-11
17450.000000  2.014606e-11
17550.000000  1.945314e-11
17650.000000  1.916165e-11
17750.000000  1.873436e-11
17850.000000  1.825441e-11
17950.000000  1.813205e-11
18050.000000  1.734443e-11
18150.000000  1.723122e-11
18250.000000  1.673673e-11
18350.000000  1.667582e-11
18450.000000  1.609364e-11
18550.000000  1.569319e-11
18650.000000  1.551754e-11
18750.000000  1.512903e-11
18850.000000  1.510589e-11
18950.000000  1.468785e-11
19050.000000  1.469914e-11
19150.000000  1.444926e-11
19250.000000  1.432255e-11
19350.000000  1.382121e-11
19450.000000  1.360610e-11
19550.000000  1.349563e-11
19650.000000  1.319440e-11
19750.000000  1.279339e-11
19850.000000  1.260617e-11
19950.000000  1.232179e-11
20050.000000  1.231349e-11
20150.000000  1.206842e-11
20250.000000  1.174952e-11
20350.000000  1.165837e-11
20450.000000  1.154969e-11
20550.000000  1.128968e-11
20650.000000  1.108234e-11
20750.000000  1.098094e-11
20850.000000  1.075355e-11
20950.000000  1.060919e-11
21050.000000  1.051697e-11
21150.000000  1.038360e-11
21250.000000  1.022085e-11
21350.000000  1.012252e-11
21450.000000  9.984100e-12
21550.000000  9.841077e-12
21650.000000  9.705394e-12
21750.000000  9.519437e-12
21850.000000  9.425317e-12
21950.000000  9.319216e-12
22050.000000  9.066203e-12
22150.000000  9.128767e-12
22250.000000  8.823089e-12
22350.000000  8.771918e-12
22450.000000  8.663235e-12
22550.000000  8.570952e-12
22650.000000  8.371046e-12
22750.000000  8.339948e-12
22850.000000  8.173827e-12
22950.000000  6.846148e-12
23050.000000  7.381436e-12
23150.000000  7.308925e-12
23250.000000  6.225256e-12
23350.000000  6.707074e-12
23450.000000  6.579792e-12
23550.000000  5.614612e-12
23650.000000  6.207981e-12
23750.000000  6.064632e-12
23850.000000  5.298621e-12
23950.000000  5.736729e-12
24050.000000  5.662824e-12
24150.000000  5.067810e-12
24250.000000  5.361745e-12
24350.000000  5.338134e-12
24450.000000  4.919600e-12
24550.000000  4.899648e-12
24650.000000  5.041028e-12
24750.000000  4.795144e-12
24850.000000  4.553739e-12
24950.000000  4.706253e-12
