2505.000000  1.104838e-13
2513.000000  8.102579e-14
2518.000000  7.556603e-14
2525.000000  7.276983e-14
2535.000000  8.913271e-14
2545.000000  1.029440e-13
2555.000000  1.270569e-13
2565.000000  1.045712e-13
2575.000000  1.198245e-13
2585.000000  9.843762e-14
2595.000000  8.797480e-14
2605.000000  7.691506e-14
2615.000000  7.667522e-14
2625.000000  9.599779e-14
2635.000000  1.529464e-13
2645.000000  2.549279e-13
2655.000000  2.951147e-13
2665.000000  2.421057e-13
2675.000000  2.701634e-13
2685.000000  2.936346e-13
2695.000000  2.601907e-13
2705.000000  2.963029e-13
2715.000000  2.340287e-13
2725.000000  2.394724e-13
2735.000000  2.522567e-13
2745.000000  1.521577e-13
2755.000000  1.976948e-13
2765.000000  2.457803e-13
2775.000000  2.657059e-13
2785.000000  1.957092e-13
2795.000000  8.214161e-14
2805.000000  1.022686e-13
2815.000000  2.571810e-13
2825.000000  3.702641e-13
2835.000000  4.054119e-13
2845.000000  4.194867e-13
2855.000000  3.319083e-13
2865.000000  4.773041e-13
2875.000000  5.224716e-13
2885.000000  5.301257e-13
2895.000000  5.516625e-13
2910.000000  6.778960e-13
2930.000000  6.850893e-13
2950.000000  6.986177e-13
2970.000000  7.905089e-13
2990.000000  8.199850e-13
3010.000000  8.964983e-13
3030.000000  9.393340e-13
3050.000000  1.020997e-12
3070.000000  9.798623e-13
3090.000000  1.073742e-12
3110.000000  1.106376e-12
3130.000000  1.128927e-12
3150.000000  1.184862e-12
3170.000000  1.274221e-12
3190.000000  1.221387e-12
3210.000000  1.372580e-12
3230.000000  1.253887e-12
3250.000000  1.500572e-12
3270.000000  1.686937e-12
3290.000000  1.734646e-12
3310.000000  1.814911e-12
3330.000000  1.803545e-12
3350.000000  1.813812e-12
3370.000000  1.733847e-12
3390.000000  1.921727e-12
3410.000000  2.052647e-12
3430.000000  2.235459e-12
3450.000000  2.267901e-12
3470.000000  2.288644e-12
3490.000000  2.354103e-12
3510.000000  2.515174e-12
3530.000000  2.504759e-12
3550.000000  2.785373e-12
3570.000000  2.585009e-12
3590.000000  2.652841e-12
3610.000000  2.769328e-12
3630.000000  2.903426e-12
3640.000000  2.892106e-12
3650.000000  3.020099e-12
3670.000000  3.127297e-12
3690.000000  3.458028e-12
3710.000000  4.101601e-12
3730.000000  4.466334e-12
3750.000000  4.874325e-12
3770.000000  5.086173e-12
3790.000000  5.393576e-12
3810.000000  5.752164e-12
3830.000000  5.278682e-12
3850.000000  5.812203e-12
3870.000000  5.985545e-12
3890.000000  5.646627e-12
3910.000000  5.719505e-12
3930.000000  3.191952e-12
3950.000000  5.277421e-12
3970.000000  3.774962e-12
3990.000000  6.550389e-12
4010.000000  7.095362e-12
4030.000000  7.157163e-12
4050.000000  7.238934e-12
4070.000000  7.206630e-12
4090.000000  7.777234e-12
4110.000000  7.526323e-12
4130.000000  7.749917e-12
4150.000000  7.994440e-12
4170.000000  7.953158e-12
4190.000000  8.000800e-12
4210.000000  7.983203e-12
4230.000000  7.951019e-12
4250.000000  8.135905e-12
4270.000000  8.222602e-12
4290.000000  7.836258e-12
4310.000000  7.158658e-12
4330.000000  8.471560e-12
4350.000000  8.308704e-12
4370.000000  8.820365e-12
4390.000000  8.641699e-12
4410.000000  8.766822e-12
4430.000000  9.136149e-12
4450.000000  9.136532e-12
4470.000000  9.270119e-12
4490.000000  9.524081e-12
4510.000000  9.844099e-12
4530.000000  9.465865e-12
4550.000000  9.553202e-12
4570.000000  9.990091e-12
4590.000000  9.838428e-12
4610.000000  1.015273e-11
4630.000000  1.012551e-11
4650.000000  1.021850e-11
4670.000000  1.037833e-11
4690.000000  1.047000e-11
4710.000000  1.035599e-11
4730.000000  1.056093e-11
4750.000000  1.068322e-11
4770.000000  1.066584e-11
4790.000000  1.067804e-11
4810.000000  1.077738e-11
4830.000000  1.077837e-11
4850.000000  1.066055e-11
4870.000000  9.935864e-12
4890.000000  1.079384e-11
4910.000000  1.085425e-11
4930.000000  1.068328e-11
4950.000000  1.093486e-11
4970.000000  1.111110e-11
4990.000000  1.077161e-11
5010.000000  1.059548e-11
5030.000000  1.101207e-11
5050.000000  1.099504e-11
5070.000000  1.118095e-11
5090.000000  1.105404e-11
5110.000000  1.108537e-11
5130.000000  1.095971e-11
5150.000000  1.091251e-11
5170.000000  1.078602e-11
5190.000000  1.082978e-11
5210.000000  1.083505e-11
5230.000000  1.099669e-11
5250.000000  1.123021e-11
5270.000000  1.080591e-11
5290.000000  1.126770e-11
5310.000000  1.129925e-11
5330.000000  1.103953e-11
5350.000000  1.137236e-11
5370.000000  1.134092e-11
5390.000000  1.130536e-11
5410.000000  1.124554e-11
5430.000000  1.126258e-11
5450.000000  1.141307e-11
5470.000000  1.142449e-11
5490.000000  1.144540e-11
5510.000000  1.143152e-11
5530.000000  1.146789e-11
5550.000000  1.159183e-11
5570.000000  1.147669e-11
5590.000000  1.143689e-11
5610.000000  1.147606e-11
5630.000000  1.158104e-11
5650.000000  1.150882e-11
5670.000000  1.144400e-11
5690.000000  1.156191e-11
5710.000000  1.146992e-11
5730.000000  1.162663e-11
5750.000000  1.157547e-11
5770.000000  1.159520e-11
5790.000000  1.154940e-11
5810.000000  1.156616e-11
5830.000000  1.158993e-11
5850.000000  1.149901e-11
5870.000000  1.154400e-11
5890.000000  1.134437e-11
5910.000000  1.151590e-11
5930.000000  1.150772e-11
5950.000000  1.150730e-11
5970.000000  1.150201e-11
5990.000000  1.147269e-11
6010.000000  1.144163e-11
6030.000000  1.142820e-11
6050.000000  1.146542e-11
6070.000000  1.144195e-11
6090.000000  1.140050e-11
6110.000000  1.135331e-11
6130.000000  1.121665e-11
6150.000000  1.121496e-11
6170.000000  1.119462e-11
6190.000000  1.128616e-11
6210.000000  1.130122e-11
6230.000000  1.119749e-11
6250.000000  1.102605e-11
6270.000000  1.122590e-11
6290.000000  1.120287e-11
6310.000000  1.109672e-11
6330.000000  1.113067e-11
6350.000000  1.116992e-11
6370.000000  1.114025e-11
6390.000000  1.110714e-11
6410.000000  1.100840e-11
6430.000000  1.101000e-11
6450.000000  1.099029e-11
6470.000000  1.099521e-11
6490.000000  1.083496e-11
6510.000000  1.097227e-11
6530.000000  1.099796e-11
6550.000000  1.085338e-11
6570.000000  9.876283e-12
6590.000000  1.086535e-11
6610.000000  1.086361e-11
6630.000000  1.088165e-11
6650.000000  1.084026e-11
6670.000000  1.078713e-11
6690.000000  1.081770e-11
6710.000000  1.076498e-11
6730.000000  1.076415e-11
6750.000000  1.071987e-11
6770.000000  1.069748e-11
6790.000000  1.067070e-11
6810.000000  1.064702e-11
6830.000000  1.062688e-11
6850.000000  1.058225e-11
6870.000000  1.056830e-11
6890.000000  1.055919e-11
6910.000000  1.052315e-11
6930.000000  1.050107e-11
6950.000000  1.046458e-11
6970.000000  1.045124e-11
6990.000000  1.041943e-11
7010.000000  1.035713e-11
7030.000000  1.035709e-11
7050.000000  1.033759e-11
7070.000000  1.029977e-11
7090.000000  1.027494e-11
7110.000000  1.024636e-11
7130.000000  1.020104e-11
7150.000000  1.016629e-11
7170.000000  1.015558e-11
7190.000000  1.007277e-11
7210.000000  1.005654e-11
7230.000000  1.005180e-11
7250.000000  1.005112e-11
7270.000000  1.002029e-11
7290.000000  9.957634e-12
7310.000000  9.931782e-12
7330.000000  9.909352e-12
7350.000000  9.893772e-12
7370.000000  9.886585e-12
7390.000000  9.825382e-12
7410.000000  9.758155e-12
7430.000000  9.757136e-12
7450.000000  9.736189e-12
7470.000000  9.722202e-12
7490.000000  9.679960e-12
7510.000000  9.647940e-12
7530.000000  9.639168e-12
7550.000000  9.623698e-12
7570.000000  9.583284e-12
7590.000000  9.550776e-12
7610.000000  9.529794e-12
7630.000000  9.504431e-12
7650.000000  9.471323e-12
7670.000000  9.396251e-12
7690.000000  9.417867e-12
7710.000000  9.335792e-12
7730.000000  9.323103e-12
7750.000000  9.296652e-12
7770.000000  9.284307e-12
7790.000000  9.264111e-12
7810.000000  9.246054e-12
7830.000000  9.195562e-12
7850.000000  9.167771e-12
7870.000000  9.157661e-12
7890.000000  9.123559e-12
7910.000000  9.087822e-12
7930.000000  9.032114e-12
7950.000000  9.003676e-12
7970.000000  9.012045e-12
7990.000000  8.982469e-12
8010.000000  8.937488e-12
8030.000000  8.917796e-12
8050.000000  8.870987e-12
8070.000000  8.862705e-12
8090.000000  8.814648e-12
8110.000000  8.805979e-12
8130.000000  8.779327e-12
8150.000000  8.749557e-12
8170.000000  8.721463e-12
8190.000000  8.637610e-12
8210.000000  8.639718e-12
8230.000000  8.591755e-12
8250.000000  8.581357e-12
8270.000000  8.573522e-12
8290.000000  8.541013e-12
8310.000000  8.497482e-12
8330.000000  8.406579e-12
8350.000000  8.453228e-12
8370.000000  8.401574e-12
8390.000000  8.331914e-12
8410.000000  8.359915e-12
8430.000000  8.340062e-12
8450.000000  8.309331e-12
8470.000000  8.234269e-12
8490.000000  8.214135e-12
8510.000000  7.893488e-12
8530.000000  8.174481e-12
8550.000000  7.229054e-12
8570.000000  8.207476e-12
8590.000000  8.158721e-12
8610.000000  8.069182e-12
8630.000000  8.141525e-12
8650.000000  8.073521e-12
8670.000000  7.244892e-12
8690.000000  7.985773e-12
8710.000000  8.032102e-12
8730.000000  8.002677e-12
8750.000000  7.839354e-12
8770.000000  7.955836e-12
8790.000000  7.920251e-12
8810.000000  7.846058e-12
8830.000000  7.824732e-12
8850.000000  7.826753e-12
8870.000000  7.670391e-12
8890.000000  7.792737e-12
8910.000000  7.756504e-12
8930.000000  7.714110e-12
8950.000000  7.698792e-12
8970.000000  7.683170e-12
8990.000000  7.656484e-12
9010.000000  7.458343e-12
9030.000000  7.593101e-12
9050.000000  7.586530e-12
9070.000000  7.510707e-12
9090.000000  7.413213e-12
9110.000000  7.467110e-12
9130.000000  7.474384e-12
9150.000000  7.450968e-12
9170.000000  7.422377e-12
9190.000000  7.400899e-12
9210.000000  7.329248e-12
9230.000000  7.165268e-12
9250.000000  7.267827e-12
9270.000000  7.286587e-12
9290.000000  7.267233e-12
9310.000000  7.246403e-12
9330.000000  7.219566e-12
9350.000000  7.192424e-12
9370.000000  7.160868e-12
9390.000000  7.145246e-12
9410.000000  7.044885e-12
9430.000000  7.083169e-12
9450.000000  7.058767e-12
9470.000000  7.047173e-12
9490.000000  7.023108e-12
9510.000000  6.999009e-12
9530.000000  6.970419e-12
9550.000000  6.798594e-12
9570.000000  6.919524e-12
9590.000000  6.902267e-12
9610.000000  6.865848e-12
9630.000000  6.829311e-12
9650.000000  6.813808e-12
9670.000000  6.770757e-12
9690.000000  6.776067e-12
9710.000000  6.757024e-12
9730.000000  6.731669e-12
9750.000000  6.693464e-12
9770.000000  6.685789e-12
9790.000000  6.657358e-12
9810.000000  6.641695e-12
9830.000000  6.618927e-12
9850.000000  6.594870e-12
9870.000000  6.567880e-12
9890.000000  6.539905e-12
9910.000000  6.522345e-12
9930.000000  6.503799e-12
9950.000000  6.483770e-12
9970.000000  6.461002e-12
9990.000000  6.439524e-12
10025.000000  6.387188e-12
10075.000000  6.287058e-12
10125.000000  6.279028e-12
10175.000000  6.224351e-12
10225.000000  6.174434e-12
10275.000000  6.128697e-12
10325.000000  6.041679e-12
10375.000000  6.015819e-12
10425.000000  5.973015e-12
10475.000000  5.898264e-12
10525.000000  5.868925e-12
10575.000000  5.812014e-12
10625.000000  5.749238e-12
10675.000000  5.668775e-12
10725.000000  5.652455e-12
10775.000000  5.603650e-12
10825.000000  5.534463e-12
10875.000000  5.509150e-12
10925.000000  5.403501e-12
10975.000000  5.421357e-12
11025.000000  5.389128e-12
11075.000000  5.349222e-12
11125.000000  5.299465e-12
11175.000000  5.255227e-12
11225.000000  5.217942e-12
11275.000000  5.161190e-12
11325.000000  5.122961e-12
11375.000000  5.085380e-12
11425.000000  5.029725e-12
11475.000000  5.009368e-12
11525.000000  4.969352e-12
11575.000000  4.926412e-12
11625.000000  4.863603e-12
11675.000000  4.830141e-12
11725.000000  4.813476e-12
11775.000000  4.746039e-12
11825.000000  4.711982e-12
11875.000000  4.664972e-12
11925.000000  4.664603e-12
11975.000000  4.584595e-12
12025.000000  4.580205e-12
12075.000000  4.539051e-12
12125.000000  4.513192e-12
12175.000000  4.484206e-12
12225.000000  4.450055e-12
12275.000000  4.412786e-12
12325.000000  4.382704e-12
12375.000000  4.348207e-12
12425.000000  4.316795e-12
12475.000000  4.285230e-12
12525.000000  4.249789e-12
12575.000000  4.217087e-12
12625.000000  4.185522e-12
12675.000000  4.158028e-12
12725.000000  4.127946e-12
12775.000000  4.097983e-12
12825.000000  3.973804e-12
12875.000000  4.037787e-12
12925.000000  4.007713e-12
12975.000000  3.980522e-12
13025.000000  3.952083e-12
13075.000000  3.924900e-12
13125.000000  3.892046e-12
13175.000000  3.862125e-12
13225.000000  3.841936e-12
13275.000000  3.810380e-12
13325.000000  3.786314e-12
13375.000000  3.760615e-12
13425.000000  3.737653e-12
13475.000000  3.711954e-12
13525.000000  3.686254e-12
13575.000000  3.657629e-12
13625.000000  3.633219e-12
13675.000000  3.610451e-12
13725.000000  3.579392e-12
13775.000000  3.560694e-12
13825.000000  3.537733e-12
13875.000000  3.516103e-12
13925.000000  3.493335e-12
13975.000000  3.470568e-12
14025.000000  3.446165e-12
14075.000000  3.427468e-12
14125.000000  3.400478e-12
14175.000000  3.381932e-12
14225.000000  3.354757e-12
14275.000000  3.331838e-12
14325.000000  3.317514e-12
14375.000000  3.297830e-12
14425.000000  3.252816e-12
14475.000000  3.255034e-12
14525.000000  3.216862e-12
14570.000000  3.210492e-12
14620.000000  3.190657e-12
14675.000000  3.173560e-12
14725.000000  3.148079e-12
14775.000000  3.128415e-12
14825.000000  3.109748e-12
14875.000000  3.072582e-12
14925.000000  3.074159e-12
14975.000000  3.055453e-12
15025.000000  3.008186e-12
15075.000000  2.998321e-12
15125.000000  2.992887e-12
15175.000000  2.974250e-12
15225.000000  2.971298e-12
15275.000000  2.925953e-12
15325.000000  2.908095e-12
15375.000000  2.922764e-12
15425.000000  2.859564e-12
15475.000000  2.892885e-12
15525.000000  2.879801e-12
15575.000000  2.797561e-12
15625.000000  2.853844e-12
15675.000000  2.820008e-12
15725.000000  2.743537e-12
15775.000000  2.787449e-12
15825.000000  2.783071e-12
15875.000000  2.655061e-12
15925.000000  2.747486e-12
15975.000000  2.735388e-12
16050.000000  2.701288e-12
16150.000000  2.612920e-12
16250.000000  2.626623e-12
16350.000000  2.572755e-12
16450.000000  2.476683e-12
16550.000000  2.480983e-12
16650.000000  2.430441e-12
16750.000000  2.373901e-12
16850.000000  2.282216e-12
16950.000000  2.287841e-12
17050.000000  2.238888e-12
17150.000000  2.194676e-12
17250.000000  2.149609e-12
17350.000000  2.058340e-12
17450.000000  2.063979e-12
17550.000000  2.027282e-12
17650.000000  1.986448e-12
17750.000000  1.949657e-12
17850.000000  1.912411e-12
17950.000000  1.876942e-12
18050.000000  1.840293e-12
18150.000000  1.767425e-12
18250.000000  1.768048e-12
18350.000000  1.737544e-12
18450.000000  1.703192e-12
18550.000000  1.672750e-12
18650.000000  1.640870e-12
18750.000000  1.559862e-12
18850.000000  1.579663e-12
18950.000000  1.545468e-12
19050.000000  1.524354e-12
19150.000000  1.496119e-12
19250.000000  1.469331e-12
19350.000000  1.441359e-12
19450.000000  1.384984e-12
19550.000000  1.390405e-12
19650.000000  1.366353e-12
19750.000000  1.338742e-12
19850.000000  1.317990e-12
19950.000000  1.294982e-12
20050.000000  1.273252e-12
20150.000000  1.251398e-12
20250.000000  1.228735e-12
20350.000000  1.206464e-12
20450.000000  1.187467e-12
20550.000000  1.166935e-12
20650.000000  1.145997e-12
20750.000000  1.127056e-12
20850.000000  1.108134e-12
20950.000000  1.088483e-12
21050.000000  1.071136e-12
21150.000000  1.052802e-12
21250.000000  1.035053e-12
21350.000000  1.018130e-12
21450.000000  1.001797e-12
21550.000000  9.853322e-13
21650.000000  9.500165e-13
21750.000000  9.525733e-13
21850.000000  9.368587e-13
21950.000000  9.224099e-13
22050.000000  9.063918e-13
22150.000000  8.923212e-13
22250.000000  8.784293e-13
22350.000000  8.644387e-13
22450.000000  8.508745e-13
22550.000000  8.359804e-13
22650.000000  8.235193e-13
22750.000000  8.109948e-13
22850.000000  7.978881e-13
22950.000000  7.842890e-13
23050.000000  7.731981e-13
23150.000000  7.612415e-13
23250.000000  7.479887e-13
23350.000000  7.372331e-13
23450.000000  7.266231e-13
23550.000000  7.137748e-13
23650.000000  7.040126e-13
23750.000000  6.938256e-13
23850.000000  6.818679e-13
23950.000000  6.724377e-13
24050.000000  6.623535e-13
24150.000000  6.513126e-13
24250.000000  6.441330e-13
24350.000000  6.323744e-13
24450.000000  6.225319e-13
24550.000000  6.156546e-13
24650.000000  6.057794e-13
24750.000000  5.968123e-13
24850.000000  5.890410e-13
24950.000000  5.771367e-13
