2505.000000  4.176021e-11
2513.000000  3.473960e-11
2518.000000  3.636891e-11
2525.000000  3.231722e-11
2535.000000  3.208922e-11
2545.000000  3.142094e-11
2555.000000  3.502208e-11
2565.000000  3.385259e-11
2575.000000  3.782745e-11
2585.000000  3.740822e-11
2595.000000  3.549986e-11
2605.000000  3.339138e-11
2615.000000  3.255018e-11
2625.000000  3.702641e-11
2635.000000  3.750833e-11
2645.000000  4.492052e-11
2655.000000  4.432982e-11
2665.000000  3.809223e-11
2675.000000  4.110197e-11
2685.000000  3.964028e-11
2695.000000  3.835326e-11
2705.000000  3.992808e-11
2715.000000  3.706204e-11
2725.000000  3.779833e-11
2735.000000  4.153303e-11
2745.000000  3.161788e-11
2755.000000  3.280217e-11
2765.000000  3.427142e-11
2775.000000  3.899030e-11
2785.000000  3.701332e-11
2795.000000  2.247630e-11
2805.000000  2.724036e-11
2815.000000  3.970337e-11
2825.000000  4.214320e-11
2835.000000  3.957023e-11
2845.000000  3.778124e-11
2855.000000  3.582526e-11
2865.000000  4.004247e-11
2875.000000  3.826650e-11
2885.000000  3.905972e-11
2895.000000  3.657724e-11
2910.000000  4.248013e-11
2930.000000  4.019784e-11
2950.000000  4.006264e-11
2970.000000  4.145387e-11
2990.000000  4.183725e-11
3010.000000  4.275550e-11
3030.000000  4.188493e-11
3050.000000  4.123191e-11
3070.000000  4.095266e-11
3090.000000  4.185226e-11
3110.000000  4.025353e-11
3130.000000  3.998258e-11
3150.000000  4.107714e-11
3170.000000  4.069601e-11
3190.000000  3.859784e-11
3210.000000  3.971084e-11
3230.000000  3.855346e-11
3250.000000  3.924263e-11
3270.000000  3.929447e-11
3290.000000  3.965491e-11
3310.000000  3.995359e-11
3330.000000  3.883451e-11
3350.000000  3.819820e-11
3370.000000  3.797138e-11
3390.000000  3.783961e-11
3410.000000  3.858750e-11
3430.000000  3.849416e-11
3450.000000  3.809702e-11
3470.000000  3.745296e-11
3490.000000  3.711912e-11
3510.000000  3.778199e-11
3530.000000  3.786081e-11
3550.000000  3.798963e-11
3570.000000  3.689387e-11
3590.000000  3.667139e-11
3610.000000  3.657030e-11
3630.000000  3.650987e-11
3640.000000  3.609464e-11
3650.000000  3.707938e-11
3670.000000  3.678714e-11
3690.000000  3.519489e-11
3710.000000  3.713897e-11
3730.000000  3.933462e-11
3750.000000  5.270680e-11
3770.000000  5.722008e-11
3790.000000  7.327176e-11
3810.000000  8.506968e-11
3830.000000  6.571281e-11
3850.000000  9.173766e-11
3870.000000  1.029325e-10
3890.000000  5.772486e-11
3910.000000  1.007003e-10
3930.000000  9.771477e-11
3950.000000  1.005050e-10
3970.000000  5.405752e-11
3990.000000  9.729821e-11
4010.000000  1.030784e-10
4030.000000  1.016180e-10
4050.000000  1.008920e-10
4070.000000  9.709529e-11
4090.000000  7.922568e-11
4110.000000  5.936976e-11
4130.000000  9.160168e-11
4150.000000  9.477064e-11
4170.000000  9.296961e-11
4190.000000  9.184769e-11
4210.000000  9.102104e-11
4230.000000  8.908459e-11
4250.000000  8.772081e-11
4270.000000  8.500671e-11
4290.000000  8.569400e-11
4310.000000  8.068592e-11
4330.000000  6.299527e-11
4350.000000  5.324033e-11
4370.000000  7.911786e-11
4390.000000  7.889902e-11
4410.000000  7.815776e-11
4430.000000  7.729637e-11
4450.000000  7.769667e-11
4470.000000  7.657099e-11
4490.000000  7.466667e-11
4510.000000  7.526841e-11
4530.000000  7.343814e-11
4550.000000  7.148117e-11
4570.000000  7.260145e-11
4590.000000  7.036553e-11
4610.000000  7.139955e-11
4630.000000  6.876457e-11
4650.000000  6.944678e-11
4670.000000  6.825929e-11
4690.000000  6.647970e-11
4710.000000  6.422893e-11
4730.000000  6.579894e-11
4750.000000  6.509470e-11
4770.000000  6.426223e-11
4790.000000  6.340363e-11
4810.000000  6.190517e-11
4830.000000  5.972004e-11
4850.000000  4.723698e-11
4870.000000  3.757965e-11
4890.000000  5.652350e-11
4910.000000  5.806786e-11
4930.000000  5.711246e-11
4950.000000  5.715824e-11
4970.000000  5.699880e-11
4990.000000  5.572493e-11
5010.000000  5.385343e-11
5030.000000  5.393975e-11
5050.000000  5.296661e-11
5070.000000  5.315911e-11
5090.000000  5.253359e-11
5110.000000  5.183939e-11
5130.000000  5.118657e-11
5150.000000  5.006704e-11
5170.000000  4.897682e-11
5190.000000  4.859069e-11
5210.000000  4.841611e-11
5230.000000  4.731115e-11
5250.000000  4.769115e-11
5270.000000  4.588514e-11
5290.000000  4.667944e-11
5310.000000  4.542539e-11
5330.000000  4.476745e-11
5350.000000  4.526979e-11
5370.000000  4.452783e-11
5390.000000  4.400924e-11
5410.000000  4.316759e-11
5430.000000  4.290368e-11
5450.000000  4.280800e-11
5470.000000  4.226210e-11
5490.000000  4.188886e-11
5510.000000  4.134731e-11
5530.000000  4.085055e-11
5550.000000  4.059022e-11
5570.000000  4.007816e-11
5590.000000  3.972275e-11
5610.000000  3.944079e-11
5630.000000  3.902367e-11
5650.000000  3.842507e-11
5670.000000  3.802720e-11
5690.000000  3.774622e-11
5710.000000  3.738099e-11
5730.000000  3.705489e-11
5750.000000  3.655265e-11
5770.000000  3.621018e-11
5790.000000  3.574243e-11
5810.000000  3.541951e-11
5830.000000  3.505529e-11
5850.000000  3.472289e-11
5870.000000  3.430996e-11
5890.000000  3.363354e-11
5910.000000  3.360758e-11
5930.000000  3.329781e-11
5950.000000  3.278161e-11
5970.000000  3.254835e-11
5990.000000  3.209224e-11
6010.000000  3.179969e-11
6030.000000  3.159119e-11
6050.000000  3.119991e-11
6070.000000  3.094872e-11
6090.000000  3.061809e-11
6110.000000  3.029359e-11
6130.000000  2.994017e-11
6150.000000  2.910447e-11
6170.000000  2.931294e-11
6190.000000  2.912893e-11
6210.000000  2.884033e-11
6230.000000  2.849642e-11
6250.000000  2.784604e-11
6270.000000  2.800572e-11
6290.000000  2.772490e-11
6310.000000  2.732515e-11
6330.000000  2.714773e-11
6350.000000  2.652297e-11
6370.000000  2.639040e-11
6390.000000  2.632740e-11
6410.000000  2.598200e-11
6430.000000  2.581236e-11
6450.000000  2.522681e-11
6470.000000  2.530979e-11
6490.000000  2.483721e-11
6510.000000  2.456966e-11
6530.000000  2.395548e-11
6550.000000  2.087309e-11
6570.000000  1.661678e-11
6590.000000  2.267153e-11
6610.000000  2.338092e-11
6630.000000  2.334001e-11
6650.000000  2.319601e-11
6670.000000  2.298726e-11
6690.000000  2.281411e-11
6710.000000  2.262543e-11
6730.000000  2.234043e-11
6750.000000  2.216845e-11
6770.000000  2.201641e-11
6790.000000  2.179795e-11
6810.000000  2.160237e-11
6830.000000  2.136288e-11
6850.000000  2.118734e-11
6870.000000  2.100567e-11
6890.000000  2.082926e-11
6910.000000  2.062568e-11
6930.000000  2.041607e-11
6950.000000  2.025382e-11
6970.000000  2.005738e-11
6990.000000  1.990287e-11
7010.000000  1.959954e-11
7030.000000  1.952227e-11
7050.000000  1.932732e-11
7070.000000  1.918697e-11
7090.000000  1.902558e-11
7110.000000  1.860622e-11
7130.000000  1.862298e-11
7150.000000  1.846859e-11
7170.000000  1.833513e-11
7190.000000  1.816758e-11
7210.000000  1.802010e-11
7230.000000  1.783155e-11
7250.000000  1.764640e-11
7270.000000  1.755685e-11
7290.000000  1.737356e-11
7310.000000  1.721391e-11
7330.000000  1.709275e-11
7350.000000  1.696027e-11
7370.000000  1.682691e-11
7390.000000  1.665766e-11
7410.000000  1.648839e-11
7430.000000  1.624903e-11
7450.000000  1.616551e-11
7470.000000  1.594114e-11
7490.000000  1.589094e-11
7510.000000  1.577410e-11
7530.000000  1.568811e-11
7550.000000  1.557666e-11
7570.000000  1.543545e-11
7590.000000  1.530998e-11
7610.000000  1.519066e-11
7630.000000  1.505645e-11
7650.000000  1.490295e-11
7670.000000  1.476799e-11
7690.000000  1.466256e-11
7710.000000  1.452310e-11
7730.000000  1.443797e-11
7750.000000  1.431249e-11
7770.000000  1.386178e-11
7790.000000  1.408788e-11
7810.000000  1.397472e-11
7830.000000  1.383349e-11
7850.000000  1.367224e-11
7870.000000  1.353176e-11
7890.000000  1.338353e-11
7910.000000  1.334761e-11
7930.000000  1.327135e-11
7950.000000  1.305375e-11
7970.000000  1.309040e-11
7990.000000  1.276666e-11
8010.000000  1.287194e-11
8030.000000  1.275888e-11
8050.000000  1.266847e-11
8070.000000  1.255531e-11
8090.000000  1.246404e-11
8110.000000  1.235961e-11
8130.000000  1.228149e-11
8150.000000  1.218408e-11
8170.000000  1.209195e-11
8190.000000  1.186610e-11
8210.000000  1.179585e-11
8230.000000  1.167654e-11
8250.000000  1.167481e-11
8270.000000  1.170432e-11
8290.000000  1.158587e-11
8310.000000  1.152190e-11
8330.000000  1.135979e-11
8350.000000  1.134036e-11
8370.000000  1.125687e-11
8390.000000  1.113941e-11
8410.000000  1.101644e-11
8430.000000  1.091643e-11
8450.000000  1.066843e-11
8470.000000  1.050847e-11
8490.000000  1.078864e-11
8510.000000  1.007991e-11
8530.000000  1.081871e-11
8550.000000  9.441926e-12
8570.000000  1.094760e-11
8590.000000  1.000637e-11
8610.000000  9.717774e-12
8630.000000  1.105656e-11
8650.000000  1.054349e-11
8670.000000  8.495607e-12
8690.000000  1.070530e-11
8710.000000  1.124504e-11
8730.000000  1.073301e-11
8750.000000  8.213826e-12
8770.000000  1.016028e-11
8790.000000  1.117980e-11
8810.000000  1.120321e-11
8830.000000  1.080211e-11
8850.000000  9.536042e-12
8870.000000  7.924510e-12
8890.000000  1.032158e-11
8910.000000  1.075747e-11
8930.000000  1.076693e-11
8950.000000  1.079573e-11
8970.000000  1.059869e-11
8990.000000  1.006088e-11
9010.000000  7.798209e-12
9030.000000  8.621808e-12
9050.000000  1.001929e-11
9070.000000  1.002337e-11
9090.000000  9.970658e-12
9110.000000  1.010883e-11
9130.000000  1.008853e-11
9150.000000  1.005863e-11
9170.000000  9.900880e-12
9190.000000  9.603086e-12
9210.000000  8.868956e-12
9230.000000  6.749821e-12
9250.000000  8.483089e-12
9270.000000  9.061231e-12
9290.000000  9.465806e-12
9310.000000  9.470912e-12
9330.000000  9.389399e-12
9350.000000  9.361339e-12
9370.000000  9.312147e-12
9390.000000  9.151751e-12
9410.000000  8.924072e-12
9430.000000  9.044840e-12
9450.000000  8.995649e-12
9470.000000  8.909640e-12
9490.000000  8.799237e-12
9510.000000  8.563668e-12
9530.000000  7.763548e-12
9550.000000  6.117598e-12
9570.000000  7.835387e-12
9590.000000  8.369717e-12
9610.000000  8.387073e-12
9630.000000  8.243203e-12
9650.000000  8.364135e-12
9670.000000  8.244948e-12
9690.000000  8.230910e-12
9710.000000  8.240163e-12
9730.000000  8.170053e-12
9750.000000  8.093063e-12
9770.000000  8.059607e-12
9790.000000  7.996492e-12
9810.000000  7.932405e-12
9830.000000  7.841262e-12
9850.000000  7.784318e-12
9870.000000  7.728213e-12
9890.000000  7.635210e-12
9910.000000  7.628199e-12
9930.000000  7.571980e-12
9950.000000  7.508881e-12
9970.000000  7.458915e-12
9990.000000  7.370434e-12
10025.000000  6.652372e-12
10075.000000  6.280887e-12
10125.000000  6.954970e-12
10175.000000  6.950786e-12
10225.000000  6.868529e-12
10275.000000  6.751731e-12
10325.000000  6.625560e-12
10375.000000  6.516699e-12
10425.000000  6.411908e-12
10475.000000  6.255420e-12
10525.000000  6.157019e-12
10575.000000  6.075511e-12
10625.000000  5.987881e-12
10675.000000  5.796037e-12
10725.000000  5.759448e-12
10775.000000  5.677033e-12
10825.000000  5.578287e-12
10875.000000  5.434734e-12
10925.000000  4.565566e-12
10975.000000  4.997012e-12
11025.000000  5.230061e-12
11075.000000  5.178411e-12
11125.000000  5.098423e-12
11175.000000  5.021668e-12
11225.000000  4.945270e-12
11275.000000  4.781821e-12
11325.000000  4.720697e-12
11375.000000  4.702650e-12
11425.000000  4.620261e-12
11475.000000  4.574628e-12
11525.000000  4.506656e-12
11575.000000  4.434919e-12
11625.000000  4.329857e-12
11675.000000  4.246864e-12
11725.000000  4.237751e-12
11775.000000  4.112739e-12
11825.000000  4.084975e-12
11875.000000  4.008896e-12
11925.000000  3.993597e-12
11975.000000  3.910346e-12
12025.000000  3.866285e-12
12075.000000  3.802198e-12
12125.000000  3.748173e-12
12175.000000  3.702011e-12
12225.000000  3.644405e-12
12275.000000  3.584698e-12
12325.000000  3.536984e-12
12375.000000  3.490046e-12
12425.000000  3.447401e-12
12475.000000  3.380497e-12
12525.000000  3.345341e-12
12575.000000  3.276286e-12
12625.000000  3.243183e-12
12675.000000  3.204157e-12
12725.000000  3.147947e-12
12775.000000  3.020224e-12
12825.000000  2.586473e-12
12875.000000  2.962931e-12
12925.000000  2.978350e-12
12975.000000  2.948686e-12
13025.000000  2.912101e-12
13075.000000  2.873674e-12
13125.000000  2.833600e-12
13175.000000  2.782319e-12
13225.000000  2.757829e-12
13275.000000  2.720644e-12
13325.000000  2.684860e-12
13375.000000  2.648390e-12
13425.000000  2.611107e-12
13475.000000  2.576026e-12
13525.000000  2.535888e-12
13575.000000  2.504313e-12
13625.000000  2.473525e-12
13675.000000  2.437743e-12
13725.000000  2.397457e-12
13775.000000  2.377863e-12
13825.000000  2.348389e-12
13875.000000  2.321096e-12
13925.000000  2.285177e-12
13975.000000  2.259286e-12
14025.000000  2.231915e-12
14075.000000  2.203858e-12
14125.000000  2.174300e-12
14175.000000  2.147643e-12
14225.000000  2.120202e-12
14275.000000  2.092846e-12
14325.000000  2.066879e-12
14375.000000  2.041712e-12
14425.000000  1.991451e-12
14475.000000  1.990319e-12
14525.000000  1.953615e-12
14570.000000  1.943331e-12
14620.000000  1.917831e-12
14675.000000  1.897473e-12
14725.000000  1.872921e-12
14775.000000  1.843388e-12
14825.000000  1.827238e-12
14875.000000  1.799105e-12
14925.000000  1.788725e-12
14975.000000  1.763385e-12
15025.000000  1.740248e-12
15075.000000  1.718491e-12
15125.000000  1.701910e-12
15175.000000  1.680864e-12
15225.000000  1.662449e-12
15275.000000  1.637620e-12
15325.000000  1.616574e-12
15375.000000  1.604032e-12
15425.000000  1.564327e-12
15475.000000  1.565296e-12
15525.000000  1.548193e-12
15575.000000  1.492760e-12
15625.000000  1.533987e-12
15675.000000  1.477604e-12
15725.000000  1.429812e-12
15775.000000  1.485950e-12
15825.000000  1.469626e-12
15875.000000  1.331708e-12
15925.000000  1.413696e-12
15975.000000  1.438050e-12
16050.000000  1.388009e-12
16150.000000  1.301203e-12
16250.000000  1.366748e-12
16350.000000  1.296464e-12
16450.000000  1.211855e-12
16550.000000  1.282198e-12
16650.000000  1.255017e-12
16750.000000  1.184124e-12
16850.000000  1.105673e-12
16950.000000  1.173550e-12
17050.000000  1.150489e-12
17150.000000  1.127425e-12
17250.000000  1.093163e-12
17350.000000  9.705487e-13
17450.000000  1.033734e-12
17550.000000  1.029759e-12
17650.000000  1.009577e-12
17750.000000  9.906339e-13
17850.000000  9.695878e-13
17950.000000  9.519599e-13
18050.000000  9.235668e-13
18150.000000  8.304990e-13
18250.000000  8.680823e-13
18350.000000  8.739355e-13
18450.000000  8.585014e-13
18550.000000  8.381548e-13
18650.000000  8.174721e-13
18750.000000  7.321938e-13
18850.000000  7.822311e-13
18950.000000  7.735402e-13
19050.000000  7.624709e-13
19150.000000  7.477348e-13
19250.000000  7.321360e-13
19350.000000  7.113676e-13
19450.000000  6.366060e-13
19550.000000  6.842180e-13
19650.000000  6.781692e-13
19750.000000  6.653155e-13
19850.000000  6.535441e-13
19950.000000  6.413286e-13
20050.000000  6.294746e-13
20150.000000  6.178912e-13
20250.000000  6.063619e-13
20350.000000  5.950602e-13
20450.000000  5.845358e-13
20550.000000  5.739267e-13
20650.000000  5.630308e-13
20750.000000  5.530601e-13
20850.000000  5.433094e-13
20950.000000  5.335502e-13
21050.000000  5.239140e-13
21150.000000  5.135887e-13
21250.000000  5.047496e-13
21350.000000  4.956745e-13
21450.000000  4.875093e-13
21550.000000  4.753549e-13
21650.000000  4.282332e-13
21750.000000  4.558496e-13
21850.000000  4.543592e-13
21950.000000  4.477257e-13
22050.000000  4.397229e-13
22150.000000  4.318593e-13
22250.000000  4.253499e-13
22350.000000  4.181861e-13
22450.000000  4.112327e-13
22550.000000  4.039839e-13
22650.000000  3.976085e-13
22750.000000  3.910746e-13
22850.000000  3.848161e-13
22950.000000  3.784247e-13
23050.000000  3.725315e-13
23150.000000  3.664907e-13
23250.000000  3.607378e-13
23350.000000  3.549073e-13
23450.000000  3.492957e-13
23550.000000  3.438146e-13
23650.000000  3.383446e-13
23750.000000  3.330037e-13
23850.000000  3.277343e-13
23950.000000  3.226137e-13
24050.000000  3.172827e-13
24150.000000  3.123110e-13
24250.000000  3.076648e-13
24350.000000  3.026921e-13
24450.000000  2.977303e-13
24550.000000  2.935487e-13
24650.000000  2.884532e-13
24750.000000  2.840962e-13
24850.000000  2.807740e-13
24950.000000  2.729783e-13
