2505.000000  4.595347e-11
2513.000000  3.964187e-11
2518.000000  4.023573e-11
2525.000000  3.692801e-11
2535.000000  3.550501e-11
2545.000000  3.462179e-11
2555.000000  3.829789e-11
2565.000000  3.839298e-11
2575.000000  4.256402e-11
2585.000000  4.305729e-11
2595.000000  4.204226e-11
2605.000000  3.996466e-11
2615.000000  3.853974e-11
2625.000000  4.349885e-11
2635.000000  4.398869e-11
2645.000000  5.075677e-11
2655.000000  5.087803e-11
2665.000000  4.512618e-11
2675.000000  4.781721e-11
2685.000000  4.808926e-11
2695.000000  4.462604e-11
2705.000000  4.615560e-11
2715.000000  4.292311e-11
2725.000000  4.354126e-11
2735.000000  4.735790e-11
2745.000000  3.822166e-11
2755.000000  4.014640e-11
2765.000000  4.207995e-11
2775.000000  4.611326e-11
2785.000000  4.386002e-11
2795.000000  2.792778e-11
2805.000000  3.301160e-11
2815.000000  4.796869e-11
2825.000000  4.917974e-11
2835.000000  4.720326e-11
2845.000000  4.515878e-11
2855.000000  4.255818e-11
2865.000000  4.689791e-11
2875.000000  4.575324e-11
2885.000000  4.672261e-11
2895.000000  4.465020e-11
2910.000000  5.022113e-11
2930.000000  4.809521e-11
2950.000000  4.772037e-11
2970.000000  4.887437e-11
2990.000000  4.906849e-11
3010.000000  4.959913e-11
3030.000000  4.925737e-11
3050.000000  4.912206e-11
3070.000000  4.914027e-11
3090.000000  4.966552e-11
3110.000000  4.850108e-11
3130.000000  4.835952e-11
3150.000000  4.940007e-11
3170.000000  4.915134e-11
3190.000000  4.679061e-11
3210.000000  4.784550e-11
3230.000000  4.632601e-11
3250.000000  4.755421e-11
3270.000000  4.816400e-11
3290.000000  4.857091e-11
3310.000000  4.892341e-11
3330.000000  4.789298e-11
3350.000000  4.722582e-11
3370.000000  4.696434e-11
3390.000000  4.685397e-11
3410.000000  4.735090e-11
3430.000000  4.747109e-11
3450.000000  4.707134e-11
3470.000000  4.655015e-11
3490.000000  4.646489e-11
3510.000000  4.709587e-11
3530.000000  4.691503e-11
3550.000000  4.740602e-11
3570.000000  4.600107e-11
3590.000000  4.573188e-11
3610.000000  4.573949e-11
3630.000000  4.594678e-11
3640.000000  4.551808e-11
3650.000000  4.666693e-11
3670.000000  4.646930e-11
3690.000000  4.456782e-11
3710.000000  4.571332e-11
3730.000000  4.640062e-11
3750.000000  5.748037e-11
3770.000000  6.107785e-11
3790.000000  7.443998e-11
3810.000000  8.702846e-11
3830.000000  6.894642e-11
3850.000000  9.687534e-11
3870.000000  1.098510e-10
3890.000000  6.226784e-11
3910.000000  1.103218e-10
3930.000000  1.088783e-10
3950.000000  1.104704e-10
3970.000000  5.915921e-11
3990.000000  1.070660e-10
4010.000000  1.243115e-10
4030.000000  1.255311e-10
4050.000000  1.236034e-10
4070.000000  1.155004e-10
4090.000000  8.749439e-11
4110.000000  6.671216e-11
4130.000000  1.090342e-10
4150.000000  1.172825e-10
4170.000000  1.179588e-10
4190.000000  1.166174e-10
4210.000000  1.161250e-10
4230.000000  1.132370e-10
4250.000000  1.128125e-10
4270.000000  1.095474e-10
4290.000000  1.082173e-10
4310.000000  9.852942e-11
4330.000000  7.343528e-11
4350.000000  6.262013e-11
4370.000000  9.725680e-11
4390.000000  1.021535e-10
4410.000000  1.019390e-10
4430.000000  1.015066e-10
4450.000000  1.019600e-10
4470.000000  1.010684e-10
4490.000000  9.962979e-11
4510.000000  1.001698e-10
4530.000000  9.787107e-11
4550.000000  9.601247e-11
4570.000000  9.708296e-11
4590.000000  9.494678e-11
4610.000000  9.550421e-11
4630.000000  9.324630e-11
4650.000000  9.330286e-11
4670.000000  9.246091e-11
4690.000000  8.981235e-11
4710.000000  8.680767e-11
4730.000000  8.914983e-11
4750.000000  8.835721e-11
4770.000000  8.696466e-11
4790.000000  8.552230e-11
4810.000000  8.313146e-11
4830.000000  7.785174e-11
4850.000000  5.958448e-11
4870.000000  4.811799e-11
4890.000000  7.277641e-11
4910.000000  7.812443e-11
4930.000000  7.800391e-11
4950.000000  7.866228e-11
4970.000000  7.879079e-11
4990.000000  7.722562e-11
5010.000000  7.540559e-11
5030.000000  7.606652e-11
5050.000000  7.487763e-11
5070.000000  7.499228e-11
5090.000000  7.410326e-11
5110.000000  7.356274e-11
5130.000000  7.244876e-11
5150.000000  7.132932e-11
5170.000000  6.947928e-11
5190.000000  6.898955e-11
5210.000000  6.906557e-11
5230.000000  6.799583e-11
5250.000000  6.853621e-11
5270.000000  6.599586e-11
5290.000000  6.698804e-11
5310.000000  6.598044e-11
5330.000000  6.459166e-11
5350.000000  6.513306e-11
5370.000000  6.416031e-11
5390.000000  6.361516e-11
5410.000000  6.253077e-11
5430.000000  6.234837e-11
5450.000000  6.198702e-11
5470.000000  6.139554e-11
5490.000000  6.097172e-11
5510.000000  6.044263e-11
5530.000000  5.963513e-11
5550.000000  5.938495e-11
5570.000000  5.859584e-11
5590.000000  5.793248e-11
5610.000000  5.756175e-11
5630.000000  5.722719e-11
5650.000000  5.663428e-11
5670.000000  5.596668e-11
5690.000000  5.558926e-11
5710.000000  5.506426e-11
5730.000000  5.476409e-11
5750.000000  5.411344e-11
5770.000000  5.367521e-11
5790.000000  5.314561e-11
5810.000000  5.269542e-11
5830.000000  5.224831e-11
5850.000000  5.170740e-11
5870.000000  5.124488e-11
5890.000000  5.025125e-11
5910.000000  5.032499e-11
5930.000000  4.987537e-11
5950.000000  4.940614e-11
5970.000000  4.898838e-11
5990.000000  4.848116e-11
6010.000000  4.795389e-11
6030.000000  4.760690e-11
6050.000000  4.722039e-11
6070.000000  4.686138e-11
6090.000000  4.640268e-11
6110.000000  4.594410e-11
6130.000000  4.535972e-11
6150.000000  4.473814e-11
6170.000000  4.448780e-11
6190.000000  4.439804e-11
6210.000000  4.401862e-11
6230.000000  4.354196e-11
6250.000000  4.284592e-11
6270.000000  4.288788e-11
6290.000000  4.251601e-11
6310.000000  4.202056e-11
6330.000000  4.171332e-11
6350.000000  4.114165e-11
6370.000000  4.084881e-11
6390.000000  4.063305e-11
6410.000000  4.011633e-11
6430.000000  3.982311e-11
6450.000000  3.917858e-11
6470.000000  3.897866e-11
6490.000000  3.834468e-11
6510.000000  3.774131e-11
6530.000000  3.622725e-11
6550.000000  3.109511e-11
6570.000000  2.497558e-11
6590.000000  3.399016e-11
6610.000000  3.588607e-11
6630.000000  3.622447e-11
6650.000000  3.614773e-11
6670.000000  3.593082e-11
6690.000000  3.573263e-11
6710.000000  3.547386e-11
6730.000000  3.520826e-11
6750.000000  3.486982e-11
6770.000000  3.467939e-11
6790.000000  3.438763e-11
6810.000000  3.411012e-11
6830.000000  3.379802e-11
6850.000000  3.352871e-11
6870.000000  3.328401e-11
6890.000000  3.301755e-11
6910.000000  3.274587e-11
6930.000000  3.246956e-11
6950.000000  3.221404e-11
6970.000000  3.194587e-11
6990.000000  3.170451e-11
7010.000000  3.135822e-11
7030.000000  3.115541e-11
7050.000000  3.093034e-11
7070.000000  3.069682e-11
7090.000000  3.045418e-11
7110.000000  2.989538e-11
7130.000000  2.989310e-11
7150.000000  2.967268e-11
7170.000000  2.944834e-11
7190.000000  2.919691e-11
7210.000000  2.899538e-11
7230.000000  2.876568e-11
7250.000000  2.851304e-11
7270.000000  2.834862e-11
7290.000000  2.806481e-11
7310.000000  2.787666e-11
7330.000000  2.765430e-11
7350.000000  2.747778e-11
7370.000000  2.727060e-11
7390.000000  2.701981e-11
7410.000000  2.675560e-11
7430.000000  2.653598e-11
7450.000000  2.636932e-11
7470.000000  2.609029e-11
7490.000000  2.592510e-11
7510.000000  2.578606e-11
7530.000000  2.561023e-11
7550.000000  2.545143e-11
7570.000000  2.523914e-11
7590.000000  2.505803e-11
7610.000000  2.486368e-11
7630.000000  2.467897e-11
7650.000000  2.447534e-11
7670.000000  2.424670e-11
7690.000000  2.409019e-11
7710.000000  2.390188e-11
7730.000000  2.376963e-11
7750.000000  2.356618e-11
7770.000000  2.301322e-11
7790.000000  2.324487e-11
7810.000000  2.306424e-11
7830.000000  2.285376e-11
7850.000000  2.265494e-11
7870.000000  2.247427e-11
7890.000000  2.228892e-11
7910.000000  2.216193e-11
7930.000000  2.198581e-11
7950.000000  2.180320e-11
7970.000000  2.174187e-11
7990.000000  2.147053e-11
8010.000000  2.140346e-11
8030.000000  2.123737e-11
8050.000000  2.109679e-11
8070.000000  2.093651e-11
8090.000000  2.078643e-11
8110.000000  2.066129e-11
8130.000000  2.051766e-11
8150.000000  2.036511e-11
8170.000000  2.021861e-11
8190.000000  1.991597e-11
8210.000000  1.985890e-11
8230.000000  1.970426e-11
8250.000000  1.957633e-11
8270.000000  1.957414e-11
8290.000000  1.943329e-11
8310.000000  1.929534e-11
8330.000000  1.903658e-11
8350.000000  1.903898e-11
8370.000000  1.890971e-11
8390.000000  1.873058e-11
8410.000000  1.860347e-11
8430.000000  1.844951e-11
8450.000000  1.814816e-11
8470.000000  1.797590e-11
8490.000000  1.812651e-11
8510.000000  1.731018e-11
8530.000000  1.798578e-11
8550.000000  1.631143e-11
8570.000000  1.800591e-11
8590.000000  1.691302e-11
8610.000000  1.653346e-11
8630.000000  1.794823e-11
8650.000000  1.726656e-11
8670.000000  1.456155e-11
8690.000000  1.737220e-11
8710.000000  1.797040e-11
8730.000000  1.725520e-11
8750.000000  1.391027e-11
8770.000000  1.646630e-11
8790.000000  1.774738e-11
8810.000000  1.782133e-11
8830.000000  1.731354e-11
8850.000000  1.550714e-11
8870.000000  1.325732e-11
8890.000000  1.649749e-11
8910.000000  1.726082e-11
8930.000000  1.740214e-11
8950.000000  1.742779e-11
8970.000000  1.703872e-11
8990.000000  1.611142e-11
9010.000000  1.291763e-11
9030.000000  1.412026e-11
9050.000000  1.612023e-11
9070.000000  1.635494e-11
9090.000000  1.631065e-11
9110.000000  1.658208e-11
9130.000000  1.660217e-11
9150.000000  1.647306e-11
9170.000000  1.619267e-11
9190.000000  1.567075e-11
9210.000000  1.441279e-11
9230.000000  1.136145e-11
9250.000000  1.387210e-11
9270.000000  1.496640e-11
9290.000000  1.554464e-11
9310.000000  1.562583e-11
9330.000000  1.559253e-11
9350.000000  1.553800e-11
9370.000000  1.545542e-11
9390.000000  1.530631e-11
9410.000000  1.491560e-11
9430.000000  1.505756e-11
9450.000000  1.495492e-11
9470.000000  1.480297e-11
9490.000000  1.454021e-11
9510.000000  1.402284e-11
9530.000000  1.275669e-11
9550.000000  1.031839e-11
9570.000000  1.285459e-11
9590.000000  1.375333e-11
9610.000000  1.393915e-11
9630.000000  1.390515e-11
9650.000000  1.401330e-11
9670.000000  1.384999e-11
9690.000000  1.384850e-11
9710.000000  1.384917e-11
9730.000000  1.376162e-11
9750.000000  1.365120e-11
9770.000000  1.360769e-11
9790.000000  1.351802e-11
9810.000000  1.343110e-11
9830.000000  1.333220e-11
9850.000000  1.321121e-11
9870.000000  1.311552e-11
9890.000000  1.297095e-11
9910.000000  1.292395e-11
9930.000000  1.283145e-11
9950.000000  1.272895e-11
9970.000000  1.260150e-11
9990.000000  1.239041e-11
10025.000000  1.113790e-11
10075.000000  1.057581e-11
10125.000000  1.187607e-11
10175.000000  1.188840e-11
10225.000000  1.176261e-11
10275.000000  1.160421e-11
10325.000000  1.141167e-11
10375.000000  1.124360e-11
10425.000000  1.107208e-11
10475.000000  1.082786e-11
10525.000000  1.070980e-11
10575.000000  1.055448e-11
10625.000000  1.039377e-11
10675.000000  1.008897e-11
10725.000000  1.002493e-11
10775.000000  9.883146e-12
10825.000000  9.689122e-12
10875.000000  9.372407e-12
10925.000000  7.857586e-12
10975.000000  8.578144e-12
11025.000000  9.098167e-12
11075.000000  9.073040e-12
11125.000000  8.958260e-12
11175.000000  8.844943e-12
11225.000000  8.728517e-12
11275.000000  8.511230e-12
11325.000000  8.391562e-12
11375.000000  8.334153e-12
11425.000000  8.193952e-12
11475.000000  8.123608e-12
11525.000000  8.013358e-12
11575.000000  7.896260e-12
11625.000000  7.730966e-12
11675.000000  7.585100e-12
11725.000000  7.573183e-12
11775.000000  7.360348e-12
11825.000000  7.313205e-12
11875.000000  7.187609e-12
11925.000000  7.167100e-12
11975.000000  7.017813e-12
12025.000000  6.952935e-12
12075.000000  6.844627e-12
12125.000000  6.759855e-12
12175.000000  6.685134e-12
12225.000000  6.590075e-12
12275.000000  6.491453e-12
12325.000000  6.409910e-12
12375.000000  6.330389e-12
12425.000000  6.254349e-12
12475.000000  6.161450e-12
12525.000000  6.078907e-12
12575.000000  5.971939e-12
12625.000000  5.894081e-12
12675.000000  5.819574e-12
12725.000000  5.699134e-12
12775.000000  5.401754e-12
12825.000000  4.587997e-12
12875.000000  5.320980e-12
12925.000000  5.416828e-12
12975.000000  5.384782e-12
13025.000000  5.331791e-12
13075.000000  5.273112e-12
13125.000000  5.202604e-12
13175.000000  5.127062e-12
13225.000000  5.075550e-12
13275.000000  5.010396e-12
13325.000000  4.949001e-12
13375.000000  4.885803e-12
13425.000000  4.824875e-12
13475.000000  4.764449e-12
13525.000000  4.697327e-12
13575.000000  4.638660e-12
13625.000000  4.588094e-12
13675.000000  4.528132e-12
13725.000000  4.448912e-12
13775.000000  4.413745e-12
13825.000000  4.360577e-12
13875.000000  4.315152e-12
13925.000000  4.253313e-12
13975.000000  4.206637e-12
14025.000000  4.156633e-12
14075.000000  4.108606e-12
14125.000000  4.055077e-12
14175.000000  4.008865e-12
14225.000000  3.957859e-12
14275.000000  3.908893e-12
14325.000000  3.866397e-12
14375.000000  3.822667e-12
14425.000000  3.727058e-12
14475.000000  3.729474e-12
14525.000000  3.661731e-12
14570.000000  3.644823e-12
14620.000000  3.596274e-12
14675.000000  3.559920e-12
14725.000000  3.515226e-12
14775.000000  3.465768e-12
14825.000000  3.432793e-12
14875.000000  3.381727e-12
14925.000000  3.365862e-12
14975.000000  3.322917e-12
15025.000000  3.274008e-12
15075.000000  3.239932e-12
15125.000000  3.212887e-12
15175.000000  3.175689e-12
15225.000000  3.138719e-12
15275.000000  3.098878e-12
15325.000000  3.061419e-12
15375.000000  3.032759e-12
15425.000000  2.973298e-12
15475.000000  2.959950e-12
15525.000000  2.926800e-12
15575.000000  2.853346e-12
15625.000000  2.887378e-12
15675.000000  2.802446e-12
15725.000000  2.733730e-12
15775.000000  2.790960e-12
15825.000000  2.759772e-12
15875.000000  2.553533e-12
15925.000000  2.663863e-12
15975.000000  2.699423e-12
16050.000000  2.606740e-12
16150.000000  2.456250e-12
16250.000000  2.570017e-12
16350.000000  2.427583e-12
16450.000000  2.270693e-12
16550.000000  2.419192e-12
16650.000000  2.372431e-12
16750.000000  2.213184e-12
16850.000000  2.062845e-12
16950.000000  2.220182e-12
17050.000000  2.182533e-12
17150.000000  2.138332e-12
17250.000000  2.062111e-12
17350.000000  1.802931e-12
17450.000000  1.943172e-12
17550.000000  1.956408e-12
17650.000000  1.922074e-12
17750.000000  1.887865e-12
17850.000000  1.847300e-12
17950.000000  1.809437e-12
18050.000000  1.751622e-12
18150.000000  1.546086e-12
18250.000000  1.631625e-12
18350.000000  1.659901e-12
18450.000000  1.632664e-12
18550.000000  1.595883e-12
18650.000000  1.545787e-12
18750.000000  1.356441e-12
18850.000000  1.476393e-12
18950.000000  1.470691e-12
19050.000000  1.452840e-12
19150.000000  1.424881e-12
19250.000000  1.393313e-12
19350.000000  1.344143e-12
19450.000000  1.184853e-12
19550.000000  1.293761e-12
19650.000000  1.291474e-12
19750.000000  1.270009e-12
19850.000000  1.248925e-12
19950.000000  1.225839e-12
20050.000000  1.203489e-12
20150.000000  1.181626e-12
20250.000000  1.159504e-12
20350.000000  1.137748e-12
20450.000000  1.118269e-12
20550.000000  1.097972e-12
20650.000000  1.077102e-12
20750.000000  1.058361e-12
20850.000000  1.039829e-12
20950.000000  1.021015e-12
21050.000000  1.002888e-12
21150.000000  9.837952e-13
21250.000000  9.664220e-13
21350.000000  9.495060e-13
21450.000000  9.312159e-13
21550.000000  9.029777e-13
21650.000000  8.017685e-13
21750.000000  8.636174e-13
21850.000000  8.675301e-13
21950.000000  8.570565e-13
22050.000000  8.423354e-13
22150.000000  8.276546e-13
22250.000000  8.153197e-13
22350.000000  8.017038e-13
22450.000000  7.883981e-13
22550.000000  7.740890e-13
22650.000000  7.622639e-13
22750.000000  7.498451e-13
22850.000000  7.376483e-13
22950.000000  7.255107e-13
23050.000000  7.144211e-13
23150.000000  7.027970e-13
23250.000000  6.918438e-13
23350.000000  6.807076e-13
23450.000000  6.700572e-13
23550.000000  6.595261e-13
23650.000000  6.492059e-13
23750.000000  6.388340e-13
23850.000000  6.288697e-13
23950.000000  6.191569e-13
24050.000000  6.093448e-13
24150.000000  5.998253e-13
24250.000000  5.907968e-13
24350.000000  5.813619e-13
24450.000000  5.722351e-13
24550.000000  5.636498e-13
24650.000000  5.546238e-13
24750.000000  5.461695e-13
24850.000000  5.384348e-13
24950.000000  5.269332e-13
