2505.000000  7.181631e-10
2513.000000  7.077948e-10
2518.000000  7.077533e-10
2525.000000  7.017745e-10
2535.000000  6.930207e-10
2545.000000  6.846763e-10
2555.000000  6.792957e-10
2565.000000  6.709436e-10
2575.000000  6.644344e-10
2585.000000  6.571886e-10
2595.000000  6.496999e-10
2605.000000  6.472774e-10
2615.000000  6.409046e-10
2625.000000  6.340701e-10
2635.000000  6.254847e-10
2645.000000  6.198708e-10
2655.000000  6.122456e-10
2665.000000  6.042410e-10
2675.000000  5.974792e-10
2685.000000  5.953169e-10
2695.000000  5.841259e-10
2705.000000  5.826402e-10
2715.000000  5.761533e-10
2725.000000  5.652371e-10
2735.000000  5.642353e-10
2745.000000  5.561070e-10
2755.000000  5.506538e-10
2765.000000  5.414740e-10
2775.000000  5.411265e-10
2785.000000  5.352842e-10
2795.000000  5.238649e-10
2805.000000  5.218391e-10
2815.000000  5.190417e-10
2825.000000  5.079553e-10
2835.000000  5.039374e-10
2845.000000  5.029261e-10
2855.000000  4.978522e-10
2865.000000  4.931482e-10
2875.000000  4.880647e-10
2885.000000  4.830132e-10
2895.000000  4.783092e-10
2910.000000  4.710634e-10
2930.000000  4.614347e-10
2950.000000  4.490928e-10
2970.000000  4.436522e-10
2990.000000  4.349207e-10
3010.000000  4.264060e-10
3030.000000  4.182988e-10
3050.000000  4.103513e-10
3070.000000  4.024404e-10
3090.000000  3.947982e-10
3110.000000  3.872657e-10
3130.000000  3.804236e-10
3150.000000  3.734475e-10
3170.000000  3.662625e-10
3190.000000  3.565392e-10
3210.000000  3.528475e-10
3230.000000  3.463267e-10
3250.000000  3.399576e-10
3270.000000  3.341962e-10
3290.000000  3.277152e-10
3310.000000  3.223126e-10
3330.000000  3.165786e-10
3350.000000  3.104025e-10
3370.000000  3.054670e-10
3390.000000  3.001010e-10
3410.000000  2.948754e-10
3430.000000  2.884943e-10
3450.000000  2.825006e-10
3470.000000  2.784860e-10
3490.000000  2.736938e-10
3510.000000  2.699425e-10
3530.000000  2.658995e-10
3550.000000  2.614944e-10
3570.000000  2.583862e-10
3590.000000  2.526020e-10
3610.000000  2.489072e-10
3630.000000  2.442887e-10
3640.000000  2.437917e-10
3650.000000  2.399962e-10
3670.000000  2.370941e-10
3690.000000  2.315985e-10
3710.000000  2.242915e-10
3730.000000  2.166277e-10
3750.000000  2.336106e-10
3770.000000  2.362715e-10
3790.000000  2.521059e-10
3810.000000  2.651886e-10
3830.000000  2.283227e-10
3850.000000  2.752433e-10
3870.000000  2.788875e-10
3890.000000  2.159134e-10
3910.000000  2.749158e-10
3930.000000  2.717772e-10
3950.000000  2.664092e-10
3970.000000  2.010294e-10
3990.000000  2.554446e-10
4010.000000  2.548004e-10
4030.000000  2.391704e-10
4050.000000  2.494488e-10
4070.000000  2.441420e-10
4090.000000  2.220726e-10
4110.000000  1.910261e-10
4130.000000  2.287680e-10
4150.000000  2.272372e-10
4170.000000  2.255198e-10
4190.000000  2.226215e-10
4210.000000  2.190092e-10
4230.000000  2.154559e-10
4250.000000  2.119533e-10
4270.000000  2.080785e-10
4290.000000  2.048477e-10
4310.000000  2.003077e-10
4330.000000  1.787461e-10
4350.000000  1.618085e-10
4370.000000  1.903733e-10
4390.000000  1.833228e-10
4410.000000  1.863954e-10
4430.000000  1.826555e-10
4450.000000  1.807630e-10
4470.000000  1.693625e-10
4490.000000  1.749966e-10
4510.000000  1.725906e-10
4530.000000  1.699548e-10
4550.000000  1.673675e-10
4570.000000  1.648190e-10
4590.000000  1.623454e-10
4610.000000  1.599088e-10
4630.000000  1.575112e-10
4650.000000  1.550810e-10
4670.000000  1.528584e-10
4690.000000  1.506010e-10
4710.000000  1.463727e-10
4730.000000  1.461253e-10
4750.000000  1.439186e-10
4770.000000  1.419891e-10
4790.000000  1.399068e-10
4810.000000  1.375860e-10
4830.000000  1.347149e-10
4850.000000  1.227226e-10
4870.000000  1.085664e-10
4890.000000  1.284459e-10
4910.000000  1.277385e-10
4930.000000  1.230522e-10
4950.000000  1.246915e-10
4970.000000  1.229549e-10
4990.000000  1.212195e-10
5010.000000  1.179456e-10
5030.000000  1.178582e-10
5050.000000  1.154437e-10
5070.000000  1.146372e-10
5090.000000  1.130537e-10
5110.000000  1.115301e-10
5130.000000  1.099845e-10
5150.000000  1.084906e-10
5170.000000  1.070186e-10
5190.000000  1.055732e-10
5210.000000  1.041391e-10
5230.000000  1.027591e-10
5250.000000  1.013652e-10
5270.000000  1.000326e-10
5290.000000  9.870100e-11
5310.000000  9.740731e-11
5330.000000  9.611362e-11
5350.000000  9.484741e-11
5370.000000  9.360435e-11
5390.000000  9.237608e-11
5410.000000  9.118479e-11
5430.000000  9.000493e-11
5450.000000  8.882506e-11
5470.000000  8.768536e-11
5490.000000  8.656773e-11
5510.000000  8.545328e-11
5530.000000  8.435153e-11
5550.000000  8.328452e-11
5570.000000  8.223455e-11
5590.000000  8.120644e-11
5610.000000  8.016692e-11
5630.000000  7.916534e-11
5650.000000  7.816695e-11
5670.000000  7.717679e-11
5690.000000  7.621538e-11
5710.000000  7.528745e-11
5730.000000  7.436176e-11
5750.000000  7.343829e-11
5770.000000  7.255054e-11
5790.000000  7.166278e-11
5810.000000  7.077502e-11
5830.000000  6.992521e-11
5850.000000  6.907539e-11
5870.000000  6.608818e-11
5890.000000  6.732099e-11
5910.000000  6.661790e-11
5930.000000  6.580826e-11
5950.000000  6.503433e-11
5970.000000  6.426039e-11
5990.000000  6.348646e-11
6010.000000  6.273906e-11
6030.000000  6.200306e-11
6050.000000  6.125885e-11
6070.000000  6.055761e-11
6090.000000  5.984910e-11
6110.000000  5.915232e-11
6130.000000  5.845427e-11
6150.000000  5.778275e-11
6170.000000  5.711218e-11
6190.000000  5.645430e-11
6210.000000  5.581849e-11
6230.000000  5.518491e-11
6250.000000  5.455132e-11
6270.000000  5.393139e-11
6290.000000  5.330922e-11
6310.000000  5.270312e-11
6330.000000  5.211793e-11
6350.000000  5.152229e-11
6370.000000  5.094029e-11
6390.000000  5.038259e-11
6410.000000  4.982266e-11
6430.000000  4.926815e-11
6450.000000  4.871045e-11
6470.000000  4.818846e-11
6490.000000  4.763299e-11
6510.000000  4.706571e-11
6530.000000  4.631289e-11
6550.000000  4.397898e-11
6570.000000  3.878107e-11
6590.000000  4.448794e-11
6610.000000  4.447010e-11
6630.000000  4.411575e-11
6650.000000  4.367826e-11
6670.000000  4.277463e-11
6690.000000  4.233075e-11
6710.000000  4.229823e-11
6730.000000  4.185435e-11
6750.000000  4.141047e-11
6770.000000  4.096659e-11
6790.000000  4.052272e-11
6810.000000  4.010594e-11
6830.000000  3.967428e-11
6850.000000  3.926387e-11
6870.000000  3.885461e-11
6890.000000  3.844762e-11
6910.000000  3.804273e-11
6930.000000  3.763813e-11
6950.000000  3.726214e-11
6970.000000  3.687701e-11
6990.000000  3.649567e-11
7010.000000  3.612182e-11
7030.000000  3.575186e-11
7050.000000  3.538455e-11
7070.000000  3.445434e-11
7090.000000  3.467206e-11
7110.000000  3.431993e-11
7130.000000  3.397191e-11
7150.000000  3.362832e-11
7170.000000  3.328378e-11
7190.000000  3.295684e-11
7210.000000  3.262716e-11
7230.000000  3.227058e-11
7250.000000  3.198214e-11
7270.000000  3.166301e-11
7290.000000  3.109604e-11
7310.000000  3.103340e-11
7330.000000  3.073558e-11
7350.000000  3.043267e-11
7370.000000  3.013262e-11
7390.000000  2.983730e-11
7410.000000  2.954716e-11
7430.000000  2.925829e-11
7450.000000  2.897967e-11
7470.000000  2.869953e-11
7490.000000  2.842320e-11
7510.000000  2.813823e-11
7530.000000  2.787857e-11
7550.000000  2.761120e-11
7570.000000  2.734532e-11
7590.000000  2.708553e-11
7610.000000  2.682945e-11
7630.000000  2.657368e-11
7650.000000  2.631896e-11
7670.000000  2.607078e-11
7690.000000  2.582493e-11
7710.000000  2.558412e-11
7730.000000  2.534343e-11
7750.000000  2.510632e-11
7770.000000  2.486573e-11
7790.000000  2.463917e-11
7810.000000  2.439479e-11
7830.000000  2.418552e-11
7850.000000  2.398638e-11
7870.000000  2.376582e-11
7890.000000  2.353061e-11
7910.000000  2.333263e-11
7930.000000  2.311746e-11
7950.000000  2.288272e-11
7970.000000  2.264169e-11
7990.000000  2.243834e-11
8010.000000  2.222904e-11
8030.000000  2.202670e-11
8050.000000  2.183378e-11
8070.000000  2.165564e-11
8090.000000  2.141692e-11
8110.000000  2.125577e-11
8130.000000  2.108678e-11
8150.000000  2.086684e-11
8170.000000  2.071811e-11
8190.000000  2.050408e-11
8210.000000  2.027065e-11
8230.000000  2.015321e-11
8250.000000  1.998000e-11
8270.000000  1.970594e-11
8290.000000  1.961447e-11
8310.000000  1.945095e-11
8330.000000  1.927363e-11
8350.000000  1.901329e-11
8370.000000  1.890440e-11
8390.000000  1.876895e-11
8410.000000  1.859839e-11
8430.000000  1.841042e-11
8450.000000  1.813815e-11
8470.000000  1.804201e-11
8490.000000  1.790570e-11
8510.000000  1.765559e-11
8530.000000  1.763385e-11
8550.000000  1.710963e-11
8570.000000  1.757896e-11
8590.000000  1.675134e-11
8610.000000  1.667549e-11
8630.000000  1.733668e-11
8650.000000  1.675923e-11
8670.000000  1.551605e-11
8690.000000  1.691370e-11
8710.000000  1.706606e-11
8730.000000  1.646260e-11
8750.000000  1.466618e-11
8770.000000  1.591136e-11
8790.000000  1.660288e-11
8810.000000  1.654417e-11
8830.000000  1.630506e-11
8850.000000  1.510778e-11
8870.000000  1.389417e-11
8890.000000  1.566898e-11
8910.000000  1.587273e-11
8930.000000  1.578165e-11
8950.000000  1.570302e-11
8970.000000  1.552622e-11
8990.000000  1.500823e-11
9010.000000  1.319819e-11
9030.000000  1.389314e-11
9050.000000  1.487291e-11
9070.000000  1.477661e-11
9090.000000  1.478414e-11
9110.000000  1.474369e-11
9130.000000  1.464498e-11
9150.000000  1.450196e-11
9170.000000  1.431416e-11
9190.000000  1.414833e-11
9210.000000  1.342404e-11
9230.000000  1.176359e-11
9250.000000  1.319988e-11
9270.000000  1.367141e-11
9290.000000  1.366919e-11
9310.000000  1.352643e-11
9330.000000  1.350516e-11
9350.000000  1.338795e-11
9370.000000  1.329465e-11
9390.000000  1.319047e-11
9410.000000  1.308286e-11
9430.000000  1.298165e-11
9450.000000  1.287537e-11
9470.000000  1.266144e-11
9490.000000  1.261962e-11
9510.000000  1.232112e-11
9530.000000  1.168164e-11
9550.000000  1.037942e-11
9570.000000  1.177401e-11
9590.000000  1.206361e-11
9610.000000  1.200847e-11
9630.000000  1.191316e-11
9650.000000  1.190611e-11
9670.000000  1.181377e-11
9690.000000  1.170982e-11
9710.000000  1.159563e-11
9730.000000  1.154273e-11
9750.000000  1.145396e-11
9770.000000  1.136761e-11
9790.000000  1.127906e-11
9810.000000  1.119293e-11
9830.000000  1.110795e-11
9850.000000  1.102458e-11
9870.000000  1.093982e-11
9890.000000  1.085727e-11
9910.000000  1.077251e-11
9930.000000  1.069397e-11
9950.000000  1.061164e-11
9970.000000  1.051959e-11
9990.000000  1.041143e-11
10025.000000  9.805354e-12
10075.000000  9.478875e-12
10125.000000  9.887691e-12
10175.000000  9.758776e-12
10225.000000  9.574179e-12
10275.000000  9.406868e-12
10325.000000  9.198964e-12
10375.000000  9.068676e-12
10425.000000  8.907686e-12
10475.000000  8.748187e-12
10525.000000  8.591213e-12
10575.000000  8.439302e-12
10625.000000  8.289821e-12
10675.000000  8.130099e-12
10725.000000  8.003382e-12
10775.000000  7.865283e-12
10825.000000  7.639135e-12
10875.000000  7.556817e-12
10925.000000  6.819397e-12
10975.000000  7.132702e-12
11025.000000  7.150193e-12
11075.000000  7.083360e-12
11125.000000  6.971316e-12
11175.000000  6.853552e-12
11225.000000  6.734424e-12
11275.000000  6.626678e-12
11325.000000  6.517790e-12
11375.000000  6.410044e-12
11425.000000  6.305046e-12
11475.000000  6.201094e-12
11525.000000  6.100840e-12
11575.000000  6.001001e-12
11625.000000  5.903496e-12
11675.000000  5.809785e-12
11725.000000  5.717215e-12
11775.000000  5.624869e-12
11825.000000  5.535047e-12
11875.000000  5.446272e-12
11925.000000  5.360149e-12
11975.000000  5.225302e-12
12025.000000  5.195491e-12
12075.000000  5.113258e-12
12125.000000  5.032294e-12
12175.000000  4.957234e-12
12225.000000  4.879018e-12
12275.000000  4.804278e-12
12325.000000  4.730679e-12
12375.000000  4.659732e-12
12425.000000  4.588785e-12
12475.000000  4.518062e-12
12525.000000  4.440669e-12
12575.000000  4.383853e-12
12625.000000  4.317746e-12
12675.000000  4.253342e-12
12725.000000  4.185456e-12
12775.000000  4.046176e-12
12825.000000  3.724397e-12
12875.000000  3.971687e-12
12925.000000  3.946943e-12
12975.000000  3.863484e-12
13025.000000  3.836302e-12
13075.000000  3.780532e-12
13125.000000  3.725827e-12
13175.000000  3.672507e-12
13225.000000  3.619965e-12
13275.000000  3.568276e-12
13325.000000  3.517622e-12
13375.000000  3.467991e-12
13425.000000  3.416069e-12
13475.000000  3.371111e-12
13525.000000  3.323871e-12
13575.000000  3.277380e-12
13625.000000  3.231818e-12
13675.000000  3.187110e-12
13725.000000  3.143148e-12
13775.000000  3.099958e-12
13825.000000  3.057422e-12
13875.000000  3.015749e-12
13925.000000  2.974488e-12
13975.000000  2.934206e-12
14025.000000  2.894569e-12
14075.000000  2.855448e-12
14125.000000  2.817190e-12
14175.000000  2.779472e-12
14225.000000  2.742247e-12
14275.000000  2.706015e-12
14325.000000  2.669929e-12
14375.000000  2.634867e-12
14425.000000  2.600153e-12
14475.000000  2.565964e-12
14525.000000  2.532410e-12
14570.000000  2.502660e-12
14620.000000  2.469979e-12
14675.000000  2.435160e-12
14725.000000  2.403996e-12
14775.000000  2.373373e-12
14825.000000  2.343234e-12
14875.000000  2.313462e-12
14925.000000  2.284346e-12
14975.000000  2.255355e-12
15025.000000  2.226986e-12
15075.000000  2.194694e-12
15125.000000  2.171051e-12
15175.000000  2.143843e-12
15225.000000  2.117004e-12
15275.000000  2.089448e-12
15325.000000  2.062629e-12
15375.000000  2.038762e-12
15425.000000  2.008700e-12
15475.000000  1.988445e-12
15525.000000  1.962987e-12
15575.000000  1.928605e-12
15625.000000  1.922733e-12
15675.000000  1.885348e-12
15725.000000  1.852443e-12
15775.000000  1.857180e-12
15825.000000  1.832715e-12
15875.000000  1.762529e-12
15925.000000  1.779029e-12
15975.000000  1.775225e-12
16050.000000  1.732388e-12
16150.000000  1.664233e-12
16250.000000  1.668804e-12
16350.000000  1.610691e-12
16450.000000  1.543473e-12
16550.000000  1.558800e-12
16650.000000  1.524318e-12
16750.000000  1.465876e-12
16850.000000  1.403030e-12
16950.000000  1.421702e-12
17050.000000  1.383961e-12
17150.000000  1.360404e-12
17250.000000  1.327492e-12
17350.000000  1.239419e-12
17450.000000  1.263850e-12
17550.000000  1.244645e-12
17650.000000  1.217816e-12
17750.000000  1.191609e-12
17850.000000  1.165909e-12
17950.000000  1.140977e-12
18050.000000  1.115350e-12
18150.000000  1.044392e-12
18250.000000  1.058571e-12
18350.000000  1.047946e-12
18450.000000  1.026356e-12
18550.000000  1.004724e-12
18650.000000  9.763005e-13
18750.000000  9.200299e-13
18850.000000  9.422753e-13
18950.000000  9.255769e-13
19050.000000  9.034053e-13
19150.000000  8.886179e-13
19250.000000  8.708755e-13
19350.000000  8.506352e-13
19450.000000  7.944872e-13
19550.000000  8.163417e-13
19650.000000  8.043996e-13
19750.000000  7.887246e-13
19850.000000  7.733970e-13
19950.000000  7.584585e-13
20050.000000  7.439121e-13
20150.000000  7.297228e-13
20250.000000  7.159129e-13
20350.000000  7.024824e-13
20450.000000  6.890519e-13
20550.000000  6.748945e-13
20650.000000  6.636263e-13
20750.000000  6.513340e-13
20850.000000  6.394212e-13
20950.000000  6.275306e-13
21050.000000  6.162402e-13
21150.000000  6.028512e-13
21250.000000  5.938722e-13
21350.000000  5.830976e-13
21450.000000  5.725882e-13
21550.000000  5.607907e-13
21650.000000  5.246827e-13
21750.000000  5.393702e-13
21850.000000  5.326761e-13
21950.000000  5.237163e-13
22050.000000  5.147246e-13
22150.000000  5.057425e-13
22250.000000  4.967508e-13
22350.000000  4.882750e-13
22450.000000  4.799152e-13
22550.000000  4.717869e-13
22650.000000  4.635859e-13
22750.000000  4.557324e-13
22850.000000  4.479012e-13
22950.000000  4.404272e-13
23050.000000  4.329531e-13
23150.000000  4.258584e-13
23250.000000  4.187734e-13
23350.000000  4.120485e-13
23450.000000  4.053333e-13
23550.000000  3.986181e-13
23650.000000  3.919556e-13
23750.000000  3.855979e-13
23850.000000  3.795279e-13
23950.000000  3.733150e-13
24050.000000  3.673032e-13
24150.000000  3.613935e-13
24250.000000  3.556799e-13
24350.000000  3.499634e-13
24450.000000  3.443415e-13
24550.000000  3.390315e-13
24650.000000  3.335310e-13
24750.000000  3.278825e-13
24850.000000  3.234909e-13
24950.000000  3.175376e-13
