2505.000000  3.694669e-12
2513.000000  1.670321e-12
2518.000000  1.244505e-12
2525.000000  1.153847e-12
2535.000000  1.419962e-12
2545.000000  1.858043e-12
2555.000000  4.002064e-12
2565.000000  3.133284e-12
2575.000000  4.310020e-12
2585.000000  3.642907e-12
2595.000000  3.143354e-12
2605.000000  2.422065e-12
2615.000000  2.200808e-12
2625.000000  3.296074e-12
2635.000000  6.682407e-12
2645.000000  9.864307e-12
2655.000000  1.304077e-11
2665.000000  7.644710e-12
2675.000000  9.113702e-12
2685.000000  1.028068e-11
2695.000000  7.815199e-12
2705.000000  9.857391e-12
2715.000000  6.824334e-12
2725.000000  5.799399e-12
2735.000000  6.967502e-12
2745.000000  3.118188e-12
2755.000000  4.515160e-12
2765.000000  6.328429e-12
2775.000000  7.140419e-12
2785.000000  3.679142e-12
2795.000000  1.307969e-12
2805.000000  1.681292e-12
2815.000000  6.068573e-12
2825.000000  1.045019e-11
2835.000000  1.023952e-11
2845.000000  7.790516e-12
2855.000000  3.955578e-12
2865.000000  1.034303e-11
2875.000000  1.294455e-11
2885.000000  1.144293e-11
2895.000000  1.284669e-11
2910.000000  1.719356e-11
2930.000000  1.522746e-11
2950.000000  1.481363e-11
2970.000000  1.669199e-11
2990.000000  1.641884e-11
3010.000000  1.752501e-11
3030.000000  1.790200e-11
3050.000000  1.848219e-11
3070.000000  1.843420e-11
3090.000000  1.889783e-11
3110.000000  1.944684e-11
3130.000000  1.885402e-11
3150.000000  1.830543e-11
3170.000000  1.937861e-11
3190.000000  1.720728e-11
3210.000000  1.937623e-11
3230.000000  1.581474e-11
3250.000000  2.061573e-11
3270.000000  2.356052e-11
3290.000000  2.259084e-11
3310.000000  2.256153e-11
3330.000000  2.257681e-11
3350.000000  2.206473e-11
3370.000000  1.875036e-11
3390.000000  2.087486e-11
3410.000000  2.131093e-11
3430.000000  2.156285e-11
3450.000000  2.303664e-11
3470.000000  2.306562e-11
3490.000000  2.414274e-11
3510.000000  2.507726e-11
3530.000000  2.368290e-11
3550.000000  2.700270e-11
3570.000000  2.167106e-11
3590.000000  2.175881e-11
3610.000000  2.336677e-11
3630.000000  2.369256e-11
3640.000000  2.350948e-11
3650.000000  2.673935e-11
3670.000000  2.662552e-11
3690.000000  2.595985e-11
3710.000000  2.759764e-11
3730.000000  2.426917e-11
3750.000000  2.713829e-11
3770.000000  3.035227e-11
3790.000000  3.243151e-11
3810.000000  3.401895e-11
3830.000000  2.415075e-11
3850.000000  3.100894e-11
3870.000000  3.141530e-11
3890.000000  3.040099e-11
3910.000000  3.594026e-11
3930.000000  1.893268e-11
3950.000000  3.111386e-11
3970.000000  2.064757e-11
3990.000000  4.023877e-11
4010.000000  4.298733e-11
4030.000000  4.295994e-11
4050.000000  4.183987e-11
4070.000000  4.117908e-11
4090.000000  4.382440e-11
4110.000000  4.059361e-11
4130.000000  4.413998e-11
4150.000000  4.556506e-11
4170.000000  4.478747e-11
4190.000000  4.383913e-11
4210.000000  4.404229e-11
4230.000000  4.228986e-11
4250.000000  4.355290e-11
4270.000000  4.129010e-11
4290.000000  3.824670e-11
4310.000000  3.289008e-11
4330.000000  4.178200e-11
4350.000000  3.885879e-11
4370.000000  4.559099e-11
4390.000000  4.242648e-11
4410.000000  4.425149e-11
4430.000000  4.492248e-11
4450.000000  4.497472e-11
4470.000000  4.674418e-11
4490.000000  4.669097e-11
4510.000000  5.086017e-11
4530.000000  4.625994e-11
4550.000000  4.717872e-11
4570.000000  5.007779e-11
4590.000000  4.712751e-11
4610.000000  4.839157e-11
4630.000000  4.728618e-11
4650.000000  4.794150e-11
4670.000000  4.890375e-11
4690.000000  4.751539e-11
4710.000000  4.548358e-11
4730.000000  4.803021e-11
4750.000000  4.866802e-11
4770.000000  4.846332e-11
4790.000000  4.828400e-11
4810.000000  4.745814e-11
4830.000000  4.805829e-11
4850.000000  4.356298e-11
4870.000000  3.792826e-11
4890.000000  4.545616e-11
4910.000000  4.545922e-11
4930.000000  4.470156e-11
4950.000000  4.652357e-11
4970.000000  4.664008e-11
4990.000000  4.342996e-11
5010.000000  4.161232e-11
5030.000000  4.391442e-11
5050.000000  4.393805e-11
5070.000000  4.555309e-11
5090.000000  4.391398e-11
5110.000000  4.456676e-11
5130.000000  4.319637e-11
5150.000000  4.198413e-11
5170.000000  3.993780e-11
5190.000000  3.971880e-11
5210.000000  4.195613e-11
5230.000000  4.225602e-11
5250.000000  4.300274e-11
5270.000000  3.855797e-11
5290.000000  4.249462e-11
5310.000000  4.336026e-11
5330.000000  3.976354e-11
5350.000000  4.232503e-11
5370.000000  4.242661e-11
5390.000000  4.180896e-11
5410.000000  4.039069e-11
5430.000000  4.144465e-11
5450.000000  4.252218e-11
5470.000000  4.145266e-11
5490.000000  4.092830e-11
5510.000000  4.088398e-11
5530.000000  4.114996e-11
5550.000000  4.145921e-11
5570.000000  4.048591e-11
5590.000000  3.971134e-11
5610.000000  4.069794e-11
5630.000000  4.063090e-11
5650.000000  4.026764e-11
5670.000000  3.927012e-11
5690.000000  3.983693e-11
5710.000000  3.920447e-11
5730.000000  4.127747e-11
5750.000000  3.985273e-11
5770.000000  4.020327e-11
5790.000000  3.906240e-11
5810.000000  3.974341e-11
5830.000000  4.011865e-11
5850.000000  3.928095e-11
5870.000000  3.926111e-11
5890.000000  3.732210e-11
5910.000000  3.875949e-11
5930.000000  3.853893e-11
5950.000000  3.851028e-11
5970.000000  3.848886e-11
5990.000000  3.797383e-11
6010.000000  3.732762e-11
6030.000000  3.737762e-11
6050.000000  3.781816e-11
6070.000000  3.771926e-11
6090.000000  3.674412e-11
6110.000000  3.632499e-11
6130.000000  3.518570e-11
6150.000000  3.528212e-11
6170.000000  3.447140e-11
6190.000000  3.597177e-11
6210.000000  3.596193e-11
6230.000000  3.502619e-11
6250.000000  3.379603e-11
6270.000000  3.530066e-11
6290.000000  3.531175e-11
6310.000000  3.420096e-11
6330.000000  3.428189e-11
6350.000000  3.410794e-11
6370.000000  3.388483e-11
6390.000000  3.421872e-11
6410.000000  3.338543e-11
6430.000000  3.365808e-11
6450.000000  3.313495e-11
6470.000000  3.310342e-11
6490.000000  3.255609e-11
6510.000000  3.306794e-11
6530.000000  3.282426e-11
6550.000000  3.132578e-11
6570.000000  2.728317e-11
6590.000000  3.190701e-11
6610.000000  3.239179e-11
6630.000000  3.217491e-11
6650.000000  3.206025e-11
6670.000000  3.164064e-11
6690.000000  3.195861e-11
6710.000000  3.136574e-11
6730.000000  3.153661e-11
6750.000000  3.102704e-11
6770.000000  3.107978e-11
6790.000000  3.083757e-11
6810.000000  3.061693e-11
6830.000000  3.065470e-11
6850.000000  3.004695e-11
6870.000000  3.026792e-11
6890.000000  3.016959e-11
6910.000000  2.991027e-11
6930.000000  2.975212e-11
6950.000000  2.961518e-11
6970.000000  2.949437e-11
6990.000000  2.938428e-11
7010.000000  2.841966e-11
7030.000000  2.883420e-11
7050.000000  2.886652e-11
7070.000000  2.858688e-11
7090.000000  2.840580e-11
7110.000000  2.815889e-11
7130.000000  2.793772e-11
7150.000000  2.777621e-11
7170.000000  2.755688e-11
7190.000000  2.690774e-11
7210.000000  2.732238e-11
7230.000000  2.712211e-11
7250.000000  2.718382e-11
7270.000000  2.711466e-11
7290.000000  2.636958e-11
7310.000000  2.668544e-11
7330.000000  2.657574e-11
7350.000000  2.656963e-11
7370.000000  2.649044e-11
7390.000000  2.583983e-11
7410.000000  2.548867e-11
7430.000000  2.559610e-11
7450.000000  2.560020e-11
7470.000000  2.568207e-11
7490.000000  2.543520e-11
7510.000000  2.542999e-11
7530.000000  2.534964e-11
7550.000000  2.535487e-11
7570.000000  2.503541e-11
7590.000000  2.497179e-11
7610.000000  2.474348e-11
7630.000000  2.481603e-11
7650.000000  2.461131e-11
7670.000000  2.401597e-11
7690.000000  2.429430e-11
7710.000000  2.404797e-11
7730.000000  2.398578e-11
7750.000000  2.369557e-11
7770.000000  2.370423e-11
7790.000000  2.387586e-11
7810.000000  2.363485e-11
7830.000000  2.336376e-11
7850.000000  2.323502e-11
7870.000000  2.334638e-11
7890.000000  2.317725e-11
7910.000000  2.286614e-11
7930.000000  2.242917e-11
7950.000000  2.246965e-11
7970.000000  2.272207e-11
7990.000000  2.263552e-11
8010.000000  2.235748e-11
8030.000000  2.220007e-11
8050.000000  2.203779e-11
8070.000000  2.209699e-11
8090.000000  2.173679e-11
8110.000000  2.189815e-11
8130.000000  2.189993e-11
8150.000000  2.170659e-11
8170.000000  2.160196e-11
8190.000000  2.096314e-11
8210.000000  2.092625e-11
8230.000000  2.089097e-11
8250.000000  2.090367e-11
8270.000000  2.109057e-11
8290.000000  2.092716e-11
8310.000000  2.051010e-11
8330.000000  2.036785e-11
8350.000000  2.042733e-11
8370.000000  2.047826e-11
8390.000000  2.014959e-11
8410.000000  2.028541e-11
8430.000000  1.989780e-11
8450.000000  1.980135e-11
8470.000000  1.971846e-11
8490.000000  1.945700e-11
8510.000000  1.847335e-11
8530.000000  1.910746e-11
8550.000000  1.617833e-11
8570.000000  1.951994e-11
8590.000000  1.898793e-11
8610.000000  1.885320e-11
8630.000000  1.922516e-11
8650.000000  1.883572e-11
8670.000000  1.593004e-11
8690.000000  1.840623e-11
8710.000000  1.877624e-11
8730.000000  1.862264e-11
8750.000000  1.757383e-11
8770.000000  1.849978e-11
8790.000000  1.847931e-11
8810.000000  1.816225e-11
8830.000000  1.822266e-11
8850.000000  1.789803e-11
8870.000000  1.688991e-11
8890.000000  1.801172e-11
8910.000000  1.809940e-11
8930.000000  1.774618e-11
8950.000000  1.782447e-11
8970.000000  1.773252e-11
8990.000000  1.764649e-11
9010.000000  1.618716e-11
9030.000000  1.701914e-11
9050.000000  1.756014e-11
9070.000000  1.713659e-11
9090.000000  1.667627e-11
9110.000000  1.690867e-11
9130.000000  1.720944e-11
9150.000000  1.708642e-11
9170.000000  1.695049e-11
9190.000000  1.693371e-11
9210.000000  1.633909e-11
9230.000000  1.514695e-11
9250.000000  1.601122e-11
9270.000000  1.631791e-11
9290.000000  1.646796e-11
9310.000000  1.648127e-11
9330.000000  1.634849e-11
9350.000000  1.628573e-11
9370.000000  1.620561e-11
9390.000000  1.610531e-11
9410.000000  1.537149e-11
9430.000000  1.581214e-11
9450.000000  1.563034e-11
9470.000000  1.583008e-11
9490.000000  1.581657e-11
9510.000000  1.561517e-11
9530.000000  1.531765e-11
9550.000000  1.411410e-11
9570.000000  1.516804e-11
9590.000000  1.537554e-11
9610.000000  1.515689e-11
9630.000000  1.499406e-11
9650.000000  1.499805e-11
9670.000000  1.483646e-11
9690.000000  1.489546e-11
9710.000000  1.494908e-11
9730.000000  1.489604e-11
9750.000000  1.465043e-11
9770.000000  1.470217e-11
9790.000000  1.458556e-11
9810.000000  1.463904e-11
9830.000000  1.452109e-11
9850.000000  1.445614e-11
9870.000000  1.432938e-11
9890.000000  1.423770e-11
9910.000000  1.412607e-11
9930.000000  1.424253e-11
9950.000000  1.416500e-11
9970.000000  1.410987e-11
9990.000000  1.402386e-11
10025.000000  1.366178e-11
10075.000000  1.325713e-11
10125.000000  1.353791e-11
10175.000000  1.331410e-11
10225.000000  1.325822e-11
10275.000000  1.318813e-11
10325.000000  1.291931e-11
10375.000000  1.280066e-11
10425.000000  1.270833e-11
10475.000000  1.240458e-11
10525.000000  1.237754e-11
10575.000000  1.222360e-11
10625.000000  1.207914e-11
10675.000000  1.170918e-11
10725.000000  1.172498e-11
10775.000000  1.158761e-11
10825.000000  1.134175e-11
10875.000000  1.125594e-11
10925.000000  1.070668e-11
10975.000000  1.085446e-11
11025.000000  1.099502e-11
11075.000000  1.094894e-11
11125.000000  1.078291e-11
11175.000000  1.066016e-11
11225.000000  1.060509e-11
11275.000000  1.030656e-11
11325.000000  1.025099e-11
11375.000000  1.018636e-11
11425.000000  9.991649e-12
11475.000000  1.008892e-11
11525.000000  9.982500e-12
11575.000000  9.818485e-12
11625.000000  9.605140e-12
11675.000000  9.506027e-12
11725.000000  9.594893e-12
11775.000000  9.300927e-12
11825.000000  9.249153e-12
11875.000000  9.105773e-12
11925.000000  9.238673e-12
11975.000000  8.893597e-12
12025.000000  8.942277e-12
12075.000000  8.807558e-12
12125.000000  8.759184e-12
12175.000000  8.762886e-12
12225.000000  8.664598e-12
12275.000000  8.549705e-12
12325.000000  8.475048e-12
12375.000000  8.397952e-12
12425.000000  8.307804e-12
12475.000000  8.253646e-12
12525.000000  8.129485e-12
12575.000000  8.036510e-12
12625.000000  7.981061e-12
12675.000000  7.888599e-12
12725.000000  7.846743e-12
12775.000000  7.719146e-12
12825.000000  7.038255e-12
12875.000000  7.548669e-12
12925.000000  7.502870e-12
12975.000000  7.486080e-12
13025.000000  7.370331e-12
13075.000000  7.353526e-12
13125.000000  7.218786e-12
13175.000000  7.137650e-12
13225.000000  7.141520e-12
13275.000000  7.010074e-12
13325.000000  6.986680e-12
13375.000000  6.910696e-12
13425.000000  6.878656e-12
13475.000000  6.809410e-12
13525.000000  6.739695e-12
13575.000000  6.618597e-12
13625.000000  6.594967e-12
13675.000000  6.523414e-12
13725.000000  6.433074e-12
13775.000000  6.399750e-12
13825.000000  6.357068e-12
13875.000000  6.329369e-12
13925.000000  6.247658e-12
13975.000000  6.195038e-12
14025.000000  6.110261e-12
14075.000000  6.088849e-12
14125.000000  5.978935e-12
14175.000000  5.982221e-12
14225.000000  5.856465e-12
14275.000000  5.761846e-12
14325.000000  5.795414e-12
14375.000000  5.784245e-12
14425.000000  5.534280e-12
14475.000000  5.653523e-12
14525.000000  5.503769e-12
14570.000000  5.535166e-12
14620.000000  5.467133e-12
14675.000000  5.438381e-12
14725.000000  5.322963e-12
14775.000000  5.280757e-12
14825.000000  5.261415e-12
14875.000000  5.139322e-12
14925.000000  5.232291e-12
14975.000000  5.137938e-12
15025.000000  5.027036e-12
15075.000000  4.976589e-12
15125.000000  5.014208e-12
15175.000000  4.993182e-12
15225.000000  4.895444e-12
15275.000000  4.900628e-12
15325.000000  4.835921e-12
15375.000000  4.801537e-12
15425.000000  4.735185e-12
15475.000000  4.708565e-12
15525.000000  4.647053e-12
15575.000000  4.581457e-12
15625.000000  4.621068e-12
15675.000000  4.485806e-12
15725.000000  4.468341e-12
15775.000000  4.356668e-12
15825.000000  4.385929e-12
15875.000000  4.164839e-12
15925.000000  4.279936e-12
15975.000000  4.298046e-12
16050.000000  4.211727e-12
16150.000000  4.064069e-12
16250.000000  4.116204e-12
16350.000000  3.969844e-12
16450.000000  3.804055e-12
16550.000000  3.884976e-12
16650.000000  3.816468e-12
16750.000000  3.655061e-12
16850.000000  3.478615e-12
16950.000000  3.603324e-12
17050.000000  3.490485e-12
17150.000000  3.441451e-12
17250.000000  3.323004e-12
17350.000000  3.070239e-12
17450.000000  3.171104e-12
17550.000000  3.153959e-12
17650.000000  3.091262e-12
17750.000000  3.030514e-12
17850.000000  2.980482e-12
17950.000000  2.931405e-12
18050.000000  2.848732e-12
18150.000000  2.645966e-12
18250.000000  2.699470e-12
18350.000000  2.690277e-12
18450.000000  2.625496e-12
18550.000000  2.584376e-12
18650.000000  2.510404e-12
18750.000000  2.309548e-12
18850.000000  2.418844e-12
18950.000000  2.338294e-12
19050.000000  2.357818e-12
19150.000000  2.305058e-12
19250.000000  2.263345e-12
19350.000000  2.196206e-12
19450.000000  2.032471e-12
19550.000000  2.129233e-12
19650.000000  2.095579e-12
19750.000000  2.051402e-12
19850.000000  2.025810e-12
19950.000000  1.988671e-12
20050.000000  1.960684e-12
20150.000000  1.933898e-12
20250.000000  1.883505e-12
20350.000000  1.838706e-12
20450.000000  1.831233e-12
20550.000000  1.791715e-12
20650.000000  1.752909e-12
20750.000000  1.726981e-12
20850.000000  1.695617e-12
20950.000000  1.659507e-12
21050.000000  1.642080e-12
21150.000000  1.608066e-12
21250.000000  1.579089e-12
21350.000000  1.556636e-12
21450.000000  1.533507e-12
21550.000000  1.501056e-12
21650.000000  1.387966e-12
21750.000000  1.436108e-12
21850.000000  1.424514e-12
21950.000000  1.410832e-12
22050.000000  1.374941e-12
22150.000000  1.359963e-12
22250.000000  1.338907e-12
22350.000000  1.316632e-12
22450.000000  1.295112e-12
22550.000000  1.266922e-12
22650.000000  1.248481e-12
22750.000000  1.233643e-12
22850.000000  1.207051e-12
22950.000000  1.187158e-12
23050.000000  1.175259e-12
23150.000000  1.153162e-12
23250.000000  1.133474e-12
23350.000000  1.115156e-12
23450.000000  1.102612e-12
23550.000000  1.078882e-12
23650.000000  1.067971e-12
23750.000000  1.042767e-12
23850.000000  1.025082e-12
23950.000000  1.016864e-12
24050.000000  9.998690e-13
24150.000000  9.780120e-13
24250.000000  9.683555e-13
24350.000000  9.514502e-13
24450.000000  9.388440e-13
24550.000000  9.169864e-13
24650.000000  9.124809e-13
24750.000000  8.942415e-13
24850.000000  8.770636e-13
24950.000000  8.680211e-13
