2505.000000  2.159920e-10
2513.000000  1.969227e-10
2518.000000  2.054517e-10
2525.000000  1.922208e-10
2535.000000  1.954517e-10
2545.000000  1.869626e-10
2555.000000  1.967206e-10
2565.000000  1.931500e-10
2575.000000  2.059698e-10
2585.000000  2.024481e-10
2595.000000  2.034878e-10
2605.000000  1.936665e-10
2615.000000  1.924149e-10
2625.000000  1.955655e-10
2635.000000  1.967588e-10
2645.000000  2.058806e-10
2655.000000  2.024087e-10
2665.000000  1.879785e-10
2675.000000  1.964832e-10
2685.000000  1.920078e-10
2695.000000  1.874969e-10
2705.000000  1.912516e-10
2715.000000  1.832478e-10
2725.000000  1.833482e-10
2735.000000  1.916976e-10
2745.000000  1.714421e-10
2755.000000  1.699713e-10
2765.000000  1.739780e-10
2775.000000  1.807124e-10
2785.000000  1.810059e-10
2795.000000  1.620403e-10
2805.000000  1.724290e-10
2815.000000  1.800195e-10
2825.000000  1.785072e-10
2835.000000  1.683798e-10
2845.000000  1.640163e-10
2855.000000  1.650826e-10
2865.000000  1.702986e-10
2875.000000  1.658681e-10
2885.000000  1.669899e-10
2895.000000  1.640546e-10
2910.000000  1.706620e-10
2930.000000  1.648851e-10
2950.000000  1.627004e-10
2970.000000  1.613744e-10
2990.000000  1.591331e-10
3010.000000  1.603681e-10
3030.000000  1.580219e-10
3050.000000  1.544380e-10
3070.000000  1.515804e-10
3090.000000  1.510489e-10
3110.000000  1.465779e-10
3130.000000  1.448481e-10
3150.000000  1.436692e-10
3170.000000  1.408476e-10
3190.000000  1.356732e-10
3210.000000  1.362240e-10
3230.000000  1.341669e-10
3250.000000  1.324687e-10
3270.000000  1.311428e-10
3290.000000  1.294785e-10
3310.000000  1.283239e-10
3330.000000  1.256871e-10
3350.000000  1.231789e-10
3370.000000  1.215190e-10
3390.000000  1.195296e-10
3410.000000  1.187046e-10
3430.000000  1.168394e-10
3450.000000  1.151773e-10
3470.000000  1.131901e-10
3490.000000  1.117782e-10
3510.000000  1.107635e-10
3530.000000  1.094803e-10
3550.000000  1.080301e-10
3570.000000  1.063901e-10
3590.000000  1.044484e-10
3610.000000  1.033433e-10
3630.000000  1.018004e-10
3640.000000  1.014237e-10
3650.000000  1.009277e-10
3670.000000  9.979320e-11
3690.000000  9.767500e-11
3710.000000  9.484677e-11
3730.000000  9.068322e-11
3750.000000  1.000372e-10
3770.000000  1.021289e-10
3790.000000  1.157617e-10
3810.000000  1.274345e-10
3830.000000  1.058982e-10
3850.000000  1.336132e-10
3870.000000  1.437503e-10
3890.000000  9.590862e-11
3910.000000  1.425519e-10
3930.000000  1.436815e-10
3950.000000  1.391688e-10
3970.000000  9.027864e-11
3990.000000  1.319954e-10
4010.000000  1.379993e-10
4030.000000  1.307756e-10
4050.000000  1.358789e-10
4070.000000  1.306545e-10
4090.000000  1.107587e-10
4110.000000  9.028862e-11
4130.000000  1.211754e-10
4150.000000  1.237885e-10
4170.000000  1.229490e-10
4190.000000  1.216630e-10
4210.000000  1.202644e-10
4230.000000  1.181778e-10
4250.000000  1.159876e-10
4270.000000  1.126201e-10
4290.000000  1.123626e-10
4310.000000  1.084890e-10
4330.000000  8.884400e-11
4350.000000  7.808331e-11
4370.000000  1.026422e-10
4390.000000  1.009984e-10
4410.000000  1.026876e-10
4430.000000  1.002355e-10
4450.000000  1.001655e-10
4470.000000  9.498282e-11
4490.000000  9.545987e-11
4510.000000  9.573278e-11
4530.000000  9.388314e-11
4550.000000  9.229033e-11
4570.000000  9.186424e-11
4590.000000  8.996466e-11
4610.000000  8.919129e-11
4630.000000  8.685178e-11
4650.000000  8.645508e-11
4670.000000  8.506755e-11
4690.000000  8.394410e-11
4710.000000  8.105926e-11
4730.000000  8.129834e-11
4750.000000  7.993578e-11
4770.000000  7.960398e-11
4790.000000  7.816487e-11
4810.000000  7.635350e-11
4830.000000  7.397790e-11
4850.000000  6.277450e-11
4870.000000  5.357941e-11
4890.000000  7.033459e-11
4910.000000  7.109966e-11
4930.000000  6.919843e-11
4950.000000  6.983418e-11
4970.000000  6.918673e-11
4990.000000  6.805885e-11
5010.000000  6.548524e-11
5030.000000  6.557065e-11
5050.000000  6.361948e-11
5070.000000  6.416980e-11
5090.000000  6.324719e-11
5110.000000  6.208547e-11
5130.000000  6.153069e-11
5150.000000  6.017258e-11
5170.000000  5.970098e-11
5190.000000  5.904911e-11
5210.000000  5.754233e-11
5230.000000  5.734812e-11
5250.000000  5.693092e-11
5270.000000  5.577807e-11
5290.000000  5.580302e-11
5310.000000  5.468180e-11
5330.000000  5.416308e-11
5350.000000  5.344352e-11
5370.000000  5.296972e-11
5390.000000  5.225459e-11
5410.000000  5.143351e-11
5430.000000  5.081326e-11
5450.000000  5.030340e-11
5470.000000  4.948454e-11
5490.000000  4.914389e-11
5510.000000  4.846261e-11
5530.000000  4.801600e-11
5550.000000  4.743624e-11
5570.000000  4.682043e-11
5590.000000  4.630835e-11
5610.000000  4.582791e-11
5630.000000  4.535411e-11
5650.000000  4.428950e-11
5670.000000  4.388117e-11
5690.000000  4.360820e-11
5710.000000  4.316825e-11
5730.000000  4.269002e-11
5750.000000  4.217795e-11
5770.000000  4.166810e-11
5790.000000  4.112218e-11
5810.000000  4.064174e-11
5830.000000  4.019957e-11
5850.000000  3.972134e-11
5870.000000  3.847864e-11
5890.000000  3.859125e-11
5910.000000  3.832272e-11
5930.000000  3.797985e-11
5950.000000  3.722868e-11
5970.000000  3.699400e-11
5990.000000  3.651355e-11
6010.000000  3.627443e-11
6030.000000  3.583005e-11
6050.000000  3.542172e-11
6070.000000  3.501118e-11
6090.000000  3.460285e-11
6110.000000  3.429383e-11
6130.000000  3.388234e-11
6150.000000  3.317040e-11
6170.000000  3.308783e-11
6190.000000  3.276933e-11
6210.000000  3.239801e-11
6230.000000  3.196849e-11
6250.000000  3.141215e-11
6270.000000  3.132199e-11
6290.000000  3.096554e-11
6310.000000  3.056582e-11
6330.000000  3.028653e-11
6350.000000  2.953258e-11
6370.000000  2.938822e-11
6390.000000  2.928336e-11
6410.000000  2.892874e-11
6430.000000  2.872097e-11
6450.000000  2.828624e-11
6470.000000  2.807198e-11
6490.000000  2.766138e-11
6510.000000  2.724496e-11
6530.000000  2.665771e-11
6550.000000  2.423606e-11
6570.000000  2.057599e-11
6590.000000  2.536916e-11
6610.000000  2.584677e-11
6630.000000  2.571662e-11
6650.000000  2.552150e-11
6670.000000  2.511867e-11
6690.000000  2.489059e-11
6710.000000  2.475678e-11
6730.000000  2.450817e-11
6750.000000  2.426251e-11
6770.000000  2.403377e-11
6790.000000  2.373558e-11
6810.000000  2.351876e-11
6830.000000  2.322550e-11
6850.000000  2.304502e-11
6870.000000  2.282328e-11
6890.000000  2.259454e-11
6910.000000  2.236602e-11
6930.000000  2.207254e-11
6950.000000  2.192951e-11
6970.000000  2.171835e-11
6990.000000  2.150948e-11
7010.000000  2.125816e-11
7030.000000  2.106981e-11
7050.000000  2.078714e-11
7070.000000  2.050659e-11
7090.000000  2.047651e-11
7110.000000  2.022092e-11
7130.000000  2.004000e-11
7150.000000  1.985909e-11
7170.000000  1.967501e-11
7190.000000  1.949792e-11
7210.000000  1.931023e-11
7230.000000  1.901409e-11
7250.000000  1.890440e-11
7270.000000  1.876454e-11
7290.000000  1.853785e-11
7310.000000  1.840315e-11
7330.000000  1.822922e-11
7350.000000  1.806883e-11
7370.000000  1.789829e-11
7390.000000  1.772458e-11
7410.000000  1.755743e-11
7430.000000  1.733274e-11
7450.000000  1.720303e-11
7470.000000  1.699188e-11
7490.000000  1.686555e-11
7510.000000  1.671914e-11
7530.000000  1.658560e-11
7550.000000  1.643220e-11
7570.000000  1.628579e-11
7590.000000  1.612202e-11
7610.000000  1.599907e-11
7630.000000  1.584251e-11
7650.000000  1.569250e-11
7670.000000  1.555264e-11
7690.000000  1.540600e-11
7710.000000  1.526975e-11
7730.000000  1.512966e-11
7750.000000  1.499341e-11
7770.000000  1.464373e-11
7790.000000  1.472428e-11
7810.000000  1.460472e-11
7830.000000  1.446846e-11
7850.000000  1.424716e-11
7870.000000  1.413504e-11
7890.000000  1.396133e-11
7910.000000  1.394014e-11
7930.000000  1.383772e-11
7950.000000  1.362679e-11
7970.000000  1.359206e-11
7990.000000  1.333780e-11
8010.000000  1.335700e-11
8030.000000  1.323111e-11
8050.000000  1.311156e-11
8070.000000  1.300598e-11
8090.000000  1.288348e-11
8110.000000  1.277091e-11
8130.000000  1.266151e-11
8150.000000  1.255954e-11
8170.000000  1.245713e-11
8190.000000  1.232131e-11
8210.000000  1.217446e-11
8230.000000  1.202151e-11
8250.000000  1.202761e-11
8270.000000  1.194167e-11
8290.000000  1.180630e-11
8310.000000  1.173751e-11
8330.000000  1.163554e-11
8350.000000  1.153945e-11
8370.000000  1.144741e-11
8390.000000  1.137611e-11
8410.000000  1.126715e-11
8430.000000  1.115481e-11
8450.000000  1.095381e-11
8470.000000  1.093372e-11
8490.000000  1.085456e-11
8510.000000  1.064540e-11
8530.000000  1.072463e-11
8550.000000  1.028894e-11
8570.000000  1.064929e-11
8590.000000  1.018409e-11
8610.000000  1.004261e-11
8630.000000  1.052524e-11
8650.000000  1.014848e-11
8670.000000  9.204266e-12
8690.000000  1.021234e-11
8710.000000  1.043526e-11
8730.000000  1.004452e-11
8750.000000  8.614806e-12
8770.000000  9.613165e-12
8790.000000  1.021939e-11
8810.000000  1.027015e-11
8830.000000  9.984990e-12
8850.000000  9.096100e-12
8870.000000  8.126650e-12
8890.000000  9.522958e-12
8910.000000  9.857773e-12
8930.000000  9.847177e-12
8950.000000  9.833194e-12
8970.000000  9.663762e-12
8990.000000  9.225645e-12
9010.000000  7.770921e-12
9030.000000  8.242219e-12
9050.000000  9.153910e-12
9070.000000  9.230860e-12
9090.000000  9.227475e-12
9110.000000  9.230858e-12
9130.000000  9.172659e-12
9150.000000  9.114683e-12
9170.000000  8.975265e-12
9190.000000  8.744917e-12
9210.000000  8.187908e-12
9230.000000  6.821396e-12
9250.000000  7.909957e-12
9270.000000  8.326661e-12
9290.000000  8.543027e-12
9310.000000  8.545523e-12
9330.000000  8.481445e-12
9350.000000  8.450320e-12
9370.000000  8.389625e-12
9390.000000  8.314729e-12
9410.000000  8.144854e-12
9430.000000  8.185019e-12
9450.000000  8.127042e-12
9470.000000  8.028013e-12
9490.000000  7.926486e-12
9510.000000  7.712172e-12
9530.000000  7.132360e-12
9550.000000  6.070874e-12
9570.000000  7.159655e-12
9590.000000  7.532140e-12
9610.000000  7.579075e-12
9630.000000  7.466732e-12
9650.000000  7.527868e-12
9670.000000  7.459961e-12
9690.000000  7.428837e-12
9710.000000  7.384176e-12
9730.000000  7.326866e-12
9750.000000  7.265284e-12
9770.000000  7.221289e-12
9790.000000  7.163313e-12
9810.000000  7.108722e-12
9830.000000  7.041038e-12
9850.000000  6.999982e-12
9870.000000  6.945613e-12
9890.000000  6.874323e-12
9910.000000  6.826057e-12
9930.000000  6.782282e-12
9950.000000  6.724307e-12
9970.000000  6.656401e-12
9990.000000  6.578119e-12
10025.000000  6.045687e-12
10075.000000  5.753756e-12
10125.000000  6.217618e-12
10175.000000  6.189876e-12
10225.000000  6.101220e-12
10275.000000  5.995642e-12
10325.000000  5.879692e-12
10375.000000  5.784489e-12
10425.000000  5.682518e-12
10475.000000  5.577163e-12
10525.000000  5.478354e-12
10575.000000  5.386536e-12
10625.000000  5.297881e-12
10675.000000  5.175384e-12
10725.000000  5.110638e-12
10775.000000  5.025589e-12
10825.000000  4.899264e-12
10875.000000  4.801120e-12
10925.000000  4.173707e-12
10975.000000  4.444889e-12
11025.000000  4.582976e-12
11075.000000  4.535597e-12
11125.000000  4.467468e-12
11175.000000  4.392571e-12
11225.000000  4.324221e-12
11275.000000  4.219088e-12
11325.000000  4.161112e-12
11375.000000  4.113510e-12
11425.000000  4.048544e-12
11475.000000  3.984022e-12
11525.000000  3.922662e-12
11575.000000  3.858140e-12
11625.000000  3.783465e-12
11675.000000  3.725489e-12
11725.000000  3.674282e-12
11775.000000  3.599607e-12
11825.000000  3.561936e-12
11875.000000  3.500798e-12
11925.000000  3.456359e-12
11975.000000  3.393196e-12
12025.000000  3.348885e-12
12075.000000  3.297267e-12
12125.000000  3.245427e-12
12175.000000  3.197193e-12
12225.000000  3.147833e-12
12275.000000  3.099511e-12
12325.000000  3.053219e-12
12375.000000  3.008303e-12
12425.000000  2.964741e-12
12475.000000  2.913057e-12
12525.000000  2.875858e-12
12575.000000  2.828978e-12
12625.000000  2.790492e-12
12675.000000  2.748350e-12
12725.000000  2.697703e-12
12775.000000  2.594423e-12
12825.000000  2.302214e-12
12875.000000  2.542084e-12
12925.000000  2.547276e-12
12975.000000  2.517096e-12
13025.000000  2.486277e-12
13075.000000  2.450881e-12
13125.000000  2.416184e-12
13175.000000  2.377449e-12
13225.000000  2.348483e-12
13275.000000  2.315794e-12
13325.000000  2.283150e-12
13375.000000  2.251499e-12
13425.000000  2.219194e-12
13475.000000  2.188580e-12
13525.000000  2.157629e-12
13575.000000  2.128685e-12
13625.000000  2.099425e-12
13675.000000  2.069150e-12
13725.000000  2.041267e-12
13775.000000  2.015729e-12
13825.000000  1.988816e-12
13875.000000  1.961970e-12
13925.000000  1.935079e-12
13975.000000  1.909542e-12
14025.000000  1.884388e-12
14075.000000  1.859189e-12
14125.000000  1.834351e-12
14175.000000  1.810550e-12
14225.000000  1.787066e-12
14275.000000  1.763604e-12
14325.000000  1.740458e-12
14375.000000  1.717650e-12
14425.000000  1.691165e-12
14475.000000  1.672418e-12
14525.000000  1.650310e-12
14570.000000  1.632961e-12
14620.000000  1.611846e-12
14675.000000  1.590392e-12
14725.000000  1.569976e-12
14775.000000  1.548905e-12
14825.000000  1.531196e-12
14875.000000  1.511817e-12
14925.000000  1.493769e-12
14975.000000  1.474413e-12
15025.000000  1.457020e-12
15075.000000  1.437957e-12
15125.000000  1.420969e-12
15175.000000  1.403283e-12
15225.000000  1.385934e-12
15275.000000  1.368586e-12
15325.000000  1.351237e-12
15375.000000  1.335581e-12
15425.000000  1.315886e-12
15475.000000  1.302599e-12
15525.000000  1.285927e-12
15575.000000  1.263547e-12
15625.000000  1.260707e-12
15675.000000  1.233926e-12
15725.000000  1.212561e-12
15775.000000  1.218520e-12
15825.000000  1.201849e-12
15875.000000  1.149753e-12
15925.000000  1.164173e-12
15975.000000  1.167762e-12
16050.000000  1.134869e-12
16150.000000  1.086024e-12
16250.000000  1.101415e-12
16350.000000  1.054263e-12
16450.000000  1.004381e-12
16550.000000  1.030984e-12
16650.000000  1.008875e-12
16750.000000  9.590159e-13
16850.000000  9.111650e-13
16950.000000  9.408575e-13
17050.000000  9.230819e-13
17150.000000  9.034089e-13
17250.000000  8.782768e-13
17350.000000  8.000123e-13
17450.000000  8.320959e-13
17550.000000  8.265700e-13
17650.000000  8.098985e-13
17750.000000  7.922117e-13
17850.000000  7.758786e-13
17950.000000  7.599061e-13
18050.000000  7.385189e-13
18150.000000  6.771533e-13
18250.000000  6.957222e-13
18350.000000  6.966708e-13
18450.000000  6.840603e-13
18550.000000  6.687647e-13
18650.000000  6.507173e-13
18750.000000  5.972021e-13
18850.000000  6.249305e-13
18950.000000  6.170801e-13
19050.000000  6.048082e-13
19150.000000  5.932795e-13
19250.000000  5.807134e-13
19350.000000  5.644026e-13
19450.000000  5.152425e-13
19550.000000  5.422941e-13
19650.000000  5.371733e-13
19750.000000  5.272924e-13
19850.000000  5.171174e-13
19950.000000  5.072366e-13
20050.000000  4.977163e-13
20150.000000  4.881961e-13
20250.000000  4.790143e-13
20350.000000  4.701709e-13
20450.000000  4.613275e-13
20550.000000  4.524841e-13
20650.000000  4.443397e-13
20750.000000  4.361731e-13
20850.000000  4.283450e-13
20950.000000  4.202007e-13
21050.000000  4.127110e-13
21150.000000  4.048828e-13
21250.000000  3.977537e-13
21350.000000  3.906246e-13
21450.000000  3.834733e-13
21550.000000  3.739753e-13
21650.000000  3.424355e-13
21750.000000  3.586797e-13
21850.000000  3.569431e-13
21950.000000  3.511677e-13
22050.000000  3.453923e-13
22150.000000  3.392785e-13
22250.000000  3.334714e-13
22350.000000  3.277909e-13
22450.000000  3.222053e-13
22550.000000  3.166984e-13
22650.000000  3.113585e-13
22750.000000  3.061224e-13
22850.000000  3.010238e-13
22950.000000  2.960246e-13
23050.000000  2.911269e-13
23150.000000  2.863329e-13
23250.000000  2.816404e-13
23350.000000  2.770179e-13
23450.000000  2.725307e-13
23550.000000  2.681090e-13
23650.000000  2.637572e-13
23750.000000  2.595092e-13
23850.000000  2.553604e-13
23950.000000  2.512794e-13
24050.000000  2.471667e-13
24150.000000  2.432571e-13
24250.000000  2.395144e-13
24350.000000  2.357085e-13
24450.000000  2.319365e-13
24550.000000  2.283653e-13
24650.000000  2.246948e-13
24750.000000  2.211913e-13
24850.000000  2.179629e-13
24950.000000  2.139540e-13
