2505.000000  1.172554e-10
2513.000000  9.894983e-11
2518.000000  1.015427e-10
2525.000000  9.205122e-11
2535.000000  8.869915e-11
2545.000000  8.635662e-11
2555.000000  9.612425e-11
2565.000000  9.536429e-11
2575.000000  1.067247e-10
2585.000000  1.073740e-10
2595.000000  1.035321e-10
2605.000000  9.795951e-11
2615.000000  9.433560e-11
2625.000000  1.081898e-10
2635.000000  1.095150e-10
2645.000000  1.291821e-10
2655.000000  1.289653e-10
2665.000000  1.120281e-10
2675.000000  1.200062e-10
2685.000000  1.190303e-10
2695.000000  1.116314e-10
2705.000000  1.159919e-10
2715.000000  1.072874e-10
2725.000000  1.091926e-10
2735.000000  1.196600e-10
2745.000000  9.348083e-11
2755.000000  9.833135e-11
2765.000000  1.029038e-10
2775.000000  1.151235e-10
2785.000000  1.085715e-10
2795.000000  6.539636e-11
2805.000000  7.883417e-11
2815.000000  1.189857e-10
2825.000000  1.241072e-10
2835.000000  1.181278e-10
2845.000000  1.127073e-10
2855.000000  1.062539e-10
2865.000000  1.181430e-10
2875.000000  1.144788e-10
2885.000000  1.167725e-10
2895.000000  1.104786e-10
2910.000000  1.266355e-10
2930.000000  1.206358e-10
2950.000000  1.197694e-10
2970.000000  1.234633e-10
2990.000000  1.242272e-10
3010.000000  1.260949e-10
3030.000000  1.245722e-10
3050.000000  1.238063e-10
3070.000000  1.237953e-10
3090.000000  1.256579e-10
3110.000000  1.219053e-10
3130.000000  1.214183e-10
3150.000000  1.245502e-10
3170.000000  1.238188e-10
3190.000000  1.173289e-10
3210.000000  1.205003e-10
3230.000000  1.165244e-10
3250.000000  1.195670e-10
3270.000000  1.208292e-10
3290.000000  1.219350e-10
3310.000000  1.229820e-10
3330.000000  1.200735e-10
3350.000000  1.182738e-10
3370.000000  1.175839e-10
3390.000000  1.173801e-10
3410.000000  1.189748e-10
3430.000000  1.192051e-10
3450.000000  1.181217e-10
3470.000000  1.165340e-10
3490.000000  1.160349e-10
3510.000000  1.179879e-10
3530.000000  1.177677e-10
3550.000000  1.189152e-10
3570.000000  1.151888e-10
3590.000000  1.144472e-10
3610.000000  1.144402e-10
3630.000000  1.148653e-10
3640.000000  1.135941e-10
3650.000000  1.166693e-10
3670.000000  1.160747e-10
3690.000000  1.112985e-10
3710.000000  1.140631e-10
3730.000000  1.162402e-10
3750.000000  1.450668e-10
3770.000000  1.551478e-10
3790.000000  1.928883e-10
3810.000000  2.281799e-10
3830.000000  1.786428e-10
3850.000000  2.555343e-10
3870.000000  2.938772e-10
3890.000000  1.588691e-10
3910.000000  2.941898e-10
3930.000000  2.881421e-10
3950.000000  2.941886e-10
3970.000000  1.500164e-10
3990.000000  2.842768e-10
4010.000000  3.311078e-10
4030.000000  3.321733e-10
4050.000000  3.276994e-10
4070.000000  3.067195e-10
4090.000000  2.275316e-10
4110.000000  1.705643e-10
4130.000000  2.871919e-10
4150.000000  3.093072e-10
4170.000000  3.090619e-10
4190.000000  3.054047e-10
4210.000000  3.040505e-10
4230.000000  2.958107e-10
4250.000000  2.942750e-10
4270.000000  2.835577e-10
4290.000000  2.826549e-10
4310.000000  2.565375e-10
4330.000000  1.869932e-10
4350.000000  1.582315e-10
4370.000000  2.527053e-10
4390.000000  2.643762e-10
4410.000000  2.627256e-10
4430.000000  2.605231e-10
4450.000000  2.630666e-10
4470.000000  2.602140e-10
4490.000000  2.554694e-10
4510.000000  2.579613e-10
4530.000000  2.511304e-10
4550.000000  2.454392e-10
4570.000000  2.491890e-10
4590.000000  2.424911e-10
4610.000000  2.447992e-10
4630.000000  2.377637e-10
4650.000000  2.385480e-10
4670.000000  2.359601e-10
4690.000000  2.279394e-10
4710.000000  2.198223e-10
4730.000000  2.268926e-10
4750.000000  2.249783e-10
4770.000000  2.210857e-10
4790.000000  2.175431e-10
4810.000000  2.111913e-10
4830.000000  1.976295e-10
4850.000000  1.482423e-10
4870.000000  1.185571e-10
4890.000000  1.838882e-10
4910.000000  1.977097e-10
4930.000000  1.968261e-10
4950.000000  1.984606e-10
4970.000000  1.987062e-10
4990.000000  1.940880e-10
5010.000000  1.886746e-10
5030.000000  1.903620e-10
5050.000000  1.868640e-10
5070.000000  1.878066e-10
5090.000000  1.855118e-10
5110.000000  1.839323e-10
5130.000000  1.809080e-10
5150.000000  1.776717e-10
5170.000000  1.730831e-10
5190.000000  1.716649e-10
5210.000000  1.718373e-10
5230.000000  1.686925e-10
5250.000000  1.702539e-10
5270.000000  1.630883e-10
5290.000000  1.661767e-10
5310.000000  1.630064e-10
5330.000000  1.593094e-10
5350.000000  1.613061e-10
5370.000000  1.587547e-10
5390.000000  1.572065e-10
5410.000000  1.542025e-10
5430.000000  1.537664e-10
5450.000000  1.531030e-10
5470.000000  1.514575e-10
5490.000000  1.502969e-10
5510.000000  1.488391e-10
5530.000000  1.466945e-10
5550.000000  1.460757e-10
5570.000000  1.440679e-10
5590.000000  1.424275e-10
5610.000000  1.414942e-10
5630.000000  1.405609e-10
5650.000000  1.388982e-10
5670.000000  1.371501e-10
5690.000000  1.362493e-10
5710.000000  1.349061e-10
5730.000000  1.341453e-10
5750.000000  1.323699e-10
5770.000000  1.312317e-10
5790.000000  1.298185e-10
5810.000000  1.286752e-10
5830.000000  1.275319e-10
5850.000000  1.261785e-10
5870.000000  1.249104e-10
5890.000000  1.223934e-10
5910.000000  1.225436e-10
5930.000000  1.213952e-10
5950.000000  1.200571e-10
5970.000000  1.190385e-10
5990.000000  1.176202e-10
6010.000000  1.162344e-10
6030.000000  1.155081e-10
6050.000000  1.144297e-10
6070.000000  1.135785e-10
6090.000000  1.123875e-10
6110.000000  1.111640e-10
6130.000000  1.096980e-10
6150.000000  1.075635e-10
6170.000000  1.074783e-10
6190.000000  1.072471e-10
6210.000000  1.062559e-10
6230.000000  1.050273e-10
6250.000000  1.029770e-10
6270.000000  1.034123e-10
6290.000000  1.024536e-10
6310.000000  1.010901e-10
6330.000000  1.003637e-10
6350.000000  9.864111e-11
6370.000000  9.799690e-11
6390.000000  9.761749e-11
6410.000000  9.625397e-11
6430.000000  9.559762e-11
6450.000000  9.375729e-11
6470.000000  9.357266e-11
6490.000000  9.189466e-11
6510.000000  9.052917e-11
6530.000000  8.691655e-11
6550.000000  7.404359e-11
6570.000000  5.909485e-11
6590.000000  8.133883e-11
6610.000000  8.593047e-11
6630.000000  8.664470e-11
6650.000000  8.639006e-11
6670.000000  8.575093e-11
6690.000000  8.527413e-11
6710.000000  8.462991e-11
6730.000000  8.387109e-11
6750.000000  8.302701e-11
6770.000000  8.262021e-11
6790.000000  8.188368e-11
6810.000000  8.117962e-11
6830.000000  8.034570e-11
6850.000000  7.970657e-11
6870.000000  7.910499e-11
6890.000000  7.843339e-11
6910.000000  7.775672e-11
6930.000000  7.705266e-11
6950.000000  7.641352e-11
6970.000000  7.574193e-11
6990.000000  7.516773e-11
7010.000000  7.419378e-11
7030.000000  7.374944e-11
7050.000000  7.320770e-11
7070.000000  7.266597e-11
7090.000000  7.205930e-11
7110.000000  7.040360e-11
7130.000000  7.057609e-11
7150.000000  7.006681e-11
7170.000000  6.955246e-11
7190.000000  6.890825e-11
7210.000000  6.843144e-11
7230.000000  6.782477e-11
7250.000000  6.717548e-11
7270.000000  6.683361e-11
7290.000000  6.608692e-11
7310.000000  6.561520e-11
7330.000000  6.510084e-11
7350.000000  6.468897e-11
7370.000000  6.417969e-11
7390.000000  6.355778e-11
7410.000000  6.288110e-11
7430.000000  6.224197e-11
7450.000000  6.186256e-11
7470.000000  6.108849e-11
7490.000000  6.080139e-11
7510.000000  6.048690e-11
7530.000000  6.006994e-11
7550.000000  5.969561e-11
7570.000000  5.917618e-11
7590.000000  5.873183e-11
7610.000000  5.827733e-11
7630.000000  5.780052e-11
7650.000000  5.728616e-11
7670.000000  5.672918e-11
7690.000000  5.634977e-11
7710.000000  5.587296e-11
7730.000000  5.558586e-11
7750.000000  5.509889e-11
7770.000000  5.358829e-11
7790.000000  5.430760e-11
7810.000000  5.388556e-11
7830.000000  5.333365e-11
7850.000000  5.281930e-11
7870.000000  5.234249e-11
7890.000000  5.183322e-11
7910.000000  5.157350e-11
7930.000000  5.121131e-11
7950.000000  5.066957e-11
7970.000000  5.064727e-11
7990.000000  4.978089e-11
8010.000000  4.981335e-11
8030.000000  4.939131e-11
8050.000000  4.907174e-11
8070.000000  4.868725e-11
8090.000000  4.830275e-11
8110.000000  4.801565e-11
8130.000000  4.769609e-11
8150.000000  4.733897e-11
8170.000000  4.698694e-11
8190.000000  4.614286e-11
8210.000000  4.595315e-11
8230.000000  4.557374e-11
8250.000000  4.534649e-11
8270.000000  4.542158e-11
8290.000000  4.506447e-11
8310.000000  4.473982e-11
8330.000000  4.409052e-11
8350.000000  4.412807e-11
8370.000000  4.384097e-11
8390.000000  4.339155e-11
8410.000000  4.307706e-11
8430.000000  4.268748e-11
8450.000000  4.184848e-11
8470.000000  4.150153e-11
8490.000000  4.191341e-11
8510.000000  3.981845e-11
8530.000000  4.162631e-11
8550.000000  3.728619e-11
8570.000000  4.175617e-11
8590.000000  3.886992e-11
8610.000000  3.793860e-11
8630.000000  4.177339e-11
8650.000000  3.995339e-11
8670.000000  3.309277e-11
8690.000000  4.028001e-11
8710.000000  4.205032e-11
8730.000000  4.013801e-11
8750.000000  3.168538e-11
8770.000000  3.812322e-11
8790.000000  4.168812e-11
8810.000000  4.199752e-11
8830.000000  4.049201e-11
8850.000000  3.577362e-11
8870.000000  3.029925e-11
8890.000000  3.846001e-11
8910.000000  4.058940e-11
8930.000000  4.099620e-11
8950.000000  4.112606e-11
8970.000000  4.010243e-11
8990.000000  3.764838e-11
9010.000000  2.961831e-11
9030.000000  3.252975e-11
9050.000000  3.771331e-11
9070.000000  3.833212e-11
9090.000000  3.822456e-11
9110.000000  3.897633e-11
9130.000000  3.900879e-11
9150.000000  3.875924e-11
9170.000000  3.802271e-11
9190.000000  3.664706e-11
9210.000000  3.341792e-11
9230.000000  2.590541e-11
9250.000000  3.201923e-11
9270.000000  3.475197e-11
9290.000000  3.645227e-11
9310.000000  3.667444e-11
9330.000000  3.654458e-11
9350.000000  3.641980e-11
9370.000000  3.623010e-11
9390.000000  3.577559e-11
9410.000000  3.476410e-11
9430.000000  3.519631e-11
9450.000000  3.497414e-11
9470.000000  3.462210e-11
9490.000000  3.398450e-11
9510.000000  3.270115e-11
9530.000000  2.942363e-11
9550.000000  2.351869e-11
9570.000000  2.969724e-11
9590.000000  3.204376e-11
9610.000000  3.250077e-11
9630.000000  3.227708e-11
9650.000000  3.266259e-11
9670.000000  3.224055e-11
9690.000000  3.220707e-11
9710.000000  3.228369e-11
9730.000000  3.204548e-11
9750.000000  3.176973e-11
9770.000000  3.169568e-11
9790.000000  3.147198e-11
9810.000000  3.124778e-11
9830.000000  3.098086e-11
9850.000000  3.066220e-11
9870.000000  3.043800e-11
9890.000000  3.006222e-11
9910.000000  2.998329e-11
9930.000000  2.976965e-11
9950.000000  2.953144e-11
9970.000000  2.925955e-11
9990.000000  2.875596e-11
10025.000000  2.563130e-11
10075.000000  2.426699e-11
10125.000000  2.742137e-11
10175.000000  2.749604e-11
10225.000000  2.720620e-11
10275.000000  2.681846e-11
10325.000000  2.633829e-11
10375.000000  2.593209e-11
10425.000000  2.552061e-11
10475.000000  2.489881e-11
10525.000000  2.460349e-11
10575.000000  2.425694e-11
10625.000000  2.389090e-11
10675.000000  2.312403e-11
10725.000000  2.299925e-11
10775.000000  2.265868e-11
10825.000000  2.222397e-11
10875.000000  2.148267e-11
10925.000000  1.784800e-11
10975.000000  1.956638e-11
11025.000000  2.083329e-11
11075.000000  2.075741e-11
11125.000000  2.047273e-11
11175.000000  2.020308e-11
11225.000000  1.992521e-11
11275.000000  1.932614e-11
11325.000000  1.906348e-11
11375.000000  1.896812e-11
11425.000000  1.862775e-11
11475.000000  1.849100e-11
11525.000000  1.823159e-11
11575.000000  1.795068e-11
11625.000000  1.752914e-11
11675.000000  1.717782e-11
11725.000000  1.718939e-11
11775.000000  1.666022e-11
11825.000000  1.656536e-11
11875.000000  1.625198e-11
11925.000000  1.624083e-11
11975.000000  1.588321e-11
12025.000000  1.573043e-11
12075.000000  1.547223e-11
12125.000000  1.526700e-11
12175.000000  1.509798e-11
12225.000000  1.486901e-11
12275.000000  1.464003e-11
12325.000000  1.444728e-11
12375.000000  1.426751e-11
12425.000000  1.409748e-11
12475.000000  1.386576e-11
12525.000000  1.368396e-11
12575.000000  1.341603e-11
12625.000000  1.325847e-11
12675.000000  1.309545e-11
12725.000000  1.283127e-11
12775.000000  1.215783e-11
12825.000000  1.030026e-11
12875.000000  1.196782e-11
12925.000000  1.217082e-11
12975.000000  1.208469e-11
13025.000000  1.196183e-11
13075.000000  1.182477e-11
13125.000000  1.165971e-11
13175.000000  1.147193e-11
13225.000000  1.136409e-11
13275.000000  1.121526e-11
13325.000000  1.107394e-11
13375.000000  1.092886e-11
13425.000000  1.078429e-11
13475.000000  1.064520e-11
13525.000000  1.048390e-11
13575.000000  1.035130e-11
13625.000000  1.023920e-11
13675.000000  1.009737e-11
13725.000000  9.908563e-12
13775.000000  9.835927e-12
13825.000000  9.716824e-12
13875.000000  9.617707e-12
13925.000000  9.468369e-12
13975.000000  9.365498e-12
14025.000000  9.252888e-12
14075.000000  9.143524e-12
14125.000000  9.020666e-12
14175.000000  8.914549e-12
14225.000000  8.800922e-12
14275.000000  8.688311e-12
14325.000000  8.588687e-12
14375.000000  8.492309e-12
14425.000000  8.260284e-12
14475.000000  8.279058e-12
14525.000000  8.119472e-12
14570.000000  8.088532e-12
14620.000000  7.975413e-12
14675.000000  7.892529e-12
14725.000000  7.791380e-12
14775.000000  7.671769e-12
14825.000000  7.604101e-12
14875.000000  7.487227e-12
14925.000000  7.456795e-12
14975.000000  7.356155e-12
15025.000000  7.249529e-12
15075.000000  7.168367e-12
15125.000000  7.108717e-12
15175.000000  7.024816e-12
15225.000000  6.943654e-12
15275.000000  6.853261e-12
15325.000000  6.766623e-12
15375.000000  6.704431e-12
15425.000000  6.565341e-12
15475.000000  6.537139e-12
15525.000000  6.462978e-12
15575.000000  6.291931e-12
15625.000000  6.382324e-12
15675.000000  6.182059e-12
15725.000000  6.020243e-12
15775.000000  6.164810e-12
15825.000000  6.097650e-12
15875.000000  5.609465e-12
15925.000000  5.875676e-12
15975.000000  5.968299e-12
16050.000000  5.755048e-12
16150.000000  5.412954e-12
16250.000000  5.687380e-12
16350.000000  5.364257e-12
16450.000000  5.011407e-12
16550.000000  5.351271e-12
16650.000000  5.247891e-12
16750.000000  4.895550e-12
16850.000000  4.562178e-12
16950.000000  4.909044e-12
17050.000000  4.818142e-12
17150.000000  4.725011e-12
17250.000000  4.556194e-12
17350.000000  3.986846e-12
17450.000000  4.294245e-12
17550.000000  4.317479e-12
17650.000000  4.239563e-12
17750.000000  4.165911e-12
17850.000000  4.075517e-12
17950.000000  3.994864e-12
18050.000000  3.868251e-12
18150.000000  3.421761e-12
18250.000000  3.606302e-12
18350.000000  3.665247e-12
18450.000000  3.603564e-12
18550.000000  3.522402e-12
18650.000000  3.416284e-12
18750.000000  3.005686e-12
18850.000000  3.263751e-12
18950.000000  3.244475e-12
19050.000000  3.208349e-12
19150.000000  3.146220e-12
19250.000000  3.076178e-12
19350.000000  2.970698e-12
19450.000000  2.620942e-12
19550.000000  2.859030e-12
19650.000000  2.851016e-12
19750.000000  2.801994e-12
19850.000000  2.755104e-12
19950.000000  2.704337e-12
20050.000000  2.654971e-12
20150.000000  2.606852e-12
20250.000000  2.557658e-12
20350.000000  2.509388e-12
20450.000000  2.466616e-12
20550.000000  2.421693e-12
20650.000000  2.375268e-12
20750.000000  2.333694e-12
20850.000000  2.292991e-12
20950.000000  2.251589e-12
21050.000000  2.211211e-12
21150.000000  2.167810e-12
21250.000000  2.130303e-12
21350.000000  2.092847e-12
21450.000000  2.054144e-12
21550.000000  1.993313e-12
21650.000000  1.771011e-12
21750.000000  1.906288e-12
21850.000000  1.913755e-12
21950.000000  1.890583e-12
22050.000000  1.856871e-12
22150.000000  1.823960e-12
22250.000000  1.797542e-12
22350.000000  1.767502e-12
22450.000000  1.738061e-12
22550.000000  1.705921e-12
22650.000000  1.680477e-12
22750.000000  1.652760e-12
22850.000000  1.626190e-12
22950.000000  1.598970e-12
23050.000000  1.574825e-12
23150.000000  1.549006e-12
23250.000000  1.525083e-12
23350.000000  1.500461e-12
23450.000000  1.476914e-12
23550.000000  1.453641e-12
23650.000000  1.431017e-12
23750.000000  1.408018e-12
23850.000000  1.386044e-12
23950.000000  1.364445e-12
24050.000000  1.342744e-12
24150.000000  1.321743e-12
24250.000000  1.301768e-12
24350.000000  1.280990e-12
24450.000000  1.260964e-12
24550.000000  1.241911e-12
24650.000000  1.221885e-12
24750.000000  1.203106e-12
24850.000000  1.186224e-12
24950.000000  1.159482e-12
