2505.000000  2.502944e-14
2513.000000  1.452061e-14
2518.000000  9.078772e-15
2525.000000  1.065613e-14
2535.000000  3.835225e-14
2545.000000  4.713938e-14
2555.000000  1.348728e-13
2565.000000  6.819116e-14
2575.000000  1.098172e-13
2585.000000  8.445105e-14
2595.000000  8.002613e-14
2605.000000  8.851313e-14
2615.000000  8.129008e-14
2625.000000  1.230305e-13
2635.000000  3.006942e-13
2645.000000  4.023094e-13
2655.000000  8.225860e-13
2665.000000  4.421967e-13
2675.000000  3.945602e-13
2685.000000  6.071602e-13
2695.000000  3.303879e-13
2705.000000  5.689123e-13
2715.000000  3.261455e-13
2725.000000  1.711249e-13
2735.000000  2.639175e-13
2745.000000  2.053686e-13
2755.000000  2.702541e-13
2765.000000  4.026646e-13
2775.000000  4.453771e-13
2785.000000  2.449295e-13
2795.000000  9.159795e-14
2805.000000  1.190214e-13
2815.000000  3.569864e-13
2825.000000  4.769581e-13
2835.000000  3.622449e-13
2845.000000  1.601027e-13
2855.000000  4.402305e-14
2865.000000  2.709863e-13
2875.000000  5.794679e-13
2885.000000  8.189007e-13
2895.000000  1.279839e-12
2910.000000  1.956533e-12
2930.000000  1.906877e-12
2950.000000  1.633659e-12
2970.000000  1.688097e-12
2990.000000  1.670573e-12
3010.000000  1.389275e-12
3030.000000  2.026025e-12
3050.000000  2.160529e-12
3070.000000  2.968834e-12
3090.000000  3.213334e-12
3110.000000  4.502509e-12
3130.000000  3.662269e-12
3150.000000  4.384590e-12
3170.000000  5.292093e-12
3190.000000  4.368276e-12
3210.000000  4.765079e-12
3230.000000  3.617315e-12
3250.000000  6.173235e-12
3270.000000  7.976267e-12
3290.000000  8.196493e-12
3310.000000  6.901196e-12
3330.000000  7.176126e-12
3350.000000  6.452479e-12
3370.000000  4.380217e-12
3390.000000  5.096013e-12
3410.000000  5.915517e-12
3430.000000  6.883259e-12
3450.000000  6.967844e-12
3470.000000  7.417702e-12
3490.000000  8.847293e-12
3510.000000  9.572870e-12
3530.000000  7.809251e-12
3550.000000  9.143461e-12
3570.000000  4.772122e-12
3590.000000  5.922383e-12
3610.000000  9.096719e-12
3630.000000  1.061731e-11
3640.000000  1.117279e-11
3650.000000  1.253042e-11
3670.000000  1.384134e-11
3690.000000  1.278866e-11
3710.000000  1.351084e-11
3730.000000  6.957888e-12
3750.000000  8.238437e-12
3770.000000  1.134715e-11
3790.000000  1.117067e-11
3810.000000  9.570216e-12
3830.000000  4.632385e-12
3850.000000  5.284081e-12
3870.000000  6.078079e-12
3890.000000  1.144376e-11
3910.000000  1.412839e-11
3930.000000  4.997608e-12
3950.000000  1.078042e-11
3970.000000  6.657853e-12
3990.000000  2.009781e-11
4010.000000  2.390172e-11
4030.000000  2.292668e-11
4050.000000  2.158501e-11
4070.000000  2.010744e-11
4090.000000  2.588550e-11
4110.000000  2.474829e-11
4130.000000  2.150168e-11
4150.000000  1.927044e-11
4170.000000  1.976294e-11
4190.000000  2.049319e-11
4210.000000  2.296570e-11
4230.000000  2.472056e-11
4250.000000  2.631944e-11
4270.000000  2.449335e-11
4290.000000  2.210939e-11
4310.000000  1.870778e-11
4330.000000  2.967366e-11
4350.000000  2.928770e-11
4370.000000  3.173147e-11
4390.000000  2.809801e-11
4410.000000  3.080516e-11
4430.000000  3.381955e-11
4450.000000  3.449696e-11
4470.000000  3.758622e-11
4490.000000  3.888516e-11
4510.000000  4.508830e-11
4530.000000  3.918994e-11
4550.000000  4.077700e-11
4570.000000  4.451698e-11
4590.000000  4.309485e-11
4610.000000  4.483578e-11
4630.000000  4.351815e-11
4650.000000  4.441477e-11
4670.000000  4.625284e-11
4690.000000  4.543768e-11
4710.000000  4.436195e-11
4730.000000  4.636210e-11
4750.000000  4.893926e-11
4770.000000  4.952213e-11
4790.000000  4.927036e-11
4810.000000  4.888112e-11
4830.000000  5.070977e-11
4850.000000  4.801203e-11
4870.000000  4.488451e-11
4890.000000  4.938117e-11
4910.000000  4.911812e-11
4930.000000  4.823655e-11
4950.000000  5.185092e-11
4970.000000  5.046429e-11
4990.000000  4.657731e-11
5010.000000  4.407959e-11
5030.000000  4.688500e-11
5050.000000  4.712619e-11
5070.000000  4.938767e-11
5090.000000  4.563620e-11
5110.000000  4.708305e-11
5130.000000  4.496404e-11
5150.000000  4.358031e-11
5170.000000  4.011280e-11
5190.000000  4.283291e-11
5210.000000  4.611718e-11
5230.000000  4.911593e-11
5250.000000  5.085510e-11
5270.000000  4.507101e-11
5290.000000  5.192390e-11
5310.000000  5.566634e-11
5330.000000  4.863757e-11
5350.000000  5.388446e-11
5370.000000  5.453414e-11
5390.000000  5.219974e-11
5410.000000  5.155099e-11
5430.000000  5.230178e-11
5450.000000  5.577533e-11
5470.000000  5.343441e-11
5490.000000  5.267712e-11
5510.000000  5.255753e-11
5530.000000  5.450518e-11
5550.000000  5.586993e-11
5570.000000  5.466425e-11
5590.000000  5.292917e-11
5610.000000  5.610788e-11
5630.000000  5.495460e-11
5650.000000  5.537006e-11
5670.000000  5.391267e-11
5690.000000  5.590968e-11
5710.000000  5.357305e-11
5730.000000  5.902906e-11
5750.000000  5.640847e-11
5770.000000  5.761496e-11
5790.000000  5.442131e-11
5810.000000  5.758564e-11
5830.000000  5.961773e-11
5850.000000  5.761980e-11
5870.000000  5.794959e-11
5890.000000  5.097915e-11
5910.000000  5.708393e-11
5930.000000  5.727509e-11
5950.000000  5.731601e-11
5970.000000  5.861885e-11
5990.000000  5.733308e-11
6010.000000  5.620729e-11
6030.000000  5.771014e-11
6050.000000  5.881818e-11
6070.000000  5.850929e-11
6090.000000  5.570722e-11
6110.000000  5.605595e-11
6130.000000  5.289023e-11
6150.000000  5.486686e-11
6170.000000  5.265575e-11
6190.000000  5.622607e-11
6210.000000  5.588254e-11
6230.000000  5.391396e-11
6250.000000  5.179124e-11
6270.000000  5.449367e-11
6290.000000  5.550635e-11
6310.000000  5.367229e-11
6330.000000  5.442865e-11
6350.000000  5.440763e-11
6370.000000  5.400577e-11
6390.000000  5.515975e-11
6410.000000  5.409347e-11
6430.000000  5.465250e-11
6450.000000  5.448752e-11
6470.000000  5.438533e-11
6490.000000  5.288012e-11
6510.000000  5.451734e-11
6530.000000  5.478209e-11
6550.000000  5.401162e-11
6570.000000  5.237974e-11
6590.000000  5.432176e-11
6610.000000  5.469346e-11
6630.000000  5.434431e-11
6650.000000  5.426962e-11
6670.000000  5.326570e-11
6690.000000  5.494498e-11
6710.000000  5.285146e-11
6730.000000  5.488957e-11
6750.000000  5.374006e-11
6770.000000  5.412630e-11
6790.000000  5.367235e-11
6810.000000  5.347775e-11
6830.000000  5.419539e-11
6850.000000  5.246293e-11
6870.000000  5.328883e-11
6890.000000  5.387574e-11
6910.000000  5.331149e-11
6930.000000  5.250549e-11
6950.000000  5.157942e-11
6970.000000  5.193506e-11
6990.000000  5.135642e-11
7010.000000  4.985960e-11
7030.000000  5.111448e-11
7050.000000  5.190011e-11
7070.000000  5.086228e-11
7090.000000  5.058156e-11
7110.000000  5.022333e-11
7130.000000  4.912180e-11
7150.000000  4.901920e-11
7170.000000  4.962255e-11
7190.000000  4.785475e-11
7210.000000  4.921486e-11
7230.000000  5.000652e-11
7250.000000  4.989836e-11
7270.000000  4.951758e-11
7290.000000  4.784151e-11
7310.000000  4.882040e-11
7330.000000  4.875095e-11
7350.000000  4.858206e-11
7370.000000  4.954485e-11
7390.000000  4.833256e-11
7410.000000  4.799163e-11
7430.000000  4.858153e-11
7450.000000  4.861798e-11
7470.000000  4.876021e-11
7490.000000  4.826812e-11
7510.000000  4.885695e-11
7530.000000  4.909858e-11
7550.000000  4.936183e-11
7570.000000  4.882221e-11
7590.000000  4.859664e-11
7610.000000  4.862041e-11
7630.000000  4.885986e-11
7650.000000  4.888797e-11
7670.000000  4.718246e-11
7690.000000  4.874935e-11
7710.000000  4.769779e-11
7730.000000  4.775748e-11
7750.000000  4.740559e-11
7770.000000  4.855295e-11
7790.000000  4.836959e-11
7810.000000  4.816476e-11
7830.000000  4.766340e-11
7850.000000  4.730111e-11
7870.000000  4.728658e-11
7890.000000  4.564890e-11
7910.000000  4.423743e-11
7930.000000  4.414407e-11
7950.000000  4.348410e-11
7970.000000  4.517830e-11
7990.000000  4.504998e-11
8010.000000  4.486866e-11
8030.000000  4.496769e-11
8050.000000  4.442965e-11
8070.000000  4.410841e-11
8090.000000  4.276566e-11
8110.000000  4.265212e-11
8130.000000  4.331635e-11
8150.000000  4.323456e-11
8170.000000  4.337308e-11
8190.000000  4.252690e-11
8210.000000  4.246399e-11
8230.000000  4.287377e-11
8250.000000  4.329505e-11
8270.000000  4.369773e-11
8290.000000  4.330710e-11
8310.000000  4.156980e-11
8330.000000  4.179340e-11
8350.000000  4.186032e-11
8370.000000  4.229873e-11
8390.000000  4.091709e-11
8410.000000  4.242781e-11
8430.000000  4.122742e-11
8450.000000  4.215408e-11
8470.000000  4.192320e-11
8490.000000  4.166064e-11
8510.000000  3.943829e-11
8530.000000  4.086514e-11
8550.000000  3.443700e-11
8570.000000  4.209193e-11
8590.000000  4.144267e-11
8610.000000  4.152979e-11
8630.000000  4.188677e-11
8650.000000  4.144808e-11
8670.000000  3.500477e-11
8690.000000  4.009757e-11
8710.000000  4.115752e-11
8730.000000  4.131895e-11
8750.000000  4.086676e-11
8770.000000  4.143103e-11
8790.000000  4.102555e-11
8810.000000  3.993084e-11
8830.000000  4.066974e-11
8850.000000  4.106791e-11
8870.000000  4.022910e-11
8890.000000  4.093363e-11
8910.000000  4.129832e-11
8930.000000  4.017882e-11
8950.000000  4.006616e-11
8970.000000  4.014819e-11
8990.000000  4.030102e-11
9010.000000  3.870673e-11
9030.000000  3.977000e-11
9050.000000  4.059321e-11
9070.000000  4.010860e-11
9090.000000  3.866085e-11
9110.000000  3.849448e-11
9130.000000  3.960412e-11
9150.000000  3.691832e-11
9170.000000  3.593149e-11
9190.000000  3.632068e-11
9210.000000  3.537561e-11
9230.000000  3.596733e-11
9250.000000  3.575575e-11
9270.000000  3.635824e-11
9290.000000  3.586399e-11
9310.000000  3.682848e-11
9330.000000  3.683065e-11
9350.000000  3.638755e-11
9370.000000  3.615739e-11
9390.000000  3.549746e-11
9410.000000  3.460017e-11
9430.000000  3.503324e-11
9450.000000  3.428580e-11
9470.000000  3.532363e-11
9490.000000  3.513965e-11
9510.000000  3.572804e-11
9530.000000  3.534863e-11
9550.000000  3.514103e-11
9570.000000  3.518121e-11
9590.000000  3.563044e-11
9610.000000  3.522223e-11
9630.000000  3.496861e-11
9650.000000  3.435525e-11
9670.000000  3.420408e-11
9690.000000  3.487345e-11
9710.000000  3.460241e-11
9730.000000  3.459616e-11
9750.000000  3.432301e-11
9770.000000  3.446572e-11
9790.000000  3.380022e-11
9810.000000  3.477925e-11
9830.000000  3.458844e-11
9850.000000  3.480277e-11
9870.000000  3.464173e-11
9890.000000  3.479482e-11
9910.000000  3.436390e-11
9930.000000  3.474744e-11
9950.000000  3.448806e-11
9970.000000  3.464307e-11
9990.000000  3.457794e-11
10025.000000  3.426297e-11
10075.000000  3.394992e-11
10125.000000  3.394823e-11
10175.000000  3.340766e-11
10225.000000  3.344893e-11
10275.000000  3.348644e-11
10325.000000  3.284695e-11
10375.000000  3.265419e-11
10425.000000  3.272331e-11
10475.000000  3.235996e-11
10525.000000  3.231533e-11
10575.000000  3.198456e-11
10625.000000  3.177404e-11
10675.000000  3.116628e-11
10725.000000  3.115145e-11
10775.000000  3.082260e-11
10825.000000  3.030449e-11
10875.000000  2.988826e-11
10925.000000  2.931824e-11
10975.000000  2.728347e-11
11025.000000  2.716610e-11
11075.000000  2.759063e-11
11125.000000  2.751631e-11
11175.000000  2.783939e-11
11225.000000  2.773310e-11
11275.000000  2.728772e-11
11325.000000  2.755723e-11
11375.000000  2.692136e-11
11425.000000  2.704104e-11
11475.000000  2.734697e-11
11525.000000  2.727240e-11
11575.000000  2.692861e-11
11625.000000  2.656709e-11
11675.000000  2.661003e-11
11725.000000  2.693646e-11
11775.000000  2.640338e-11
11825.000000  2.622100e-11
11875.000000  2.590107e-11
11925.000000  2.636538e-11
11975.000000  2.530202e-11
12025.000000  2.573736e-11
12075.000000  2.543444e-11
12125.000000  2.546146e-11
12175.000000  2.553227e-11
12225.000000  2.539065e-11
12275.000000  2.520910e-11
12325.000000  2.500487e-11
12375.000000  2.487446e-11
12425.000000  2.464622e-11
12475.000000  2.468253e-11
12525.000000  2.440857e-11
12575.000000  2.433968e-11
12625.000000  2.423824e-11
12675.000000  2.393907e-11
12725.000000  2.395958e-11
12775.000000  2.395028e-11
12825.000000  2.308448e-11
12875.000000  2.344338e-11
12925.000000  2.314325e-11
12975.000000  2.334940e-11
13025.000000  2.304456e-11
13075.000000  2.313226e-11
13125.000000  2.271946e-11
13175.000000  2.260485e-11
13225.000000  2.265599e-11
13275.000000  2.223474e-11
13325.000000  2.238866e-11
13375.000000  2.220686e-11
13425.000000  2.228903e-11
13475.000000  2.213243e-11
13525.000000  2.206162e-11
13575.000000  2.163678e-11
13625.000000  2.155308e-11
13675.000000  2.154851e-11
13725.000000  2.155780e-11
13775.000000  2.141193e-11
13825.000000  2.138091e-11
13875.000000  2.117921e-11
13925.000000  2.113129e-11
13975.000000  2.096601e-11
14025.000000  2.066872e-11
14075.000000  2.030405e-11
14125.000000  1.962577e-11
14175.000000  1.964606e-11
14225.000000  1.941531e-11
14275.000000  1.912035e-11
14325.000000  1.948521e-11
14375.000000  1.961057e-11
14425.000000  1.896619e-11
14475.000000  1.956039e-11
14525.000000  1.898902e-11
14570.000000  1.896849e-11
14620.000000  1.875245e-11
14675.000000  1.860797e-11
14725.000000  1.835000e-11
14775.000000  1.848529e-11
14825.000000  1.843913e-11
14875.000000  1.834266e-11
14925.000000  1.868455e-11
14975.000000  1.848466e-11
15025.000000  1.810882e-11
15075.000000  1.797601e-11
15125.000000  1.807552e-11
15175.000000  1.820249e-11
15225.000000  1.802335e-11
15275.000000  1.807878e-11
15325.000000  1.802449e-11
15375.000000  1.807232e-11
15425.000000  1.796654e-11
15475.000000  1.795243e-11
15525.000000  1.763342e-11
15575.000000  1.740965e-11
15625.000000  1.781375e-11
15675.000000  1.733440e-11
15725.000000  1.743895e-11
15775.000000  1.678473e-11
15825.000000  1.707264e-11
15875.000000  1.638350e-11
15925.000000  1.684517e-11
15975.000000  1.699853e-11
16050.000000  1.681381e-11
16150.000000  1.652422e-11
16250.000000  1.655634e-11
16350.000000  1.640637e-11
16450.000000  1.579923e-11
16550.000000  1.596249e-11
16650.000000  1.555918e-11
16750.000000  1.529545e-11
16850.000000  1.474378e-11
16950.000000  1.497287e-11
17050.000000  1.440257e-11
17150.000000  1.428771e-11
17250.000000  1.387401e-11
17350.000000  1.337886e-11
17450.000000  1.340967e-11
17550.000000  1.316948e-11
17650.000000  1.296869e-11
17750.000000  1.263715e-11
17850.000000  1.250445e-11
17950.000000  1.228688e-11
18050.000000  1.195869e-11
18150.000000  1.167429e-11
18250.000000  1.150656e-11
18350.000000  1.131334e-11
18450.000000  1.101552e-11
18550.000000  1.090663e-11
18650.000000  1.057958e-11
18750.000000  1.025897e-11
18850.000000  1.027986e-11
18950.000000  9.830510e-12
19050.000000  9.980468e-12
19150.000000  9.745856e-12
19250.000000  9.616989e-12
19350.000000  9.316021e-12
19450.000000  9.048326e-12
19550.000000  9.083858e-12
19650.000000  8.859546e-12
19750.000000  8.627644e-12
19850.000000  8.529872e-12
19950.000000  8.374115e-12
20050.000000  8.323256e-12
20150.000000  8.224474e-12
20250.000000  7.961528e-12
20350.000000  7.805902e-12
20450.000000  7.788184e-12
20550.000000  7.592066e-12
20650.000000  7.435864e-12
20750.000000  7.326609e-12
20850.000000  7.202967e-12
20950.000000  7.034752e-12
21050.000000  7.003339e-12
21150.000000  6.871190e-12
21250.000000  6.744796e-12
21350.000000  6.669415e-12
21450.000000  6.549063e-12
21550.000000  6.450571e-12
21650.000000  6.243142e-12
21750.000000  6.177214e-12
21850.000000  6.107322e-12
21950.000000  6.042353e-12
22050.000000  5.873378e-12
22150.000000  5.866487e-12
22250.000000  5.714933e-12
22350.000000  5.630394e-12
22450.000000  5.549693e-12
22550.000000  5.462247e-12
22650.000000  5.350415e-12
22750.000000  5.323212e-12
22850.000000  5.189208e-12
22950.000000  4.602647e-12
23050.000000  4.822627e-12
23150.000000  4.779297e-12
23250.000000  4.253064e-12
23350.000000  4.470041e-12
23450.000000  4.485010e-12
23550.000000  3.960030e-12
23650.000000  4.220737e-12
23750.000000  4.186986e-12
23850.000000  3.755842e-12
23950.000000  3.962530e-12
24050.000000  3.986028e-12
24150.000000  3.635106e-12
24250.000000  3.762913e-12
24350.000000  3.790137e-12
24450.000000  3.560134e-12
24550.000000  3.527773e-12
24650.000000  3.649909e-12
24750.000000  3.503575e-12
24850.000000  3.346275e-12
24950.000000  3.447083e-12
