2505.000000  3.974744e-11
2513.000000  3.597950e-11
2518.000000  3.644684e-11
2525.000000  3.412995e-11
2535.000000  3.343519e-11
2545.000000  3.341852e-11
2555.000000  3.571268e-11
2565.000000  3.572196e-11
2575.000000  3.806142e-11
2585.000000  3.820525e-11
2595.000000  3.765982e-11
2605.000000  3.610185e-11
2615.000000  3.565169e-11
2625.000000  3.777387e-11
2635.000000  3.792423e-11
2645.000000  4.172030e-11
2655.000000  4.127717e-11
2665.000000  3.830675e-11
2675.000000  3.966453e-11
2685.000000  3.977768e-11
2695.000000  3.790986e-11
2705.000000  3.859156e-11
2715.000000  3.681573e-11
2725.000000  3.706224e-11
2735.000000  3.955432e-11
2745.000000  3.422685e-11
2755.000000  3.484066e-11
2765.000000  3.606819e-11
2775.000000  3.826170e-11
2785.000000  3.742140e-11
2795.000000  2.911404e-11
2805.000000  3.240945e-11
2815.000000  3.915702e-11
2825.000000  3.933312e-11
2835.000000  3.802950e-11
2845.000000  3.680380e-11
2855.000000  3.565210e-11
2865.000000  3.769713e-11
2875.000000  3.682017e-11
2885.000000  3.761832e-11
2895.000000  3.645251e-11
2910.000000  3.950743e-11
2930.000000  3.809150e-11
2950.000000  3.791972e-11
2970.000000  3.827856e-11
2990.000000  3.838180e-11
3010.000000  3.877140e-11
3030.000000  3.846977e-11
3050.000000  3.818746e-11
3070.000000  3.783050e-11
3090.000000  3.814741e-11
3110.000000  3.744237e-11
3130.000000  3.725521e-11
3150.000000  3.761863e-11
3170.000000  3.738686e-11
3190.000000  3.614640e-11
3210.000000  3.669516e-11
3230.000000  3.597023e-11
3250.000000  3.633746e-11
3270.000000  3.646409e-11
3290.000000  3.665266e-11
3310.000000  3.668413e-11
3330.000000  3.601423e-11
3350.000000  3.546770e-11
3370.000000  3.546564e-11
3390.000000  3.520360e-11
3410.000000  3.560326e-11
3430.000000  3.549253e-11
3450.000000  3.524066e-11
3470.000000  3.487409e-11
3490.000000  3.474670e-11
3510.000000  3.494744e-11
3530.000000  3.490647e-11
3550.000000  3.486059e-11
3570.000000  3.427262e-11
3590.000000  3.410684e-11
3610.000000  3.398460e-11
3630.000000  3.390589e-11
3640.000000  3.373142e-11
3650.000000  3.411645e-11
3670.000000  3.398279e-11
3690.000000  3.266770e-11
3710.000000  3.372450e-11
3730.000000  3.479837e-11
3750.000000  4.414766e-11
3770.000000  4.718245e-11
3790.000000  5.888593e-11
3810.000000  6.997133e-11
3830.000000  5.475744e-11
3850.000000  7.828657e-11
3870.000000  9.001640e-11
3890.000000  4.751056e-11
3910.000000  8.988024e-11
3930.000000  9.414159e-11
3950.000000  8.981792e-11
3970.000000  4.542599e-11
3990.000000  8.530308e-11
4010.000000  9.788998e-11
4030.000000  9.819304e-11
4050.000000  9.663544e-11
4070.000000  9.102408e-11
4090.000000  6.738056e-11
4110.000000  5.044665e-11
4130.000000  8.536097e-11
4150.000000  9.059265e-11
4170.000000  9.024727e-11
4190.000000  8.937874e-11
4210.000000  8.839061e-11
4230.000000  8.653315e-11
4250.000000  8.565068e-11
4270.000000  8.373282e-11
4290.000000  8.246401e-11
4310.000000  7.641676e-11
4330.000000  5.497357e-11
4350.000000  4.640581e-11
4370.000000  7.384733e-11
4390.000000  7.670895e-11
4410.000000  7.666851e-11
4430.000000  7.634910e-11
4450.000000  7.603767e-11
4470.000000  7.512832e-11
4490.000000  7.364347e-11
4510.000000  7.339699e-11
4530.000000  7.221787e-11
4550.000000  7.072981e-11
4570.000000  7.083945e-11
4590.000000  6.958368e-11
4610.000000  6.958509e-11
4630.000000  6.804503e-11
4650.000000  6.786650e-11
4670.000000  6.701605e-11
4690.000000  6.559084e-11
4710.000000  6.361393e-11
4730.000000  6.446518e-11
4750.000000  6.371081e-11
4770.000000  6.276570e-11
4790.000000  6.173801e-11
4810.000000  6.015596e-11
4830.000000  5.659915e-11
4850.000000  4.256049e-11
4870.000000  3.419753e-11
4890.000000  5.292461e-11
4910.000000  5.636329e-11
4930.000000  5.615092e-11
4950.000000  5.628741e-11
4970.000000  5.598784e-11
4990.000000  5.522905e-11
5010.000000  5.410828e-11
5030.000000  5.404807e-11
5050.000000  5.323211e-11
5070.000000  5.298330e-11
5090.000000  5.238245e-11
5110.000000  5.180991e-11
5130.000000  5.116228e-11
5150.000000  5.049750e-11
5170.000000  4.929548e-11
5190.000000  4.887838e-11
5210.000000  4.881607e-11
5230.000000  4.794635e-11
5250.000000  4.790495e-11
5270.000000  4.679686e-11
5290.000000  4.682328e-11
5310.000000  4.605828e-11
5330.000000  4.551364e-11
5350.000000  4.536320e-11
5370.000000  4.474901e-11
5390.000000  4.431428e-11
5410.000000  4.370139e-11
5430.000000  4.334133e-11
5450.000000  4.295905e-11
5470.000000  4.250723e-11
5490.000000  4.209757e-11
5510.000000  4.165671e-11
5530.000000  4.113620e-11
5550.000000  4.081110e-11
5570.000000  4.034471e-11
5590.000000  3.991175e-11
5610.000000  3.953513e-11
5630.000000  3.915821e-11
5650.000000  3.873635e-11
5670.000000  3.831780e-11
5690.000000  3.795284e-11
5710.000000  3.756870e-11
5730.000000  3.721240e-11
5750.000000  3.680925e-11
5770.000000  3.644720e-11
5790.000000  3.606812e-11
5810.000000  3.570936e-11
5830.000000  3.536111e-11
5850.000000  3.500266e-11
5870.000000  3.463162e-11
5890.000000  3.405868e-11
5910.000000  3.396424e-11
5930.000000  3.363054e-11
5950.000000  3.327653e-11
5970.000000  3.295986e-11
5990.000000  3.260846e-11
6010.000000  3.228443e-11
6030.000000  3.199727e-11
6050.000000  3.168029e-11
6070.000000  3.138738e-11
6090.000000  3.107875e-11
6110.000000  3.077013e-11
6130.000000  3.045068e-11
6150.000000  3.002009e-11
6170.000000  2.985306e-11
6190.000000  2.961750e-11
6210.000000  2.933654e-11
6230.000000  2.903887e-11
6250.000000  2.866500e-11
6270.000000  2.851254e-11
6290.000000  2.824063e-11
6310.000000  2.794803e-11
6330.000000  2.770050e-11
6350.000000  2.730502e-11
6370.000000  2.709927e-11
6390.000000  2.692694e-11
6410.000000  2.663686e-11
6430.000000  2.638169e-11
6450.000000  2.600875e-11
6470.000000  2.581850e-11
6490.000000  2.544488e-11
6510.000000  2.500682e-11
6530.000000  2.404705e-11
6550.000000  2.053848e-11
6570.000000  1.649802e-11
6590.000000  2.253425e-11
6610.000000  2.370375e-11
6630.000000  2.384933e-11
6650.000000  2.376031e-11
6670.000000  2.359364e-11
6690.000000  2.342201e-11
6710.000000  2.325403e-11
6730.000000  2.304627e-11
6750.000000  2.284153e-11
6770.000000  2.265478e-11
6790.000000  2.245441e-11
6810.000000  2.225701e-11
6830.000000  2.205355e-11
6850.000000  2.186451e-11
6870.000000  2.167548e-11
6890.000000  2.148606e-11
6910.000000  2.129931e-11
6930.000000  2.111027e-11
6950.000000  2.092453e-11
6970.000000  2.074385e-11
6990.000000  2.056577e-11
7010.000000  2.036768e-11
7030.000000  2.020700e-11
7050.000000  2.003499e-11
7070.000000  1.987002e-11
7090.000000  1.970130e-11
7110.000000  1.942686e-11
7130.000000  1.934514e-11
7150.000000  1.918883e-11
7170.000000  1.902816e-11
7190.000000  1.886679e-11
7210.000000  1.871118e-11
7230.000000  1.854981e-11
7250.000000  1.838813e-11
7270.000000  1.824854e-11
7290.000000  1.808748e-11
7310.000000  1.793485e-11
7330.000000  1.778790e-11
7350.000000  1.765060e-11
7370.000000  1.750366e-11
7390.000000  1.735394e-11
7410.000000  1.720092e-11
7430.000000  1.704531e-11
7450.000000  1.691668e-11
7470.000000  1.674795e-11
7490.000000  1.662837e-11
7510.000000  1.650847e-11
7530.000000  1.638053e-11
7550.000000  1.625765e-11
7570.000000  1.612235e-11
7590.000000  1.599409e-11
7610.000000  1.586615e-11
7630.000000  1.573752e-11
7650.000000  1.560222e-11
7670.000000  1.547428e-11
7690.000000  1.535469e-11
7710.000000  1.522675e-11
7730.000000  1.511551e-11
7750.000000  1.499593e-11
7770.000000  1.464743e-11
7790.000000  1.475935e-11
7810.000000  1.464552e-11
7830.000000  1.452018e-11
7850.000000  1.439324e-11
7870.000000  1.426200e-11
7890.000000  1.413406e-11
7910.000000  1.405955e-11
7930.000000  1.395598e-11
7950.000000  1.382804e-11
7970.000000  1.375092e-11
7990.000000  1.358019e-11
8010.000000  1.353612e-11
8030.000000  1.342818e-11
8050.000000  1.332791e-11
8070.000000  1.322275e-11
8090.000000  1.312216e-11
8110.000000  1.302764e-11
8130.000000  1.292508e-11
8150.000000  1.283025e-11
8170.000000  1.272997e-11
8190.000000  1.258892e-11
8210.000000  1.253074e-11
8230.000000  1.243622e-11
8250.000000  1.235037e-11
8270.000000  1.231403e-11
8290.000000  1.222281e-11
8310.000000  1.214431e-11
8330.000000  1.200326e-11
8350.000000  1.196523e-11
8370.000000  1.187200e-11
8390.000000  1.176483e-11
8410.000000  1.165964e-11
8430.000000  1.156237e-11
8450.000000  1.138460e-11
8470.000000  1.120798e-11
8490.000000  1.136758e-11
8510.000000  1.081671e-11
8530.000000  1.131075e-11
8550.000000  1.022128e-11
8570.000000  1.136446e-11
8590.000000  1.053209e-11
8610.000000  1.026413e-11
8630.000000  1.141612e-11
8650.000000  1.088334e-11
8670.000000  9.039574e-12
8690.000000  1.110162e-11
8710.000000  1.154288e-11
8730.000000  1.099540e-11
8750.000000  8.609993e-12
8770.000000  1.039952e-11
8790.000000  1.143830e-11
8810.000000  1.154781e-11
8830.000000  1.118433e-11
8850.000000  9.797832e-12
8870.000000  8.267328e-12
8890.000000  1.053805e-11
8910.000000  1.114441e-11
8930.000000  1.125536e-11
8950.000000  1.124947e-11
8970.000000  1.098908e-11
8990.000000  1.029756e-11
9010.000000  8.089500e-12
9030.000000  8.861882e-12
9050.000000  1.032060e-11
9070.000000  1.056513e-11
9090.000000  1.055076e-11
9110.000000  1.067087e-11
9130.000000  1.065822e-11
9150.000000  1.056539e-11
9170.000000  1.038588e-11
9190.000000  1.003936e-11
9210.000000  9.142378e-12
9230.000000  7.088030e-12
9250.000000  8.765902e-12
9270.000000  9.559321e-12
9290.000000  9.939953e-12
9310.000000  9.982478e-12
9330.000000  9.952114e-12
9350.000000  9.902953e-12
9370.000000  9.846923e-12
9390.000000  9.746649e-12
9410.000000  9.575464e-12
9430.000000  9.605597e-12
9450.000000  9.528793e-12
9470.000000  9.419566e-12
9490.000000  9.249098e-12
9510.000000  8.907645e-12
9530.000000  7.996945e-12
9550.000000  6.413692e-12
9570.000000  8.077659e-12
9590.000000  8.726559e-12
9610.000000  8.862886e-12
9630.000000  8.839251e-12
9650.000000  8.887384e-12
9670.000000  8.794152e-12
9690.000000  8.786486e-12
9710.000000  8.749770e-12
9730.000000  8.698320e-12
9750.000000  8.636535e-12
9770.000000  8.586086e-12
9790.000000  8.525304e-12
9810.000000  8.468249e-12
9830.000000  8.404277e-12
9850.000000  8.336934e-12
9870.000000  8.273458e-12
9890.000000  8.180747e-12
9910.000000  8.149049e-12
9930.000000  8.078672e-12
9950.000000  8.013227e-12
9970.000000  7.928589e-12
9990.000000  7.796875e-12
10025.000000  6.955912e-12
10075.000000  6.596417e-12
10125.000000  7.460498e-12
10175.000000  7.447675e-12
10225.000000  7.353019e-12
10275.000000  7.239950e-12
10325.000000  7.118567e-12
10375.000000  7.003578e-12
10425.000000  6.889785e-12
10475.000000  6.754865e-12
10525.000000  6.658212e-12
10575.000000  6.555788e-12
10625.000000  6.452214e-12
10675.000000  6.283095e-12
10725.000000  6.219530e-12
10775.000000  6.128450e-12
10825.000000  6.007998e-12
10875.000000  5.810095e-12
10925.000000  4.836725e-12
10975.000000  5.290374e-12
11025.000000  5.611893e-12
11075.000000  5.579891e-12
11125.000000  5.508256e-12
11175.000000  5.431295e-12
11225.000000  5.350251e-12
11275.000000  5.230469e-12
11325.000000  5.152254e-12
11375.000000  5.104603e-12
11425.000000  5.023673e-12
11475.000000  4.958912e-12
11525.000000  4.886553e-12
11575.000000  4.812845e-12
11625.000000  4.725077e-12
11675.000000  4.637885e-12
11725.000000  4.604063e-12
11775.000000  4.493490e-12
11825.000000  4.451012e-12
11875.000000  4.380761e-12
11925.000000  4.342494e-12
11975.000000  4.263640e-12
12025.000000  4.214349e-12
12075.000000  4.149587e-12
12125.000000  4.092491e-12
12175.000000  4.038478e-12
12225.000000  3.980109e-12
12275.000000  3.921096e-12
12325.000000  3.866868e-12
12375.000000  3.814755e-12
12425.000000  3.763837e-12
12475.000000  3.707071e-12
12525.000000  3.657419e-12
12575.000000  3.597893e-12
12625.000000  3.546501e-12
12675.000000  3.496024e-12
12725.000000  3.425219e-12
12775.000000  3.252404e-12
12825.000000  2.775019e-12
12875.000000  3.200522e-12
12925.000000  3.248770e-12
12975.000000  3.223086e-12
13025.000000  3.188071e-12
13075.000000  3.148254e-12
13125.000000  3.105953e-12
13175.000000  3.060639e-12
13225.000000  3.024694e-12
13275.000000  2.984900e-12
13325.000000  2.945206e-12
13375.000000  2.907083e-12
13425.000000  2.868960e-12
13475.000000  2.831167e-12
13525.000000  2.791733e-12
13575.000000  2.756654e-12
13625.000000  2.722678e-12
13675.000000  2.686556e-12
13725.000000  2.645007e-12
13775.000000  2.618122e-12
13825.000000  2.585044e-12
13875.000000  2.553606e-12
13925.000000  2.519155e-12
13975.000000  2.488813e-12
14025.000000  2.457475e-12
14075.000000  2.427033e-12
14125.000000  2.396462e-12
14175.000000  2.366726e-12
14225.000000  2.336751e-12
14275.000000  2.307782e-12
14325.000000  2.279915e-12
14375.000000  2.251920e-12
14425.000000  2.208384e-12
14475.000000  2.196350e-12
14525.000000  2.162450e-12
14570.000000  2.145692e-12
14620.000000  2.119084e-12
14675.000000  2.094331e-12
14725.000000  2.069232e-12
14775.000000  2.041497e-12
14825.000000  2.020117e-12
14875.000000  1.992871e-12
14925.000000  1.975816e-12
14975.000000  1.951552e-12
15025.000000  1.925210e-12
15075.000000  1.904466e-12
15125.000000  1.883822e-12
15175.000000  1.860969e-12
15225.000000  1.840019e-12
15275.000000  1.814290e-12
15325.000000  1.791468e-12
15375.000000  1.775028e-12
15425.000000  1.739804e-12
15475.000000  1.733157e-12
15525.000000  1.712009e-12
15575.000000  1.663723e-12
15625.000000  1.691085e-12
15675.000000  1.636052e-12
15725.000000  1.592348e-12
15775.000000  1.640222e-12
15825.000000  1.618107e-12
15875.000000  1.485345e-12
15925.000000  1.557829e-12
15975.000000  1.583985e-12
16050.000000  1.528286e-12
16150.000000  1.435653e-12
16250.000000  1.507670e-12
16350.000000  1.424321e-12
16450.000000  1.332994e-12
16550.000000  1.418052e-12
16650.000000  1.390116e-12
16750.000000  1.300386e-12
16850.000000  1.214831e-12
16950.000000  1.299994e-12
17050.000000  1.278415e-12
17150.000000  1.251415e-12
17250.000000  1.210971e-12
17350.000000  1.064894e-12
17450.000000  1.143267e-12
17550.000000  1.145777e-12
17650.000000  1.125768e-12
17750.000000  1.103782e-12
17850.000000  1.080960e-12
17950.000000  1.057503e-12
18050.000000  1.026051e-12
18150.000000  9.122540e-13
18250.000000  9.578430e-13
18350.000000  9.710842e-13
18450.000000  9.546494e-13
18550.000000  9.337591e-13
18650.000000  9.057179e-13
18750.000000  8.023664e-13
18850.000000  8.663532e-13
18950.000000  8.615454e-13
19050.000000  8.487796e-13
19150.000000  8.323563e-13
19250.000000  8.140603e-13
19350.000000  7.871670e-13
19450.000000  6.993171e-13
19550.000000  7.573938e-13
19650.000000  7.542700e-13
19750.000000  7.419290e-13
19850.000000  7.285305e-13
19950.000000  7.149900e-13
20050.000000  7.017837e-13
20150.000000  6.888819e-13
20250.000000  6.761701e-13
20350.000000  6.637926e-13
20450.000000  6.518398e-13
20550.000000  6.400472e-13
20650.000000  6.283412e-13
20750.000000  6.171436e-13
20850.000000  6.061797e-13
20950.000000  5.953621e-13
21050.000000  5.847493e-13
21150.000000  5.740115e-13
21250.000000  5.638426e-13
21350.000000  5.541161e-13
21450.000000  5.432378e-13
21550.000000  5.277314e-13
21650.000000  4.725528e-13
21750.000000  5.052407e-13
21850.000000  5.063659e-13
21950.000000  4.997243e-13
22050.000000  4.912294e-13
22150.000000  4.827180e-13
22250.000000  4.750327e-13
22350.000000  4.670593e-13
22450.000000  4.592967e-13
22550.000000  4.514904e-13
22650.000000  4.442261e-13
22750.000000  4.368914e-13
22850.000000  4.299138e-13
22950.000000  4.228756e-13
23050.000000  4.161993e-13
23150.000000  4.095022e-13
23250.000000  4.029930e-13
23350.000000  3.966004e-13
23450.000000  3.903648e-13
23550.000000  3.841899e-13
23650.000000  3.781544e-13
23750.000000  3.721796e-13
23850.000000  3.663618e-13
23950.000000  3.606307e-13
24050.000000  3.549770e-13
24150.000000  3.493524e-13
24250.000000  3.440560e-13
24350.000000  3.386360e-13
24450.000000  3.331754e-13
24550.000000  3.284036e-13
24650.000000  3.228869e-13
24750.000000  3.180244e-13
24850.000000  3.139940e-13
24950.000000  3.064686e-13
