2505.000000  9.718337e-12
2513.000000  9.055778e-12
2518.000000  9.098058e-12
2525.000000  8.591846e-12
2535.000000  8.470433e-12
2545.000000  8.515349e-12
2555.000000  9.002539e-12
2565.000000  8.990930e-12
2575.000000  9.446374e-12
2585.000000  9.468169e-12
2595.000000  9.400682e-12
2605.000000  9.058356e-12
2615.000000  8.989282e-12
2625.000000  9.321479e-12
2635.000000  9.373099e-12
2645.000000  1.010803e-11
2655.000000  1.001278e-11
2665.000000  9.498801e-12
2675.000000  9.730802e-12
2685.000000  9.802905e-12
2695.000000  9.420358e-12
2705.000000  9.517585e-12
2715.000000  9.181668e-12
2725.000000  9.216858e-12
2735.000000  9.686949e-12
2745.000000  8.656116e-12
2755.000000  8.767692e-12
2765.000000  9.068712e-12
2775.000000  9.475012e-12
2785.000000  9.349702e-12
2795.000000  7.814571e-12
2805.000000  8.475411e-12
2815.000000  9.657753e-12
2825.000000  9.623311e-12
2835.000000  9.370230e-12
2845.000000  9.150441e-12
2855.000000  8.922400e-12
2865.000000  9.259669e-12
2875.000000  9.109608e-12
2885.000000  9.296796e-12
2895.000000  9.131295e-12
2910.000000  9.658441e-12
2930.000000  9.369385e-12
2950.000000  9.332872e-12
2970.000000  9.384601e-12
2990.000000  9.402761e-12
3010.000000  9.488219e-12
3030.000000  9.448091e-12
3050.000000  9.384835e-12
3070.000000  9.294483e-12
3090.000000  9.362205e-12
3110.000000  9.240276e-12
3130.000000  9.184393e-12
3150.000000  9.243550e-12
3170.000000  9.198569e-12
3190.000000  8.960152e-12
3210.000000  9.067956e-12
3230.000000  8.930136e-12
3250.000000  8.994134e-12
3270.000000  9.027798e-12
3290.000000  9.058338e-12
3310.000000  9.059155e-12
3330.000000  8.924003e-12
3350.000000  8.801552e-12
3370.000000  8.817760e-12
3390.000000  8.753402e-12
3410.000000  8.840596e-12
3430.000000  8.811896e-12
3450.000000  8.770055e-12
3470.000000  8.697784e-12
3490.000000  8.673605e-12
3510.000000  8.700478e-12
3530.000000  8.693922e-12
3550.000000  8.673656e-12
3570.000000  8.567626e-12
3590.000000  8.536171e-12
3610.000000  8.508563e-12
3630.000000  8.483302e-12
3640.000000  8.454920e-12
3650.000000  8.526049e-12
3670.000000  8.473381e-12
3690.000000  8.143545e-12
3710.000000  8.839566e-12
3730.000000  9.563801e-12
3750.000000  1.276198e-11
3770.000000  1.375807e-11
3790.000000  1.724217e-11
3810.000000  2.045699e-11
3830.000000  1.595761e-11
3850.000000  2.274140e-11
3870.000000  2.586293e-11
3890.000000  1.372880e-11
3910.000000  2.564086e-11
3930.000000  2.674517e-11
3950.000000  2.551987e-11
3970.000000  1.312068e-11
3990.000000  2.422770e-11
4010.000000  2.693813e-11
4030.000000  2.688662e-11
4050.000000  2.649243e-11
4070.000000  2.524679e-11
4090.000000  1.931705e-11
4110.000000  1.447075e-11
4130.000000  2.388561e-11
4150.000000  2.482051e-11
4170.000000  2.464862e-11
4190.000000  2.439601e-11
4210.000000  2.408755e-11
4230.000000  2.363559e-11
4250.000000  2.337990e-11
4270.000000  2.298232e-11
4290.000000  2.261153e-11
4310.000000  2.134313e-11
4330.000000  1.575210e-11
4350.000000  1.326707e-11
4370.000000  2.057620e-11
4390.000000  2.106119e-11
4410.000000  2.100784e-11
4430.000000  2.091398e-11
4450.000000  2.072554e-11
4470.000000  2.047833e-11
4490.000000  2.008001e-11
4510.000000  1.995497e-11
4530.000000  1.967991e-11
4550.000000  1.930820e-11
4570.000000  1.926328e-11
4590.000000  1.896619e-11
4610.000000  1.889448e-11
4630.000000  1.854708e-11
4650.000000  1.843665e-11
4670.000000  1.821003e-11
4690.000000  1.792279e-11
4710.000000  1.749319e-11
4730.000000  1.755544e-11
4750.000000  1.733250e-11
4770.000000  1.709705e-11
4790.000000  1.684250e-11
4810.000000  1.649057e-11
4830.000000  1.572520e-11
4850.000000  1.211652e-11
4870.000000  9.707707e-12
4890.000000  1.481240e-11
4910.000000  1.549266e-11
4930.000000  1.539000e-11
4950.000000  1.537189e-11
4970.000000  1.524955e-11
4990.000000  1.507695e-11
5010.000000  1.481983e-11
5030.000000  1.474824e-11
5050.000000  1.455361e-11
5070.000000  1.443701e-11
5090.000000  1.427447e-11
5110.000000  1.411692e-11
5130.000000  1.395162e-11
5150.000000  1.378903e-11
5170.000000  1.348783e-11
5190.000000  1.337932e-11
5210.000000  1.333464e-11
5230.000000  1.313185e-11
5250.000000  1.306663e-11
5270.000000  1.284114e-11
5290.000000  1.278078e-11
5310.000000  1.260028e-11
5330.000000  1.247121e-11
5350.000000  1.238086e-11
5370.000000  1.222913e-11
5390.000000  1.210853e-11
5410.000000  1.196289e-11
5430.000000  1.184738e-11
5450.000000  1.173545e-11
5470.000000  1.161238e-11
5490.000000  1.149550e-11
5510.000000  1.137599e-11
5530.000000  1.124402e-11
5550.000000  1.114465e-11
5570.000000  1.102497e-11
5590.000000  1.090928e-11
5610.000000  1.080215e-11
5630.000000  1.069508e-11
5650.000000  1.058177e-11
5670.000000  1.047335e-11
5690.000000  1.036995e-11
5710.000000  1.026539e-11
5730.000000  1.016436e-11
5750.000000  1.005957e-11
5770.000000  9.961021e-12
5790.000000  9.860089e-12
5810.000000  9.762673e-12
5830.000000  9.665600e-12
5850.000000  9.569288e-12
5870.000000  9.469685e-12
5890.000000  9.337416e-12
5910.000000  9.288669e-12
5930.000000  9.198734e-12
5950.000000  9.106226e-12
5970.000000  9.018768e-12
5990.000000  8.927685e-12
6010.000000  8.841374e-12
6030.000000  8.757763e-12
6050.000000  8.674065e-12
6070.000000  8.592608e-12
6090.000000  8.510101e-12
6110.000000  8.427540e-12
6130.000000  8.343747e-12
6150.000000  8.247616e-12
6170.000000  8.184735e-12
6190.000000  8.112313e-12
6210.000000  8.035905e-12
6230.000000  7.958295e-12
6250.000000  7.871832e-12
6270.000000  7.813034e-12
6290.000000  7.739047e-12
6310.000000  7.665018e-12
6330.000000  7.594933e-12
6350.000000  7.504858e-12
6370.000000  7.444623e-12
6390.000000  7.386639e-12
6410.000000  7.314078e-12
6430.000000  7.249953e-12
6450.000000  7.158789e-12
6470.000000  7.094984e-12
6490.000000  7.006337e-12
6510.000000  6.900846e-12
6530.000000  6.681807e-12
6550.000000  5.785792e-12
6570.000000  4.627115e-12
6590.000000  6.302469e-12
6610.000000  6.556104e-12
6630.000000  6.569141e-12
6650.000000  6.536758e-12
6670.000000  6.488999e-12
6690.000000  6.445438e-12
6710.000000  6.391161e-12
6730.000000  6.333359e-12
6750.000000  6.277851e-12
6770.000000  6.225000e-12
6790.000000  6.169438e-12
6810.000000  6.116308e-12
6830.000000  6.062129e-12
6850.000000  6.010425e-12
6870.000000  5.958668e-12
6890.000000  5.907007e-12
6910.000000  5.856354e-12
6930.000000  5.804693e-12
6950.000000  5.755465e-12
6970.000000  5.704909e-12
6990.000000  5.658060e-12
7010.000000  5.607450e-12
7030.000000  5.560741e-12
7050.000000  5.513989e-12
7070.000000  5.468233e-12
7090.000000  5.421579e-12
7110.000000  5.363305e-12
7130.000000  5.327785e-12
7150.000000  5.283509e-12
7170.000000  5.240326e-12
7190.000000  5.197100e-12
7210.000000  5.152868e-12
7230.000000  5.109685e-12
7250.000000  5.067830e-12
7270.000000  5.027080e-12
7290.000000  4.983995e-12
7310.000000  4.943190e-12
7330.000000  4.902538e-12
7350.000000  4.863202e-12
7370.000000  4.823878e-12
7390.000000  4.784221e-12
7410.000000  4.743568e-12
7430.000000  4.704233e-12
7450.000000  4.666002e-12
7470.000000  4.625295e-12
7490.000000  4.589539e-12
7510.000000  4.553839e-12
7530.000000  4.519412e-12
7550.000000  4.483657e-12
7570.000000  4.446573e-12
7590.000000  4.412146e-12
7610.000000  4.376391e-12
7630.000000  4.340636e-12
7650.000000  4.307356e-12
7670.000000  4.271601e-12
7690.000000  4.238321e-12
7710.000000  4.205042e-12
7730.000000  4.171806e-12
7750.000000  4.139631e-12
7770.000000  4.060595e-12
7790.000000  4.074443e-12
7810.000000  4.043597e-12
7830.000000  4.011411e-12
7850.000000  3.978185e-12
7870.000000  3.944852e-12
7890.000000  3.911572e-12
7910.000000  3.886868e-12
7930.000000  3.857436e-12
7950.000000  3.825261e-12
7970.000000  3.799409e-12
7990.000000  3.762550e-12
8010.000000  3.741650e-12
8030.000000  3.711993e-12
8050.000000  3.683666e-12
8070.000000  3.656388e-12
8090.000000  3.628103e-12
8110.000000  3.602154e-12
8130.000000  3.573924e-12
8150.000000  3.548018e-12
8170.000000  3.520838e-12
8190.000000  3.487601e-12
8210.000000  3.472855e-12
8230.000000  3.449424e-12
8250.000000  3.423616e-12
8270.000000  3.407667e-12
8290.000000  3.382963e-12
8310.000000  3.360583e-12
8330.000000  3.327249e-12
8350.000000  3.308782e-12
8370.000000  3.280065e-12
8390.000000  3.247836e-12
8410.000000  3.213269e-12
8430.000000  3.193948e-12
8450.000000  3.157283e-12
8470.000000  3.069567e-12
8490.000000  3.166354e-12
8510.000000  2.962400e-12
8530.000000  3.169791e-12
8550.000000  2.797528e-12
8570.000000  3.202466e-12
8590.000000  2.937734e-12
8610.000000  2.849607e-12
8630.000000  3.241283e-12
8650.000000  3.092509e-12
8670.000000  2.517448e-12
8690.000000  3.174162e-12
8710.000000  3.293443e-12
8730.000000  3.146170e-12
8750.000000  2.425721e-12
8770.000000  2.974626e-12
8790.000000  3.264016e-12
8810.000000  3.289295e-12
8830.000000  3.199976e-12
8850.000000  2.816610e-12
8870.000000  2.347968e-12
8890.000000  3.020722e-12
8910.000000  3.168168e-12
8930.000000  3.186103e-12
8950.000000  3.177583e-12
8970.000000  3.117598e-12
8990.000000  2.948877e-12
9010.000000  2.310116e-12
9030.000000  2.544937e-12
9050.000000  2.948207e-12
9070.000000  3.001133e-12
9090.000000  2.988321e-12
9110.000000  3.008126e-12
9130.000000  2.999563e-12
9150.000000  2.974804e-12
9170.000000  2.934432e-12
9190.000000  2.856025e-12
9210.000000  2.629403e-12
9230.000000  2.025014e-12
9250.000000  2.525278e-12
9270.000000  2.735190e-12
9290.000000  2.808687e-12
9310.000000  2.810731e-12
9330.000000  2.798212e-12
9350.000000  2.782349e-12
9370.000000  2.763936e-12
9390.000000  2.741599e-12
9410.000000  2.701985e-12
9430.000000  2.703314e-12
9450.000000  2.679992e-12
9470.000000  2.652855e-12
9490.000000  2.614916e-12
9510.000000  2.535459e-12
9530.000000  2.300006e-12
9550.000000  1.832952e-12
9570.000000  2.320664e-12
9590.000000  2.480584e-12
9610.000000  2.508336e-12
9630.000000  2.498971e-12
9650.000000  2.500782e-12
9670.000000  2.475780e-12
9690.000000  2.473275e-12
9710.000000  2.460513e-12
9730.000000  2.443458e-12
9750.000000  2.426133e-12
9770.000000  2.410302e-12
9790.000000  2.393867e-12
9810.000000  2.377227e-12
9830.000000  2.360687e-12
9850.000000  2.343151e-12
9870.000000  2.327502e-12
9890.000000  2.306500e-12
9910.000000  2.293220e-12
9930.000000  2.274147e-12
9950.000000  2.256333e-12
9970.000000  2.234950e-12
9990.000000  2.204658e-12
10025.000000  1.989812e-12
10075.000000  1.888165e-12
10125.000000  2.111128e-12
10175.000000  2.096390e-12
10225.000000  2.067778e-12
10275.000000  2.034345e-12
10325.000000  2.000784e-12
10375.000000  1.968694e-12
10425.000000  1.936870e-12
10475.000000  1.902643e-12
10525.000000  1.874061e-12
10575.000000  1.844681e-12
10625.000000  1.815333e-12
10675.000000  1.773301e-12
10725.000000  1.752709e-12
10775.000000  1.728587e-12
10825.000000  1.695736e-12
10875.000000  1.648234e-12
10925.000000  1.386886e-12
10975.000000  1.513962e-12
11025.000000  1.586613e-12
11075.000000  1.573051e-12
11125.000000  1.552605e-12
11175.000000  1.529409e-12
11225.000000  1.506327e-12
11275.000000  1.478412e-12
11325.000000  1.455568e-12
11375.000000  1.438690e-12
11425.000000  1.416718e-12
11475.000000  1.396868e-12
11525.000000  1.376372e-12
11575.000000  1.355885e-12
11625.000000  1.333783e-12
11675.000000  1.311053e-12
11725.000000  1.297266e-12
11775.000000  1.270560e-12
11825.000000  1.256629e-12
11875.000000  1.238233e-12
11925.000000  1.223826e-12
11975.000000  1.203681e-12
12025.000000  1.188646e-12
12075.000000  1.171239e-12
12125.000000  1.154813e-12
12175.000000  1.139026e-12
12225.000000  1.122985e-12
12275.000000  1.106816e-12
12325.000000  1.091391e-12
12375.000000  1.076445e-12
12425.000000  1.061757e-12
12475.000000  1.046574e-12
12525.000000  1.032386e-12
12575.000000  1.016941e-12
12625.000000  1.003243e-12
12675.000000  9.881326e-13
12725.000000  9.701267e-13
12775.000000  9.285713e-13
12825.000000  7.966235e-13
12875.000000  9.124442e-13
12925.000000  9.199918e-13
12975.000000  9.114601e-13
13025.000000  9.009216e-13
13075.000000  8.890621e-13
13125.000000  8.772068e-13
13175.000000  8.651138e-13
13225.000000  8.542489e-13
13275.000000  8.430314e-13
13325.000000  8.320240e-13
13375.000000  8.211591e-13
13425.000000  8.105418e-13
13475.000000  7.999343e-13
13525.000000  7.893170e-13
13575.000000  7.793042e-13
13625.000000  7.694297e-13
13675.000000  7.595552e-13
13725.000000  7.488136e-13
13775.000000  7.403056e-13
13825.000000  7.310313e-13
13875.000000  7.219038e-13
13925.000000  7.123959e-13
13975.000000  7.037594e-13
14025.000000  6.949802e-13
14075.000000  6.863479e-13
14125.000000  6.777113e-13
14175.000000  6.692988e-13
14225.000000  6.609141e-13
14275.000000  6.528777e-13
14325.000000  6.448553e-13
14375.000000  6.369615e-13
14425.000000  6.266916e-13
14475.000000  6.215351e-13
14525.000000  6.127366e-13
14570.000000  6.072040e-13
14620.000000  6.001762e-13
14675.000000  5.928826e-13
14725.000000  5.858463e-13
14775.000000  5.785612e-13
14825.000000  5.722580e-13
14875.000000  5.649826e-13
14925.000000  5.591691e-13
14975.000000  5.526182e-13
15025.000000  5.454382e-13
15075.000000  5.392678e-13
15125.000000  5.328540e-13
15175.000000  5.263075e-13
15225.000000  5.208854e-13
15275.000000  5.125474e-13
15325.000000  5.060105e-13
15375.000000  5.027550e-13
15425.000000  4.905408e-13
15475.000000  4.911863e-13
15525.000000  4.856592e-13
15575.000000  4.672728e-13
15625.000000  4.815086e-13
15675.000000  4.635533e-13
15725.000000  4.477195e-13
15775.000000  4.681819e-13
15825.000000  4.616602e-13
15875.000000  4.168820e-13
15925.000000  4.441397e-13
15975.000000  4.523761e-13
16050.000000  4.370979e-13
16150.000000  4.085256e-13
16250.000000  4.306270e-13
16350.000000  4.082173e-13
16450.000000  3.810117e-13
16550.000000  4.046258e-13
16650.000000  3.962368e-13
16750.000000  3.731233e-13
16850.000000  3.484033e-13
16950.000000  3.707975e-13
17050.000000  3.643365e-13
17150.000000  3.565574e-13
17250.000000  3.460926e-13
17350.000000  3.063010e-13
17450.000000  3.278434e-13
17550.000000  3.269189e-13
17650.000000  3.207152e-13
17750.000000  3.143069e-13
17850.000000  3.077646e-13
17950.000000  3.013328e-13
18050.000000  2.933342e-13
18150.000000  2.622882e-13
18250.000000  2.751098e-13
18350.000000  2.770126e-13
18450.000000  2.721851e-13
18550.000000  2.662625e-13
18650.000000  2.589926e-13
18750.000000  2.310280e-13
18850.000000  2.479599e-13
18950.000000  2.458854e-13
19050.000000  2.418151e-13
19150.000000  2.371463e-13
19250.000000  2.322011e-13
19350.000000  2.252856e-13
19450.000000  2.015628e-13
19550.000000  2.167979e-13
19650.000000  2.151286e-13
19750.000000  2.113757e-13
19850.000000  2.074840e-13
19950.000000  2.036289e-13
20050.000000  1.998752e-13
20150.000000  1.961934e-13
20250.000000  1.925969e-13
20350.000000  1.890774e-13
20450.000000  1.856670e-13
20550.000000  1.823071e-13
20650.000000  1.790209e-13
20750.000000  1.758201e-13
20850.000000  1.726962e-13
20950.000000  1.696196e-13
21050.000000  1.666306e-13
21150.000000  1.636392e-13
21250.000000  1.607601e-13
21350.000000  1.579933e-13
21450.000000  1.550611e-13
21550.000000  1.510454e-13
21650.000000  1.361951e-13
21750.000000  1.448903e-13
21850.000000  1.445719e-13
21950.000000  1.424644e-13
22050.000000  1.400425e-13
22150.000000  1.376448e-13
22250.000000  1.353975e-13
22350.000000  1.331369e-13
22450.000000  1.309130e-13
22550.000000  1.287377e-13
22650.000000  1.266256e-13
22750.000000  1.245497e-13
22850.000000  1.225729e-13
22950.000000  1.205851e-13
23050.000000  1.186683e-13
23150.000000  1.167786e-13
23250.000000  1.149256e-13
23350.000000  1.130973e-13
23450.000000  1.113071e-13
23550.000000  1.095631e-13
23650.000000  1.078334e-13
23750.000000  1.061289e-13
23850.000000  1.044725e-13
23950.000000  1.028413e-13
24050.000000  1.012096e-13
24150.000000  9.958893e-14
24250.000000  9.812445e-14
24350.000000  9.652507e-14
24450.000000  9.494200e-14
24550.000000  9.367519e-14
24650.000000  9.201536e-14
24750.000000  9.063274e-14
24850.000000  8.970218e-14
24950.000000  8.707307e-14
