2505.000000  3.220200e-11
2513.000000  2.840152e-11
2518.000000  2.893136e-11
2525.000000  2.678713e-11
2535.000000  2.609233e-11
2545.000000  2.583072e-11
2555.000000  2.801745e-11
2565.000000  2.800196e-11
2575.000000  3.034947e-11
2585.000000  3.052011e-11
2595.000000  2.985549e-11
2605.000000  2.851172e-11
2615.000000  2.790006e-11
2625.000000  3.041310e-11
2635.000000  3.059583e-11
2645.000000  3.454473e-11
2655.000000  3.427622e-11
2665.000000  3.108026e-11
2675.000000  3.256256e-11
2685.000000  3.256935e-11
2695.000000  3.080992e-11
2705.000000  3.158921e-11
2715.000000  2.979966e-11
2725.000000  3.011976e-11
2735.000000  3.249324e-11
2745.000000  2.712181e-11
2755.000000  2.795757e-11
2765.000000  2.904476e-11
2775.000000  3.139838e-11
2785.000000  3.035851e-11
2795.000000  2.160666e-11
2805.000000  2.471997e-11
2815.000000  3.232843e-11
2825.000000  3.285388e-11
2835.000000  3.159943e-11
2845.000000  3.042301e-11
2855.000000  2.917582e-11
2865.000000  3.142790e-11
2875.000000  3.059836e-11
2885.000000  3.127108e-11
2895.000000  3.002652e-11
2910.000000  3.323886e-11
2930.000000  3.192840e-11
2950.000000  3.174866e-11
2970.000000  3.229489e-11
2990.000000  3.243719e-11
3010.000000  3.280784e-11
3030.000000  3.252012e-11
3050.000000  3.231927e-11
3070.000000  3.213164e-11
3090.000000  3.248278e-11
3110.000000  3.175575e-11
3130.000000  3.163326e-11
3150.000000  3.213876e-11
3170.000000  3.195798e-11
3190.000000  3.067121e-11
3210.000000  3.126963e-11
3230.000000  3.050810e-11
3250.000000  3.101385e-11
3270.000000  3.120294e-11
3290.000000  3.143592e-11
3310.000000  3.155336e-11
3330.000000  3.091769e-11
3350.000000  3.045533e-11
3370.000000  3.039634e-11
3390.000000  3.023881e-11
3410.000000  3.062410e-11
3430.000000  3.059634e-11
3450.000000  3.035288e-11
3470.000000  3.000760e-11
3490.000000  2.990172e-11
3510.000000  3.021647e-11
3530.000000  3.017948e-11
3550.000000  3.026262e-11
3570.000000  2.959038e-11
3590.000000  2.943740e-11
3610.000000  2.938021e-11
3630.000000  2.939192e-11
3640.000000  2.917850e-11
3650.000000  2.966830e-11
3670.000000  2.955412e-11
3690.000000  2.837994e-11
3710.000000  2.922811e-11
3730.000000  3.002275e-11
3750.000000  3.778975e-11
3770.000000  4.035302e-11
3790.000000  5.014081e-11
3810.000000  5.943038e-11
3830.000000  4.657308e-11
3850.000000  6.657840e-11
3870.000000  7.655813e-11
3890.000000  4.093046e-11
3910.000000  7.667167e-11
3930.000000  7.860542e-11
3950.000000  7.671356e-11
3970.000000  3.901614e-11
3990.000000  7.333747e-11
4010.000000  8.505927e-11
4030.000000  8.547544e-11
4050.000000  8.414832e-11
4070.000000  7.891394e-11
4090.000000  5.825246e-11
4110.000000  4.368425e-11
4130.000000  7.392461e-11
4150.000000  7.910931e-11
4170.000000  7.901694e-11
4190.000000  7.817158e-11
4210.000000  7.750947e-11
4230.000000  7.572897e-11
4250.000000  7.510230e-11
4270.000000  7.302638e-11
4290.000000  7.218575e-11
4310.000000  6.619709e-11
4330.000000  4.778867e-11
4350.000000  4.041940e-11
4370.000000  6.446402e-11
4390.000000  6.734979e-11
4410.000000  6.720142e-11
4430.000000  6.688122e-11
4450.000000  6.694496e-11
4470.000000  6.618923e-11
4490.000000  6.495741e-11
4510.000000  6.503338e-11
4530.000000  6.375017e-11
4550.000000  6.238900e-11
4570.000000  6.280014e-11
4590.000000  6.150617e-11
4610.000000  6.173391e-11
4630.000000  6.021875e-11
4650.000000  6.020352e-11
4670.000000  5.948955e-11
4690.000000  5.793856e-11
4710.000000  5.604844e-11
4730.000000  5.723140e-11
4750.000000  5.663200e-11
4770.000000  5.573866e-11
4790.000000  5.482208e-11
4810.000000  5.331251e-11
4830.000000  4.996381e-11
4850.000000  3.753560e-11
4870.000000  3.014355e-11
4890.000000  4.661985e-11
4910.000000  4.995449e-11
4930.000000  4.979075e-11
4950.000000  5.003556e-11
4970.000000  4.991706e-11
4990.000000  4.908139e-11
5010.000000  4.794818e-11
5030.000000  4.808983e-11
5050.000000  4.732474e-11
5070.000000  4.726101e-11
5090.000000  4.671496e-11
5110.000000  4.624997e-11
5130.000000  4.560911e-11
5150.000000  4.494694e-11
5170.000000  4.381486e-11
5190.000000  4.346636e-11
5210.000000  4.346367e-11
5230.000000  4.266610e-11
5250.000000  4.281787e-11
5270.000000  4.152690e-11
5290.000000  4.183693e-11
5310.000000  4.111164e-11
5330.000000  4.046948e-11
5350.000000  4.057138e-11
5370.000000  3.997801e-11
5390.000000  3.960443e-11
5410.000000  3.898077e-11
5430.000000  3.874304e-11
5450.000000  3.846143e-11
5470.000000  3.806585e-11
5490.000000  3.773499e-11
5510.000000  3.735122e-11
5530.000000  3.685607e-11
5550.000000  3.662231e-11
5570.000000  3.617758e-11
5590.000000  3.578404e-11
5610.000000  3.548743e-11
5630.000000  3.519160e-11
5650.000000  3.479905e-11
5670.000000  3.441089e-11
5690.000000  3.411843e-11
5710.000000  3.377874e-11
5730.000000  3.350670e-11
5750.000000  3.311863e-11
5770.000000  3.281168e-11
5790.000000  3.247128e-11
5810.000000  3.216444e-11
5830.000000  3.186104e-11
5850.000000  3.153536e-11
5870.000000  3.121399e-11
5890.000000  3.064316e-11
5910.000000  3.061608e-11
5930.000000  3.032321e-11
5950.000000  3.000406e-11
5970.000000  2.973322e-11
5990.000000  2.940561e-11
6010.000000  2.909908e-11
6030.000000  2.886648e-11
6050.000000  2.859207e-11
6070.000000  2.834848e-11
6090.000000  2.806352e-11
6110.000000  2.778139e-11
6130.000000  2.746975e-11
6150.000000  2.703350e-11
6170.000000  2.692679e-11
6190.000000  2.677004e-11
6210.000000  2.651976e-11
6230.000000  2.623985e-11
6250.000000  2.584577e-11
6270.000000  2.579549e-11
6290.000000  2.555342e-11
6310.000000  2.526604e-11
6330.000000  2.505778e-11
6350.000000  2.468079e-11
6370.000000  2.450458e-11
6390.000000  2.436760e-11
6410.000000  2.407963e-11
6430.000000  2.387024e-11
6450.000000  2.349259e-11
6470.000000  2.336610e-11
6490.000000  2.299903e-11
6510.000000  2.261519e-11
6530.000000  2.172437e-11
6550.000000  1.854054e-11
6570.000000  1.486650e-11
6590.000000  2.034636e-11
6610.000000  2.145244e-11
6630.000000  2.161115e-11
6650.000000  2.154451e-11
6670.000000  2.139558e-11
6690.000000  2.125239e-11
6710.000000  2.110047e-11
6730.000000  2.091637e-11
6750.000000  2.072396e-11
6770.000000  2.058028e-11
6790.000000  2.039857e-11
6810.000000  2.022285e-11
6830.000000  2.002941e-11
6850.000000  1.986412e-11
6870.000000  1.970146e-11
6890.000000  1.953387e-11
6910.000000  1.936261e-11
6930.000000  1.919342e-11
6950.000000  1.902860e-11
6970.000000  1.886739e-11
6990.000000  1.871186e-11
7010.000000  1.851110e-11
7030.000000  1.837750e-11
7050.000000  1.823065e-11
7070.000000  1.808578e-11
7090.000000  1.793516e-11
7110.000000  1.762927e-11
7130.000000  1.760045e-11
7150.000000  1.746246e-11
7170.000000  1.732411e-11
7190.000000  1.717366e-11
7210.000000  1.704181e-11
7230.000000  1.689635e-11
7250.000000  1.674447e-11
7270.000000  1.663077e-11
7290.000000  1.647403e-11
7310.000000  1.634309e-11
7330.000000  1.621298e-11
7350.000000  1.609347e-11
7370.000000  1.596657e-11
7390.000000  1.582341e-11
7410.000000  1.567638e-11
7430.000000  1.552946e-11
7450.000000  1.542007e-11
7470.000000  1.525358e-11
7490.000000  1.515694e-11
7510.000000  1.506022e-11
7530.000000  1.494848e-11
7550.000000  1.484330e-11
7570.000000  1.471873e-11
7590.000000  1.460769e-11
7610.000000  1.449323e-11
7630.000000  1.437279e-11
7650.000000  1.425142e-11
7670.000000  1.412716e-11
7690.000000  1.402572e-11
7710.000000  1.390871e-11
7730.000000  1.381669e-11
7750.000000  1.370614e-11
7770.000000  1.336867e-11
7790.000000  1.349586e-11
7810.000000  1.339048e-11
7830.000000  1.326959e-11
7850.000000  1.315379e-11
7870.000000  1.303251e-11
7890.000000  1.291735e-11
7910.000000  1.284845e-11
7930.000000  1.275504e-11
7950.000000  1.263227e-11
7970.000000  1.258580e-11
7990.000000  1.241047e-11
8010.000000  1.238652e-11
8030.000000  1.228572e-11
8050.000000  1.220103e-11
8070.000000  1.210464e-11
8090.000000  1.201260e-11
8110.000000  1.193137e-11
8130.000000  1.184343e-11
8150.000000  1.175481e-11
8170.000000  1.166439e-11
8190.000000  1.150855e-11
8210.000000  1.145814e-11
8230.000000  1.137141e-11
8250.000000  1.129836e-11
8270.000000  1.128397e-11
8290.000000  1.119900e-11
8310.000000  1.112475e-11
8330.000000  1.098183e-11
8350.000000  1.096719e-11
8370.000000  1.088629e-11
8390.000000  1.078171e-11
8410.000000  1.069520e-11
8430.000000  1.060411e-11
8450.000000  1.042645e-11
8470.000000  1.029499e-11
8490.000000  1.041947e-11
8510.000000  9.915414e-12
8530.000000  1.035838e-11
8550.000000  9.342661e-12
8570.000000  1.039739e-11
8590.000000  9.661823e-12
8610.000000  9.421982e-12
8630.000000  1.042187e-11
8650.000000  9.955084e-12
8670.000000  8.274708e-12
8690.000000  1.010498e-11
8710.000000  1.051308e-11
8730.000000  1.002881e-11
8750.000000  7.896341e-12
8770.000000  9.507834e-12
8790.000000  1.041540e-11
8810.000000  1.050112e-11
8830.000000  1.016101e-11
8850.000000  8.948201e-12
8870.000000  7.569335e-12
8890.000000  9.612874e-12
8910.000000  1.014734e-11
8930.000000  1.025060e-11
8950.000000  1.025933e-11
8970.000000  1.001562e-11
8990.000000  9.397203e-12
9010.000000  7.402677e-12
9030.000000  8.113699e-12
9050.000000  9.414383e-12
9070.000000  9.608457e-12
9090.000000  9.593838e-12
9110.000000  9.734861e-12
9130.000000  9.733067e-12
9150.000000  9.652704e-12
9170.000000  9.483599e-12
9190.000000  9.158560e-12
9210.000000  8.349684e-12
9230.000000  6.487260e-12
9250.000000  8.009904e-12
9270.000000  8.713718e-12
9290.000000  9.082966e-12
9310.000000  9.130124e-12
9330.000000  9.102631e-12
9350.000000  9.066244e-12
9370.000000  9.013639e-12
9390.000000  8.919068e-12
9410.000000  8.726137e-12
9430.000000  8.781869e-12
9450.000000  8.718705e-12
9470.000000  8.622664e-12
9490.000000  8.462452e-12
9510.000000  8.148490e-12
9530.000000  7.331070e-12
9550.000000  5.879346e-12
9570.000000  7.401363e-12
9590.000000  7.984530e-12
9610.000000  8.105848e-12
9630.000000  8.075843e-12
9650.000000  8.140120e-12
9670.000000  8.046657e-12
9690.000000  8.041691e-12
9710.000000  8.026964e-12
9730.000000  7.974498e-12
9750.000000  7.916103e-12
9770.000000  7.879647e-12
9790.000000  7.825580e-12
9810.000000  7.771277e-12
9830.000000  7.711147e-12
9850.000000  7.641892e-12
9870.000000  7.584494e-12
9890.000000  7.498004e-12
9910.000000  7.472733e-12
9930.000000  7.411234e-12
9950.000000  7.351796e-12
9970.000000  7.277146e-12
9990.000000  7.153966e-12
10025.000000  6.384711e-12
10075.000000  6.052621e-12
10125.000000  6.840441e-12
10175.000000  6.842034e-12
10225.000000  6.760901e-12
10275.000000  6.660900e-12
10325.000000  6.547407e-12
10375.000000  6.444073e-12
10425.000000  6.341181e-12
10475.000000  6.205978e-12
10525.000000  6.124558e-12
10575.000000  6.033600e-12
10625.000000  5.939756e-12
10675.000000  5.771060e-12
10725.000000  5.723726e-12
10775.000000  5.639888e-12
10825.000000  5.530074e-12
10875.000000  5.346469e-12
10925.000000  4.450599e-12
10975.000000  4.871015e-12
11025.000000  5.173870e-12
11075.000000  5.149661e-12
11125.000000  5.082661e-12
11175.000000  5.014075e-12
11225.000000  4.942063e-12
11275.000000  4.818398e-12
11325.000000  4.748445e-12
11375.000000  4.712325e-12
11425.000000  4.635005e-12
11475.000000  4.584659e-12
11525.000000  4.518821e-12
11575.000000  4.450952e-12
11625.000000  4.361263e-12
11675.000000  4.277955e-12
11725.000000  4.260366e-12
11775.000000  4.146904e-12
11825.000000  4.114363e-12
11875.000000  4.044895e-12
11925.000000  4.021984e-12
11975.000000  3.943177e-12
12025.000000  3.901156e-12
12075.000000  3.839497e-12
12125.000000  3.788271e-12
12175.000000  3.741703e-12
12225.000000  3.686753e-12
12275.000000  3.631404e-12
12325.000000  3.582513e-12
12375.000000  3.535769e-12
12425.000000  3.490782e-12
12475.000000  3.436750e-12
12525.000000  3.391304e-12
12575.000000  3.331945e-12
12625.000000  3.287041e-12
12675.000000  3.243045e-12
12725.000000  3.177261e-12
12775.000000  3.013758e-12
12825.000000  2.564565e-12
12875.000000  2.966569e-12
12925.000000  3.014412e-12
12975.000000  2.992218e-12
13025.000000  2.960655e-12
13075.000000  2.925253e-12
13125.000000  2.885679e-12
13175.000000  2.842163e-12
13225.000000  2.811075e-12
13275.000000  2.774372e-12
13325.000000  2.738534e-12
13375.000000  2.702845e-12
13425.000000  2.667502e-12
13475.000000  2.632984e-12
13525.000000  2.595428e-12
13575.000000  2.562646e-12
13625.000000  2.532334e-12
13675.000000  2.498778e-12
13725.000000  2.457173e-12
13775.000000  2.434747e-12
13825.000000  2.404753e-12
13875.000000  2.377072e-12
13925.000000  2.343544e-12
13975.000000  2.316347e-12
14025.000000  2.287890e-12
14075.000000  2.260190e-12
14125.000000  2.230906e-12
14175.000000  2.204019e-12
14225.000000  2.176206e-12
14275.000000  2.149220e-12
14325.000000  2.123478e-12
14375.000000  2.098440e-12
14425.000000  2.051465e-12
14475.000000  2.046376e-12
14525.000000  2.011837e-12
14570.000000  1.999677e-12
14620.000000  1.973450e-12
14675.000000  1.951691e-12
14725.000000  1.927447e-12
14775.000000  1.900519e-12
14825.000000  1.881737e-12
14875.000000  1.854663e-12
14925.000000  1.842088e-12
14975.000000  1.819080e-12
15025.000000  1.793456e-12
15075.000000  1.774284e-12
15125.000000  1.756504e-12
15175.000000  1.735740e-12
15225.000000  1.715904e-12
15275.000000  1.692796e-12
15325.000000  1.671617e-12
15375.000000  1.656326e-12
15425.000000  1.622696e-12
15475.000000  1.616400e-12
15525.000000  1.597235e-12
15575.000000  1.553117e-12
15625.000000  1.577385e-12
15675.000000  1.526880e-12
15725.000000  1.486525e-12
15775.000000  1.527539e-12
15825.000000  1.508598e-12
15875.000000  1.386380e-12
15925.000000  1.452823e-12
15975.000000  1.476825e-12
16050.000000  1.424387e-12
16150.000000  1.338595e-12
16250.000000  1.406078e-12
16350.000000  1.327558e-12
16450.000000  1.241204e-12
16550.000000  1.323051e-12
16650.000000  1.297111e-12
16750.000000  1.211903e-12
16850.000000  1.130876e-12
16950.000000  1.213099e-12
17050.000000  1.192695e-12
17150.000000  1.168091e-12
17250.000000  1.128579e-12
17350.000000  9.900434e-13
17450.000000  1.064723e-12
17550.000000  1.068800e-12
17650.000000  1.050105e-12
17750.000000  1.030279e-12
17850.000000  1.008518e-12
17950.000000  9.876202e-13
18050.000000  9.574647e-13
18150.000000  8.490742e-13
18250.000000  8.931844e-13
18350.000000  9.065919e-13
18450.000000  8.913395e-13
18550.000000  8.716586e-13
18650.000000  8.449640e-13
18750.000000  7.462315e-13
18850.000000  8.079033e-13
18950.000000  8.037796e-13
19050.000000  7.929275e-13
19150.000000  7.776386e-13
19250.000000  7.603729e-13
19350.000000  7.347661e-13
19450.000000  6.507153e-13
19550.000000  7.070446e-13
19650.000000  7.046235e-13
19750.000000  6.929797e-13
19850.000000  6.808110e-13
19950.000000  6.681977e-13
20050.000000  6.559125e-13
20150.000000  6.439007e-13
20250.000000  6.319559e-13
20350.000000  6.202853e-13
20450.000000  6.092928e-13
20550.000000  5.982709e-13
20650.000000  5.871458e-13
20750.000000  5.767842e-13
20850.000000  5.666230e-13
20950.000000  5.564464e-13
21050.000000  5.465334e-13
21150.000000  5.362374e-13
21250.000000  5.267840e-13
21350.000000  5.176778e-13
21450.000000  5.076848e-13
21550.000000  4.929337e-13
21650.000000  4.398869e-13
21750.000000  4.717348e-13
21850.000000  4.731573e-13
21950.000000  4.671246e-13
22050.000000  4.591240e-13
22150.000000  4.510612e-13
22250.000000  4.441231e-13
22350.000000  4.366797e-13
22450.000000  4.294561e-13
22550.000000  4.219353e-13
22650.000000  4.153089e-13
22750.000000  4.084543e-13
22850.000000  4.019159e-13
22950.000000  3.953078e-13
23050.000000  3.891508e-13
23150.000000  3.828377e-13
23250.000000  3.768420e-13
23350.000000  3.708124e-13
23450.000000  3.649875e-13
23550.000000  3.592438e-13
23650.000000  3.535984e-13
23750.000000  3.480014e-13
23850.000000  3.425414e-13
23950.000000  3.371962e-13
24050.000000  3.319032e-13
24150.000000  3.267057e-13
24250.000000  3.217322e-13
24350.000000  3.166387e-13
24450.000000  3.116124e-13
24550.000000  3.070294e-13
24650.000000  3.019454e-13
24750.000000  2.973868e-13
24850.000000  2.934796e-13
24950.000000  2.866280e-13
