2505.000000  2.937185e-10
2513.000000  2.556818e-10
2518.000000  2.669116e-10
2525.000000  2.445426e-10
2535.000000  2.501664e-10
2545.000000  2.413266e-10
2555.000000  2.604546e-10
2565.000000  2.530669e-10
2575.000000  2.774244e-10
2585.000000  2.702235e-10
2595.000000  2.652459e-10
2605.000000  2.506119e-10
2615.000000  2.493707e-10
2625.000000  2.640623e-10
2635.000000  2.653313e-10
2645.000000  2.939050e-10
2655.000000  2.875914e-10
2665.000000  2.567783e-10
2675.000000  2.744089e-10
2685.000000  2.647794e-10
2695.000000  2.581157e-10
2705.000000  2.688733e-10
2715.000000  2.534462e-10
2725.000000  2.568882e-10
2735.000000  2.771201e-10
2745.000000  2.294115e-10
2755.000000  2.288209e-10
2765.000000  2.363963e-10
2775.000000  2.564990e-10
2785.000000  2.550091e-10
2795.000000  2.036134e-10
2805.000000  2.299764e-10
2815.000000  2.604227e-10
2825.000000  2.654436e-10
2835.000000  2.472026e-10
2845.000000  2.383481e-10
2855.000000  2.348112e-10
2865.000000  2.508101e-10
2875.000000  2.406668e-10
2885.000000  2.444196e-10
2895.000000  2.333799e-10
2910.000000  2.593032e-10
2930.000000  2.474012e-10
2950.000000  2.462241e-10
2970.000000  2.479183e-10
2990.000000  2.475291e-10
3010.000000  2.532180e-10
3030.000000  2.475177e-10
3050.000000  2.424020e-10
3070.000000  2.383382e-10
3090.000000  2.407347e-10
3110.000000  2.319222e-10
3130.000000  2.293828e-10
3150.000000  2.312769e-10
3170.000000  2.268452e-10
3190.000000  2.177416e-10
3210.000000  2.211821e-10
3230.000000  2.167901e-10
3250.000000  2.158159e-10
3270.000000  2.147077e-10
3290.000000  2.138062e-10
3310.000000  2.131807e-10
3330.000000  2.077267e-10
3350.000000  2.039931e-10
3370.000000  2.021655e-10
3390.000000  1.988519e-10
3410.000000  2.006540e-10
3430.000000  1.981282e-10
3450.000000  1.958977e-10
3470.000000  1.922972e-10
3490.000000  1.901663e-10
3510.000000  1.904810e-10
3530.000000  1.897559e-10
3550.000000  1.881467e-10
3570.000000  1.847689e-10
3590.000000  1.825384e-10
3610.000000  1.807500e-10
3630.000000  1.784355e-10
3640.000000  1.779586e-10
3650.000000  1.796306e-10
3670.000000  1.775680e-10
3690.000000  1.708067e-10
3710.000000  1.734990e-10
3730.000000  1.767522e-10
3750.000000  2.205185e-10
3770.000000  2.295689e-10
3790.000000  2.698388e-10
3810.000000  3.013876e-10
3830.000000  2.446207e-10
3850.000000  3.144391e-10
3870.000000  3.393824e-10
3890.000000  2.208919e-10
3910.000000  3.325211e-10
3930.000000  3.347574e-10
3950.000000  3.273798e-10
3970.000000  2.074523e-10
3990.000000  3.136529e-10
4010.000000  3.233116e-10
4030.000000  3.139925e-10
4050.000000  3.171466e-10
4070.000000  3.065106e-10
4090.000000  2.647162e-10
4110.000000  2.101849e-10
4130.000000  2.868479e-10
4150.000000  2.931239e-10
4170.000000  2.886243e-10
4190.000000  2.853625e-10
4210.000000  2.822743e-10
4230.000000  2.775208e-10
4250.000000  2.719813e-10
4270.000000  2.660862e-10
4290.000000  2.653573e-10
4310.000000  2.562074e-10
4330.000000  2.125859e-10
4350.000000  1.836875e-10
4370.000000  2.455139e-10
4390.000000  2.417125e-10
4410.000000  2.431943e-10
4430.000000  2.378521e-10
4450.000000  2.376115e-10
4470.000000  2.312333e-10
4490.000000  2.266638e-10
4510.000000  2.268260e-10
4530.000000  2.228953e-10
4550.000000  2.177899e-10
4570.000000  2.188612e-10
4590.000000  2.131439e-10
4610.000000  2.139119e-10
4630.000000  2.066601e-10
4650.000000  2.078545e-10
4670.000000  2.038809e-10
4690.000000  2.011507e-10
4710.000000  1.950697e-10
4730.000000  1.960840e-10
4750.000000  1.929958e-10
4770.000000  1.919815e-10
4790.000000  1.889169e-10
4810.000000  1.849178e-10
4830.000000  1.796958e-10
4850.000000  1.529598e-10
4870.000000  1.274039e-10
4890.000000  1.716612e-10
4910.000000  1.728170e-10
4930.000000  1.694001e-10
4950.000000  1.692534e-10
4970.000000  1.678263e-10
4990.000000  1.649631e-10
5010.000000  1.594195e-10
5030.000000  1.588430e-10
5050.000000  1.550901e-10
5070.000000  1.555925e-10
5090.000000  1.535734e-10
5110.000000  1.508994e-10
5130.000000  1.500767e-10
5150.000000  1.463785e-10
5170.000000  1.446000e-10
5190.000000  1.433842e-10
5210.000000  1.406905e-10
5230.000000  1.389553e-10
5250.000000  1.387987e-10
5270.000000  1.352670e-10
5290.000000  1.363418e-10
5310.000000  1.328393e-10
5330.000000  1.323255e-10
5350.000000  1.313754e-10
5370.000000  1.297413e-10
5390.000000  1.280915e-10
5410.000000  1.258752e-10
5430.000000  1.248063e-10
5450.000000  1.237874e-10
5470.000000  1.220430e-10
5490.000000  1.208936e-10
5510.000000  1.192830e-10
5530.000000  1.183626e-10
5550.000000  1.169989e-10
5570.000000  1.156037e-10
5590.000000  1.144099e-10
5610.000000  1.134948e-10
5630.000000  1.122435e-10
5650.000000  1.099636e-10
5670.000000  1.090448e-10
5690.000000  1.082580e-10
5710.000000  1.071396e-10
5730.000000  1.059497e-10
5750.000000  1.046886e-10
5770.000000  1.035346e-10
5790.000000  1.020481e-10
5810.000000  1.010614e-10
5830.000000  1.000001e-10
5850.000000  9.894560e-11
5870.000000  9.705237e-11
5890.000000  9.621541e-11
5910.000000  9.560518e-11
5930.000000  9.476143e-11
5950.000000  9.292070e-11
5970.000000  9.235317e-11
5990.000000  9.112116e-11
6010.000000  9.056046e-11
6030.000000  8.962534e-11
6050.000000  8.852707e-11
6070.000000  8.759236e-11
6090.000000  8.665025e-11
6110.000000  8.583112e-11
6130.000000  8.483740e-11
6150.000000  8.284613e-11
6170.000000  8.297917e-11
6190.000000  8.221336e-11
6210.000000  8.134904e-11
6230.000000  8.029333e-11
6250.000000  7.870226e-11
6270.000000  7.878561e-11
6290.000000  7.791346e-11
6310.000000  7.685228e-11
6330.000000  7.624247e-11
6350.000000  7.425989e-11
6370.000000  7.393192e-11
6390.000000  7.380510e-11
6410.000000  7.293117e-11
6430.000000  7.238278e-11
6450.000000  7.105995e-11
6470.000000  7.092937e-11
6490.000000  6.974256e-11
6510.000000  6.889739e-11
6530.000000  6.754548e-11
6550.000000  6.129692e-11
6570.000000  5.074114e-11
6590.000000  6.460114e-11
6610.000000  6.555064e-11
6630.000000  6.511370e-11
6650.000000  6.468604e-11
6670.000000  6.389631e-11
6690.000000  6.331619e-11
6710.000000  6.282659e-11
6730.000000  6.213215e-11
6750.000000  6.156825e-11
6770.000000  6.101666e-11
6790.000000  6.034152e-11
6810.000000  5.977527e-11
6830.000000  5.907045e-11
6850.000000  5.857694e-11
6870.000000  5.802691e-11
6890.000000  5.749505e-11
6910.000000  5.690751e-11
6930.000000  5.624077e-11
6950.000000  5.584854e-11
6970.000000  5.531922e-11
6990.000000  5.484543e-11
7010.000000  5.415490e-11
7030.000000  5.377023e-11
7050.000000  5.307886e-11
7070.000000  5.262535e-11
7090.000000  5.229040e-11
7110.000000  5.157369e-11
7130.000000  5.119171e-11
7150.000000  5.075471e-11
7170.000000  5.029771e-11
7190.000000  4.986185e-11
7210.000000  4.941033e-11
7230.000000  4.881355e-11
7250.000000  4.839278e-11
7270.000000  4.804310e-11
7290.000000  4.756540e-11
7310.000000  4.712562e-11
7330.000000  4.672335e-11
7350.000000  4.634791e-11
7370.000000  4.591710e-11
7390.000000  4.549199e-11
7410.000000  4.504887e-11
7430.000000  4.445529e-11
7450.000000  4.414020e-11
7470.000000  4.359701e-11
7490.000000  4.333353e-11
7510.000000  4.292522e-11
7530.000000  4.266231e-11
7550.000000  4.228801e-11
7570.000000  4.191607e-11
7590.000000  4.151323e-11
7610.000000  4.121338e-11
7630.000000  4.081780e-11
7650.000000  4.040378e-11
7670.000000  4.007426e-11
7690.000000  3.970836e-11
7710.000000  3.934246e-11
7730.000000  3.903364e-11
7750.000000  3.868902e-11
7770.000000  3.764377e-11
7790.000000  3.801609e-11
7810.000000  3.773190e-11
7830.000000  3.737987e-11
7850.000000  3.686815e-11
7870.000000  3.650324e-11
7890.000000  3.606973e-11
7910.000000  3.605350e-11
7930.000000  3.580389e-11
7950.000000  3.522768e-11
7970.000000  3.519758e-11
7990.000000  3.442748e-11
8010.000000  3.459830e-11
8030.000000  3.428557e-11
8050.000000  3.399355e-11
8070.000000  3.371270e-11
8090.000000  3.342068e-11
8110.000000  3.312026e-11
8130.000000  3.287415e-11
8150.000000  3.260561e-11
8170.000000  3.234369e-11
8190.000000  3.194811e-11
8210.000000  3.163218e-11
8230.000000  3.123326e-11
8250.000000  3.130714e-11
8270.000000  3.117754e-11
8290.000000  3.078815e-11
8310.000000  3.065506e-11
8330.000000  3.033492e-11
8350.000000  3.014254e-11
8370.000000  2.990817e-11
8390.000000  2.965408e-11
8410.000000  2.931729e-11
8430.000000  2.903409e-11
8450.000000  2.846613e-11
8470.000000  2.813495e-11
8490.000000  2.853250e-11
8510.000000  2.721788e-11
8530.000000  2.849777e-11
8550.000000  2.594025e-11
8570.000000  2.860491e-11
8590.000000  2.661595e-11
8610.000000  2.596798e-11
8630.000000  2.861916e-11
8650.000000  2.747762e-11
8670.000000  2.326396e-11
8690.000000  2.786381e-11
8710.000000  2.871818e-11
8730.000000  2.762396e-11
8750.000000  2.221055e-11
8770.000000  2.633694e-11
8790.000000  2.822609e-11
8810.000000  2.824615e-11
8830.000000  2.745656e-11
8850.000000  2.492679e-11
8870.000000  2.130873e-11
8890.000000  2.633794e-11
8910.000000  2.707692e-11
8930.000000  2.698027e-11
8950.000000  2.696951e-11
8970.000000  2.657907e-11
8990.000000  2.555646e-11
9010.000000  2.074171e-11
9030.000000  2.252640e-11
9050.000000  2.529582e-11
9070.000000  2.527026e-11
9090.000000  2.517567e-11
9110.000000  2.522955e-11
9130.000000  2.509916e-11
9150.000000  2.499461e-11
9170.000000  2.462579e-11
9190.000000  2.403541e-11
9210.000000  2.266691e-11
9230.000000  1.802638e-11
9250.000000  2.183980e-11
9270.000000  2.283793e-11
9290.000000  2.347671e-11
9310.000000  2.347728e-11
9330.000000  2.326069e-11
9350.000000  2.319016e-11
9370.000000  2.303707e-11
9390.000000  2.275764e-11
9410.000000  2.228833e-11
9430.000000  2.245388e-11
9450.000000  2.232136e-11
9470.000000  2.208349e-11
9490.000000  2.183062e-11
9510.000000  2.136494e-11
9530.000000  1.983302e-11
9550.000000  1.619198e-11
9570.000000  1.991700e-11
9590.000000  2.084011e-11
9610.000000  2.086153e-11
9630.000000  2.047704e-11
9650.000000  2.070202e-11
9670.000000  2.047100e-11
9690.000000  2.040217e-11
9710.000000  2.030367e-11
9730.000000  2.013869e-11
9750.000000  1.997136e-11
9770.000000  1.985549e-11
9790.000000  1.969891e-11
9810.000000  1.953550e-11
9830.000000  1.934240e-11
9850.000000  1.923003e-11
9870.000000  1.909458e-11
9890.000000  1.888427e-11
9910.000000  1.881879e-11
9930.000000  1.867495e-11
9950.000000  1.851879e-11
9970.000000  1.836278e-11
9990.000000  1.817596e-11
10025.000000  1.673862e-11
10075.000000  1.585222e-11
10125.000000  1.714238e-11
10175.000000  1.706302e-11
10225.000000  1.683257e-11
10275.000000  1.653371e-11
10325.000000  1.623663e-11
10375.000000  1.596084e-11
10425.000000  1.569736e-11
10475.000000  1.538953e-11
10525.000000  1.510633e-11
10575.000000  1.487979e-11
10625.000000  1.464094e-11
10675.000000  1.427390e-11
10725.000000  1.411888e-11
10775.000000  1.389724e-11
10825.000000  1.362381e-11
10875.000000  1.333164e-11
10925.000000  1.151746e-11
10975.000000  1.240301e-11
11025.000000  1.274368e-11
11075.000000  1.259706e-11
11125.000000  1.239178e-11
11175.000000  1.219075e-11
11225.000000  1.199703e-11
11275.000000  1.167497e-11
11325.000000  1.152028e-11
11375.000000  1.142189e-11
11425.000000  1.123754e-11
11475.000000  1.107315e-11
11525.000000  1.090055e-11
11575.000000  1.072653e-11
11625.000000  1.051171e-11
11675.000000  1.034548e-11
11725.000000  1.022695e-11
11775.000000  9.999544e-12
11825.000000  9.902913e-12
11875.000000  9.737456e-12
11925.000000  9.622897e-12
11975.000000  9.459733e-12
12025.000000  9.328134e-12
12075.000000  9.184670e-12
12125.000000  9.043335e-12
12175.000000  8.913259e-12
12225.000000  8.777575e-12
12275.000000  8.641150e-12
12325.000000  8.516897e-12
12375.000000  8.394016e-12
12425.000000  8.276915e-12
12475.000000  8.125950e-12
12525.000000  8.033867e-12
12575.000000  7.895215e-12
12625.000000  7.794106e-12
12675.000000  7.687525e-12
12725.000000  7.555072e-12
12775.000000  7.303520e-12
12825.000000  6.407881e-12
12875.000000  7.146362e-12
12925.000000  7.138404e-12
12975.000000  7.055893e-12
13025.000000  6.960215e-12
13075.000000  6.861960e-12
13125.000000  6.766169e-12
13175.000000  6.652747e-12
13225.000000  6.580194e-12
13275.000000  6.489092e-12
13325.000000  6.399456e-12
13375.000000  6.311558e-12
13425.000000  6.221865e-12
13475.000000  6.136160e-12
13525.000000  6.048907e-12
13575.000000  5.970198e-12
13625.000000  5.889182e-12
13675.000000  5.804080e-12
13725.000000  5.726017e-12
13775.000000  5.659385e-12
13825.000000  5.584525e-12
13875.000000  5.511388e-12
13925.000000  5.435297e-12
13975.000000  5.364971e-12
14025.000000  5.296268e-12
14075.000000  5.226432e-12
14125.000000  5.156833e-12
14175.000000  5.091979e-12
14225.000000  5.025838e-12
14275.000000  4.961220e-12
14325.000000  4.896310e-12
14375.000000  4.832867e-12
14425.000000  4.752007e-12
14475.000000  4.709104e-12
14525.000000  4.642279e-12
14570.000000  4.598202e-12
14620.000000  4.543100e-12
14675.000000  4.484738e-12
14725.000000  4.428113e-12
14775.000000  4.366627e-12
14825.000000  4.320578e-12
14875.000000  4.263603e-12
14925.000000  4.217903e-12
14975.000000  4.161848e-12
15025.000000  4.113101e-12
15075.000000  4.059116e-12
15125.000000  4.010719e-12
15175.000000  3.960584e-12
15225.000000  3.915318e-12
15275.000000  3.859688e-12
15325.000000  3.808949e-12
15375.000000  3.773869e-12
15425.000000  3.698651e-12
15475.000000  3.684177e-12
15525.000000  3.639459e-12
15575.000000  3.534760e-12
15625.000000  3.590366e-12
15675.000000  3.481398e-12
15725.000000  3.389447e-12
15775.000000  3.478737e-12
15825.000000  3.432966e-12
15875.000000  3.181271e-12
15925.000000  3.313879e-12
15975.000000  3.344968e-12
16050.000000  3.244628e-12
16150.000000  3.066103e-12
16250.000000  3.164245e-12
16350.000000  3.023786e-12
16450.000000  2.851360e-12
16550.000000  2.961480e-12
16650.000000  2.897467e-12
16750.000000  2.756658e-12
16850.000000  2.596489e-12
16950.000000  2.704709e-12
17050.000000  2.651663e-12
17150.000000  2.594768e-12
17250.000000  2.526050e-12
17350.000000  2.284822e-12
17450.000000  2.396273e-12
17550.000000  2.374294e-12
17650.000000  2.326231e-12
17750.000000  2.275997e-12
17850.000000  2.229443e-12
17950.000000  2.185465e-12
18050.000000  2.125971e-12
18150.000000  1.942515e-12
18250.000000  2.008180e-12
18350.000000  2.007077e-12
18450.000000  1.968864e-12
18550.000000  1.924772e-12
18650.000000  1.878332e-12
18750.000000  1.715516e-12
18850.000000  1.801500e-12
18950.000000  1.777280e-12
19050.000000  1.743309e-12
19150.000000  1.709573e-12
19250.000000  1.674761e-12
19350.000000  1.631005e-12
19450.000000  1.484488e-12
19550.000000  1.568557e-12
19650.000000  1.549597e-12
19750.000000  1.520395e-12
19850.000000  1.491740e-12
19950.000000  1.463264e-12
20050.000000  1.435840e-12
20150.000000  1.408596e-12
20250.000000  1.382404e-12
20350.000000  1.356895e-12
20450.000000  1.332269e-12
20550.000000  1.307153e-12
20650.000000  1.283096e-12
20750.000000  1.260207e-12
20850.000000  1.237132e-12
20950.000000  1.214653e-12
21050.000000  1.192765e-12
21150.000000  1.170540e-12
21250.000000  1.149830e-12
21350.000000  1.128836e-12
21450.000000  1.109164e-12
21550.000000  1.083729e-12
21650.000000  9.908013e-13
21750.000000  1.040833e-12
21850.000000  1.033503e-12
21950.000000  1.016589e-12
22050.000000  9.991293e-13
22150.000000  9.818278e-13
22250.000000  9.653057e-13
22350.000000  9.488996e-13
22450.000000  9.329191e-13
22550.000000  9.171187e-13
22650.000000  9.018029e-13
22750.000000  8.867021e-13
22850.000000  8.725393e-13
22950.000000  8.580933e-13
23050.000000  8.441320e-13
23150.000000  8.303272e-13
23250.000000  8.168663e-13
23350.000000  8.035932e-13
23450.000000  7.906852e-13
23550.000000  7.779046e-13
23650.000000  7.654543e-13
23750.000000  7.532403e-13
23850.000000  7.412825e-13
23950.000000  7.294322e-13
24050.000000  7.172942e-13
24150.000000  7.060204e-13
24250.000000  6.953274e-13
24350.000000  6.841532e-13
24450.000000  6.730181e-13
24550.000000  6.633493e-13
24650.000000  6.519736e-13
24750.000000  6.420250e-13
24850.000000  6.340295e-13
24950.000000  6.186736e-13
