2505.000000  5.473278e-10
2513.000000  4.699041e-10
2518.000000  4.923758e-10
2525.000000  4.470914e-10
2535.000000  4.582115e-10
2545.000000  4.427280e-10
2555.000000  4.817368e-10
2565.000000  4.652448e-10
2575.000000  5.139457e-10
2585.000000  4.992336e-10
2595.000000  4.855792e-10
2605.000000  4.575726e-10
2615.000000  4.551769e-10
2625.000000  4.886904e-10
2635.000000  4.914355e-10
2645.000000  5.543823e-10
2655.000000  5.427306e-10
2665.000000  4.793770e-10
2675.000000  5.149192e-10
2685.000000  4.940548e-10
2695.000000  4.826051e-10
2705.000000  5.045499e-10
2715.000000  4.740334e-10
2725.000000  4.818740e-10
2735.000000  5.229988e-10
2745.000000  4.227376e-10
2755.000000  4.234931e-10
2765.000000  4.391454e-10
2775.000000  4.829021e-10
2785.000000  4.785574e-10
2795.000000  3.662935e-10
2805.000000  4.208778e-10
2815.000000  4.912407e-10
2825.000000  5.057473e-10
2835.000000  4.686997e-10
2845.000000  4.517656e-10
2855.000000  4.421845e-10
2865.000000  4.772238e-10
2875.000000  4.563292e-10
2885.000000  4.637448e-10
2895.000000  4.394686e-10
2910.000000  4.959880e-10
2930.000000  4.718800e-10
2950.000000  4.700030e-10
2970.000000  4.759264e-10
2990.000000  4.768380e-10
3010.000000  4.889927e-10
3030.000000  4.774701e-10
3050.000000  4.674478e-10
3070.000000  4.600019e-10
3090.000000  4.663077e-10
3110.000000  4.482980e-10
3130.000000  4.434618e-10
3150.000000  4.491859e-10
3170.000000  4.408218e-10
3190.000000  4.225075e-10
3210.000000  4.303536e-10
3230.000000  4.213256e-10
3250.000000  4.205177e-10
3270.000000  4.184953e-10
3290.000000  4.179774e-10
3310.000000  4.173142e-10
3330.000000  4.061411e-10
3350.000000  3.990521e-10
3370.000000  3.957399e-10
3390.000000  3.897421e-10
3410.000000  3.946201e-10
3430.000000  3.900794e-10
3450.000000  3.858991e-10
3470.000000  3.785348e-10
3490.000000  3.743528e-10
3510.000000  3.762715e-10
3530.000000  3.756066e-10
3550.000000  3.729209e-10
3570.000000  3.658613e-10
3590.000000  3.618949e-10
3610.000000  3.583523e-10
3630.000000  3.541574e-10
3640.000000  3.530717e-10
3650.000000  3.574850e-10
3670.000000  3.527231e-10
3690.000000  3.376771e-10
3710.000000  3.554377e-10
3730.000000  3.754511e-10
3750.000000  4.881855e-10
3770.000000  5.076057e-10
3790.000000  5.955975e-10
3810.000000  6.617721e-10
3830.000000  5.359492e-10
3850.000000  6.858222e-10
3870.000000  7.324467e-10
3890.000000  4.889055e-10
3910.000000  7.147291e-10
3930.000000  7.133543e-10
3950.000000  7.048009e-10
3970.000000  4.579786e-10
3990.000000  6.785172e-10
4010.000000  6.895033e-10
4030.000000  6.710911e-10
4050.000000  6.754424e-10
4070.000000  6.547077e-10
4090.000000  5.796605e-10
4110.000000  4.606739e-10
4130.000000  6.156466e-10
4150.000000  6.262484e-10
4170.000000  6.149767e-10
4190.000000  6.085345e-10
4210.000000  6.020811e-10
4230.000000  5.918025e-10
4250.000000  5.796142e-10
4270.000000  5.678464e-10
4290.000000  5.668959e-10
4310.000000  5.483894e-10
4330.000000  4.657324e-10
4350.000000  4.023206e-10
4370.000000  5.281876e-10
4390.000000  5.176617e-10
4410.000000  5.195151e-10
4430.000000  5.089146e-10
4450.000000  5.079265e-10
4470.000000  4.960069e-10
4490.000000  4.850863e-10
4510.000000  4.850497e-10
4530.000000  4.766016e-10
4550.000000  4.651795e-10
4570.000000  4.683251e-10
4590.000000  4.554809e-10
4610.000000  4.585505e-10
4630.000000  4.422505e-10
4650.000000  4.456752e-10
4670.000000  4.372214e-10
4690.000000  4.314351e-10
4710.000000  4.185835e-10
4730.000000  4.210081e-10
4750.000000  4.145749e-10
4770.000000  4.123002e-10
4790.000000  4.061496e-10
4810.000000  3.979171e-10
4830.000000  3.880712e-10
4850.000000  3.361353e-10
4870.000000  2.794575e-10
4890.000000  3.719933e-10
4910.000000  3.721610e-10
4930.000000  3.647911e-10
4950.000000  3.639882e-10
4970.000000  3.610070e-10
4990.000000  3.545813e-10
5010.000000  3.426125e-10
5030.000000  3.414471e-10
5050.000000  3.340681e-10
5070.000000  3.347076e-10
5090.000000  3.305126e-10
5110.000000  3.246612e-10
5130.000000  3.229067e-10
5150.000000  3.147688e-10
5170.000000  3.109773e-10
5190.000000  3.083676e-10
5210.000000  3.030404e-10
5230.000000  2.986877e-10
5250.000000  2.986634e-10
5270.000000  2.910618e-10
5290.000000  2.936485e-10
5310.000000  2.857243e-10
5330.000000  2.849085e-10
5350.000000  2.833494e-10
5370.000000  2.795890e-10
5390.000000  2.761306e-10
5410.000000  2.714456e-10
5430.000000  2.691547e-10
5450.000000  2.671703e-10
5470.000000  2.634748e-10
5490.000000  2.609928e-10
5510.000000  2.574007e-10
5530.000000  2.554658e-10
5550.000000  2.526932e-10
5570.000000  2.496833e-10
5590.000000  2.471883e-10
5610.000000  2.453535e-10
5630.000000  2.425812e-10
5650.000000  2.377043e-10
5670.000000  2.358057e-10
5690.000000  2.341380e-10
5710.000000  2.317396e-10
5730.000000  2.291627e-10
5750.000000  2.264424e-10
5770.000000  2.240098e-10
5790.000000  2.207597e-10
5810.000000  2.186572e-10
5830.000000  2.163684e-10
5850.000000  2.141945e-10
5870.000000  2.103487e-10
5890.000000  2.082184e-10
5910.000000  2.069948e-10
5930.000000  2.052369e-10
5950.000000  2.012213e-10
5970.000000  2.000265e-10
5990.000000  1.973626e-10
6010.000000  1.961922e-10
6030.000000  1.942227e-10
6050.000000  1.918013e-10
6070.000000  1.898313e-10
6090.000000  1.878115e-10
6110.000000  1.860355e-10
6130.000000  1.838730e-10
6150.000000  1.794535e-10
6170.000000  1.799149e-10
6190.000000  1.782908e-10
6210.000000  1.764516e-10
6230.000000  1.741618e-10
6250.000000  1.705556e-10
6270.000000  1.709506e-10
6290.000000  1.690698e-10
6310.000000  1.667017e-10
6330.000000  1.654739e-10
6350.000000  1.611821e-10
6370.000000  1.604443e-10
6390.000000  1.601990e-10
6410.000000  1.583042e-10
6430.000000  1.571342e-10
6450.000000  1.541698e-10
6470.000000  1.541358e-10
6490.000000  1.514736e-10
6510.000000  1.497854e-10
6530.000000  1.472207e-10
6550.000000  1.347354e-10
6570.000000  1.111720e-10
6590.000000  1.412659e-10
6610.000000  1.427056e-10
6630.000000  1.415865e-10
6650.000000  1.407012e-10
6670.000000  1.389667e-10
6690.000000  1.377069e-10
6710.000000  1.366259e-10
6730.000000  1.350790e-10
6750.000000  1.338837e-10
6770.000000  1.327094e-10
6790.000000  1.312490e-10
6810.000000  1.300395e-10
6830.000000  1.285217e-10
6850.000000  1.274412e-10
6870.000000  1.262610e-10
6890.000000  1.251233e-10
6910.000000  1.238359e-10
6930.000000  1.223982e-10
6950.000000  1.215544e-10
6970.000000  1.204107e-10
6990.000000  1.193886e-10
7010.000000  1.178791e-10
7030.000000  1.171018e-10
7050.000000  1.156061e-10
7070.000000  1.146350e-10
7090.000000  1.138863e-10
7110.000000  1.122851e-10
7130.000000  1.114865e-10
7150.000000  1.105510e-10
7170.000000  1.095810e-10
7190.000000  1.086172e-10
7210.000000  1.076542e-10
7230.000000  1.063832e-10
7250.000000  1.054343e-10
7270.000000  1.046935e-10
7290.000000  1.036658e-10
7310.000000  1.026746e-10
7330.000000  1.018268e-10
7350.000000  1.010361e-10
7370.000000  1.001244e-10
7390.000000  9.919044e-11
7410.000000  9.822818e-11
7430.000000  9.692145e-11
7450.000000  9.624025e-11
7470.000000  9.506979e-11
7490.000000  9.450980e-11
7510.000000  9.359867e-11
7530.000000  9.307381e-11
7550.000000  9.227718e-11
7570.000000  9.145916e-11
7590.000000  9.058444e-11
7610.000000  8.993820e-11
7630.000000  8.909136e-11
7650.000000  8.815938e-11
7670.000000  8.747818e-11
7690.000000  8.666759e-11
7710.000000  8.587132e-11
7730.000000  8.522636e-11
7750.000000  8.446634e-11
7770.000000  8.214638e-11
7790.000000  8.302584e-11
7810.000000  8.241602e-11
7830.000000  8.162773e-11
7850.000000  8.054555e-11
7870.000000  7.973366e-11
7890.000000  7.879426e-11
7910.000000  7.876233e-11
7930.000000  7.823207e-11
7950.000000  7.695598e-11
7970.000000  7.691443e-11
7990.000000  7.517660e-11
8010.000000  7.562561e-11
8030.000000  7.495330e-11
8050.000000  7.430926e-11
8070.000000  7.369348e-11
8090.000000  7.305630e-11
8110.000000  7.240556e-11
8130.000000  7.188329e-11
8150.000000  7.129668e-11
8170.000000  7.073889e-11
8190.000000  6.984367e-11
8210.000000  6.915911e-11
8230.000000  6.828677e-11
8250.000000  6.845488e-11
8270.000000  6.821385e-11
8290.000000  6.736235e-11
8310.000000  6.707130e-11
8330.000000  6.634805e-11
8350.000000  6.592764e-11
8370.000000  6.536913e-11
8390.000000  6.473791e-11
8410.000000  6.394220e-11
8430.000000  6.342100e-11
8450.000000  6.222226e-11
8470.000000  6.105880e-11
8490.000000  6.285033e-11
8510.000000  5.901975e-11
8530.000000  6.310349e-11
8550.000000  5.614356e-11
8570.000000  6.358212e-11
8590.000000  5.873662e-11
8610.000000  5.710729e-11
8630.000000  6.383154e-11
8650.000000  6.144772e-11
8670.000000  5.106082e-11
8690.000000  6.235082e-11
8710.000000  6.419533e-11
8730.000000  6.192894e-11
8750.000000  4.915673e-11
8770.000000  5.913789e-11
8790.000000  6.294878e-11
8810.000000  6.280511e-11
8830.000000  6.115223e-11
8850.000000  5.604664e-11
8870.000000  4.741957e-11
8890.000000  5.902348e-11
8910.000000  6.017725e-11
8930.000000  5.982393e-11
8950.000000  5.982099e-11
8970.000000  5.906095e-11
8990.000000  5.717762e-11
9010.000000  4.635567e-11
9030.000000  5.064970e-11
9050.000000  5.643992e-11
9070.000000  5.603971e-11
9090.000000  5.574885e-11
9110.000000  5.587826e-11
9130.000000  5.558666e-11
9150.000000  5.538278e-11
9170.000000  5.462365e-11
9190.000000  5.345986e-11
9210.000000  5.085161e-11
9230.000000  4.017322e-11
9250.000000  4.905385e-11
9270.000000  5.078902e-11
9290.000000  5.210418e-11
9310.000000  5.204473e-11
9330.000000  5.155456e-11
9350.000000  5.137838e-11
9370.000000  5.102357e-11
9390.000000  5.038785e-11
9410.000000  4.934170e-11
9430.000000  4.977134e-11
9450.000000  4.948064e-11
9470.000000  4.895944e-11
9490.000000  4.845981e-11
9510.000000  4.761221e-11
9530.000000  4.460472e-11
9550.000000  3.615289e-11
9570.000000  4.474267e-11
9590.000000  4.639478e-11
9610.000000  4.630185e-11
9630.000000  4.540051e-11
9650.000000  4.591787e-11
9670.000000  4.534015e-11
9690.000000  4.521584e-11
9710.000000  4.501140e-11
9730.000000  4.463519e-11
9750.000000  4.425228e-11
9770.000000  4.401272e-11
9790.000000  4.364319e-11
9810.000000  4.328911e-11
9830.000000  4.285563e-11
9850.000000  4.261624e-11
9870.000000  4.230453e-11
9890.000000  4.186363e-11
9910.000000  4.171123e-11
9930.000000  4.142110e-11
9950.000000  4.110214e-11
9970.000000  4.074750e-11
9990.000000  4.037054e-11
10025.000000  3.747236e-11
10075.000000  3.546157e-11
10125.000000  3.804300e-11
10175.000000  3.785850e-11
10225.000000  3.732898e-11
10275.000000  3.669106e-11
10325.000000  3.601802e-11
10375.000000  3.540242e-11
10425.000000  3.482288e-11
10475.000000  3.412844e-11
10525.000000  3.351284e-11
10575.000000  3.301304e-11
10625.000000  3.251251e-11
10675.000000  3.167382e-11
10725.000000  3.131845e-11
10775.000000  3.085434e-11
10825.000000  3.026828e-11
10875.000000  2.965947e-11
10925.000000  2.579245e-11
10975.000000  2.776272e-11
11025.000000  2.833899e-11
11075.000000  2.798125e-11
11125.000000  2.752356e-11
11175.000000  2.707604e-11
11225.000000  2.665010e-11
11275.000000  2.591974e-11
11325.000000  2.557977e-11
11375.000000  2.537500e-11
11425.000000  2.496653e-11
11475.000000  2.460625e-11
11525.000000  2.422388e-11
11575.000000  2.383868e-11
11625.000000  2.335874e-11
11675.000000  2.298575e-11
11725.000000  2.273440e-11
11775.000000  2.222110e-11
11825.000000  2.201020e-11
11875.000000  2.164264e-11
11925.000000  2.139719e-11
11975.000000  2.103106e-11
12025.000000  2.074185e-11
12075.000000  2.042112e-11
12125.000000  2.011120e-11
12175.000000  1.982429e-11
12225.000000  1.952374e-11
12275.000000  1.921831e-11
12325.000000  1.894587e-11
12375.000000  1.867204e-11
12425.000000  1.841409e-11
12475.000000  1.807493e-11
12525.000000  1.787459e-11
12575.000000  1.756356e-11
12625.000000  1.734381e-11
12675.000000  1.711268e-11
12725.000000  1.683590e-11
12775.000000  1.634188e-11
12825.000000  1.438346e-11
12875.000000  1.597103e-11
12925.000000  1.590816e-11
12975.000000  1.571116e-11
13025.000000  1.549529e-11
13075.000000  1.527942e-11
13125.000000  1.506586e-11
13175.000000  1.481050e-11
13225.000000  1.465226e-11
13275.000000  1.445022e-11
13325.000000  1.425174e-11
13375.000000  1.405691e-11
13425.000000  1.385502e-11
13475.000000  1.366591e-11
13525.000000  1.347049e-11
13575.000000  1.329731e-11
13625.000000  1.311914e-11
13675.000000  1.292735e-11
13725.000000  1.275498e-11
13775.000000  1.260848e-11
13825.000000  1.244190e-11
13875.000000  1.228174e-11
13925.000000  1.211019e-11
13975.000000  1.195514e-11
14025.000000  1.180301e-11
14075.000000  1.164810e-11
14125.000000  1.149379e-11
14175.000000  1.134818e-11
14225.000000  1.120186e-11
14275.000000  1.105848e-11
14325.000000  1.091579e-11
14375.000000  1.077531e-11
14425.000000  1.058956e-11
14475.000000  1.049868e-11
14525.000000  1.034743e-11
14570.000000  1.025307e-11
14620.000000  1.013008e-11
14675.000000  1.000179e-11
14725.000000  9.875826e-12
14775.000000  9.736921e-12
14825.000000  9.636816e-12
14875.000000  9.508693e-12
14925.000000  9.408605e-12
14975.000000  9.281225e-12
15025.000000  9.172584e-12
15075.000000  9.050188e-12
15125.000000  8.942199e-12
15175.000000  8.828502e-12
15225.000000  8.732146e-12
15275.000000  8.598062e-12
15325.000000  8.484381e-12
15375.000000  8.419975e-12
15425.000000  8.225092e-12
15475.000000  8.227284e-12
15525.000000  8.136726e-12
15575.000000  7.844075e-12
15625.000000  8.044795e-12
15675.000000  7.776006e-12
15725.000000  7.531178e-12
15775.000000  7.800059e-12
15825.000000  7.703611e-12
15875.000000  7.057520e-12
15925.000000  7.436308e-12
15975.000000  7.504527e-12
16050.000000  7.286515e-12
16150.000000  6.862709e-12
16250.000000  7.098215e-12
16350.000000  6.799013e-12
16450.000000  6.398458e-12
16550.000000  6.640452e-12
16650.000000  6.497017e-12
16750.000000  6.200770e-12
16850.000000  5.835027e-12
16950.000000  6.065406e-12
17050.000000  5.940038e-12
17150.000000  5.812511e-12
17250.000000  5.666248e-12
17350.000000  5.144068e-12
17450.000000  5.383832e-12
17550.000000  5.319357e-12
17650.000000  5.211368e-12
17750.000000  5.099845e-12
17850.000000  4.995498e-12
17950.000000  4.896225e-12
18050.000000  4.768120e-12
18150.000000  4.373973e-12
18250.000000  4.517452e-12
18350.000000  4.500040e-12
18450.000000  4.412310e-12
18550.000000  4.315396e-12
18650.000000  4.216809e-12
18750.000000  3.865488e-12
18850.000000  4.045102e-12
18950.000000  3.983543e-12
19050.000000  3.907540e-12
19150.000000  3.832133e-12
19250.000000  3.756074e-12
19350.000000  3.665499e-12
19450.000000  3.348991e-12
19550.000000  3.524980e-12
19650.000000  3.475744e-12
19750.000000  3.409092e-12
19850.000000  3.344632e-12
19950.000000  3.283053e-12
20050.000000  3.219336e-12
20150.000000  3.160657e-12
20250.000000  3.101996e-12
20350.000000  3.044004e-12
20450.000000  2.988225e-12
20550.000000  2.933166e-12
20650.000000  2.878560e-12
20750.000000  2.826617e-12
20850.000000  2.775553e-12
20950.000000  2.725132e-12
21050.000000  2.676164e-12
21150.000000  2.626060e-12
21250.000000  2.579693e-12
21350.000000  2.532768e-12
21450.000000  2.489574e-12
21550.000000  2.436312e-12
21650.000000  2.235851e-12
21750.000000  2.342211e-12
21850.000000  2.320939e-12
21950.000000  2.281594e-12
22050.000000  2.242476e-12
22150.000000  2.203509e-12
22250.000000  2.166769e-12
22350.000000  2.129975e-12
22450.000000  2.094112e-12
22550.000000  2.058768e-12
22650.000000  2.024427e-12
22750.000000  1.990595e-12
22850.000000  1.959019e-12
22950.000000  1.926637e-12
23050.000000  1.895197e-12
23150.000000  1.864270e-12
23250.000000  1.834207e-12
23350.000000  1.804440e-12
23450.000000  1.775596e-12
23550.000000  1.746989e-12
23650.000000  1.719023e-12
23750.000000  1.691575e-12
23850.000000  1.664548e-12
23950.000000  1.637970e-12
24050.000000  1.610591e-12
24150.000000  1.584945e-12
24250.000000  1.561611e-12
24350.000000  1.536186e-12
24450.000000  1.510547e-12
24550.000000  1.489896e-12
24650.000000  1.463598e-12
24750.000000  1.441431e-12
24850.000000  1.425643e-12
24950.000000  1.385870e-12
