2505.000000  1.970135e-11
2513.000000  1.704646e-11
2518.000000  1.761400e-11
2525.000000  1.609606e-11
2535.000000  1.612440e-11
2545.000000  1.585533e-11
2555.000000  1.718672e-11
2565.000000  1.682252e-11
2575.000000  1.835297e-11
2585.000000  1.815985e-11
2595.000000  1.757613e-11
2605.000000  1.666952e-11
2615.000000  1.649545e-11
2625.000000  1.779921e-11
2635.000000  1.785620e-11
2645.000000  2.021289e-11
2655.000000  1.982573e-11
2665.000000  1.756790e-11
2675.000000  1.873647e-11
2685.000000  1.817339e-11
2695.000000  1.762027e-11
2705.000000  1.825785e-11
2715.000000  1.719640e-11
2725.000000  1.745181e-11
2735.000000  1.894219e-11
2745.000000  1.548643e-11
2755.000000  1.558994e-11
2765.000000  1.608910e-11
2775.000000  1.762864e-11
2785.000000  1.713550e-11
2795.000000  1.227403e-11
2805.000000  1.428974e-11
2815.000000  1.787999e-11
2825.000000  1.844974e-11
2835.000000  1.738012e-11
2845.000000  1.666485e-11
2855.000000  1.611788e-11
2865.000000  1.747581e-11
2875.000000  1.677373e-11
2885.000000  1.708652e-11
2895.000000  1.618024e-11
2910.000000  1.823558e-11
2930.000000  1.731720e-11
2950.000000  1.727169e-11
2970.000000  1.756487e-11
2990.000000  1.762466e-11
3010.000000  1.795382e-11
3030.000000  1.757299e-11
3050.000000  1.726894e-11
3070.000000  1.701044e-11
3090.000000  1.723765e-11
3110.000000  1.664994e-11
3130.000000  1.651145e-11
3150.000000  1.673787e-11
3170.000000  1.651738e-11
3190.000000  1.581704e-11
3210.000000  1.611618e-11
3230.000000  1.572112e-11
3250.000000  1.580885e-11
3270.000000  1.575664e-11
3290.000000  1.580863e-11
3310.000000  1.580904e-11
3330.000000  1.538783e-11
3350.000000  1.511645e-11
3370.000000  1.504087e-11
3390.000000  1.487050e-11
3410.000000  1.507433e-11
3430.000000  1.495734e-11
3450.000000  1.479439e-11
3470.000000  1.454299e-11
3490.000000  1.441164e-11
3510.000000  1.450894e-11
3530.000000  1.448488e-11
3550.000000  1.442126e-11
3570.000000  1.411663e-11
3590.000000  1.399657e-11
3610.000000  1.389126e-11
3630.000000  1.378014e-11
3640.000000  1.369272e-11
3650.000000  1.400695e-11
3670.000000  1.389355e-11
3690.000000  1.339588e-11
3710.000000  1.342221e-11
3730.000000  1.348318e-11
3750.000000  1.695633e-11
3770.000000  1.808447e-11
3790.000000  2.256104e-11
3810.000000  2.613287e-11
3830.000000  2.048937e-11
3850.000000  2.813637e-11
3870.000000  3.167035e-11
3890.000000  1.791087e-11
3910.000000  3.112914e-11
3930.000000  3.183411e-11
3950.000000  3.095079e-11
3970.000000  1.691765e-11
3990.000000  2.961275e-11
4010.000000  3.181425e-11
4030.000000  3.134145e-11
4050.000000  3.123454e-11
4070.000000  2.991108e-11
4090.000000  2.390347e-11
4110.000000  1.813161e-11
4130.000000  2.795190e-11
4150.000000  2.910194e-11
4170.000000  2.866985e-11
4190.000000  2.835226e-11
4210.000000  2.804157e-11
4230.000000  2.749478e-11
4250.000000  2.699687e-11
4270.000000  2.634928e-11
4290.000000  2.628009e-11
4310.000000  2.487347e-11
4330.000000  1.905579e-11
4350.000000  1.616217e-11
4370.000000  2.399961e-11
4390.000000  2.404599e-11
4410.000000  2.408838e-11
4430.000000  2.368310e-11
4450.000000  2.374777e-11
4470.000000  2.331013e-11
4490.000000  2.267421e-11
4510.000000  2.278199e-11
4530.000000  2.235724e-11
4550.000000  2.180319e-11
4570.000000  2.196263e-11
4590.000000  2.140068e-11
4610.000000  2.155034e-11
4630.000000  2.081688e-11
4650.000000  2.095031e-11
4670.000000  2.057201e-11
4690.000000  2.015441e-11
4710.000000  1.950235e-11
4730.000000  1.979981e-11
4750.000000  1.951324e-11
4770.000000  1.931939e-11
4790.000000  1.902716e-11
4810.000000  1.856411e-11
4830.000000  1.780661e-11
4850.000000  1.402906e-11
4870.000000  1.131562e-11
4890.000000  1.682928e-11
4910.000000  1.735658e-11
4930.000000  1.712130e-11
4950.000000  1.710284e-11
4970.000000  1.699901e-11
4990.000000  1.669667e-11
5010.000000  1.619394e-11
5030.000000  1.613546e-11
5050.000000  1.580099e-11
5070.000000  1.584358e-11
5090.000000  1.564947e-11
5110.000000  1.541246e-11
5130.000000  1.527887e-11
5150.000000  1.494847e-11
5170.000000  1.467217e-11
5190.000000  1.454614e-11
5210.000000  1.442162e-11
5230.000000  1.414311e-11
5250.000000  1.416939e-11
5270.000000  1.375015e-11
5290.000000  1.388486e-11
5310.000000  1.353551e-11
5330.000000  1.340565e-11
5350.000000  1.342039e-11
5370.000000  1.322485e-11
5390.000000  1.306567e-11
5410.000000  1.283439e-11
5430.000000  1.274099e-11
5450.000000  1.266113e-11
5470.000000  1.249123e-11
5490.000000  1.236695e-11
5510.000000  1.220997e-11
5530.000000  1.208528e-11
5550.000000  1.196922e-11
5570.000000  1.182649e-11
5590.000000  1.171102e-11
5610.000000  1.161308e-11
5630.000000  1.148093e-11
5650.000000  1.129942e-11
5670.000000  1.118764e-11
5690.000000  1.109229e-11
5710.000000  1.097697e-11
5730.000000  1.086319e-11
5750.000000  1.072689e-11
5770.000000  1.061472e-11
5790.000000  1.047568e-11
5810.000000  1.037630e-11
5830.000000  1.026654e-11
5850.000000  1.016108e-11
5870.000000  1.001791e-11
5890.000000  9.864393e-12
5910.000000  9.825454e-12
5930.000000  9.731735e-12
5950.000000  9.572892e-12
5970.000000  9.502119e-12
5990.000000  9.374783e-12
6010.000000  9.300430e-12
6030.000000  9.218183e-12
6050.000000  9.105041e-12
6070.000000  9.019114e-12
6090.000000  8.924615e-12
6110.000000  8.832520e-12
6130.000000  8.732073e-12
6150.000000  8.506237e-12
6170.000000  8.545048e-12
6190.000000  8.473514e-12
6210.000000  8.386287e-12
6230.000000  8.286551e-12
6250.000000  8.127238e-12
6270.000000  8.129860e-12
6290.000000  8.045932e-12
6310.000000  7.939981e-12
6330.000000  7.877091e-12
6350.000000  7.685816e-12
6370.000000  7.650576e-12
6390.000000  7.633091e-12
6410.000000  7.540482e-12
6430.000000  7.479580e-12
6450.000000  7.328779e-12
6470.000000  7.322549e-12
6490.000000  7.197849e-12
6510.000000  7.103233e-12
6530.000000  6.898550e-12
6550.000000  5.994386e-12
6570.000000  4.831245e-12
6590.000000  6.516506e-12
6610.000000  6.738794e-12
6630.000000  6.729245e-12
6650.000000  6.688797e-12
6670.000000  6.628435e-12
6690.000000  6.573863e-12
6710.000000  6.519435e-12
6730.000000  6.441166e-12
6750.000000  6.388721e-12
6770.000000  6.335219e-12
6790.000000  6.270066e-12
6810.000000  6.212752e-12
6830.000000  6.145287e-12
6850.000000  6.091074e-12
6870.000000  6.036216e-12
6890.000000  5.981314e-12
6910.000000  5.922377e-12
6930.000000  5.860615e-12
6950.000000  5.812060e-12
6970.000000  5.757435e-12
6990.000000  5.709025e-12
7010.000000  5.630045e-12
7030.000000  5.600186e-12
7050.000000  5.538192e-12
7070.000000  5.495072e-12
7090.000000  5.449619e-12
7110.000000  5.356488e-12
7130.000000  5.337679e-12
7150.000000  5.289269e-12
7170.000000  5.246983e-12
7190.000000  5.200328e-12
7210.000000  5.154375e-12
7230.000000  5.101005e-12
7250.000000  5.048371e-12
7270.000000  5.015823e-12
7290.000000  4.966856e-12
7310.000000  4.921179e-12
7330.000000  4.881573e-12
7350.000000  4.841278e-12
7370.000000  4.798848e-12
7390.000000  4.753127e-12
7410.000000  4.706616e-12
7430.000000  4.641042e-12
7450.000000  4.612806e-12
7470.000000  4.554658e-12
7490.000000  4.532493e-12
7510.000000  4.495498e-12
7530.000000  4.466275e-12
7550.000000  4.429647e-12
7570.000000  4.391107e-12
7590.000000  4.352067e-12
7610.000000  4.318120e-12
7630.000000  4.278101e-12
7650.000000  4.236881e-12
7670.000000  4.200477e-12
7690.000000  4.164539e-12
7710.000000  4.127354e-12
7730.000000  4.097074e-12
7750.000000  4.061135e-12
7770.000000  3.938426e-12
7790.000000  3.993662e-12
7810.000000  3.961758e-12
7830.000000  3.924152e-12
7850.000000  3.878753e-12
7870.000000  3.834790e-12
7890.000000  3.789903e-12
7910.000000  3.785446e-12
7930.000000  3.762312e-12
7950.000000  3.699339e-12
7970.000000  3.702730e-12
7990.000000  3.614021e-12
8010.000000  3.640402e-12
8030.000000  3.608499e-12
8050.000000  3.579986e-12
8070.000000  3.549561e-12
8090.000000  3.520904e-12
8110.000000  3.490488e-12
8130.000000  3.465077e-12
8150.000000  3.437766e-12
8170.000000  3.410587e-12
8190.000000  3.359296e-12
8210.000000  3.340377e-12
8230.000000  3.302815e-12
8250.000000  3.304806e-12
8270.000000  3.301749e-12
8290.000000  3.267578e-12
8310.000000  3.250370e-12
8330.000000  3.211553e-12
8350.000000  3.199969e-12
8370.000000  3.178225e-12
8390.000000  3.149432e-12
8410.000000  3.117591e-12
8430.000000  3.085320e-12
8450.000000  3.016723e-12
8470.000000  2.998197e-12
8490.000000  3.018734e-12
8510.000000  2.891277e-12
8530.000000  3.003602e-12
8550.000000  2.739870e-12
8570.000000  3.015556e-12
8590.000000  2.798119e-12
8610.000000  2.733933e-12
8630.000000  3.023423e-12
8650.000000  2.881497e-12
8670.000000  2.413442e-12
8690.000000  2.925641e-12
8710.000000  3.052727e-12
8730.000000  2.908211e-12
8750.000000  2.285815e-12
8770.000000  2.751679e-12
8790.000000  3.030106e-12
8810.000000  3.048835e-12
8830.000000  2.942793e-12
8850.000000  2.584495e-12
8870.000000  2.185158e-12
8890.000000  2.788148e-12
8910.000000  2.927785e-12
8930.000000  2.938320e-12
8950.000000  2.940921e-12
8970.000000  2.882307e-12
8990.000000  2.717535e-12
9010.000000  2.129692e-12
9030.000000  2.328415e-12
9050.000000  2.711365e-12
9070.000000  2.741975e-12
9090.000000  2.736954e-12
9110.000000  2.762116e-12
9130.000000  2.752523e-12
9150.000000  2.739108e-12
9170.000000  2.693180e-12
9190.000000  2.605566e-12
9210.000000  2.391559e-12
9230.000000  1.847562e-12
9250.000000  2.287599e-12
9270.000000  2.459490e-12
9290.000000  2.570024e-12
9310.000000  2.576776e-12
9330.000000  2.557775e-12
9350.000000  2.548603e-12
9370.000000  2.532794e-12
9390.000000  2.495188e-12
9410.000000  2.443520e-12
9430.000000  2.466386e-12
9450.000000  2.450937e-12
9470.000000  2.422915e-12
9490.000000  2.386019e-12
9510.000000  2.312822e-12
9530.000000  2.082056e-12
9550.000000  1.663889e-12
9570.000000  2.102787e-12
9590.000000  2.260439e-12
9610.000000  2.280300e-12
9630.000000  2.245266e-12
9650.000000  2.275467e-12
9670.000000  2.247885e-12
9690.000000  2.243573e-12
9710.000000  2.238059e-12
9730.000000  2.219838e-12
9750.000000  2.202130e-12
9770.000000  2.189567e-12
9790.000000  2.172271e-12
9810.000000  2.154418e-12
9830.000000  2.131274e-12
9850.000000  2.119492e-12
9870.000000  2.102051e-12
9890.000000  2.076451e-12
9910.000000  2.072560e-12
9930.000000  2.055119e-12
9950.000000  2.038613e-12
9970.000000  2.021119e-12
9990.000000  1.992899e-12
10025.000000  1.787444e-12
10075.000000  1.688861e-12
10125.000000  1.884689e-12
10175.000000  1.883694e-12
10225.000000  1.860327e-12
10275.000000  1.827912e-12
10325.000000  1.794762e-12
10375.000000  1.764482e-12
10425.000000  1.735825e-12
10475.000000  1.698351e-12
10525.000000  1.668492e-12
10575.000000  1.644370e-12
10625.000000  1.620109e-12
10675.000000  1.572985e-12
10725.000000  1.558933e-12
10775.000000  1.535481e-12
10825.000000  1.506292e-12
10875.000000  1.463221e-12
10925.000000  1.223558e-12
10975.000000  1.336753e-12
11025.000000  1.406644e-12
11075.000000  1.393945e-12
11125.000000  1.373869e-12
11175.000000  1.352566e-12
11225.000000  1.331394e-12
11275.000000  1.291395e-12
11325.000000  1.274761e-12
11375.000000  1.267014e-12
11425.000000  1.246035e-12
11475.000000  1.229854e-12
11525.000000  1.211171e-12
11575.000000  1.191835e-12
11625.000000  1.166361e-12
11675.000000  1.145852e-12
11725.000000  1.137673e-12
11775.000000  1.108320e-12
11825.000000  1.098840e-12
11875.000000  1.079941e-12
11925.000000  1.070852e-12
11975.000000  1.050790e-12
12025.000000  1.037436e-12
12075.000000  1.020709e-12
12125.000000  1.005782e-12
12175.000000  9.921726e-13
12225.000000  9.770000e-13
12275.000000  9.613261e-13
12325.000000  9.480222e-13
12375.000000  9.346394e-13
12425.000000  9.223659e-13
12475.000000  9.047435e-13
12525.000000  8.953212e-13
12575.000000  8.783423e-13
12625.000000  8.677492e-13
12675.000000  8.557252e-13
12725.000000  8.394891e-13
12775.000000  8.014252e-13
12825.000000  6.864704e-13
12875.000000  7.869860e-13
12925.000000  7.940699e-13
12975.000000  7.864599e-13
13025.000000  7.769146e-13
13075.000000  7.663628e-13
13125.000000  7.557066e-13
13175.000000  7.424672e-13
13225.000000  7.351961e-13
13275.000000  7.252036e-13
13325.000000  7.152936e-13
13375.000000  7.056257e-13
13425.000000  6.955811e-13
13475.000000  6.860333e-13
13525.000000  6.758219e-13
13575.000000  6.673314e-13
13625.000000  6.585996e-13
13675.000000  6.490940e-13
13725.000000  6.397441e-13
13775.000000  6.331367e-13
13825.000000  6.249295e-13
13875.000000  6.170093e-13
13925.000000  6.082441e-13
13975.000000  6.007695e-13
14025.000000  5.931694e-13
14075.000000  5.855325e-13
14125.000000  5.777833e-13
14175.000000  5.705077e-13
14225.000000  5.631533e-13
14275.000000  5.559054e-13
14325.000000  5.488199e-13
14375.000000  5.419524e-13
14425.000000  5.309606e-13
14475.000000  5.281471e-13
14525.000000  5.197298e-13
14570.000000  5.157201e-13
14620.000000  5.096719e-13
14675.000000  5.036436e-13
14725.000000  4.972072e-13
14775.000000  4.898760e-13
14825.000000  4.851039e-13
14875.000000  4.780973e-13
14925.000000  4.741144e-13
14975.000000  4.676781e-13
15025.000000  4.619141e-13
15075.000000  4.561038e-13
15125.000000  4.513603e-13
15175.000000  4.457499e-13
15225.000000  4.405975e-13
15275.000000  4.347612e-13
15325.000000  4.290439e-13
15375.000000  4.247112e-13
15425.000000  4.167065e-13
15475.000000  4.143376e-13
15525.000000  4.090364e-13
15575.000000  3.987360e-13
15625.000000  4.034863e-13
15675.000000  3.911531e-13
15725.000000  3.816992e-13
15775.000000  3.907553e-13
15825.000000  3.855752e-13
15875.000000  3.573354e-13
15925.000000  3.713323e-13
15975.000000  3.767592e-13
16050.000000  3.638308e-13
16150.000000  3.434105e-13
16250.000000  3.575480e-13
16350.000000  3.388064e-13
16450.000000  3.183325e-13
16550.000000  3.355839e-13
16650.000000  3.285870e-13
16750.000000  3.088127e-13
16850.000000  2.894542e-13
16950.000000  3.069637e-13
17050.000000  3.014376e-13
17150.000000  2.950157e-13
17250.000000  2.858631e-13
17350.000000  2.534544e-13
17450.000000  2.698952e-13
17550.000000  2.696081e-13
17650.000000  2.645689e-13
17750.000000  2.591907e-13
17850.000000  2.538483e-13
17950.000000  2.487463e-13
18050.000000  2.411808e-13
18150.000000  2.162892e-13
18250.000000  2.258558e-13
18350.000000  2.281388e-13
18450.000000  2.242849e-13
18550.000000  2.190123e-13
18650.000000  2.130934e-13
18750.000000  1.905706e-13
18850.000000  2.039760e-13
18950.000000  2.022167e-13
19050.000000  1.989484e-13
19150.000000  1.949887e-13
19250.000000  1.908192e-13
19350.000000  1.849271e-13
19450.000000  1.651668e-13
19550.000000  1.778416e-13
19650.000000  1.766894e-13
19750.000000  1.735697e-13
19850.000000  1.703794e-13
19950.000000  1.671746e-13
20050.000000  1.640083e-13
20150.000000  1.609904e-13
20250.000000  1.579786e-13
20350.000000  1.550391e-13
20450.000000  1.522225e-13
20550.000000  1.494369e-13
20650.000000  1.466593e-13
20750.000000  1.440147e-13
20850.000000  1.414374e-13
20950.000000  1.388911e-13
21050.000000  1.363800e-13
21150.000000  1.337817e-13
21250.000000  1.314344e-13
21350.000000  1.290475e-13
21450.000000  1.266940e-13
21550.000000  1.232829e-13
21650.000000  1.108431e-13
21750.000000  1.180752e-13
21850.000000  1.180328e-13
21950.000000  1.163504e-13
22050.000000  1.143497e-13
22150.000000  1.123455e-13
22250.000000  1.105380e-13
22350.000000  1.086599e-13
22450.000000  1.068412e-13
22550.000000  1.050141e-13
22650.000000  1.032956e-13
22750.000000  1.015743e-13
22850.000000  9.998232e-14
22950.000000  9.832589e-14
23050.000000  9.675481e-14
23150.000000  9.517953e-14
23250.000000  9.365815e-14
23350.000000  9.214778e-14
23450.000000  9.066988e-14
23550.000000  8.922175e-14
23650.000000  8.780465e-14
23750.000000  8.641578e-14
23850.000000  8.504737e-14
23950.000000  8.369794e-14
24050.000000  8.233786e-14
24150.000000  8.105204e-14
24250.000000  7.981991e-14
24350.000000  7.855309e-14
24450.000000  7.728903e-14
24550.000000  7.614309e-14
24650.000000  7.487679e-14
24750.000000  7.373415e-14
24850.000000  7.273221e-14
24950.000000  7.111924e-14
