2505.000000  2.979746e-16
2513.000000  1.780304e-16
2518.000000  1.901846e-16
2525.000000  2.560307e-16
2535.000000  9.055581e-16
2545.000000  1.138348e-15
2555.000000  1.334860e-15
2565.000000  5.246960e-16
2575.000000  1.293086e-15
2585.000000  6.156724e-16
2595.000000  9.917376e-16
2605.000000  1.555042e-15
2615.000000  1.221798e-15
2625.000000  2.653574e-15
2635.000000  5.611329e-15
2645.000000  3.783169e-15
2655.000000  8.141372e-15
2665.000000  4.436633e-15
2675.000000  5.007586e-15
2685.000000  6.697894e-15
2695.000000  3.009463e-15
2705.000000  8.528366e-15
2715.000000  6.270837e-15
2725.000000  4.174898e-15
2735.000000  4.920034e-15
2745.000000  7.186433e-15
2755.000000  7.371362e-15
2765.000000  1.308824e-14
2775.000000  1.882167e-14
2785.000000  9.407611e-15
2795.000000  8.307299e-15
2805.000000  8.645043e-15
2815.000000  1.639554e-14
2825.000000  1.600355e-14
2835.000000  1.121828e-14
2845.000000  5.750403e-15
2855.000000  1.976804e-15
2865.000000  1.080056e-14
2875.000000  1.602192e-14
2885.000000  3.388676e-14
2895.000000  4.665810e-14
2910.000000  6.525751e-14
2930.000000  6.762676e-14
2950.000000  6.127154e-14
2970.000000  6.258173e-14
2990.000000  6.817598e-14
3010.000000  6.647355e-14
3030.000000  9.789110e-14
3050.000000  1.159640e-13
3070.000000  1.971683e-13
3090.000000  2.572466e-13
3110.000000  4.412503e-13
3130.000000  3.869626e-13
3150.000000  6.196137e-13
3170.000000  8.442960e-13
3190.000000  6.488280e-13
3210.000000  7.812424e-13
3230.000000  5.656485e-13
3250.000000  9.925814e-13
3270.000000  1.471534e-12
3290.000000  1.756668e-12
3310.000000  1.419785e-12
3330.000000  1.498006e-12
3350.000000  1.377894e-12
3370.000000  9.357554e-13
3390.000000  1.081390e-12
3410.000000  1.392589e-12
3430.000000  1.707402e-12
3450.000000  1.522920e-12
3470.000000  1.689364e-12
3490.000000  2.160925e-12
3510.000000  2.506388e-12
3530.000000  1.975364e-12
3550.000000  2.709221e-12
3570.000000  1.173973e-12
3590.000000  1.226336e-12
3610.000000  2.154126e-12
3630.000000  3.296534e-12
3640.000000  3.630497e-12
3650.000000  3.956955e-12
3670.000000  4.999925e-12
3690.000000  4.308232e-12
3710.000000  3.988985e-12
3730.000000  1.518882e-12
3750.000000  1.895784e-12
3770.000000  3.552190e-12
3790.000000  3.849296e-12
3810.000000  3.099512e-12
3830.000000  1.266064e-12
3850.000000  1.876860e-12
3870.000000  2.007033e-12
3890.000000  3.528555e-12
3910.000000  4.173119e-12
3930.000000  1.160856e-12
3950.000000  2.646417e-12
3970.000000  1.541210e-12
3990.000000  6.823634e-12
4010.000000  9.916650e-12
4030.000000  9.229366e-12
4050.000000  8.815122e-12
4070.000000  8.034075e-12
4090.000000  1.128130e-11
4110.000000  9.919858e-12
4130.000000  8.725223e-12
4150.000000  7.873118e-12
4170.000000  8.059652e-12
4190.000000  9.019782e-12
4210.000000  9.718396e-12
4230.000000  8.894985e-12
4250.000000  1.239405e-11
4270.000000  1.174842e-11
4290.000000  1.100765e-11
4310.000000  1.043132e-11
4330.000000  1.600258e-11
4350.000000  1.677607e-11
4370.000000  1.794633e-11
4390.000000  1.550552e-11
4410.000000  1.650253e-11
4430.000000  1.798436e-11
4450.000000  1.867441e-11
4470.000000  2.049541e-11
4490.000000  2.178812e-11
4510.000000  2.631888e-11
4530.000000  2.163333e-11
4550.000000  2.296114e-11
4570.000000  2.587283e-11
4590.000000  2.568266e-11
4610.000000  2.687075e-11
4630.000000  2.606144e-11
4650.000000  2.660928e-11
4670.000000  2.838434e-11
4690.000000  2.799155e-11
4710.000000  2.728521e-11
4730.000000  2.855637e-11
4750.000000  3.051433e-11
4770.000000  3.036988e-11
4790.000000  3.025089e-11
4810.000000  3.093291e-11
4830.000000  3.272234e-11
4850.000000  3.130629e-11
4870.000000  2.967747e-11
4890.000000  3.283246e-11
4910.000000  3.295358e-11
4930.000000  3.203329e-11
4950.000000  3.445117e-11
4970.000000  3.247732e-11
4990.000000  2.980786e-11
5010.000000  2.761357e-11
5030.000000  2.996647e-11
5050.000000  2.994176e-11
5070.000000  3.130781e-11
5090.000000  2.817056e-11
5110.000000  2.976140e-11
5130.000000  2.785223e-11
5150.000000  2.729334e-11
5170.000000  2.458139e-11
5190.000000  2.666487e-11
5210.000000  2.868182e-11
5230.000000  3.409532e-11
5250.000000  3.544243e-11
5270.000000  3.137103e-11
5290.000000  3.731329e-11
5310.000000  4.125924e-11
5330.000000  3.498737e-11
5350.000000  3.951667e-11
5370.000000  4.024503e-11
5390.000000  3.766700e-11
5410.000000  3.807829e-11
5430.000000  3.843598e-11
5450.000000  4.107002e-11
5470.000000  3.892391e-11
5490.000000  3.852570e-11
5510.000000  3.807162e-11
5530.000000  4.085733e-11
5550.000000  4.238929e-11
5570.000000  4.161887e-11
5590.000000  4.006496e-11
5610.000000  4.247652e-11
5630.000000  4.111518e-11
5650.000000  4.224302e-11
5670.000000  4.106508e-11
5690.000000  4.359191e-11
5710.000000  4.079025e-11
5730.000000  4.622186e-11
5750.000000  4.387212e-11
5770.000000  4.520649e-11
5790.000000  4.176949e-11
5810.000000  4.571285e-11
5830.000000  4.824017e-11
5850.000000  4.586008e-11
5870.000000  4.584396e-11
5890.000000  3.545276e-11
5910.000000  4.449122e-11
5930.000000  4.525009e-11
5950.000000  4.523750e-11
5970.000000  4.721452e-11
5990.000000  4.570937e-11
6010.000000  4.471937e-11
6030.000000  4.711296e-11
6050.000000  4.840105e-11
6070.000000  4.829307e-11
6090.000000  4.561116e-11
6110.000000  4.618736e-11
6130.000000  4.259357e-11
6150.000000  4.500014e-11
6170.000000  4.209501e-11
6190.000000  4.541215e-11
6210.000000  4.441414e-11
6230.000000  4.237065e-11
6250.000000  4.046781e-11
6270.000000  4.332859e-11
6290.000000  4.529834e-11
6310.000000  4.354054e-11
6330.000000  4.495022e-11
6350.000000  4.463355e-11
6370.000000  4.425919e-11
6390.000000  4.600909e-11
6410.000000  4.543616e-11
6430.000000  4.570409e-11
6450.000000  4.593884e-11
6470.000000  4.632640e-11
6490.000000  4.431510e-11
6510.000000  4.600265e-11
6530.000000  4.664257e-11
6550.000000  4.589827e-11
6570.000000  4.584002e-11
6590.000000  4.690714e-11
6610.000000  4.706004e-11
6630.000000  4.685311e-11
6650.000000  4.655030e-11
6670.000000  4.532817e-11
6690.000000  4.675547e-11
6710.000000  4.452889e-11
6730.000000  4.684527e-11
6750.000000  4.548698e-11
6770.000000  4.656451e-11
6790.000000  4.569351e-11
6810.000000  4.606745e-11
6830.000000  4.707703e-11
6850.000000  4.565208e-11
6870.000000  4.652340e-11
6890.000000  4.765463e-11
6910.000000  4.728596e-11
6930.000000  4.602536e-11
6950.000000  4.484560e-11
6970.000000  4.595230e-11
6990.000000  4.494946e-11
7010.000000  4.415437e-11
7030.000000  4.563307e-11
7050.000000  4.640333e-11
7070.000000  4.409472e-11
7090.000000  4.316300e-11
7110.000000  4.238408e-11
7130.000000  4.078500e-11
7150.000000  4.115477e-11
7170.000000  4.259258e-11
7190.000000  4.155390e-11
7210.000000  4.272856e-11
7230.000000  4.456232e-11
7250.000000  4.431373e-11
7270.000000  4.410650e-11
7290.000000  4.294169e-11
7310.000000  4.399973e-11
7330.000000  4.399681e-11
7350.000000  4.383835e-11
7370.000000  4.566840e-11
7390.000000  4.473256e-11
7410.000000  4.460883e-11
7430.000000  4.520263e-11
7450.000000  4.524338e-11
7470.000000  4.512771e-11
7490.000000  4.477426e-11
7510.000000  4.597041e-11
7530.000000  4.649661e-11
7550.000000  4.681889e-11
7570.000000  4.638754e-11
7590.000000  4.581301e-11
7610.000000  4.596787e-11
7630.000000  4.628311e-11
7650.000000  4.644019e-11
7670.000000  4.424172e-11
7690.000000  4.629987e-11
7710.000000  4.496378e-11
7730.000000  4.520422e-11
7750.000000  4.495226e-11
7770.000000  4.627204e-11
7790.000000  4.621370e-11
7810.000000  4.630752e-11
7830.000000  4.567502e-11
7850.000000  4.491606e-11
7870.000000  4.518049e-11
7890.000000  4.276281e-11
7910.000000  4.134616e-11
7930.000000  4.183620e-11
7950.000000  4.070040e-11
7970.000000  4.314945e-11
7990.000000  4.293473e-11
8010.000000  4.310207e-11
8030.000000  4.333746e-11
8050.000000  4.277186e-11
8070.000000  4.187541e-11
8090.000000  4.063504e-11
8110.000000  4.022719e-11
8130.000000  4.128483e-11
8150.000000  4.147809e-11
8170.000000  4.182385e-11
8190.000000  4.106103e-11
8210.000000  4.071958e-11
8230.000000  4.190350e-11
8250.000000  4.199970e-11
8270.000000  4.272064e-11
8290.000000  4.207482e-11
8310.000000  3.975967e-11
8330.000000  4.044696e-11
8350.000000  4.032193e-11
8370.000000  4.098704e-11
8390.000000  3.933335e-11
8410.000000  4.138657e-11
8430.000000  4.001863e-11
8450.000000  4.108289e-11
8470.000000  4.115777e-11
8490.000000  4.062193e-11
8510.000000  3.840122e-11
8530.000000  3.973058e-11
8550.000000  3.236043e-11
8570.000000  4.154360e-11
8590.000000  4.115568e-11
8610.000000  4.140049e-11
8630.000000  4.176214e-11
8650.000000  4.131739e-11
8670.000000  3.368488e-11
8690.000000  3.977762e-11
8710.000000  4.143431e-11
8730.000000  4.163950e-11
8750.000000  4.147302e-11
8770.000000  4.182915e-11
8790.000000  4.164312e-11
8810.000000  4.031243e-11
8830.000000  4.119029e-11
8850.000000  4.191000e-11
8870.000000  4.084900e-11
8890.000000  4.154524e-11
8910.000000  4.215335e-11
8930.000000  4.076123e-11
8950.000000  4.063955e-11
8970.000000  4.084314e-11
8990.000000  4.113051e-11
9010.000000  3.944569e-11
9030.000000  4.056027e-11
9050.000000  4.175884e-11
9070.000000  4.164135e-11
9090.000000  3.970420e-11
9110.000000  3.931199e-11
9130.000000  4.076580e-11
9150.000000  3.724195e-11
9170.000000  3.607747e-11
9190.000000  3.683596e-11
9210.000000  3.577411e-11
9230.000000  3.684083e-11
9250.000000  3.639112e-11
9270.000000  3.710342e-11
9290.000000  3.650630e-11
9310.000000  3.799502e-11
9330.000000  3.806736e-11
9350.000000  3.742151e-11
9370.000000  3.701147e-11
9390.000000  3.620082e-11
9410.000000  3.532283e-11
9430.000000  3.584740e-11
9450.000000  3.483559e-11
9470.000000  3.632776e-11
9490.000000  3.602993e-11
9510.000000  3.701415e-11
9530.000000  3.672203e-11
9550.000000  3.626343e-11
9570.000000  3.639767e-11
9590.000000  3.720313e-11
9610.000000  3.651794e-11
9630.000000  3.651426e-11
9650.000000  3.536180e-11
9670.000000  3.508576e-11
9690.000000  3.609442e-11
9710.000000  3.581981e-11
9730.000000  3.580003e-11
9750.000000  3.565667e-11
9770.000000  3.590369e-11
9790.000000  3.494967e-11
9810.000000  3.654127e-11
9830.000000  3.614819e-11
9850.000000  3.673612e-11
9870.000000  3.669762e-11
9890.000000  3.694304e-11
9910.000000  3.635670e-11
9930.000000  3.682071e-11
9950.000000  3.645098e-11
9970.000000  3.683174e-11
9990.000000  3.687977e-11
10025.000000  3.638974e-11
10075.000000  3.609587e-11
10125.000000  3.644144e-11
10175.000000  3.590850e-11
10225.000000  3.613421e-11
10275.000000  3.629674e-11
10325.000000  3.557470e-11
10375.000000  3.541163e-11
10425.000000  3.562762e-11
10475.000000  3.533625e-11
10525.000000  3.540736e-11
10575.000000  3.497404e-11
10625.000000  3.491756e-11
10675.000000  3.419933e-11
10725.000000  3.422908e-11
10775.000000  3.396731e-11
10825.000000  3.341254e-11
10875.000000  3.279055e-11
10925.000000  3.210721e-11
10975.000000  2.961429e-11
11025.000000  2.952019e-11
11075.000000  3.016131e-11
11125.000000  3.019392e-11
11175.000000  3.073051e-11
11225.000000  3.063462e-11
11275.000000  3.009776e-11
11325.000000  3.045872e-11
11375.000000  2.967395e-11
11425.000000  3.008213e-11
11475.000000  3.058069e-11
11525.000000  3.055595e-11
11575.000000  3.023222e-11
11625.000000  2.986652e-11
11675.000000  2.992036e-11
11725.000000  3.049124e-11
11775.000000  2.986450e-11
11825.000000  2.978857e-11
11875.000000  2.938380e-11
11925.000000  3.003690e-11
11975.000000  2.867423e-11
12025.000000  2.937190e-11
12075.000000  2.906480e-11
12125.000000  2.920300e-11
12175.000000  2.932915e-11
12225.000000  2.922372e-11
12275.000000  2.908130e-11
12325.000000  2.878110e-11
12375.000000  2.873585e-11
12425.000000  2.848063e-11
12475.000000  2.860642e-11
12525.000000  2.829885e-11
12575.000000  2.832022e-11
12625.000000  2.827884e-11
12675.000000  2.789787e-11
12725.000000  2.797431e-11
12775.000000  2.809577e-11
12825.000000  2.701131e-11
12875.000000  2.750722e-11
12925.000000  2.705732e-11
12975.000000  2.755151e-11
13025.000000  2.714526e-11
13075.000000  2.739567e-11
13125.000000  2.682767e-11
13175.000000  2.682576e-11
13225.000000  2.690764e-11
13275.000000  2.638561e-11
13325.000000  2.672314e-11
13375.000000  2.654111e-11
13425.000000  2.670194e-11
13475.000000  2.657347e-11
13525.000000  2.653527e-11
13575.000000  2.604390e-11
13625.000000  2.591199e-11
13675.000000  2.606275e-11
13725.000000  2.618565e-11
13775.000000  2.600809e-11
13825.000000  2.608055e-11
13875.000000  2.575440e-11
13925.000000  2.551455e-11
13975.000000  2.537774e-11
14025.000000  2.507710e-11
14075.000000  2.439195e-11
14125.000000  2.338864e-11
14175.000000  2.340223e-11
14225.000000  2.340098e-11
14275.000000  2.302556e-11
14325.000000  2.359074e-11
14375.000000  2.381491e-11
14425.000000  2.301659e-11
14475.000000  2.399344e-11
14525.000000  2.306141e-11
14570.000000  2.302918e-11
14620.000000  2.252363e-11
14675.000000  2.238834e-11
14725.000000  2.222220e-11
14775.000000  2.252039e-11
14825.000000  2.261685e-11
14875.000000  2.263280e-11
14925.000000  2.312257e-11
14975.000000  2.301518e-11
15025.000000  2.248852e-11
15075.000000  2.227982e-11
15125.000000  2.227494e-11
15175.000000  2.258407e-11
15225.000000  2.255468e-11
15275.000000  2.252719e-11
15325.000000  2.268418e-11
15375.000000  2.284382e-11
15425.000000  2.262189e-11
15475.000000  2.281272e-11
15525.000000  2.230963e-11
15575.000000  2.177171e-11
15625.000000  2.245951e-11
15675.000000  2.210013e-11
15725.000000  2.238556e-11
15775.000000  2.094662e-11
15825.000000  2.154286e-11
15875.000000  2.101352e-11
15925.000000  2.155357e-11
15975.000000  2.152724e-11
16050.000000  2.137366e-11
16150.000000  2.139654e-11
16250.000000  2.116386e-11
16350.000000  2.150724e-11
16450.000000  2.034244e-11
16550.000000  2.095833e-11
16650.000000  2.003671e-11
16750.000000  2.016924e-11
16850.000000  1.935061e-11
16950.000000  1.978934e-11
17050.000000  1.899335e-11
17150.000000  1.896279e-11
17250.000000  1.847272e-11
17350.000000  1.787399e-11
17450.000000  1.796534e-11
17550.000000  1.751206e-11
17650.000000  1.737574e-11
17750.000000  1.687782e-11
17850.000000  1.676209e-11
17950.000000  1.652020e-11
18050.000000  1.597930e-11
18150.000000  1.586522e-11
18250.000000  1.548954e-11
18350.000000  1.521094e-11
18450.000000  1.484495e-11
18550.000000  1.471608e-11
18650.000000  1.426614e-11
18750.000000  1.401204e-11
18850.000000  1.388988e-11
18950.000000  1.324590e-11
19050.000000  1.355063e-11
19150.000000  1.321297e-11
19250.000000  1.309925e-11
19350.000000  1.262387e-11
19450.000000  1.236933e-11
19550.000000  1.236266e-11
19650.000000  1.198945e-11
19750.000000  1.157585e-11
19850.000000  1.148693e-11
19950.000000  1.128470e-11
20050.000000  1.128545e-11
20150.000000  1.114263e-11
20250.000000  1.074666e-11
20350.000000  1.060539e-11
20450.000000  1.056130e-11
20550.000000  1.024914e-11
20650.000000  1.005742e-11
20750.000000  9.904061e-12
20850.000000  9.750386e-12
20950.000000  9.524060e-12
21050.000000  9.505754e-12
21150.000000  9.341645e-12
21250.000000  9.153841e-12
21350.000000  9.081989e-12
21450.000000  8.888092e-12
21550.000000  8.760482e-12
21650.000000  8.564983e-12
21750.000000  8.387385e-12
21850.000000  8.318888e-12
21950.000000  8.231596e-12
22050.000000  7.962136e-12
22150.000000  8.032181e-12
22250.000000  7.752810e-12
22350.000000  7.666913e-12
22450.000000  7.554820e-12
22550.000000  7.466664e-12
22650.000000  7.281179e-12
22750.000000  7.293144e-12
22850.000000  7.097843e-12
22950.000000  5.989150e-12
23050.000000  6.458504e-12
23150.000000  6.396154e-12
23250.000000  5.468987e-12
23350.000000  5.888657e-12
23450.000000  5.782044e-12
23550.000000  4.936155e-12
23650.000000  5.476025e-12
23750.000000  5.318482e-12
23850.000000  4.662016e-12
23950.000000  5.084296e-12
24050.000000  5.060293e-12
24150.000000  4.520425e-12
24250.000000  4.821954e-12
24350.000000  4.826688e-12
24450.000000  4.471949e-12
24550.000000  4.486225e-12
24650.000000  4.678221e-12
24750.000000  4.470146e-12
24850.000000  4.214008e-12
24950.000000  4.400758e-12
