2505.000000  7.075683e-10
2513.000000  6.985964e-10
2518.000000  6.994019e-10
2525.000000  6.871117e-10
2535.000000  6.744436e-10
2545.000000  6.741687e-10
2555.000000  6.761768e-10
2565.000000  6.658488e-10
2575.000000  6.645327e-10
2585.000000  6.587047e-10
2595.000000  6.520126e-10
2605.000000  6.446895e-10
2615.000000  6.390313e-10
2625.000000  6.332864e-10
2635.000000  6.283077e-10
2645.000000  6.329442e-10
2655.000000  6.272466e-10
2665.000000  6.188493e-10
2675.000000  6.161269e-10
2685.000000  6.115076e-10
2695.000000  6.046976e-10
2705.000000  6.003069e-10
2715.000000  5.929091e-10
2725.000000  5.865268e-10
2735.000000  5.842057e-10
2745.000000  5.686517e-10
2755.000000  5.663913e-10
2765.000000  5.670632e-10
2775.000000  5.667648e-10
2785.000000  5.609173e-10
2795.000000  5.444115e-10
2805.000000  5.480351e-10
2815.000000  5.493076e-10
2825.000000  5.432428e-10
2835.000000  5.380490e-10
2845.000000  5.338334e-10
2855.000000  5.304022e-10
2865.000000  5.271077e-10
2875.000000  5.223255e-10
2885.000000  5.185746e-10
2895.000000  5.147555e-10
2910.000000  5.090734e-10
2930.000000  4.996351e-10
2950.000000  4.914300e-10
2970.000000  4.852212e-10
2990.000000  4.774302e-10
3010.000000  4.707729e-10
3030.000000  4.636616e-10
3050.000000  4.565759e-10
3070.000000  4.496508e-10
3090.000000  4.429405e-10
3110.000000  4.362359e-10
3130.000000  4.298168e-10
3150.000000  4.234452e-10
3170.000000  4.172466e-10
3190.000000  4.101616e-10
3210.000000  4.050306e-10
3230.000000  3.992331e-10
3250.000000  3.934568e-10
3270.000000  3.879167e-10
3290.000000  3.823554e-10
3310.000000  3.770014e-10
3330.000000  3.716607e-10
3350.000000  3.663223e-10
3370.000000  3.612858e-10
3390.000000  3.562361e-10
3410.000000  3.512832e-10
3430.000000  3.464909e-10
3450.000000  3.416905e-10
3470.000000  3.370632e-10
3490.000000  3.324146e-10
3510.000000  3.278716e-10
3530.000000  3.234247e-10
3550.000000  3.190679e-10
3570.000000  3.148840e-10
3590.000000  3.104872e-10
3610.000000  3.064815e-10
3630.000000  3.023108e-10
3640.000000  3.004903e-10
3650.000000  2.992555e-10
3670.000000  2.960945e-10
3690.000000  2.892250e-10
3710.000000  2.828021e-10
3730.000000  2.741988e-10
3750.000000  3.097036e-10
3770.000000  3.199377e-10
3790.000000  3.610761e-10
3810.000000  3.971388e-10
3830.000000  3.318008e-10
3850.000000  4.220948e-10
3870.000000  4.500693e-10
3890.000000  2.995353e-10
3910.000000  4.430222e-10
3930.000000  4.535273e-10
3950.000000  4.322920e-10
3970.000000  2.832694e-10
3990.000000  4.119346e-10
4010.000000  4.286996e-10
4030.000000  4.112075e-10
4050.000000  4.201963e-10
4070.000000  4.085668e-10
4090.000000  3.449178e-10
4110.000000  2.823030e-10
4130.000000  3.832856e-10
4150.000000  3.865300e-10
4170.000000  3.839723e-10
4190.000000  3.792333e-10
4210.000000  3.738712e-10
4230.000000  3.681519e-10
4250.000000  3.621761e-10
4270.000000  3.560276e-10
4290.000000  3.494528e-10
4310.000000  3.386946e-10
4330.000000  2.785887e-10
4350.000000  2.462750e-10
4370.000000  3.215718e-10
4390.000000  3.186841e-10
4410.000000  3.205875e-10
4430.000000  3.159281e-10
4450.000000  3.122006e-10
4470.000000  2.985317e-10
4490.000000  3.025119e-10
4510.000000  2.989467e-10
4530.000000  2.946755e-10
4550.000000  2.903888e-10
4570.000000  2.862913e-10
4590.000000  2.822407e-10
4610.000000  2.782400e-10
4630.000000  2.742731e-10
4650.000000  2.704586e-10
4670.000000  2.666809e-10
4690.000000  2.629844e-10
4710.000000  2.576119e-10
4730.000000  2.557097e-10
4750.000000  2.521313e-10
4770.000000  2.484953e-10
4790.000000  2.445863e-10
4810.000000  2.402105e-10
4830.000000  2.330513e-10
4850.000000  1.981137e-10
4870.000000  1.698187e-10
4890.000000  2.210336e-10
4910.000000  2.238742e-10
4930.000000  2.193153e-10
4950.000000  2.198077e-10
4970.000000  2.172130e-10
4990.000000  2.143488e-10
5010.000000  2.100938e-10
5030.000000  2.087107e-10
5050.000000  2.053817e-10
5070.000000  2.033432e-10
5090.000000  2.007275e-10
5110.000000  1.980593e-10
5130.000000  1.955618e-10
5150.000000  1.930517e-10
5170.000000  1.905697e-10
5190.000000  1.881689e-10
5210.000000  1.857425e-10
5230.000000  1.833630e-10
5250.000000  1.810804e-10
5270.000000  1.787720e-10
5290.000000  1.765106e-10
5310.000000  1.743672e-10
5330.000000  1.721557e-10
5350.000000  1.700123e-10
5370.000000  1.679371e-10
5390.000000  1.658437e-10
5410.000000  1.637840e-10
5430.000000  1.617930e-10
5450.000000  1.598045e-10
5470.000000  1.578261e-10
5490.000000  1.559401e-10
5510.000000  1.540328e-10
5530.000000  1.522224e-10
5550.000000  1.503833e-10
5570.000000  1.485472e-10
5590.000000  1.468050e-10
5610.000000  1.450370e-10
5630.000000  1.433103e-10
5650.000000  1.416236e-10
5670.000000  1.399525e-10
5690.000000  1.383026e-10
5710.000000  1.366997e-10
5730.000000  1.350910e-10
5750.000000  1.335224e-10
5770.000000  1.319562e-10
5790.000000  1.304032e-10
5810.000000  1.289182e-10
5830.000000  1.274333e-10
5850.000000  1.259983e-10
5870.000000  1.225684e-10
5890.000000  1.230719e-10
5910.000000  1.217100e-10
5930.000000  1.203482e-10
5950.000000  1.189198e-10
5970.000000  1.176426e-10
5990.000000  1.162991e-10
6010.000000  1.149688e-10
6030.000000  1.137100e-10
6050.000000  1.124314e-10
6070.000000  1.111842e-10
6090.000000  1.099504e-10
6110.000000  1.087386e-10
6130.000000  1.075373e-10
6150.000000  1.063560e-10
6170.000000  1.051914e-10
6190.000000  1.040436e-10
6210.000000  1.029129e-10
6230.000000  1.017940e-10
6250.000000  1.006872e-10
6270.000000  9.960370e-11
6290.000000  9.852857e-11
6310.000000  9.746869e-11
6330.000000  9.643243e-11
6350.000000  9.533557e-11
6370.000000  9.435146e-11
6390.000000  9.338104e-11
6410.000000  9.239045e-11
6430.000000  9.141658e-11
6450.000000  9.044984e-11
6470.000000  8.946020e-11
6490.000000  8.835031e-11
6510.000000  8.714298e-11
6530.000000  8.529136e-11
6550.000000  7.786895e-11
6570.000000  6.681630e-11
6590.000000  8.132315e-11
6610.000000  8.248446e-11
6630.000000  8.205660e-11
6650.000000  8.140065e-11
6670.000000  8.034268e-11
6690.000000  7.953937e-11
6710.000000  7.903643e-11
6730.000000  7.823467e-11
6750.000000  7.744661e-11
6770.000000  7.666347e-11
6790.000000  7.589346e-11
6810.000000  7.513113e-11
6830.000000  7.438341e-11
6850.000000  7.363913e-11
6870.000000  7.290322e-11
6890.000000  7.218100e-11
6910.000000  7.146715e-11
6930.000000  7.075830e-11
6950.000000  7.006462e-11
6970.000000  6.937438e-11
6990.000000  6.869595e-11
7010.000000  6.802251e-11
7030.000000  6.736270e-11
7050.000000  6.670107e-11
7070.000000  6.571755e-11
7090.000000  6.542186e-11
7110.000000  6.478721e-11
7130.000000  6.416626e-11
7150.000000  6.354686e-11
7170.000000  6.294264e-11
7190.000000  6.233505e-11
7210.000000  6.174608e-11
7230.000000  6.115710e-11
7250.000000  6.057994e-11
7270.000000  6.000277e-11
7290.000000  5.933696e-11
7310.000000  5.887205e-11
7330.000000  5.832686e-11
7350.000000  5.777675e-11
7370.000000  5.724182e-11
7390.000000  5.670162e-11
7410.000000  5.617850e-11
7430.000000  5.565881e-11
7450.000000  5.514067e-11
7470.000000  5.462935e-11
7490.000000  5.412984e-11
7510.000000  5.363188e-11
7530.000000  5.314417e-11
7550.000000  5.265647e-11
7570.000000  5.217375e-11
7590.000000  5.169785e-11
7610.000000  5.123220e-11
7630.000000  5.076811e-11
7650.000000  5.030557e-11
7670.000000  4.985328e-11
7690.000000  4.940780e-11
7710.000000  4.896051e-11
7730.000000  4.852684e-11
7750.000000  4.808636e-11
7770.000000  4.763407e-11
7790.000000  4.723582e-11
7810.000000  4.681896e-11
7830.000000  4.640890e-11
7850.000000  4.599415e-11
7870.000000  4.559034e-11
7890.000000  4.518373e-11
7910.000000  4.479728e-11
7930.000000  4.440403e-11
7950.000000  4.401759e-11
7970.000000  4.363270e-11
7990.000000  4.324970e-11
8010.000000  4.287662e-11
8030.000000  4.251011e-11
8050.000000  4.213915e-11
8070.000000  4.177632e-11
8090.000000  4.141693e-11
8110.000000  4.106247e-11
8130.000000  4.071145e-11
8150.000000  4.036043e-11
8170.000000  4.001965e-11
8190.000000  3.968044e-11
8210.000000  3.936879e-11
8230.000000  3.905187e-11
8250.000000  3.874308e-11
8270.000000  3.841854e-11
8290.000000  3.812368e-11
8310.000000  3.781988e-11
8330.000000  3.751453e-11
8350.000000  3.719469e-11
8370.000000  3.689615e-11
8390.000000  3.659181e-11
8410.000000  3.624838e-11
8430.000000  3.590916e-11
8450.000000  3.560692e-11
8470.000000  3.509499e-11
8490.000000  3.502399e-11
8510.000000  3.428692e-11
8530.000000  3.458226e-11
8550.000000  3.305271e-11
8570.000000  3.441757e-11
8590.000000  3.277479e-11
8610.000000  3.225293e-11
8630.000000  3.416083e-11
8650.000000  3.292874e-11
8670.000000  2.959647e-11
8690.000000  3.326442e-11
8710.000000  3.394448e-11
8730.000000  3.271006e-11
8750.000000  2.783595e-11
8770.000000  3.123434e-11
8790.000000  3.326892e-11
8810.000000  3.338983e-11
8830.000000  3.267495e-11
8850.000000  2.961668e-11
8870.000000  2.641836e-11
8890.000000  3.101299e-11
8910.000000  3.210930e-11
8930.000000  3.214757e-11
8950.000000  3.191643e-11
8970.000000  3.140672e-11
8990.000000  3.004200e-11
9010.000000  2.537693e-11
9030.000000  2.683233e-11
9050.000000  2.982083e-11
9070.000000  3.026282e-11
9090.000000  3.027095e-11
9110.000000  3.011143e-11
9130.000000  2.988029e-11
9150.000000  2.961059e-11
9170.000000  2.923910e-11
9190.000000  2.862002e-11
9210.000000  2.680193e-11
9230.000000  2.245799e-11
9250.000000  2.591283e-11
9270.000000  2.762335e-11
9290.000000  2.789298e-11
9310.000000  2.779958e-11
9330.000000  2.766347e-11
9350.000000  2.747899e-11
9370.000000  2.727959e-11
9390.000000  2.708614e-11
9410.000000  2.684748e-11
9430.000000  2.663894e-11
9450.000000  2.640257e-11
9470.000000  2.611214e-11
9490.000000  2.579548e-11
9510.000000  2.513961e-11
9530.000000  2.327746e-11
9550.000000  1.996775e-11
9570.000000  2.335619e-11
9590.000000  2.452125e-11
9610.000000  2.466891e-11
9630.000000  2.458812e-11
9650.000000  2.448085e-11
9670.000000  2.432969e-11
9690.000000  2.416491e-11
9710.000000  2.398100e-11
9730.000000  2.381234e-11
9750.000000  2.363679e-11
9770.000000  2.345632e-11
9790.000000  2.328421e-11
9810.000000  2.311211e-11
9830.000000  2.294156e-11
9850.000000  2.276945e-11
9870.000000  2.260079e-11
9890.000000  2.243236e-11
9910.000000  2.226994e-11
9930.000000  2.207557e-11
9950.000000  2.188352e-11
9970.000000  2.167600e-11
9990.000000  2.141390e-11
10025.000000  1.975432e-11
10075.000000  1.895832e-11
10125.000000  2.042957e-11
10175.000000  2.019709e-11
10225.000000  1.985865e-11
10275.000000  1.950975e-11
10325.000000  1.915161e-11
10375.000000  1.883102e-11
10425.000000  1.850017e-11
10475.000000  1.817957e-11
10525.000000  1.786453e-11
10575.000000  1.755574e-11
10625.000000  1.725664e-11
10675.000000  1.695622e-11
10725.000000  1.667104e-11
10775.000000  1.638798e-11
10825.000000  1.599840e-11
10875.000000  1.565446e-11
10925.000000  1.376186e-11
10975.000000  1.454157e-11
11025.000000  1.495788e-11
11075.000000  1.479367e-11
11125.000000  1.457066e-11
11175.000000  1.433271e-11
11225.000000  1.409945e-11
11275.000000  1.387175e-11
11325.000000  1.364429e-11
11375.000000  1.342995e-11
11425.000000  1.321062e-11
11475.000000  1.299628e-11
11525.000000  1.278876e-11
11575.000000  1.259092e-11
11625.000000  1.239051e-11
11675.000000  1.219545e-11
11725.000000  1.200726e-11
11775.000000  1.181766e-11
11825.000000  1.163440e-11
11875.000000  1.145440e-11
11925.000000  1.127828e-11
11975.000000  1.109279e-11
12025.000000  1.093507e-11
12075.000000  1.076887e-11
12125.000000  1.060518e-11
12175.000000  1.044523e-11
12225.000000  1.028744e-11
12275.000000  1.013305e-11
12325.000000  9.982196e-12
12375.000000  9.833205e-12
12425.000000  9.687756e-12
12475.000000  9.543987e-12
12525.000000  9.401867e-12
12575.000000  9.265732e-12
12625.000000  9.130409e-12
12675.000000  8.989317e-12
12725.000000  8.823964e-12
12775.000000  8.503498e-12
12825.000000  7.621752e-12
12875.000000  8.326700e-12
12925.000000  8.335905e-12
12975.000000  8.237198e-12
13025.000000  8.131654e-12
13075.000000  8.017084e-12
13125.000000  7.903694e-12
13175.000000  7.792822e-12
13225.000000  7.683999e-12
13275.000000  7.576513e-12
13325.000000  7.471388e-12
13375.000000  7.368125e-12
13425.000000  7.266198e-12
13475.000000  7.166821e-12
13525.000000  7.068280e-12
13575.000000  6.971757e-12
13625.000000  6.877103e-12
13675.000000  6.783910e-12
13725.000000  6.692298e-12
13775.000000  6.602234e-12
13825.000000  6.513608e-12
13875.000000  6.426531e-12
13925.000000  6.340822e-12
13975.000000  6.256318e-12
14025.000000  6.173595e-12
14075.000000  6.092265e-12
14125.000000  6.012116e-12
14175.000000  5.933360e-12
14225.000000  5.856041e-12
14275.000000  5.779433e-12
14325.000000  5.704688e-12
14375.000000  5.630786e-12
14425.000000  5.558402e-12
14475.000000  5.487354e-12
14525.000000  5.416650e-12
14570.000000  5.354393e-12
14620.000000  5.288756e-12
14675.000000  5.216159e-12
14725.000000  5.150859e-12
14775.000000  5.086740e-12
14825.000000  5.023801e-12
14875.000000  4.962043e-12
14925.000000  4.900966e-12
14975.000000  4.840389e-12
15025.000000  4.780992e-12
15075.000000  4.721228e-12
15125.000000  4.663538e-12
15175.000000  4.606134e-12
15225.000000  4.549936e-12
15275.000000  4.491510e-12
15325.000000  4.433763e-12
15375.000000  4.383734e-12
15425.000000  4.318404e-12
15475.000000  4.276585e-12
15525.000000  4.221310e-12
15575.000000  4.144406e-12
15625.000000  4.142740e-12
15675.000000  4.050433e-12
15725.000000  3.977361e-12
15775.000000  4.008308e-12
15825.000000  3.952321e-12
15875.000000  3.770251e-12
15925.000000  3.826572e-12
15975.000000  3.842136e-12
16050.000000  3.734724e-12
16150.000000  3.572239e-12
16250.000000  3.626584e-12
16350.000000  3.473314e-12
16450.000000  3.311042e-12
16550.000000  3.395973e-12
16650.000000  3.323377e-12
16750.000000  3.163424e-12
16850.000000  3.013005e-12
16950.000000  3.103708e-12
17050.000000  3.042892e-12
17150.000000  2.977672e-12
17250.000000  2.896369e-12
17350.000000  2.654104e-12
17450.000000  2.748585e-12
17550.000000  2.726123e-12
17650.000000  2.671027e-12
17750.000000  2.613992e-12
17850.000000  2.558818e-12
17950.000000  2.504825e-12
18050.000000  2.441076e-12
18150.000000  2.249526e-12
18250.000000  2.301661e-12
18350.000000  2.299584e-12
18450.000000  2.256295e-12
18550.000000  2.209598e-12
18650.000000  2.151328e-12
18750.000000  1.988326e-12
18850.000000  2.063619e-12
18950.000000  2.036937e-12
19050.000000  1.996744e-12
19150.000000  1.957813e-12
19250.000000  1.917856e-12
19350.000000  1.864022e-12
19450.000000  1.717970e-12
19550.000000  1.791638e-12
19650.000000  1.773088e-12
19750.000000  1.740505e-12
19850.000000  1.707265e-12
19950.000000  1.674649e-12
20050.000000  1.642802e-12
20150.000000  1.611923e-12
20250.000000  1.581725e-12
20350.000000  1.552027e-12
20450.000000  1.523509e-12
20550.000000  1.494836e-12
20650.000000  1.467968e-12
20750.000000  1.441312e-12
20850.000000  1.414812e-12
20950.000000  1.388867e-12
21050.000000  1.364205e-12
21150.000000  1.339230e-12
21250.000000  1.315772e-12
21350.000000  1.291977e-12
21450.000000  1.268050e-12
21550.000000  1.236938e-12
21650.000000  1.146698e-12
21750.000000  1.187510e-12
21850.000000  1.180670e-12
21950.000000  1.161965e-12
22050.000000  1.141887e-12
22150.000000  1.122259e-12
22250.000000  1.102995e-12
22350.000000  1.084228e-12
22450.000000  1.065821e-12
22550.000000  1.047831e-12
22650.000000  1.030217e-12
22750.000000  1.012888e-12
22850.000000  9.962313e-13
22950.000000  9.797629e-13
23050.000000  9.635994e-13
23150.000000  9.478239e-13
23250.000000  9.322845e-13
23350.000000  9.171462e-13
23450.000000  9.023027e-13
23550.000000  8.877547e-13
23650.000000  8.734429e-13
23750.000000  8.594440e-13
23850.000000  8.457593e-13
23950.000000  8.322584e-13
24050.000000  8.190091e-13
24150.000000  8.060017e-13
24250.000000  7.934109e-13
24350.000000  7.808289e-13
24450.000000  7.684374e-13
24550.000000  7.566967e-13
24650.000000  7.444578e-13
24750.000000  7.329508e-13
24850.000000  7.223516e-13
24950.000000  7.089869e-13
