2505.000000  3.823559e-11
2513.000000  2.927433e-11
2518.000000  3.045505e-11
2525.000000  2.580158e-11
2535.000000  2.381331e-11
2545.000000  2.343688e-11
2555.000000  2.885945e-11
2565.000000  2.666224e-11
2575.000000  3.162972e-11
2585.000000  3.117645e-11
2595.000000  2.926204e-11
2605.000000  2.654888e-11
2615.000000  2.467676e-11
2625.000000  3.166101e-11
2635.000000  3.463158e-11
2645.000000  4.507440e-11
2655.000000  4.681265e-11
2665.000000  3.694290e-11
2675.000000  4.155151e-11
2685.000000  4.055643e-11
2695.000000  3.740034e-11
2705.000000  4.032021e-11
2715.000000  3.555883e-11
2725.000000  3.624906e-11
2735.000000  4.017102e-11
2745.000000  2.620126e-11
2755.000000  2.955073e-11
2765.000000  3.265993e-11
2775.000000  3.914466e-11
2785.000000  3.329779e-11
2795.000000  1.415367e-11
2805.000000  1.857613e-11
2815.000000  3.964646e-11
2825.000000  4.582450e-11
2835.000000  4.288098e-11
2845.000000  4.055245e-11
2855.000000  3.617405e-11
2865.000000  4.356432e-11
2875.000000  4.213898e-11
2885.000000  4.283685e-11
2895.000000  3.994889e-11
2910.000000  4.845106e-11
2930.000000  4.522589e-11
2950.000000  4.480360e-11
2970.000000  4.780761e-11
2990.000000  4.812780e-11
3010.000000  4.973555e-11
3030.000000  4.891248e-11
3050.000000  4.870681e-11
3070.000000  4.943049e-11
3090.000000  5.082775e-11
3110.000000  4.883226e-11
3130.000000  4.838853e-11
3150.000000  5.049781e-11
3170.000000  5.008664e-11
3190.000000  4.638782e-11
3210.000000  4.856348e-11
3230.000000  4.583152e-11
3250.000000  4.842188e-11
3270.000000  4.979339e-11
3290.000000  5.001736e-11
3310.000000  5.122283e-11
3330.000000  4.986242e-11
3350.000000  4.921716e-11
3370.000000  4.829264e-11
3390.000000  4.892639e-11
3410.000000  4.944938e-11
3430.000000  4.982473e-11
3450.000000  4.957359e-11
3470.000000  4.881367e-11
3490.000000  4.860387e-11
3510.000000  4.999277e-11
3530.000000  4.971088e-11
3550.000000  5.143389e-11
3570.000000  4.856772e-11
3590.000000  4.828971e-11
3610.000000  4.854888e-11
3630.000000  4.904952e-11
3640.000000  4.822149e-11
3650.000000  5.082831e-11
3670.000000  5.017836e-11
3690.000000  4.806322e-11
3710.000000  5.139818e-11
3730.000000  5.374106e-11
3750.000000  6.807097e-11
3770.000000  7.376187e-11
3790.000000  9.157977e-11
3810.000000  1.077012e-10
3830.000000  8.429616e-11
3850.000000  1.193282e-10
3870.000000  1.357401e-10
3890.000000  7.726968e-11
3910.000000  1.336596e-10
3930.000000  1.110813e-10
3950.000000  1.311551e-10
3970.000000  6.903608e-11
3990.000000  1.319519e-10
4010.000000  1.499090e-10
4030.000000  1.492352e-10
4050.000000  1.472661e-10
4070.000000  1.400853e-10
4090.000000  1.107473e-10
4110.000000  8.427407e-11
4130.000000  1.331738e-10
4150.000000  1.427684e-10
4170.000000  1.415574e-10
4190.000000  1.403309e-10
4210.000000  1.398286e-10
4230.000000  1.355294e-10
4250.000000  1.361554e-10
4270.000000  1.293830e-10
4290.000000  1.311339e-10
4310.000000  1.189021e-10
4330.000000  9.255370e-11
4350.000000  7.860599e-11
4370.000000  1.206713e-10
4390.000000  1.240423e-10
4410.000000  1.222366e-10
4430.000000  1.204425e-10
4450.000000  1.227426e-10
4470.000000  1.220306e-10
4490.000000  1.201982e-10
4510.000000  1.237403e-10
4530.000000  1.180822e-10
4550.000000  1.161249e-10
4570.000000  1.199058e-10
4590.000000  1.146001e-10
4610.000000  1.171035e-10
4630.000000  1.131183e-10
4650.000000  1.140022e-10
4670.000000  1.135087e-10
4690.000000  1.086103e-10
4710.000000  1.043330e-10
4730.000000  1.092297e-10
4750.000000  1.088645e-10
4770.000000  1.065962e-10
4790.000000  1.054204e-10
4810.000000  1.025608e-10
4830.000000  9.763162e-11
4850.000000  7.535492e-11
4870.000000  5.994156e-11
4890.000000  9.100958e-11
4910.000000  9.614132e-11
4930.000000  9.498495e-11
4950.000000  9.689234e-11
4970.000000  9.733624e-11
4990.000000  9.324429e-11
5010.000000  8.960365e-11
5030.000000  9.196031e-11
5050.000000  9.012692e-11
5070.000000  9.175628e-11
5090.000000  9.026694e-11
5110.000000  9.001249e-11
5130.000000  8.787975e-11
5150.000000  8.565515e-11
5170.000000  8.410061e-11
5190.000000  8.313873e-11
5210.000000  8.322925e-11
5230.000000  8.231694e-11
5250.000000  8.347512e-11
5270.000000  7.784513e-11
5290.000000  8.134714e-11
5310.000000  7.984459e-11
5330.000000  7.687173e-11
5350.000000  7.921777e-11
5370.000000  7.828256e-11
5390.000000  7.726905e-11
5410.000000  7.537957e-11
5430.000000  7.568564e-11
5450.000000  7.610407e-11
5470.000000  7.496430e-11
5490.000000  7.443800e-11
5510.000000  7.373413e-11
5530.000000  7.295464e-11
5550.000000  7.275209e-11
5570.000000  7.158659e-11
5590.000000  7.075651e-11
5610.000000  7.061598e-11
5630.000000  7.038291e-11
5650.000000  6.939839e-11
5670.000000  6.823358e-11
5690.000000  6.820567e-11
5710.000000  6.756257e-11
5730.000000  6.791712e-11
5750.000000  6.660285e-11
5770.000000  6.624861e-11
5790.000000  6.542005e-11
5810.000000  6.501330e-11
5830.000000  6.459716e-11
5850.000000  6.379359e-11
5870.000000  6.328525e-11
5890.000000  6.172869e-11
5910.000000  6.212374e-11
5930.000000  6.156132e-11
5950.000000  6.092413e-11
5970.000000  6.051414e-11
5990.000000  5.964335e-11
6010.000000  5.869896e-11
6030.000000  5.859590e-11
6050.000000  5.814910e-11
6070.000000  5.795486e-11
6090.000000  5.719597e-11
6110.000000  5.644725e-11
6130.000000  5.540133e-11
6150.000000  5.421725e-11
6170.000000  5.421649e-11
6190.000000  5.476640e-11
6210.000000  5.432084e-11
6230.000000  5.347932e-11
6250.000000  5.187137e-11
6270.000000  5.299566e-11
6290.000000  5.255516e-11
6310.000000  5.149293e-11
6330.000000  5.130318e-11
6350.000000  5.039123e-11
6370.000000  5.011923e-11
6390.000000  5.002911e-11
6410.000000  4.913162e-11
6430.000000  4.901318e-11
6450.000000  4.788165e-11
6470.000000  4.804510e-11
6490.000000  4.697804e-11
6510.000000  4.667984e-11
6530.000000  4.523673e-11
6550.000000  3.912552e-11
6570.000000  3.107137e-11
6590.000000  4.255313e-11
6610.000000  4.461530e-11
6630.000000  4.487890e-11
6650.000000  4.467133e-11
6670.000000  4.423139e-11
6690.000000  4.411732e-11
6710.000000  4.376829e-11
6730.000000  4.339225e-11
6750.000000  4.277379e-11
6770.000000  4.283504e-11
6790.000000  4.242152e-11
6810.000000  4.208437e-11
6830.000000  4.161287e-11
6850.000000  4.127743e-11
6870.000000  4.108211e-11
6890.000000  4.075951e-11
6910.000000  4.040166e-11
6930.000000  4.002339e-11
6950.000000  3.973637e-11
6970.000000  3.937031e-11
6990.000000  3.913681e-11
7010.000000  3.837314e-11
7030.000000  3.834048e-11
7050.000000  3.811493e-11
7070.000000  3.785656e-11
7090.000000  3.756483e-11
7110.000000  3.640936e-11
7130.000000  3.665575e-11
7150.000000  3.645861e-11
7170.000000  3.615699e-11
7190.000000  3.580238e-11
7210.000000  3.563884e-11
7230.000000  3.531547e-11
7250.000000  3.492832e-11
7270.000000  3.491057e-11
7290.000000  3.439680e-11
7310.000000  3.422429e-11
7330.000000  3.399532e-11
7350.000000  3.384390e-11
7370.000000  3.362866e-11
7390.000000  3.317028e-11
7410.000000  3.273943e-11
7430.000000  3.237252e-11
7450.000000  3.227926e-11
7470.000000  3.184584e-11
7490.000000  3.177373e-11
7510.000000  3.166777e-11
7530.000000  3.149681e-11
7550.000000  3.140426e-11
7570.000000  3.107332e-11
7590.000000  3.088517e-11
7610.000000  3.063566e-11
7630.000000  3.042482e-11
7650.000000  3.010858e-11
7670.000000  2.969077e-11
7690.000000  2.958060e-11
7710.000000  2.936594e-11
7730.000000  2.927427e-11
7750.000000  2.898389e-11
7770.000000  2.817746e-11
7790.000000  2.869452e-11
7810.000000  2.842633e-11
7830.000000  2.805303e-11
7850.000000  2.773997e-11
7870.000000  2.760452e-11
7890.000000  2.732126e-11
7910.000000  2.710946e-11
7930.000000  2.688268e-11
7950.000000  2.663050e-11
7970.000000  2.681606e-11
7990.000000  2.627334e-11
8010.000000  2.633899e-11
8030.000000  2.606625e-11
8050.000000  2.595420e-11
8070.000000  2.574937e-11
8090.000000  2.554735e-11
8110.000000  2.546535e-11
8130.000000  2.532308e-11
8150.000000  2.512709e-11
8170.000000  2.495605e-11
8190.000000  2.432447e-11
8210.000000  2.421897e-11
8230.000000  2.404580e-11
8250.000000  2.397013e-11
8270.000000  2.414978e-11
8290.000000  2.393965e-11
8310.000000  2.371728e-11
8330.000000  2.332292e-11
8350.000000  2.341950e-11
8370.000000  2.329326e-11
8390.000000  2.300992e-11
8410.000000  2.288363e-11
8430.000000  2.265604e-11
8450.000000  2.214764e-11
8470.000000  2.192907e-11
8490.000000  2.231291e-11
8510.000000  2.081639e-11
8530.000000  2.223662e-11
8550.000000  1.905106e-11
8570.000000  2.245577e-11
8590.000000  2.081658e-11
8610.000000  2.022940e-11
8630.000000  2.246043e-11
8650.000000  2.156770e-11
8670.000000  1.735215e-11
8690.000000  2.148928e-11
8710.000000  2.258550e-11
8730.000000  2.168219e-11
8750.000000  1.717340e-11
8770.000000  2.075046e-11
8790.000000  2.240137e-11
8810.000000  2.248194e-11
8830.000000  2.160293e-11
8850.000000  1.945196e-11
8870.000000  1.648455e-11
8890.000000  2.080845e-11
8910.000000  2.174529e-11
8930.000000  2.179967e-11
8950.000000  2.193997e-11
8970.000000  2.143652e-11
8990.000000  2.040159e-11
9010.000000  1.618069e-11
9030.000000  1.785036e-11
9050.000000  2.040093e-11
9070.000000  2.039614e-11
9090.000000  2.018108e-11
9110.000000  2.068019e-11
9130.000000  2.074645e-11
9150.000000  2.070953e-11
9170.000000  2.034315e-11
9190.000000  1.971195e-11
9210.000000  1.820807e-11
9230.000000  1.419187e-11
9250.000000  1.744152e-11
9270.000000  1.866493e-11
9290.000000  1.955861e-11
9310.000000  1.963216e-11
9330.000000  1.950934e-11
9350.000000  1.947103e-11
9370.000000  1.938747e-11
9390.000000  1.908120e-11
9410.000000  1.832766e-11
9430.000000  1.873455e-11
9450.000000  1.863999e-11
9470.000000  1.857082e-11
9490.000000  1.832471e-11
9510.000000  1.773297e-11
9530.000000  1.620899e-11
9550.000000  1.297848e-11
9570.000000  1.630606e-11
9590.000000  1.737200e-11
9610.000000  1.744545e-11
9630.000000  1.720828e-11
9650.000000  1.746302e-11
9670.000000  1.716600e-11
9690.000000  1.709079e-11
9710.000000  1.734121e-11
9730.000000  1.719321e-11
9750.000000  1.693895e-11
9770.000000  1.701387e-11
9790.000000  1.688990e-11
9810.000000  1.677925e-11
9830.000000  1.661720e-11
9850.000000  1.640681e-11
9870.000000  1.630596e-11
9890.000000  1.609519e-11
9910.000000  1.603239e-11
9930.000000  1.602025e-11
9950.000000  1.588134e-11
9970.000000  1.579034e-11
9990.000000  1.557362e-11
10025.000000  1.408291e-11
10075.000000  1.332859e-11
10125.000000  1.478175e-11
10175.000000  1.479900e-11
10225.000000  1.468837e-11
10275.000000  1.449617e-11
10325.000000  1.420129e-11
10375.000000  1.400651e-11
10425.000000  1.379083e-11
10475.000000  1.338084e-11
10525.000000  1.325690e-11
10575.000000  1.310178e-11
10625.000000  1.293036e-11
10675.000000  1.246099e-11
10725.000000  1.243696e-11
10775.000000  1.226238e-11
10825.000000  1.204612e-11
10875.000000  1.172087e-11
10925.000000  9.892458e-12
10975.000000  1.078623e-11
11025.000000  1.138745e-11
11075.000000  1.133340e-11
11125.000000  1.114971e-11
11175.000000  1.100489e-11
11225.000000  1.087542e-11
11275.000000  1.047533e-11
11325.000000  1.035524e-11
11375.000000  1.033556e-11
11425.000000  1.011140e-11
11475.000000  1.011932e-11
11525.000000  9.987970e-12
11575.000000  9.823252e-12
11625.000000  9.543443e-12
11675.000000  9.352590e-12
11725.000000  9.432105e-12
11775.000000  9.092927e-12
11825.000000  9.058634e-12
11875.000000  8.869759e-12
11925.000000  8.941739e-12
11975.000000  8.696920e-12
12025.000000  8.640435e-12
12075.000000  8.491904e-12
12125.000000  8.387611e-12
12175.000000  8.312607e-12
12225.000000  8.179237e-12
12275.000000  8.059447e-12
12325.000000  7.957498e-12
12375.000000  7.866065e-12
12425.000000  7.788161e-12
12475.000000  7.652183e-12
12525.000000  7.545254e-12
12575.000000  7.389443e-12
12625.000000  7.331771e-12
12675.000000  7.251252e-12
12725.000000  7.130659e-12
12775.000000  6.807280e-12
12825.000000  5.786495e-12
12875.000000  6.687372e-12
12925.000000  6.757933e-12
12975.000000  6.707624e-12
13025.000000  6.639896e-12
13075.000000  6.570444e-12
13125.000000  6.469125e-12
13175.000000  6.357010e-12
13225.000000  6.318069e-12
13275.000000  6.232604e-12
13325.000000  6.161280e-12
13375.000000  6.081336e-12
13425.000000  6.002929e-12
13475.000000  5.928156e-12
13525.000000  5.834064e-12
13575.000000  5.752846e-12
13625.000000  5.705154e-12
13675.000000  5.621402e-12
13725.000000  5.499629e-12
13775.000000  5.475678e-12
13825.000000  5.415504e-12
13875.000000  5.373478e-12
13925.000000  5.273651e-12
13975.000000  5.225083e-12
14025.000000  5.165703e-12
14075.000000  5.113054e-12
14125.000000  5.035312e-12
14175.000000  4.984239e-12
14225.000000  4.913769e-12
14275.000000  4.847908e-12
14325.000000  4.803596e-12
14375.000000  4.758598e-12
14425.000000  4.588458e-12
14475.000000  4.634133e-12
14525.000000  4.521683e-12
14570.000000  4.527050e-12
14620.000000  4.460217e-12
14675.000000  4.421716e-12
14725.000000  4.354655e-12
14775.000000  4.285273e-12
14825.000000  4.253831e-12
14875.000000  4.184092e-12
14925.000000  4.187969e-12
14975.000000  4.121390e-12
15025.000000  4.060786e-12
15075.000000  4.005209e-12
15125.000000  3.989938e-12
15175.000000  3.946014e-12
15225.000000  3.896778e-12
15275.000000  3.846611e-12
15325.000000  3.797509e-12
15375.000000  3.767418e-12
15425.000000  3.670030e-12
15475.000000  3.673174e-12
15525.000000  3.638977e-12
15575.000000  3.518276e-12
15625.000000  3.604767e-12
15675.000000  3.476886e-12
15725.000000  3.367597e-12
15775.000000  3.467437e-12
15825.000000  3.444647e-12
15875.000000  3.123148e-12
15925.000000  3.322058e-12
15975.000000  3.373571e-12
16050.000000  3.255260e-12
16150.000000  3.052397e-12
16250.000000  3.219760e-12
16350.000000  3.042148e-12
16450.000000  2.832558e-12
16550.000000  3.024385e-12
16650.000000  2.967034e-12
16750.000000  2.782666e-12
16850.000000  2.587248e-12
16950.000000  2.778155e-12
17050.000000  2.716581e-12
17150.000000  2.670800e-12
17250.000000  2.574061e-12
17350.000000  2.262187e-12
17450.000000  2.429029e-12
17550.000000  2.435564e-12
17650.000000  2.388773e-12
17750.000000  2.348664e-12
17850.000000  2.297615e-12
17950.000000  2.261270e-12
18050.000000  2.185699e-12
18150.000000  1.946946e-12
18250.000000  2.048515e-12
18350.000000  2.074278e-12
18450.000000  2.037945e-12
18550.000000  1.988049e-12
18650.000000  1.936141e-12
18750.000000  1.710144e-12
18850.000000  1.849476e-12
18950.000000  1.827153e-12
19050.000000  1.816631e-12
19150.000000  1.779878e-12
19250.000000  1.741045e-12
19350.000000  1.686295e-12
19450.000000  1.494039e-12
19550.000000  1.624708e-12
19650.000000  1.614425e-12
19750.000000  1.583077e-12
19850.000000  1.558856e-12
19950.000000  1.530161e-12
20050.000000  1.503307e-12
20150.000000  1.476918e-12
20250.000000  1.447501e-12
20350.000000  1.418809e-12
20450.000000  1.397927e-12
20550.000000  1.371875e-12
20650.000000  1.343728e-12
20750.000000  1.320789e-12
20850.000000  1.298378e-12
20950.000000  1.274439e-12
21050.000000  1.252054e-12
21150.000000  1.226183e-12
21250.000000  1.205550e-12
21350.000000  1.184088e-12
21450.000000  1.165335e-12
21550.000000  1.134100e-12
21650.000000  1.010339e-12
21750.000000  1.085021e-12
21850.000000  1.084933e-12
21950.000000  1.072383e-12
22050.000000  1.050550e-12
22150.000000  1.032569e-12
22250.000000  1.019304e-12
22350.000000  1.002118e-12
22450.000000  9.856282e-13
22550.000000  9.648250e-13
22650.000000  9.519078e-13
22750.000000  9.369174e-13
22850.000000  9.213977e-13
22950.000000  9.053755e-13
23050.000000  8.930114e-13
23150.000000  8.780317e-13
23250.000000  8.651295e-13
23350.000000  8.508202e-13
23450.000000  8.378171e-13
23550.000000  8.246200e-13
23650.000000  8.119797e-13
23750.000000  7.981331e-13
23850.000000  7.857918e-13
23950.000000  7.738988e-13
24050.000000  7.610891e-13
24150.000000  7.490273e-13
24250.000000  7.384153e-13
24350.000000  7.257809e-13
24450.000000  7.148015e-13
24550.000000  7.036368e-13
24650.000000  6.925961e-13
24750.000000  6.817218e-13
24850.000000  6.723439e-13
24950.000000  6.552852e-13
