2505.000000  6.305327e-12
2513.000000  4.009330e-12
2518.000000  3.994347e-12
2525.000000  3.113507e-12
2535.000000  2.788595e-12
2545.000000  2.999672e-12
2555.000000  4.568658e-12
2565.000000  3.864025e-12
2575.000000  4.926737e-12
2585.000000  4.606184e-12
2595.000000  4.162291e-12
2605.000000  3.551340e-12
2615.000000  3.224171e-12
2625.000000  4.585958e-12
2635.000000  6.236582e-12
2645.000000  8.839544e-12
2655.000000  1.003592e-11
2665.000000  6.829062e-12
2675.000000  8.106426e-12
2685.000000  8.099120e-12
2695.000000  7.085126e-12
2705.000000  8.194199e-12
2715.000000  6.645079e-12
2725.000000  6.600284e-12
2735.000000  7.371777e-12
2745.000000  3.768918e-12
2755.000000  4.741030e-12
2765.000000  5.862195e-12
2775.000000  7.284854e-12
2785.000000  4.890685e-12
2795.000000  1.649932e-12
2805.000000  2.207604e-12
2815.000000  6.877064e-12
2825.000000  9.639828e-12
2835.000000  9.060853e-12
2845.000000  8.621148e-12
2855.000000  6.586284e-12
2865.000000  9.460805e-12
2875.000000  9.523479e-12
2885.000000  9.347349e-12
2895.000000  8.957438e-12
2910.000000  1.150832e-11
2930.000000  1.038100e-11
2950.000000  1.021511e-11
2970.000000  1.148909e-11
2990.000000  1.142386e-11
3010.000000  1.219324e-11
3030.000000  1.197419e-11
3050.000000  1.203072e-11
3070.000000  1.230332e-11
3090.000000  1.293954e-11
3110.000000  1.246354e-11
3130.000000  1.223777e-11
3150.000000  1.268354e-11
3170.000000  1.260988e-11
3190.000000  1.136496e-11
3210.000000  1.226686e-11
3230.000000  1.087716e-11
3250.000000  1.226913e-11
3270.000000  1.308349e-11
3290.000000  1.286655e-11
3310.000000  1.334086e-11
3330.000000  1.307011e-11
3350.000000  1.287959e-11
3370.000000  1.233194e-11
3390.000000  1.278108e-11
3410.000000  1.280634e-11
3430.000000  1.277669e-11
3450.000000  1.305793e-11
3470.000000  1.283500e-11
3490.000000  1.290872e-11
3510.000000  1.333207e-11
3530.000000  1.303870e-11
3550.000000  1.411246e-11
3570.000000  1.269275e-11
3590.000000  1.261054e-11
3610.000000  1.281587e-11
3630.000000  1.293503e-11
3640.000000  1.273350e-11
3650.000000  1.393988e-11
3670.000000  1.365528e-11
3690.000000  1.320713e-11
3710.000000  1.395466e-11
3730.000000  1.395739e-11
3750.000000  1.668525e-11
3770.000000  1.820256e-11
3790.000000  2.149624e-11
3810.000000  2.464386e-11
3830.000000  1.936487e-11
3850.000000  2.633502e-11
3870.000000  2.916639e-11
3890.000000  1.946776e-11
3910.000000  2.817810e-11
3930.000000  1.829961e-11
3950.000000  2.600752e-11
3970.000000  1.530585e-11
3990.000000  2.884954e-11
4010.000000  3.166910e-11
4030.000000  3.149612e-11
4050.000000  3.095054e-11
4070.000000  3.029572e-11
4090.000000  2.694107e-11
4110.000000  2.196968e-11
4130.000000  3.012963e-11
4150.000000  3.209757e-11
4170.000000  3.156156e-11
4190.000000  3.153979e-11
4210.000000  3.144792e-11
4230.000000  3.024470e-11
4250.000000  3.112115e-11
4270.000000  2.940792e-11
4290.000000  2.961501e-11
4310.000000  2.709381e-11
4330.000000  2.412112e-11
4350.000000  2.093782e-11
4370.000000  2.944903e-11
4390.000000  2.933659e-11
4410.000000  2.903932e-11
4430.000000  2.828622e-11
4450.000000  2.892812e-11
4470.000000  2.929002e-11
4490.000000  2.884141e-11
4510.000000  3.064673e-11
4530.000000  2.845705e-11
4550.000000  2.848568e-11
4570.000000  2.992022e-11
4590.000000  2.814464e-11
4610.000000  2.892592e-11
4630.000000  2.798915e-11
4650.000000  2.835406e-11
4670.000000  2.861508e-11
4690.000000  2.719950e-11
4710.000000  2.592404e-11
4730.000000  2.761687e-11
4750.000000  2.771669e-11
4770.000000  2.719056e-11
4790.000000  2.706859e-11
4810.000000  2.638203e-11
4830.000000  2.582697e-11
4850.000000  2.095315e-11
4870.000000  1.701155e-11
4890.000000  2.407575e-11
4910.000000  2.486556e-11
4930.000000  2.449876e-11
4950.000000  2.536378e-11
4970.000000  2.553719e-11
4990.000000  2.390793e-11
5010.000000  2.277288e-11
5030.000000  2.384838e-11
5050.000000  2.351282e-11
5070.000000  2.431537e-11
5090.000000  2.373216e-11
5110.000000  2.389840e-11
5130.000000  2.313824e-11
5150.000000  2.248166e-11
5170.000000  2.215068e-11
5190.000000  2.181289e-11
5210.000000  2.210905e-11
5230.000000  2.210415e-11
5250.000000  2.235245e-11
5270.000000  2.021169e-11
5290.000000  2.183665e-11
5310.000000  2.168297e-11
5330.000000  2.037580e-11
5350.000000  2.140492e-11
5370.000000  2.140559e-11
5390.000000  2.106486e-11
5410.000000  2.037639e-11
5430.000000  2.076068e-11
5450.000000  2.111052e-11
5470.000000  2.067245e-11
5490.000000  2.039780e-11
5510.000000  2.026531e-11
5530.000000  2.025407e-11
5550.000000  2.019705e-11
5570.000000  1.986756e-11
5590.000000  1.958786e-11
5610.000000  1.977630e-11
5630.000000  1.973240e-11
5650.000000  1.945042e-11
5670.000000  1.897840e-11
5690.000000  1.913369e-11
5710.000000  1.894851e-11
5730.000000  1.951048e-11
5750.000000  1.891224e-11
5770.000000  1.894483e-11
5790.000000  1.858417e-11
5810.000000  1.862769e-11
5830.000000  1.864090e-11
5850.000000  1.834283e-11
5870.000000  1.826343e-11
5890.000000  1.766109e-11
5910.000000  1.796131e-11
5930.000000  1.779710e-11
5950.000000  1.768870e-11
5970.000000  1.761111e-11
5990.000000  1.733027e-11
6010.000000  1.694842e-11
6030.000000  1.700282e-11
6050.000000  1.698658e-11
6070.000000  1.702617e-11
6090.000000  1.667517e-11
6110.000000  1.640797e-11
6130.000000  1.600390e-11
6150.000000  1.574619e-11
6170.000000  1.561157e-11
6190.000000  1.610166e-11
6210.000000  1.601259e-11
6230.000000  1.567612e-11
6250.000000  1.505311e-11
6270.000000  1.568971e-11
6290.000000  1.560600e-11
6310.000000  1.513351e-11
6330.000000  1.512565e-11
6350.000000  1.488006e-11
6370.000000  1.481995e-11
6390.000000  1.488871e-11
6410.000000  1.453982e-11
6430.000000  1.460985e-11
6450.000000  1.425003e-11
6470.000000  1.433516e-11
6490.000000  1.399371e-11
6510.000000  1.403916e-11
6530.000000  1.367703e-11
6550.000000  1.213652e-11
6570.000000  9.810092e-12
6590.000000  1.296598e-11
6610.000000  1.352842e-11
6630.000000  1.357731e-11
6650.000000  1.351864e-11
6670.000000  1.333459e-11
6690.000000  1.339179e-11
6710.000000  1.324367e-11
6730.000000  1.319398e-11
6750.000000  1.290280e-11
6770.000000  1.303129e-11
6790.000000  1.289453e-11
6810.000000  1.279490e-11
6830.000000  1.269085e-11
6850.000000  1.253402e-11
6870.000000  1.256062e-11
6890.000000  1.247285e-11
6910.000000  1.236040e-11
6930.000000  1.225175e-11
6950.000000  1.218653e-11
6970.000000  1.207352e-11
6990.000000  1.203519e-11
7010.000000  1.165536e-11
7030.000000  1.177647e-11
7050.000000  1.173599e-11
7070.000000  1.165354e-11
7090.000000  1.156578e-11
7110.000000  1.120659e-11
7130.000000  1.127983e-11
7150.000000  1.123065e-11
7170.000000  1.110608e-11
7190.000000  1.095441e-11
7210.000000  1.100279e-11
7230.000000  1.087961e-11
7250.000000  1.078522e-11
7270.000000  1.083208e-11
7290.000000  1.058116e-11
7310.000000  1.061506e-11
7330.000000  1.056803e-11
7350.000000  1.053963e-11
7370.000000  1.048369e-11
7390.000000  1.026498e-11
7410.000000  1.011876e-11
7430.000000  1.002336e-11
7450.000000  1.002298e-11
7470.000000  9.948178e-12
7490.000000  9.926394e-12
7510.000000  9.924243e-12
7530.000000  9.868688e-12
7550.000000  9.874257e-12
7570.000000  9.741207e-12
7590.000000  9.710599e-12
7610.000000  9.616082e-12
7630.000000  9.595442e-12
7650.000000  9.484127e-12
7670.000000  9.285429e-12
7690.000000  9.293783e-12
7710.000000  9.259426e-12
7730.000000  9.229371e-12
7750.000000  9.118261e-12
7770.000000  8.929613e-12
7790.000000  9.112648e-12
7810.000000  9.003104e-12
7830.000000  8.869502e-12
7850.000000  8.765955e-12
7870.000000  8.783388e-12
7890.000000  8.689506e-12
7910.000000  8.579203e-12
7930.000000  8.464674e-12
7950.000000  8.439858e-12
7970.000000  8.553323e-12
7990.000000  8.408746e-12
8010.000000  8.397180e-12
8030.000000  8.289282e-12
8050.000000  8.267499e-12
8070.000000  8.224063e-12
8090.000000  8.138453e-12
8110.000000  8.164412e-12
8130.000000  8.141112e-12
8150.000000  8.073487e-12
8170.000000  8.023296e-12
8190.000000  7.758709e-12
8210.000000  7.714487e-12
8230.000000  7.694768e-12
8250.000000  7.679019e-12
8270.000000  7.776521e-12
8290.000000  7.703687e-12
8310.000000  7.587640e-12
8330.000000  7.476809e-12
8350.000000  7.521308e-12
8370.000000  7.522509e-12
8390.000000  7.419619e-12
8410.000000  7.412106e-12
8430.000000  7.301916e-12
8450.000000  7.139568e-12
8470.000000  7.136704e-12
8490.000000  7.130027e-12
8510.000000  6.691255e-12
8530.000000  7.054026e-12
8550.000000  5.924909e-12
8570.000000  7.162234e-12
8590.000000  6.762637e-12
8610.000000  6.621579e-12
8630.000000  7.089138e-12
8650.000000  6.859792e-12
8670.000000  5.544846e-12
8690.000000  6.714450e-12
8710.000000  7.028234e-12
8730.000000  6.824776e-12
8750.000000  5.731641e-12
8770.000000  6.636436e-12
8790.000000  6.950270e-12
8810.000000  6.929134e-12
8830.000000  6.715787e-12
8850.000000  6.237964e-12
8870.000000  5.460640e-12
8890.000000  6.541207e-12
8910.000000  6.750449e-12
8930.000000  6.695651e-12
8950.000000  6.765865e-12
8970.000000  6.630141e-12
8990.000000  6.425078e-12
9010.000000  5.315482e-12
9030.000000  5.799626e-12
9050.000000  6.420794e-12
9070.000000  6.328207e-12
9090.000000  6.202244e-12
9110.000000  6.355548e-12
9130.000000  6.434149e-12
9150.000000  6.437177e-12
9170.000000  6.334535e-12
9190.000000  6.201469e-12
9210.000000  5.801216e-12
9230.000000  4.737947e-12
9250.000000  5.581499e-12
9270.000000  5.876236e-12
9290.000000  6.120710e-12
9310.000000  6.138776e-12
9330.000000  6.086920e-12
9350.000000  6.082664e-12
9370.000000  6.067421e-12
9390.000000  5.969299e-12
9410.000000  5.649785e-12
9430.000000  5.840058e-12
9450.000000  5.793523e-12
9470.000000  5.836152e-12
9490.000000  5.791195e-12
9510.000000  5.628667e-12
9530.000000  5.261619e-12
9550.000000  4.360762e-12
9570.000000  5.261266e-12
9590.000000  5.520042e-12
9610.000000  5.490962e-12
9630.000000  5.399377e-12
9650.000000  5.480075e-12
9670.000000  5.377340e-12
9690.000000  5.339273e-12
9710.000000  5.470734e-12
9730.000000  5.428476e-12
9750.000000  5.309581e-12
9770.000000  5.373173e-12
9790.000000  5.329466e-12
9810.000000  5.315333e-12
9830.000000  5.257974e-12
9850.000000  5.191047e-12
9870.000000  5.154966e-12
9890.000000  5.090709e-12
9910.000000  5.049706e-12
9930.000000  5.100641e-12
9950.000000  5.050957e-12
9970.000000  5.028050e-12
9990.000000  4.976193e-12
10025.000000  4.597219e-12
10075.000000  4.370637e-12
10125.000000  4.734988e-12
10175.000000  4.714726e-12
10225.000000  4.699278e-12
10275.000000  4.659117e-12
10325.000000  4.556110e-12
10375.000000  4.501465e-12
10425.000000  4.439019e-12
10475.000000  4.287315e-12
10525.000000  4.269290e-12
10575.000000  4.228929e-12
10625.000000  4.183462e-12
10675.000000  4.013198e-12
10725.000000  4.020362e-12
10775.000000  3.969036e-12
10825.000000  3.890092e-12
10875.000000  3.814000e-12
10925.000000  3.319941e-12
10975.000000  3.555588e-12
11025.000000  3.728803e-12
11075.000000  3.714526e-12
11125.000000  3.647851e-12
11175.000000  3.603393e-12
11225.000000  3.572235e-12
11275.000000  3.428438e-12
11325.000000  3.395828e-12
11375.000000  3.395688e-12
11425.000000  3.309794e-12
11475.000000  3.348426e-12
11525.000000  3.306995e-12
11575.000000  3.247454e-12
11625.000000  3.148270e-12
11675.000000  3.088720e-12
11725.000000  3.138227e-12
11775.000000  3.011815e-12
11825.000000  3.006755e-12
11875.000000  2.940713e-12
11925.000000  2.995273e-12
11975.000000  2.891175e-12
12025.000000  2.888664e-12
12075.000000  2.836202e-12
12125.000000  2.806931e-12
12175.000000  2.794120e-12
12225.000000  2.749096e-12
12275.000000  2.713552e-12
12325.000000  2.679495e-12
12375.000000  2.654138e-12
12425.000000  2.629502e-12
12475.000000  2.589902e-12
12525.000000  2.545933e-12
12575.000000  2.499351e-12
12625.000000  2.485002e-12
12675.000000  2.457542e-12
12725.000000  2.427274e-12
12775.000000  2.329381e-12
12825.000000  1.999850e-12
12875.000000  2.283645e-12
12925.000000  2.300382e-12
12975.000000  2.290902e-12
13025.000000  2.263354e-12
13075.000000  2.249766e-12
13125.000000  2.210065e-12
13175.000000  2.173065e-12
13225.000000  2.168405e-12
13275.000000  2.134158e-12
13325.000000  2.116770e-12
13375.000000  2.089154e-12
13425.000000  2.066748e-12
13475.000000  2.042969e-12
13525.000000  2.011521e-12
13575.000000  1.978025e-12
13625.000000  1.968523e-12
13675.000000  1.938437e-12
13725.000000  1.895541e-12
13775.000000  1.890087e-12
13825.000000  1.873898e-12
13875.000000  1.866038e-12
13925.000000  1.825788e-12
13975.000000  1.811317e-12
14025.000000  1.790675e-12
14075.000000  1.778522e-12
14125.000000  1.746473e-12
14175.000000  1.735828e-12
14225.000000  1.705653e-12
14275.000000  1.679236e-12
14325.000000  1.673775e-12
14375.000000  1.664867e-12
14425.000000  1.587136e-12
14475.000000  1.618365e-12
14525.000000  1.570183e-12
14570.000000  1.582370e-12
14620.000000  1.557279e-12
14675.000000  1.547853e-12
14725.000000  1.516176e-12
14775.000000  1.494930e-12
14825.000000  1.487340e-12
14875.000000  1.459597e-12
14925.000000  1.473135e-12
14975.000000  1.444583e-12
15025.000000  1.422775e-12
15075.000000  1.400056e-12
15125.000000  1.403151e-12
15175.000000  1.391749e-12
15225.000000  1.368413e-12
15275.000000  1.359528e-12
15325.000000  1.339954e-12
15375.000000  1.329160e-12
15425.000000  1.297573e-12
15475.000000  1.295098e-12
15525.000000  1.282501e-12
15575.000000  1.250583e-12
15625.000000  1.270325e-12
15675.000000  1.227979e-12
15725.000000  1.202693e-12
15775.000000  1.208942e-12
15825.000000  1.208280e-12
15875.000000  1.114118e-12
15925.000000  1.170048e-12
15975.000000  1.182635e-12
16050.000000  1.145635e-12
16150.000000  1.083412e-12
16250.000000  1.129573e-12
16350.000000  1.070850e-12
16450.000000  1.003205e-12
16550.000000  1.060952e-12
16650.000000  1.043399e-12
16750.000000  9.811930e-13
16850.000000  9.154639e-13
16950.000000  9.792315e-13
17050.000000  9.528870e-13
17150.000000  9.406958e-13
17250.000000  9.025175e-13
17350.000000  7.997698e-13
17450.000000  8.526210e-13
17550.000000  8.559192e-13
17650.000000  8.399250e-13
17750.000000  8.256486e-13
17850.000000  8.085315e-13
17950.000000  7.973825e-13
18050.000000  7.690504e-13
18150.000000  6.894236e-13
18250.000000  7.221122e-13
18350.000000  7.308609e-13
18450.000000  7.168135e-13
18550.000000  6.997252e-13
18650.000000  6.805724e-13
18750.000000  6.042612e-13
18850.000000  6.513529e-13
18950.000000  6.383470e-13
19050.000000  6.408781e-13
19150.000000  6.270859e-13
19250.000000  6.138723e-13
19350.000000  5.935249e-13
19450.000000  5.289876e-13
19550.000000  5.735750e-13
19650.000000  5.690205e-13
19750.000000  5.576443e-13
19850.000000  5.500832e-13
19950.000000  5.401564e-13
20050.000000  5.313397e-13
20150.000000  5.229959e-13
20250.000000  5.110682e-13
20350.000000  4.998374e-13
20450.000000  4.951729e-13
20550.000000  4.852018e-13
20650.000000  4.746620e-13
20750.000000  4.667323e-13
20850.000000  4.587287e-13
20950.000000  4.500509e-13
21050.000000  4.431095e-13
21150.000000  4.333266e-13
21250.000000  4.259793e-13
21350.000000  4.187846e-13
21450.000000  4.126952e-13
21550.000000  4.018110e-13
21650.000000  3.587863e-13
21750.000000  3.837644e-13
21850.000000  3.837843e-13
21950.000000  3.801427e-13
22050.000000  3.710416e-13
22150.000000  3.655604e-13
22250.000000  3.612006e-13
22350.000000  3.550818e-13
22450.000000  3.492471e-13
22550.000000  3.408640e-13
22650.000000  3.366229e-13
22750.000000  3.319879e-13
22850.000000  3.258539e-13
22950.000000  3.201366e-13
23050.000000  3.165371e-13
23150.000000  3.108172e-13
23250.000000  3.067031e-13
23350.000000  3.013294e-13
23450.000000  2.970119e-13
23550.000000  2.923042e-13
23650.000000  2.880183e-13
23750.000000  2.819215e-13
23850.000000  2.780472e-13
23950.000000  2.742046e-13
24050.000000  2.694949e-13
24150.000000  2.649072e-13
24250.000000  2.615369e-13
24350.000000  2.566908e-13
24450.000000  2.534038e-13
24550.000000  2.484795e-13
24650.000000  2.455234e-13
24750.000000  2.413473e-13
24850.000000  2.374184e-13
24950.000000  2.326753e-13
