2505.000000  8.162254e-13
2513.000000  4.677275e-13
2518.000000  3.423282e-13
2525.000000  3.540646e-13
2535.000000  5.564796e-13
2545.000000  6.522175e-13
2555.000000  1.477113e-12
2565.000000  1.350492e-12
2575.000000  2.246277e-12
2585.000000  2.218406e-12
2595.000000  2.021716e-12
2605.000000  1.697145e-12
2615.000000  1.553425e-12
2625.000000  2.194630e-12
2635.000000  4.862746e-12
2645.000000  5.878407e-12
2655.000000  9.917499e-12
2665.000000  5.469223e-12
2675.000000  6.184775e-12
2685.000000  8.252249e-12
2695.000000  4.567489e-12
2705.000000  6.360483e-12
2715.000000  3.789024e-12
2725.000000  2.076284e-12
2735.000000  3.278295e-12
2745.000000  2.171232e-12
2755.000000  3.207074e-12
2765.000000  4.556840e-12
2775.000000  4.174211e-12
2785.000000  2.254176e-12
2795.000000  1.161888e-12
2805.000000  1.409972e-12
2815.000000  3.479501e-12
2825.000000  4.258271e-12
2835.000000  2.839189e-12
2845.000000  1.576360e-12
2855.000000  8.730682e-13
2865.000000  2.125261e-12
2875.000000  4.093401e-12
2885.000000  5.165841e-12
2895.000000  8.517750e-12
2910.000000  1.264734e-11
2930.000000  1.148864e-11
2950.000000  9.925144e-12
2970.000000  9.792526e-12
2990.000000  9.561799e-12
3010.000000  8.534790e-12
3030.000000  1.099478e-11
3050.000000  1.136025e-11
3070.000000  1.454200e-11
3090.000000  1.174388e-11
3110.000000  1.708647e-11
3130.000000  1.522163e-11
3150.000000  1.542875e-11
3170.000000  1.749716e-11
3190.000000  1.514852e-11
3210.000000  1.611240e-11
3230.000000  1.357225e-11
3250.000000  2.123704e-11
3270.000000  2.709536e-11
3290.000000  2.662309e-11
3310.000000  2.270846e-11
3330.000000  2.297227e-11
3350.000000  2.166410e-11
3370.000000  1.341375e-11
3390.000000  1.675318e-11
3410.000000  1.712853e-11
3430.000000  1.972239e-11
3450.000000  1.907534e-11
3470.000000  2.049595e-11
3490.000000  2.522781e-11
3510.000000  2.770234e-11
3530.000000  2.455223e-11
3550.000000  3.056037e-11
3570.000000  1.787435e-11
3590.000000  1.839609e-11
3610.000000  2.379298e-11
3630.000000  2.496668e-11
3640.000000  2.653553e-11
3650.000000  3.072189e-11
3670.000000  3.437142e-11
3690.000000  2.988258e-11
3710.000000  2.976650e-11
3730.000000  1.605701e-11
3750.000000  1.904079e-11
3770.000000  2.878429e-11
3790.000000  3.002363e-11
3810.000000  2.651586e-11
3830.000000  1.248807e-11
3850.000000  1.940569e-11
3870.000000  1.907530e-11
3890.000000  2.460149e-11
3910.000000  3.114119e-11
3930.000000  1.507839e-11
3950.000000  2.873462e-11
3970.000000  1.985553e-11
3990.000000  4.367283e-11
4010.000000  4.815055e-11
4030.000000  4.545850e-11
4050.000000  4.304668e-11
4070.000000  4.020912e-11
4090.000000  5.172334e-11
4110.000000  4.948376e-11
4130.000000  4.770421e-11
4150.000000  4.513875e-11
4170.000000  4.784855e-11
4190.000000  4.395970e-11
4210.000000  4.491501e-11
4230.000000  4.104075e-11
4250.000000  4.382978e-11
4270.000000  3.961978e-11
4290.000000  3.604497e-11
4310.000000  3.118119e-11
4330.000000  4.897285e-11
4350.000000  4.809552e-11
4370.000000  5.146941e-11
4390.000000  4.491573e-11
4410.000000  4.940319e-11
4430.000000  5.587360e-11
4450.000000  5.521019e-11
4470.000000  5.957863e-11
4490.000000  6.134928e-11
4510.000000  6.854141e-11
4530.000000  6.059256e-11
4550.000000  6.438986e-11
4570.000000  6.806183e-11
4590.000000  6.480714e-11
4610.000000  6.621619e-11
4630.000000  6.618866e-11
4650.000000  6.598401e-11
4670.000000  6.879772e-11
4690.000000  6.758320e-11
4710.000000  6.502402e-11
4730.000000  6.742538e-11
4750.000000  6.812323e-11
4770.000000  6.796221e-11
4790.000000  6.811166e-11
4810.000000  6.862676e-11
4830.000000  6.896576e-11
4850.000000  6.672269e-11
4870.000000  6.044300e-11
4890.000000  6.522479e-11
4910.000000  6.591062e-11
4930.000000  6.340671e-11
4950.000000  6.585756e-11
4970.000000  6.701440e-11
4990.000000  6.200648e-11
5010.000000  5.861578e-11
5030.000000  6.267810e-11
5050.000000  6.139274e-11
5070.000000  6.363166e-11
5090.000000  6.105098e-11
5110.000000  6.160251e-11
5130.000000  6.012472e-11
5150.000000  5.687242e-11
5170.000000  4.604305e-11
5190.000000  4.835583e-11
5210.000000  5.740155e-11
5230.000000  6.270989e-11
5250.000000  6.640753e-11
5270.000000  5.669891e-11
5290.000000  6.578833e-11
5310.000000  6.924917e-11
5330.000000  6.103348e-11
5350.000000  6.635310e-11
5370.000000  6.561868e-11
5390.000000  6.485602e-11
5410.000000  6.278921e-11
5430.000000  6.421494e-11
5450.000000  6.572320e-11
5470.000000  6.572033e-11
5490.000000  6.597090e-11
5510.000000  6.534354e-11
5530.000000  6.644092e-11
5550.000000  6.765192e-11
5570.000000  6.500101e-11
5590.000000  6.299710e-11
5610.000000  6.558545e-11
5630.000000  6.661969e-11
5650.000000  6.689890e-11
5670.000000  6.536929e-11
5690.000000  6.611485e-11
5710.000000  6.426272e-11
5730.000000  6.830908e-11
5750.000000  6.667939e-11
5770.000000  6.711138e-11
5790.000000  6.503184e-11
5810.000000  6.677708e-11
5830.000000  6.773237e-11
5850.000000  6.594945e-11
5870.000000  6.597511e-11
5890.000000  5.579535e-11
5910.000000  6.512404e-11
5930.000000  6.540575e-11
5950.000000  6.554855e-11
5970.000000  6.571991e-11
5990.000000  6.521221e-11
6010.000000  6.408268e-11
6030.000000  6.441945e-11
6050.000000  6.555055e-11
6070.000000  6.487894e-11
6090.000000  6.362942e-11
6110.000000  6.318235e-11
6130.000000  6.031853e-11
6150.000000  6.222123e-11
6170.000000  5.856482e-11
6190.000000  6.272048e-11
6210.000000  6.278012e-11
6230.000000  6.114127e-11
6250.000000  5.969689e-11
6270.000000  6.171802e-11
6290.000000  6.211918e-11
6310.000000  6.032291e-11
6330.000000  6.058620e-11
6350.000000  6.101503e-11
6370.000000  6.080286e-11
6390.000000  6.090991e-11
6410.000000  5.947024e-11
6430.000000  5.996369e-11
6450.000000  5.902427e-11
6470.000000  5.877510e-11
6490.000000  5.799709e-11
6510.000000  5.966904e-11
6530.000000  5.997052e-11
6550.000000  5.862348e-11
6570.000000  5.476212e-11
6590.000000  5.863652e-11
6610.000000  5.926491e-11
6630.000000  5.886470e-11
6650.000000  5.864924e-11
6670.000000  5.785236e-11
6690.000000  5.864910e-11
6710.000000  5.740097e-11
6730.000000  5.822283e-11
6750.000000  5.753540e-11
6770.000000  5.752696e-11
6790.000000  5.727802e-11
6810.000000  5.688418e-11
6830.000000  5.722768e-11
6850.000000  5.600994e-11
6870.000000  5.636971e-11
6890.000000  5.642431e-11
6910.000000  5.609796e-11
6930.000000  5.578635e-11
6950.000000  5.548089e-11
6970.000000  5.554333e-11
6990.000000  5.510176e-11
7010.000000  5.410525e-11
7030.000000  5.462565e-11
7050.000000  5.472191e-11
7070.000000  5.416934e-11
7090.000000  5.392983e-11
7110.000000  5.410636e-11
7130.000000  5.312308e-11
7150.000000  5.246805e-11
7170.000000  5.288492e-11
7190.000000  5.145201e-11
7210.000000  5.204493e-11
7230.000000  5.256317e-11
7250.000000  5.246702e-11
7270.000000  5.232530e-11
7290.000000  5.113460e-11
7310.000000  5.169374e-11
7330.000000  5.118309e-11
7350.000000  5.135977e-11
7370.000000  5.148789e-11
7390.000000  5.038553e-11
7410.000000  4.975873e-11
7430.000000  5.031608e-11
7450.000000  5.015882e-11
7470.000000  5.041416e-11
7490.000000  4.989990e-11
7510.000000  4.984987e-11
7530.000000  4.995888e-11
7550.000000  4.997489e-11
7570.000000  4.949286e-11
7590.000000  4.926789e-11
7610.000000  4.904449e-11
7630.000000  4.914546e-11
7650.000000  4.893818e-11
7670.000000  4.746537e-11
7690.000000  4.857332e-11
7710.000000  4.787618e-11
7730.000000  4.802049e-11
7750.000000  4.736813e-11
7770.000000  4.818397e-11
7790.000000  4.785139e-11
7810.000000  4.763928e-11
7830.000000  4.698064e-11
7850.000000  4.701899e-11
7870.000000  4.726304e-11
7890.000000  4.688396e-11
7910.000000  4.624138e-11
7930.000000  4.540417e-11
7950.000000  4.520833e-11
7970.000000  4.607711e-11
7990.000000  4.590532e-11
8010.000000  4.531545e-11
8030.000000  4.535393e-11
8050.000000  4.482053e-11
8070.000000  4.509047e-11
8090.000000  4.425009e-11
8110.000000  4.448149e-11
8130.000000  4.464188e-11
8150.000000  4.440882e-11
8170.000000  4.424812e-11
8190.000000  4.253462e-11
8210.000000  4.305765e-11
8230.000000  4.292882e-11
8250.000000  4.337702e-11
8270.000000  4.357606e-11
8290.000000  4.329487e-11
8310.000000  4.253669e-11
8330.000000  4.192476e-11
8350.000000  4.229886e-11
8370.000000  4.239675e-11
8390.000000  4.107853e-11
8410.000000  4.219258e-11
8430.000000  4.129477e-11
8450.000000  4.174248e-11
8470.000000  4.123796e-11
8490.000000  4.085860e-11
8510.000000  3.906076e-11
8530.000000  4.021434e-11
8550.000000  3.488810e-11
8570.000000  4.100288e-11
8590.000000  4.043728e-11
8610.000000  4.028623e-11
8630.000000  4.044526e-11
8650.000000  3.994868e-11
8670.000000  3.480606e-11
8690.000000  3.865598e-11
8710.000000  3.960319e-11
8730.000000  3.945211e-11
8750.000000  3.916251e-11
8770.000000  3.940705e-11
8790.000000  3.912726e-11
8810.000000  3.773482e-11
8830.000000  3.847046e-11
8850.000000  3.876237e-11
8870.000000  3.807931e-11
8890.000000  3.876538e-11
8910.000000  3.873804e-11
8930.000000  3.808257e-11
8950.000000  3.789144e-11
8970.000000  3.795243e-11
8990.000000  3.800212e-11
9010.000000  3.642928e-11
9030.000000  3.746542e-11
9050.000000  3.781063e-11
9070.000000  3.740878e-11
9090.000000  3.642572e-11
9110.000000  3.659453e-11
9130.000000  3.697349e-11
9150.000000  3.648689e-11
9170.000000  3.617526e-11
9190.000000  3.621208e-11
9210.000000  3.547943e-11
9230.000000  3.535994e-11
9250.000000  3.504234e-11
9270.000000  3.543108e-11
9290.000000  3.526892e-11
9310.000000  3.548873e-11
9330.000000  3.530229e-11
9350.000000  3.506611e-11
9370.000000  3.484126e-11
9390.000000  3.481220e-11
9410.000000  3.363122e-11
9430.000000  3.435267e-11
9450.000000  3.384192e-11
9470.000000  3.432039e-11
9490.000000  3.428981e-11
9510.000000  3.416601e-11
9530.000000  3.389609e-11
9550.000000  3.340243e-11
9570.000000  3.357314e-11
9590.000000  3.376734e-11
9610.000000  3.347024e-11
9630.000000  3.325794e-11
9650.000000  3.283096e-11
9670.000000  3.281320e-11
9690.000000  3.308443e-11
9710.000000  3.282265e-11
9730.000000  3.267814e-11
9750.000000  3.242889e-11
9770.000000  3.247217e-11
9790.000000  3.211416e-11
9810.000000  3.242532e-11
9830.000000  3.222623e-11
9850.000000  3.227096e-11
9870.000000  3.199943e-11
9890.000000  3.193024e-11
9910.000000  3.176153e-11
9930.000000  3.187398e-11
9950.000000  3.173900e-11
9970.000000  3.165539e-11
9990.000000  3.150274e-11
10025.000000  3.127449e-11
10075.000000  3.084369e-11
10125.000000  3.072969e-11
10175.000000  3.026690e-11
10225.000000  3.009816e-11
10275.000000  2.997914e-11
10325.000000  2.945701e-11
10375.000000  2.921590e-11
10425.000000  2.916757e-11
10475.000000  2.875780e-11
10525.000000  2.864523e-11
10575.000000  2.822268e-11
10625.000000  2.796064e-11
10675.000000  2.747049e-11
10725.000000  2.746412e-11
10775.000000  2.704956e-11
10825.000000  2.641985e-11
10875.000000  2.639555e-11
10925.000000  2.623620e-11
10975.000000  2.549603e-11
11025.000000  2.550566e-11
11075.000000  2.552321e-11
11125.000000  2.523556e-11
11175.000000  2.506991e-11
11225.000000  2.497989e-11
11275.000000  2.444173e-11
11325.000000  2.453471e-11
11375.000000  2.417816e-11
11425.000000  2.389532e-11
11475.000000  2.407346e-11
11525.000000  2.393513e-11
11575.000000  2.358809e-11
11625.000000  2.318489e-11
11675.000000  2.317669e-11
11725.000000  2.325206e-11
11775.000000  2.277975e-11
11825.000000  2.236696e-11
11875.000000  2.228492e-11
11925.000000  2.254975e-11
11975.000000  2.154746e-11
12025.000000  2.183958e-11
12075.000000  2.151515e-11
12125.000000  2.166111e-11
12175.000000  2.168033e-11
12225.000000  2.150997e-11
12275.000000  2.123359e-11
12325.000000  2.115167e-11
12375.000000  2.098931e-11
12425.000000  2.074515e-11
12475.000000  2.070806e-11
12525.000000  2.049601e-11
12575.000000  2.037862e-11
12625.000000  2.020191e-11
12675.000000  1.996735e-11
12725.000000  1.993510e-11
12775.000000  1.981612e-11
12825.000000  1.905440e-11
12875.000000  1.943539e-11
12925.000000  1.920731e-11
12975.000000  1.922479e-11
13025.000000  1.901434e-11
13075.000000  1.896925e-11
13125.000000  1.852446e-11
13175.000000  1.844077e-11
13225.000000  1.854986e-11
13275.000000  1.823338e-11
13325.000000  1.819480e-11
13375.000000  1.807744e-11
13425.000000  1.806931e-11
13475.000000  1.791181e-11
13525.000000  1.781218e-11
13575.000000  1.751339e-11
13625.000000  1.743628e-11
13675.000000  1.737832e-11
13725.000000  1.731880e-11
13775.000000  1.716781e-11
13825.000000  1.708737e-11
13875.000000  1.692677e-11
13925.000000  1.685443e-11
13975.000000  1.673389e-11
14025.000000  1.651383e-11
14075.000000  1.648805e-11
14125.000000  1.619252e-11
14175.000000  1.623419e-11
14225.000000  1.589844e-11
14275.000000  1.557413e-11
14325.000000  1.585337e-11
14375.000000  1.585008e-11
14425.000000  1.537780e-11
14475.000000  1.563310e-11
14525.000000  1.529418e-11
14570.000000  1.526686e-11
14620.000000  1.526521e-11
14675.000000  1.513665e-11
14725.000000  1.487482e-11
14775.000000  1.486512e-11
14825.000000  1.480562e-11
14875.000000  1.423391e-11
14925.000000  1.478940e-11
14975.000000  1.457093e-11
15025.000000  1.371872e-11
15075.000000  1.400240e-11
15125.000000  1.435235e-11
15175.000000  1.432180e-11
15225.000000  1.408080e-11
15275.000000  1.410161e-11
15325.000000  1.400678e-11
15375.000000  1.394086e-11
15425.000000  1.392475e-11
15475.000000  1.383633e-11
15525.000000  1.363333e-11
15575.000000  1.355393e-11
15625.000000  1.356926e-11
15675.000000  1.330089e-11
15725.000000  1.323420e-11
15775.000000  1.257041e-11
15825.000000  1.298466e-11
15875.000000  1.260818e-11
15925.000000  1.283876e-11
15975.000000  1.276527e-11
16050.000000  1.268760e-11
16150.000000  1.243381e-11
16250.000000  1.234653e-11
16350.000000  1.208957e-11
16450.000000  1.185065e-11
16550.000000  1.176502e-11
16650.000000  1.151653e-11
16750.000000  1.114422e-11
16850.000000  1.093605e-11
16950.000000  1.091503e-11
17050.000000  1.057583e-11
17150.000000  1.030345e-11
17250.000000  1.012940e-11
17350.000000  9.800289e-12
17450.000000  9.726975e-12
17550.000000  9.621269e-12
17650.000000  9.426879e-12
17750.000000  9.228040e-12
17850.000000  9.094352e-12
17950.000000  8.921018e-12
18050.000000  8.712540e-12
18150.000000  8.452957e-12
18250.000000  8.339830e-12
18350.000000  8.203809e-12
18450.000000  7.957123e-12
18550.000000  7.903231e-12
18650.000000  7.696352e-12
18750.000000  7.324792e-12
18850.000000  7.437061e-12
18950.000000  7.158284e-12
19050.000000  7.195946e-12
19150.000000  7.038850e-12
19250.000000  6.921094e-12
19350.000000  6.734953e-12
19450.000000  6.478957e-12
19550.000000  6.535883e-12
19650.000000  6.414443e-12
19750.000000  6.234929e-12
19850.000000  6.169995e-12
19950.000000  6.070221e-12
20050.000000  6.016030e-12
20150.000000  5.931363e-12
20250.000000  5.776700e-12
20350.000000  5.650108e-12
20450.000000  5.618764e-12
20550.000000  5.503119e-12
20650.000000  5.357125e-12
20750.000000  5.307621e-12
20850.000000  5.217668e-12
20950.000000  5.082758e-12
21050.000000  5.049637e-12
21150.000000  4.951499e-12
21250.000000  4.874862e-12
21350.000000  4.797104e-12
21450.000000  4.725461e-12
21550.000000  4.646418e-12
21650.000000  4.465949e-12
21750.000000  4.454471e-12
21850.000000  4.386676e-12
21950.000000  4.347963e-12
22050.000000  4.216444e-12
22150.000000  4.210767e-12
22250.000000  4.122126e-12
22350.000000  4.057700e-12
22450.000000  3.995050e-12
22550.000000  3.930457e-12
22650.000000  3.853378e-12
22750.000000  3.816727e-12
22850.000000  3.720048e-12
22950.000000  3.609635e-12
23050.000000  3.601856e-12
23150.000000  3.547384e-12
23250.000000  3.400527e-12
23350.000000  3.389863e-12
23450.000000  3.382104e-12
23550.000000  3.224315e-12
23650.000000  3.252497e-12
23750.000000  3.198033e-12
23850.000000  3.069135e-12
23950.000000  3.096365e-12
24050.000000  3.065175e-12
24150.000000  2.947989e-12
24250.000000  2.949385e-12
24350.000000  2.917069e-12
24450.000000  2.846593e-12
24550.000000  2.781537e-12
24650.000000  2.795305e-12
24750.000000  2.728017e-12
24850.000000  2.642109e-12
24950.000000  2.669524e-12
