2505.000000  8.863109e-15
2513.000000  4.946123e-15
2518.000000  3.266764e-15
2525.000000  3.973900e-15
2535.000000  1.660833e-14
2545.000000  2.061830e-14
2555.000000  4.548553e-14
2565.000000  2.272214e-14
2575.000000  4.001681e-14
2585.000000  2.907806e-14
2595.000000  3.146544e-14
2605.000000  3.940415e-14
2615.000000  3.459848e-14
2625.000000  5.629962e-14
2635.000000  1.283699e-13
2645.000000  1.438373e-13
2655.000000  3.071723e-13
2665.000000  1.651281e-13
2675.000000  1.457787e-13
2685.000000  2.263294e-13
2695.000000  1.134662e-13
2705.000000  2.186314e-13
2715.000000  1.330871e-13
2725.000000  7.576791e-14
2735.000000  1.088299e-13
2745.000000  1.041536e-13
2755.000000  1.262936e-13
2765.000000  1.911292e-13
2775.000000  2.292010e-13
2785.000000  1.239124e-13
2795.000000  5.601216e-14
2805.000000  7.034272e-14
2815.000000  1.848309e-13
2825.000000  2.238722e-13
2835.000000  1.638288e-13
2845.000000  7.238855e-14
2855.000000  1.907411e-14
2865.000000  1.261211e-13
2875.000000  2.407773e-13
2885.000000  3.770823e-13
2895.000000  5.880102e-13
2910.000000  9.017929e-13
2930.000000  9.077843e-13
2950.000000  7.782257e-13
2970.000000  8.011979e-13
2990.000000  7.791899e-13
3010.000000  6.472084e-13
3030.000000  9.996907e-13
3050.000000  1.071416e-12
3070.000000  1.608072e-12
3090.000000  1.800792e-12
3110.000000  2.690289e-12
3130.000000  2.198283e-12
3150.000000  2.843149e-12
3170.000000  3.504125e-12
3190.000000  2.792856e-12
3210.000000  3.096707e-12
3230.000000  2.318135e-12
3250.000000  3.998562e-12
3270.000000  5.288073e-12
3290.000000  5.575123e-12
3310.000000  4.619754e-12
3330.000000  4.815753e-12
3350.000000  4.331318e-12
3370.000000  2.909896e-12
3390.000000  3.358855e-12
3410.000000  3.948505e-12
3430.000000  4.584615e-12
3450.000000  4.511104e-12
3470.000000  4.844310e-12
3490.000000  5.924975e-12
3510.000000  6.454649e-12
3530.000000  5.163523e-12
3550.000000  6.131157e-12
3570.000000  3.032257e-12
3590.000000  3.789254e-12
3610.000000  6.006093e-12
3630.000000  7.438890e-12
3640.000000  7.817886e-12
3650.000000  8.865153e-12
3670.000000  1.003322e-11
3690.000000  8.999521e-12
3710.000000  9.180987e-12
3730.000000  4.302875e-12
3750.000000  5.160169e-12
3770.000000  7.686451e-12
3790.000000  7.628745e-12
3810.000000  6.385960e-12
3830.000000  2.986099e-12
3850.000000  3.575586e-12
3870.000000  4.122468e-12
3890.000000  7.847018e-12
3910.000000  9.848393e-12
3930.000000  3.342175e-12
3950.000000  7.338263e-12
3970.000000  4.484642e-12
3990.000000  1.449523e-11
4010.000000  1.755945e-11
4030.000000  1.659289e-11
4050.000000  1.548436e-11
4070.000000  1.420839e-11
4090.000000  1.879163e-11
4110.000000  1.770345e-11
4130.000000  1.513205e-11
4150.000000  1.340515e-11
4170.000000  1.385579e-11
4190.000000  1.477063e-11
4210.000000  1.663820e-11
4230.000000  1.750705e-11
4250.000000  1.974324e-11
4270.000000  1.835960e-11
4290.000000  1.670085e-11
4310.000000  1.457175e-11
4330.000000  2.276848e-11
4350.000000  2.284784e-11
4370.000000  2.477609e-11
4390.000000  2.170701e-11
4410.000000  2.364484e-11
4430.000000  2.561398e-11
4450.000000  2.628024e-11
4470.000000  2.872689e-11
4490.000000  2.982117e-11
4510.000000  3.505735e-11
4530.000000  2.998221e-11
4550.000000  3.134145e-11
4570.000000  3.444134e-11
4590.000000  3.362468e-11
4610.000000  3.488876e-11
4630.000000  3.363270e-11
4650.000000  3.440667e-11
4670.000000  3.606514e-11
4690.000000  3.540333e-11
4710.000000  3.441767e-11
4730.000000  3.613362e-11
4750.000000  3.826332e-11
4770.000000  3.873051e-11
4790.000000  3.857967e-11
4810.000000  3.849751e-11
4830.000000  4.026786e-11
4850.000000  3.792467e-11
4870.000000  3.537338e-11
4890.000000  3.903046e-11
4910.000000  3.886073e-11
4930.000000  3.800947e-11
4950.000000  4.100072e-11
4970.000000  3.965598e-11
4990.000000  3.634761e-11
5010.000000  3.414767e-11
5030.000000  3.644413e-11
5050.000000  3.655097e-11
5070.000000  3.830930e-11
5090.000000  3.501734e-11
5110.000000  3.630939e-11
5130.000000  3.444325e-11
5150.000000  3.341678e-11
5170.000000  3.005782e-11
5190.000000  3.247833e-11
5210.000000  3.547831e-11
5230.000000  3.883335e-11
5250.000000  4.045713e-11
5270.000000  3.542757e-11
5290.000000  4.148962e-11
5310.000000  4.498351e-11
5330.000000  3.855562e-11
5350.000000  4.314515e-11
5370.000000  4.377794e-11
5390.000000  4.160674e-11
5410.000000  4.128556e-11
5430.000000  4.192596e-11
5450.000000  4.493912e-11
5470.000000  4.287197e-11
5490.000000  4.214042e-11
5510.000000  4.196759e-11
5530.000000  4.385958e-11
5550.000000  4.514613e-11
5570.000000  4.413988e-11
5590.000000  4.257316e-11
5610.000000  4.549451e-11
5630.000000  4.429996e-11
5650.000000  4.478716e-11
5670.000000  4.359274e-11
5690.000000  4.545083e-11
5710.000000  4.332225e-11
5730.000000  4.823547e-11
5750.000000  4.579627e-11
5770.000000  4.692575e-11
5790.000000  4.391506e-11
5810.000000  4.701376e-11
5830.000000  4.899767e-11
5850.000000  4.709629e-11
5870.000000  4.736421e-11
5890.000000  4.001636e-11
5910.000000  4.653627e-11
5930.000000  4.684931e-11
5950.000000  4.684383e-11
5970.000000  4.809101e-11
5990.000000  4.687490e-11
6010.000000  4.589249e-11
6030.000000  4.741734e-11
6050.000000  4.838807e-11
6070.000000  4.814364e-11
6090.000000  4.553190e-11
6110.000000  4.589976e-11
6130.000000  4.288765e-11
6150.000000  4.477382e-11
6170.000000  4.277039e-11
6190.000000  4.610150e-11
6210.000000  4.569364e-11
6230.000000  4.394445e-11
6250.000000  4.204901e-11
6270.000000  4.447767e-11
6290.000000  4.559516e-11
6310.000000  4.381230e-11
6330.000000  4.456336e-11
6350.000000  4.427363e-11
6370.000000  4.392125e-11
6390.000000  4.536270e-11
6410.000000  4.449734e-11
6430.000000  4.495193e-11
6450.000000  4.479736e-11
6470.000000  4.478818e-11
6490.000000  4.344744e-11
6510.000000  4.487403e-11
6530.000000  4.508647e-11
6550.000000  4.449151e-11
6570.000000  4.347067e-11
6590.000000  4.491816e-11
6610.000000  4.522843e-11
6630.000000  4.482720e-11
6650.000000  4.480415e-11
6670.000000  4.383840e-11
6690.000000  4.538055e-11
6710.000000  4.345429e-11
6730.000000  4.547820e-11
6750.000000  4.438813e-11
6770.000000  4.481111e-11
6790.000000  4.429818e-11
6810.000000  4.423058e-11
6830.000000  4.491009e-11
6850.000000  4.336160e-11
6870.000000  4.412161e-11
6890.000000  4.466873e-11
6910.000000  4.417302e-11
6930.000000  4.335151e-11
6950.000000  4.250058e-11
6970.000000  4.286277e-11
6990.000000  4.230130e-11
7010.000000  4.101525e-11
7030.000000  4.219463e-11
7050.000000  4.296926e-11
7070.000000  4.192857e-11
7090.000000  4.159196e-11
7110.000000  4.125607e-11
7130.000000  4.023043e-11
7150.000000  4.017742e-11
7170.000000  4.081956e-11
7190.000000  3.932979e-11
7210.000000  4.056957e-11
7230.000000  4.137747e-11
7250.000000  4.120870e-11
7270.000000  4.085587e-11
7290.000000  3.938429e-11
7310.000000  4.030025e-11
7330.000000  4.020147e-11
7350.000000  4.003358e-11
7370.000000  4.102477e-11
7390.000000  3.998692e-11
7410.000000  3.981475e-11
7430.000000  4.029296e-11
7450.000000  4.027712e-11
7470.000000  4.038950e-11
7490.000000  3.993665e-11
7510.000000  4.059389e-11
7530.000000  4.089065e-11
7550.000000  4.112039e-11
7570.000000  4.064418e-11
7590.000000  4.039444e-11
7610.000000  4.042584e-11
7630.000000  4.073933e-11
7650.000000  4.080341e-11
7670.000000  3.918696e-11
7690.000000  4.068771e-11
7710.000000  3.976600e-11
7730.000000  3.978086e-11
7750.000000  3.952918e-11
7770.000000  4.058999e-11
7790.000000  4.047919e-11
7810.000000  4.026627e-11
7830.000000  3.983220e-11
7850.000000  3.943196e-11
7870.000000  3.946076e-11
7890.000000  3.783382e-11
7910.000000  3.660921e-11
7930.000000  3.659455e-11
7950.000000  3.593359e-11
7970.000000  3.754855e-11
7990.000000  3.743275e-11
8010.000000  3.731129e-11
8030.000000  3.744764e-11
8050.000000  3.695688e-11
8070.000000  3.657837e-11
8090.000000  3.539004e-11
8110.000000  3.518176e-11
8130.000000  3.586412e-11
8150.000000  3.581388e-11
8170.000000  3.599393e-11
8190.000000  3.526402e-11
8210.000000  3.520082e-11
8230.000000  3.568531e-11
8250.000000  3.603218e-11
8270.000000  3.642775e-11
8290.000000  3.603573e-11
8310.000000  3.432473e-11
8330.000000  3.466073e-11
8350.000000  3.465582e-11
8370.000000  3.514316e-11
8390.000000  3.387527e-11
8410.000000  3.531367e-11
8430.000000  3.422382e-11
8450.000000  3.507150e-11
8470.000000  3.491075e-11
8490.000000  3.471967e-11
8510.000000  3.282006e-11
8530.000000  3.397500e-11
8550.000000  2.846082e-11
8570.000000  3.511435e-11
8590.000000  3.455605e-11
8610.000000  3.470459e-11
8630.000000  3.500223e-11
8650.000000  3.463686e-11
8670.000000  2.901082e-11
8690.000000  3.336574e-11
8710.000000  3.440270e-11
8730.000000  3.455865e-11
8750.000000  3.423805e-11
8770.000000  3.471166e-11
8790.000000  3.435246e-11
8810.000000  3.330859e-11
8830.000000  3.403597e-11
8850.000000  3.446962e-11
8870.000000  3.376695e-11
8890.000000  3.433412e-11
8910.000000  3.472949e-11
8930.000000  3.363886e-11
8950.000000  3.360440e-11
8970.000000  3.367038e-11
8990.000000  3.378974e-11
9010.000000  3.244002e-11
9030.000000  3.335029e-11
9050.000000  3.416618e-11
9070.000000  3.378882e-11
9090.000000  3.243802e-11
9110.000000  3.219216e-11
9130.000000  3.330902e-11
9150.000000  3.074036e-11
9170.000000  2.985115e-11
9190.000000  3.029357e-11
9210.000000  2.941081e-11
9230.000000  3.007357e-11
9250.000000  2.981952e-11
9270.000000  3.036766e-11
9290.000000  2.990550e-11
9310.000000  3.085636e-11
9330.000000  3.085446e-11
9350.000000  3.046017e-11
9370.000000  3.025253e-11
9390.000000  2.957989e-11
9410.000000  2.877249e-11
9430.000000  2.920121e-11
9450.000000  2.847786e-11
9470.000000  2.949367e-11
9490.000000  2.930516e-11
9510.000000  2.988576e-11
9530.000000  2.958229e-11
9550.000000  2.936111e-11
9570.000000  2.940495e-11
9590.000000  2.988647e-11
9610.000000  2.945847e-11
9630.000000  2.927753e-11
9650.000000  2.865720e-11
9670.000000  2.849065e-11
9690.000000  2.916410e-11
9710.000000  2.889462e-11
9730.000000  2.892123e-11
9750.000000  2.870045e-11
9770.000000  2.883470e-11
9790.000000  2.818863e-11
9810.000000  2.917039e-11
9830.000000  2.895707e-11
9850.000000  2.922479e-11
9870.000000  2.913231e-11
9890.000000  2.929378e-11
9910.000000  2.886069e-11
9930.000000  2.923596e-11
9950.000000  2.897298e-11
9970.000000  2.915211e-11
9990.000000  2.911332e-11
10025.000000  2.883619e-11
10075.000000  2.856267e-11
10125.000000  2.864337e-11
10175.000000  2.817254e-11
10225.000000  2.823649e-11
10275.000000  2.830338e-11
10325.000000  2.774352e-11
10375.000000  2.757569e-11
10425.000000  2.766350e-11
10475.000000  2.737093e-11
10525.000000  2.735292e-11
10575.000000  2.705622e-11
10625.000000  2.691053e-11
10675.000000  2.634651e-11
10725.000000  2.633267e-11
10775.000000  2.608410e-11
10825.000000  2.558390e-11
10875.000000  2.521100e-11
10925.000000  2.472244e-11
10975.000000  2.286246e-11
11025.000000  2.277848e-11
11075.000000  2.318523e-11
11125.000000  2.314765e-11
11175.000000  2.347441e-11
11225.000000  2.336321e-11
11275.000000  2.296807e-11
11325.000000  2.322290e-11
11375.000000  2.264710e-11
11425.000000  2.279682e-11
11475.000000  2.311884e-11
11525.000000  2.305178e-11
11575.000000  2.276043e-11
11625.000000  2.245161e-11
11675.000000  2.249281e-11
11725.000000  2.282420e-11
11775.000000  2.236465e-11
11825.000000  2.219652e-11
11875.000000  2.191969e-11
11925.000000  2.236675e-11
11975.000000  2.137165e-11
12025.000000  2.180794e-11
12075.000000  2.153216e-11
12125.000000  2.158876e-11
12175.000000  2.167366e-11
12225.000000  2.155830e-11
12275.000000  2.141646e-11
12325.000000  2.120270e-11
12375.000000  2.111885e-11
12425.000000  2.090045e-11
12475.000000  2.096886e-11
12525.000000  2.071924e-11
12575.000000  2.068770e-11
12625.000000  2.061860e-11
12675.000000  2.031947e-11
12725.000000  2.035515e-11
12775.000000  2.039066e-11
12825.000000  1.958224e-11
12875.000000  1.992538e-11
12925.000000  1.963458e-11
12975.000000  1.988121e-11
13025.000000  1.955729e-11
13075.000000  1.970000e-11
13125.000000  1.930026e-11
13175.000000  1.923599e-11
13225.000000  1.928134e-11
13275.000000  1.889975e-11
13325.000000  1.906846e-11
13375.000000  1.889541e-11
13425.000000  1.898860e-11
13475.000000  1.885019e-11
13525.000000  1.880740e-11
13575.000000  1.841256e-11
13625.000000  1.834478e-11
13675.000000  1.836148e-11
13725.000000  1.838858e-11
13775.000000  1.825391e-11
13825.000000  1.824324e-11
13875.000000  1.806269e-11
13925.000000  1.802139e-11
13975.000000  1.786693e-11
14025.000000  1.759482e-11
14075.000000  1.722890e-11
14125.000000  1.657060e-11
14175.000000  1.660942e-11
14225.000000  1.643382e-11
14275.000000  1.614883e-11
14325.000000  1.650250e-11
14375.000000  1.663122e-11
14425.000000  1.603417e-11
14475.000000  1.660080e-11
14525.000000  1.606239e-11
14570.000000  1.604732e-11
14620.000000  1.581621e-11
14675.000000  1.568750e-11
14725.000000  1.546296e-11
14775.000000  1.559685e-11
14825.000000  1.557171e-11
14875.000000  1.549783e-11
14925.000000  1.582853e-11
14975.000000  1.565620e-11
15025.000000  1.528725e-11
15075.000000  1.518415e-11
15125.000000  1.524604e-11
15175.000000  1.538748e-11
15225.000000  1.523761e-11
15275.000000  1.529410e-11
15325.000000  1.526280e-11
15375.000000  1.532795e-11
15425.000000  1.522038e-11
15475.000000  1.520566e-11
15525.000000  1.490119e-11
15575.000000  1.471250e-11
15625.000000  1.508594e-11
15675.000000  1.464204e-11
15725.000000  1.480596e-11
15775.000000  1.412393e-11
15825.000000  1.440786e-11
15875.000000  1.383761e-11
15925.000000  1.418451e-11
15975.000000  1.435587e-11
16050.000000  1.419889e-11
16150.000000  1.399279e-11
16250.000000  1.400057e-11
16350.000000  1.391515e-11
16450.000000  1.338527e-11
16550.000000  1.354282e-11
16650.000000  1.317707e-11
16750.000000  1.299305e-11
16850.000000  1.252590e-11
16950.000000  1.273576e-11
17050.000000  1.223167e-11
17150.000000  1.216400e-11
17250.000000  1.179123e-11
17350.000000  1.139565e-11
17450.000000  1.142116e-11
17550.000000  1.119905e-11
17650.000000  1.105162e-11
17750.000000  1.074477e-11
17850.000000  1.065704e-11
17950.000000  1.046641e-11
18050.000000  1.017593e-11
18150.000000  9.978907e-12
18250.000000  9.804709e-12
18350.000000  9.624883e-12
18450.000000  9.373335e-12
18550.000000  9.296146e-12
18650.000000  8.997079e-12
18750.000000  8.763798e-12
18850.000000  8.759728e-12
18950.000000  8.348119e-12
19050.000000  8.518437e-12
19150.000000  8.307773e-12
19250.000000  8.208859e-12
19350.000000  7.935502e-12
19450.000000  7.729501e-12
19550.000000  7.759666e-12
19650.000000  7.551457e-12
19750.000000  7.337270e-12
19850.000000  7.263967e-12
19950.000000  7.135536e-12
20050.000000  7.103073e-12
20150.000000  7.021812e-12
20250.000000  6.781638e-12
20350.000000  6.657671e-12
20450.000000  6.648633e-12
20550.000000  6.468300e-12
20650.000000  6.338727e-12
20750.000000  6.245887e-12
20850.000000  6.138304e-12
20950.000000  5.993509e-12
21050.000000  5.978284e-12
21150.000000  5.863782e-12
21250.000000  5.750390e-12
21350.000000  5.697716e-12
21450.000000  5.588928e-12
21550.000000  5.504461e-12
21650.000000  5.342436e-12
21750.000000  5.265760e-12
21850.000000  5.214145e-12
21950.000000  5.159643e-12
22050.000000  5.007300e-12
22150.000000  5.016886e-12
22250.000000  4.875392e-12
22350.000000  4.805952e-12
22450.000000  4.735374e-12
22550.000000  4.668320e-12
22650.000000  4.564650e-12
22750.000000  4.552264e-12
22850.000000  4.430352e-12
22950.000000  3.902075e-12
23050.000000  4.106996e-12
23150.000000  4.069222e-12
23250.000000  3.600964e-12
23350.000000  3.794647e-12
23450.000000  3.803286e-12
23550.000000  3.339427e-12
23650.000000  3.580721e-12
23750.000000  3.539017e-12
23850.000000  3.164252e-12
23950.000000  3.354865e-12
24050.000000  3.372443e-12
24150.000000  3.064664e-12
24250.000000  3.183951e-12
24350.000000  3.207559e-12
24450.000000  3.006211e-12
24550.000000  2.979009e-12
24650.000000  3.091516e-12
24750.000000  2.964010e-12
24850.000000  2.823020e-12
24950.000000  2.916114e-12
