2505.000000  2.549248e-13
2513.000000  1.607328e-13
2518.000000  1.027190e-13
2525.000000  1.106659e-13
2535.000000  2.610802e-13
2545.000000  3.348481e-13
2555.000000  1.124985e-12
2565.000000  6.413344e-13
2575.000000  9.684052e-13
2585.000000  7.830666e-13
2595.000000  6.817515e-13
2605.000000  6.309823e-13
2615.000000  5.860775e-13
2625.000000  8.298715e-13
2635.000000  2.138898e-12
2645.000000  3.132355e-12
2655.000000  5.813611e-12
2665.000000  2.972590e-12
2675.000000  2.996975e-12
2685.000000  4.226021e-12
2695.000000  2.584526e-12
2705.000000  3.903172e-12
2715.000000  2.298995e-12
2725.000000  1.173547e-12
2735.000000  1.846746e-12
2745.000000  1.119570e-12
2755.000000  1.633275e-12
2765.000000  2.392498e-12
2775.000000  2.504131e-12
2785.000000  1.378057e-12
2795.000000  4.516252e-13
2805.000000  5.989510e-13
2815.000000  2.053606e-12
2825.000000  3.172542e-12
2835.000000  2.586701e-12
2845.000000  1.170341e-12
2855.000000  3.944835e-13
2865.000000  1.952258e-12
2875.000000  4.383825e-12
2885.000000  4.880576e-12
2895.000000  7.102615e-12
2910.000000  1.049801e-11
2930.000000  9.826193e-12
2950.000000  8.764328e-12
2970.000000  9.115083e-12
2990.000000  9.230624e-12
3010.000000  8.015747e-12
3030.000000  1.050039e-11
3050.000000  1.095270e-11
3070.000000  1.316552e-11
3090.000000  1.339889e-11
3110.000000  1.703729e-11
3130.000000  1.429977e-11
3150.000000  1.563239e-11
3170.000000  1.811950e-11
3190.000000  1.527595e-11
3210.000000  1.667960e-11
3230.000000  1.286188e-11
3250.000000  2.099625e-11
3270.000000  2.614302e-11
3290.000000  2.571529e-11
3310.000000  2.251949e-11
3330.000000  2.348043e-11
3350.000000  2.160428e-11
3370.000000  1.526260e-11
3390.000000  1.776983e-11
3410.000000  1.960343e-11
3430.000000  2.162558e-11
3450.000000  2.309997e-11
3470.000000  2.419110e-11
3490.000000  2.777516e-11
3510.000000  2.939987e-11
3530.000000  2.481903e-11
3550.000000  2.814398e-11
3570.000000  1.619358e-11
3590.000000  1.947174e-11
3610.000000  2.779933e-11
3630.000000  3.024748e-11
3640.000000  3.097362e-11
3650.000000  3.562622e-11
3670.000000  3.778323e-11
3690.000000  3.549300e-11
3710.000000  3.894645e-11
3730.000000  2.323429e-11
3750.000000  2.678211e-11
3770.000000  3.370659e-11
3790.000000  3.259831e-11
3810.000000  2.870045e-11
3830.000000  1.511439e-11
3850.000000  1.646712e-11
3870.000000  1.850853e-11
3890.000000  3.356541e-11
3910.000000  4.130902e-11
3930.000000  1.700259e-11
3950.000000  3.353352e-11
3970.000000  2.163649e-11
3990.000000  5.492744e-11
4010.000000  6.165202e-11
4030.000000  6.013116e-11
4050.000000  5.662983e-11
4070.000000  5.366761e-11
4090.000000  6.653112e-11
4110.000000  6.581184e-11
4130.000000  5.791201e-11
4150.000000  5.374229e-11
4170.000000  5.461791e-11
4190.000000  5.476061e-11
4210.000000  6.060305e-11
4230.000000  6.406239e-11
4250.000000  6.544059e-11
4270.000000  6.057198e-11
4290.000000  5.430162e-11
4310.000000  4.484029e-11
4330.000000  7.084259e-11
4350.000000  6.848068e-11
4370.000000  7.473159e-11
4390.000000  6.658696e-11
4410.000000  7.343794e-11
4430.000000  7.961263e-11
4450.000000  8.056514e-11
4470.000000  8.712512e-11
4490.000000  8.906937e-11
4510.000000  1.020802e-10
4530.000000  8.980317e-11
4550.000000  9.289916e-11
4570.000000  1.008143e-10
4590.000000  9.609414e-11
4610.000000  9.945043e-11
4630.000000  9.634889e-11
4650.000000  9.829304e-11
4670.000000  1.014875e-10
4690.000000  9.935486e-11
4710.000000  9.670160e-11
4730.000000  1.015380e-10
4750.000000  1.067050e-10
4770.000000  1.078767e-10
4790.000000  1.074188e-10
4810.000000  1.053412e-10
4830.000000  1.091748e-10
4850.000000  1.022985e-10
4870.000000  9.440090e-11
4890.000000  1.047799e-10
4910.000000  1.040191e-10
4930.000000  1.024906e-10
4950.000000  1.095841e-10
4970.000000  1.071854e-10
4990.000000  9.899621e-11
5010.000000  9.401149e-11
5030.000000  9.996317e-11
5050.000000  1.009766e-10
5070.000000  1.059025e-10
5090.000000  9.884643e-11
5110.000000  1.015753e-10
5130.000000  9.753306e-11
5150.000000  9.437454e-11
5170.000000  8.671487e-11
5190.000000  9.099871e-11
5210.000000  9.891181e-11
5230.000000  1.016992e-10
5250.000000  1.050203e-10
5270.000000  9.281819e-11
5290.000000  1.061884e-10
5310.000000  1.125780e-10
5330.000000  9.895942e-11
5350.000000  1.089531e-10
5370.000000  1.100230e-10
5390.000000  1.063472e-10
5410.000000  1.038523e-10
5430.000000  1.060579e-10
5450.000000  1.122400e-10
5470.000000  1.075721e-10
5490.000000  1.059508e-10
5510.000000  1.058363e-10
5530.000000  1.086812e-10
5550.000000  1.109663e-10
5570.000000  1.084162e-10
5590.000000  1.051123e-10
5610.000000  1.109192e-10
5630.000000  1.089887e-10
5650.000000  1.093966e-10
5670.000000  1.064612e-10
5690.000000  1.098222e-10
5710.000000  1.061552e-10
5730.000000  1.162342e-10
5750.000000  1.108924e-10
5770.000000  1.129280e-10
5790.000000  1.072406e-10
5810.000000  1.124827e-10
5830.000000  1.157603e-10
5850.000000  1.121723e-10
5870.000000  1.126637e-10
5890.000000  1.019333e-10
5910.000000  1.110264e-10
5930.000000  1.110706e-10
5950.000000  1.112641e-10
5970.000000  1.129390e-10
5990.000000  1.107380e-10
6010.000000  1.085495e-10
6030.000000  1.107402e-10
6050.000000  1.128277e-10
6070.000000  1.123203e-10
6090.000000  1.071307e-10
6110.000000  1.072605e-10
6130.000000  1.019911e-10
6150.000000  1.048841e-10
6170.000000  1.008821e-10
6190.000000  1.074384e-10
6210.000000  1.074305e-10
6230.000000  1.035536e-10
6250.000000  9.976458e-11
6270.000000  1.050817e-10
6290.000000  1.062869e-10
6310.000000  1.024815e-10
6330.000000  1.034773e-10
6350.000000  1.033247e-10
6370.000000  1.025671e-10
6390.000000  1.046979e-10
6410.000000  1.022835e-10
6430.000000  1.034557e-10
6450.000000  1.026622e-10
6470.000000  1.023342e-10
6490.000000  1.000584e-10
6510.000000  1.029033e-10
6530.000000  1.030370e-10
6550.000000  1.015058e-10
6570.000000  9.633751e-11
6590.000000  1.016392e-10
6610.000000  1.024724e-10
6630.000000  1.014662e-10
6650.000000  1.013445e-10
6670.000000  9.956415e-11
6690.000000  1.022355e-10
6710.000000  9.867246e-11
6730.000000  1.015978e-10
6750.000000  9.974418e-11
6770.000000  1.001031e-10
6790.000000  9.922250e-11
6810.000000  9.875361e-11
6830.000000  9.989137e-11
6850.000000  9.665632e-11
6870.000000  9.822765e-11
6890.000000  9.887246e-11
6910.000000  9.784793e-11
6930.000000  9.681508e-11
6950.000000  9.574201e-11
6970.000000  9.596670e-11
6990.000000  9.522015e-11
7010.000000  9.183978e-11
7030.000000  9.404100e-11
7050.000000  9.515361e-11
7070.000000  9.354215e-11
7090.000000  9.306463e-11
7110.000000  9.290323e-11
7130.000000  9.084269e-11
7150.000000  9.048808e-11
7170.000000  9.090224e-11
7190.000000  8.756543e-11
7210.000000  9.020755e-11
7230.000000  9.083767e-11
7250.000000  9.106764e-11
7270.000000  9.041729e-11
7290.000000  8.712531e-11
7310.000000  8.903475e-11
7330.000000  8.885966e-11
7350.000000  8.867870e-11
7370.000000  8.971381e-11
7390.000000  8.719580e-11
7410.000000  8.643226e-11
7430.000000  8.738649e-11
7450.000000  8.752575e-11
7470.000000  8.804933e-11
7490.000000  8.701598e-11
7510.000000  8.767803e-11
7530.000000  8.790595e-11
7550.000000  8.824751e-11
7570.000000  8.717666e-11
7590.000000  8.685365e-11
7610.000000  8.657495e-11
7630.000000  8.706867e-11
7650.000000  8.693051e-11
7670.000000  8.400208e-11
7690.000000  8.645777e-11
7710.000000  8.480263e-11
7730.000000  8.470344e-11
7750.000000  8.390527e-11
7770.000000  8.576240e-11
7790.000000  8.551513e-11
7810.000000  8.492842e-11
7830.000000  8.401381e-11
7850.000000  8.356070e-11
7870.000000  8.378480e-11
7890.000000  8.179829e-11
7910.000000  7.952505e-11
7930.000000  7.876044e-11
7950.000000  7.796770e-11
7970.000000  8.041042e-11
7990.000000  8.023833e-11
8010.000000  7.951289e-11
8030.000000  7.951212e-11
8050.000000  7.861241e-11
8070.000000  7.847572e-11
8090.000000  7.622489e-11
8110.000000  7.648480e-11
8130.000000  7.730666e-11
8150.000000  7.686069e-11
8170.000000  7.696692e-11
8190.000000  7.507857e-11
8210.000000  7.495239e-11
8230.000000  7.528979e-11
8250.000000  7.607096e-11
8270.000000  7.672566e-11
8290.000000  7.609247e-11
8310.000000  7.335920e-11
8330.000000  7.362408e-11
8350.000000  7.368597e-11
8370.000000  7.428347e-11
8390.000000  7.224060e-11
8410.000000  7.425538e-11
8430.000000  7.231743e-11
8450.000000  7.348492e-11
8470.000000  7.294846e-11
8490.000000  7.240914e-11
8510.000000  6.851400e-11
8530.000000  7.093219e-11
8550.000000  5.980787e-11
8570.000000  7.297226e-11
8590.000000  7.151095e-11
8610.000000  7.156704e-11
8630.000000  7.232098e-11
8650.000000  7.139057e-11
8670.000000  6.042427e-11
8690.000000  6.926736e-11
8710.000000  7.069947e-11
8730.000000  7.092058e-11
8750.000000  6.970638e-11
8770.000000  7.106185e-11
8790.000000  7.017552e-11
8810.000000  6.834648e-11
8830.000000  6.971013e-11
8850.000000  7.004062e-11
8870.000000  6.818229e-11
8890.000000  6.974928e-11
8910.000000  7.028075e-11
8930.000000  6.833402e-11
8950.000000  6.823609e-11
8970.000000  6.829944e-11
8990.000000  6.850666e-11
9010.000000  6.545666e-11
9030.000000  6.749137e-11
9050.000000  6.884186e-11
9070.000000  6.768885e-11
9090.000000  6.534089e-11
9110.000000  6.534045e-11
9130.000000  6.717368e-11
9150.000000  6.375281e-11
9170.000000  6.240089e-11
9190.000000  6.286081e-11
9210.000000  6.102674e-11
9230.000000  6.137827e-11
9250.000000  6.121414e-11
9270.000000  6.222183e-11
9290.000000  6.156324e-11
9310.000000  6.276467e-11
9330.000000  6.259177e-11
9350.000000  6.201844e-11
9370.000000  6.164888e-11
9390.000000  6.080383e-11
9410.000000  5.890192e-11
9430.000000  5.995050e-11
9450.000000  5.873225e-11
9470.000000  6.026283e-11
9490.000000  6.011460e-11
9510.000000  6.054577e-11
9530.000000  5.989690e-11
9550.000000  5.924306e-11
9570.000000  5.951628e-11
9590.000000  6.017641e-11
9610.000000  5.951486e-11
9630.000000  5.894055e-11
9650.000000  5.825247e-11
9670.000000  5.793022e-11
9690.000000  5.888959e-11
9710.000000  5.845205e-11
9730.000000  5.843736e-11
9750.000000  5.779230e-11
9770.000000  5.795222e-11
9790.000000  5.704849e-11
9810.000000  5.828686e-11
9830.000000  5.794667e-11
9850.000000  5.815466e-11
9870.000000  5.776462e-11
9890.000000  5.789389e-11
9910.000000  5.723325e-11
9930.000000  5.787234e-11
9950.000000  5.749598e-11
9970.000000  5.759054e-11
9990.000000  5.739094e-11
10025.000000  5.688093e-11
10075.000000  5.616259e-11
10125.000000  5.607796e-11
10175.000000  5.506826e-11
10225.000000  5.505984e-11
10275.000000  5.505526e-11
10325.000000  5.395377e-11
10375.000000  5.357309e-11
10425.000000  5.358243e-11
10475.000000  5.281966e-11
10525.000000  5.273197e-11
10575.000000  5.212454e-11
10625.000000  5.169473e-11
10675.000000  5.056417e-11
10725.000000  5.053126e-11
10775.000000  4.994367e-11
10825.000000  4.898712e-11
10875.000000  4.846284e-11
10925.000000  4.770453e-11
10975.000000  4.497213e-11
11025.000000  4.481624e-11
11075.000000  4.523920e-11
11125.000000  4.496551e-11
11175.000000  4.521248e-11
11225.000000  4.502004e-11
11275.000000  4.416179e-11
11325.000000  4.452254e-11
11375.000000  4.361702e-11
11425.000000  4.354779e-11
11475.000000  4.401892e-11
11525.000000  4.379882e-11
11575.000000  4.315567e-11
11625.000000  4.254811e-11
11675.000000  4.252096e-11
11725.000000  4.295947e-11
11775.000000  4.203568e-11
11825.000000  4.166471e-11
11875.000000  4.118733e-11
11925.000000  4.185355e-11
11975.000000  4.014502e-11
12025.000000  4.071109e-11
12075.000000  4.016574e-11
12125.000000  4.015642e-11
12175.000000  4.028705e-11
12225.000000  4.000386e-11
12275.000000  3.963639e-11
12325.000000  3.931209e-11
12375.000000  3.906233e-11
12425.000000  3.865304e-11
12475.000000  3.865410e-11
12525.000000  3.818777e-11
12575.000000  3.800620e-11
12625.000000  3.780520e-11
12675.000000  3.727787e-11
12725.000000  3.730035e-11
12775.000000  3.722673e-11
12825.000000  3.559784e-11
12875.000000  3.634931e-11
12925.000000  3.590742e-11
12975.000000  3.611765e-11
13025.000000  3.555261e-11
13075.000000  3.566591e-11
13125.000000  3.498797e-11
13175.000000  3.476420e-11
13225.000000  3.483950e-11
13275.000000  3.414397e-11
13325.000000  3.430216e-11
13375.000000  3.398818e-11
13425.000000  3.406325e-11
13475.000000  3.377008e-11
13525.000000  3.361653e-11
13575.000000  3.292850e-11
13625.000000  3.281167e-11
13675.000000  3.269811e-11
13725.000000  3.261414e-11
13775.000000  3.237710e-11
13825.000000  3.228448e-11
13875.000000  3.201594e-11
13925.000000  3.191090e-11
13975.000000  3.165289e-11
14025.000000  3.114855e-11
14075.000000  3.078816e-11
14125.000000  2.988925e-11
14175.000000  2.998339e-11
14225.000000  2.942613e-11
14275.000000  2.894381e-11
14325.000000  2.941759e-11
14375.000000  2.955978e-11
14425.000000  2.845847e-11
14475.000000  2.923092e-11
14525.000000  2.844902e-11
14570.000000  2.847370e-11
14620.000000  2.818499e-11
14675.000000  2.799083e-11
14725.000000  2.748916e-11
14775.000000  2.755598e-11
14825.000000  2.745301e-11
14875.000000  2.712452e-11
14925.000000  2.767664e-11
14975.000000  2.726527e-11
15025.000000  2.667093e-11
15075.000000  2.645819e-11
15125.000000  2.666474e-11
15175.000000  2.677427e-11
15225.000000  2.636634e-11
15275.000000  2.649887e-11
15325.000000  2.628202e-11
15375.000000  2.627545e-11
15425.000000  2.610770e-11
15475.000000  2.597801e-11
15525.000000  2.551692e-11
15575.000000  2.522632e-11
15625.000000  2.572610e-11
15675.000000  2.489576e-11
15725.000000  2.506356e-11
15775.000000  2.416795e-11
15825.000000  2.451200e-11
15875.000000  2.336963e-11
15925.000000  2.402233e-11
15975.000000  2.430838e-11
16050.000000  2.396839e-11
16150.000000  2.338638e-11
16250.000000  2.351961e-11
16350.000000  2.308020e-11
16450.000000  2.228647e-11
16550.000000  2.246301e-11
16650.000000  2.200889e-11
16750.000000  2.145659e-11
16850.000000  2.065485e-11
16950.000000  2.102016e-11
17050.000000  2.023502e-11
17150.000000  2.003509e-11
17250.000000  1.941612e-11
17350.000000  1.859507e-11
17450.000000  1.872348e-11
17550.000000  1.843990e-11
17650.000000  1.812387e-11
17750.000000  1.767168e-11
17850.000000  1.747065e-11
17950.000000  1.715255e-11
18050.000000  1.671492e-11
18150.000000  1.615488e-11
18250.000000  1.602632e-11
18350.000000  1.577759e-11
18450.000000  1.535194e-11
18550.000000  1.519793e-11
18650.000000  1.473016e-11
18750.000000  1.415527e-11
18850.000000  1.430704e-11
18950.000000  1.367936e-11
19050.000000  1.388493e-11
19150.000000  1.355767e-11
19250.000000  1.336213e-11
19350.000000  1.295491e-11
19450.000000  1.248147e-11
19550.000000  1.262515e-11
19650.000000  1.233243e-11
19750.000000  1.203659e-11
19850.000000  1.189855e-11
19950.000000  1.168248e-11
20050.000000  1.158311e-11
20150.000000  1.144782e-11
20250.000000  1.108974e-11
20350.000000  1.084711e-11
20450.000000  1.083868e-11
20550.000000  1.057419e-11
20650.000000  1.035135e-11
20750.000000  1.020242e-11
20850.000000  1.001913e-11
20950.000000  9.788312e-12
21050.000000  9.740764e-12
21150.000000  9.547712e-12
21250.000000  9.371501e-12
21350.000000  9.263576e-12
21450.000000  9.105091e-12
21550.000000  8.958118e-12
21650.000000  8.601063e-12
21750.000000  8.572516e-12
21850.000000  8.476162e-12
21950.000000  8.390453e-12
22050.000000  8.161286e-12
22150.000000  8.128148e-12
22250.000000  7.945840e-12
22350.000000  7.817089e-12
22450.000000  7.701044e-12
22550.000000  7.568885e-12
22650.000000  7.422614e-12
22750.000000  7.373596e-12
22850.000000  7.187251e-12
22950.000000  6.583969e-12
23050.000000  6.780912e-12
23150.000000  6.709771e-12
23250.000000  6.124958e-12
23350.000000  6.335820e-12
23450.000000  6.358448e-12
23550.000000  5.751264e-12
23650.000000  6.019600e-12
23750.000000  5.969629e-12
23850.000000  5.460735e-12
23950.000000  5.675751e-12
24050.000000  5.686748e-12
24150.000000  5.269741e-12
24250.000000  5.386606e-12
24350.000000  5.402494e-12
24450.000000  5.131602e-12
24550.000000  5.059595e-12
24650.000000  5.194515e-12
24750.000000  5.006082e-12
24850.000000  4.821741e-12
24950.000000  4.915017e-12
