2505.000000  2.282079e-11
2513.000000  1.686798e-11
2518.000000  1.730131e-11
2525.000000  1.447590e-11
2535.000000  1.301227e-11
2545.000000  1.292880e-11
2555.000000  1.669415e-11
2565.000000  1.533158e-11
2575.000000  1.863304e-11
2585.000000  1.831970e-11
2595.000000  1.726387e-11
2605.000000  1.547698e-11
2615.000000  1.419857e-11
2625.000000  1.881164e-11
2635.000000  2.128262e-11
2645.000000  2.791496e-11
2655.000000  2.973228e-11
2665.000000  2.273795e-11
2675.000000  2.592869e-11
2685.000000  2.556932e-11
2695.000000  2.302271e-11
2705.000000  2.528507e-11
2715.000000  2.191421e-11
2725.000000  2.229707e-11
2735.000000  2.475885e-11
2745.000000  1.551844e-11
2755.000000  1.793924e-11
2765.000000  2.023775e-11
2775.000000  2.439006e-11
2785.000000  1.976787e-11
2795.000000  7.717990e-12
2805.000000  1.029945e-11
2815.000000  2.457350e-11
2825.000000  2.930658e-11
2835.000000  2.736831e-11
2845.000000  2.583149e-11
2855.000000  2.220137e-11
2865.000000  2.782722e-11
2875.000000  2.719360e-11
2885.000000  2.735719e-11
2895.000000  2.567996e-11
2910.000000  3.150356e-11
2930.000000  2.921306e-11
2950.000000  2.889372e-11
2970.000000  3.111509e-11
2990.000000  3.120506e-11
3010.000000  3.239812e-11
3030.000000  3.188391e-11
3050.000000  3.188618e-11
3070.000000  3.250107e-11
3090.000000  3.345909e-11
3110.000000  3.219921e-11
3130.000000  3.186732e-11
3150.000000  3.318777e-11
3170.000000  3.296049e-11
3190.000000  3.032085e-11
3210.000000  3.187734e-11
3230.000000  2.967866e-11
3250.000000  3.178048e-11
3270.000000  3.302944e-11
3290.000000  3.302413e-11
3310.000000  3.393147e-11
3330.000000  3.310251e-11
3350.000000  3.266650e-11
3370.000000  3.189451e-11
3390.000000  3.243765e-11
3410.000000  3.258187e-11
3430.000000  3.282570e-11
3450.000000  3.281955e-11
3470.000000  3.232998e-11
3490.000000  3.232559e-11
3510.000000  3.320929e-11
3530.000000  3.281595e-11
3550.000000  3.437104e-11
3570.000000  3.208591e-11
3590.000000  3.185295e-11
3610.000000  3.211713e-11
3630.000000  3.243991e-11
3640.000000  3.193340e-11
3650.000000  3.400979e-11
3670.000000  3.350033e-11
3690.000000  3.215889e-11
3710.000000  3.386379e-11
3730.000000  3.457947e-11
3750.000000  4.252149e-11
3770.000000  4.597406e-11
3790.000000  5.569459e-11
3810.000000  6.451495e-11
3830.000000  5.109829e-11
3850.000000  7.065037e-11
3870.000000  7.896494e-11
3890.000000  4.834038e-11
3910.000000  7.757150e-11
3930.000000  6.092012e-11
3950.000000  7.548754e-11
3970.000000  4.242383e-11
3990.000000  7.758360e-11
4010.000000  8.685468e-11
4030.000000  8.665275e-11
4050.000000  8.538116e-11
4070.000000  8.194445e-11
4090.000000  6.771005e-11
4110.000000  5.296899e-11
4130.000000  7.912647e-11
4150.000000  8.445566e-11
4170.000000  8.379300e-11
4190.000000  8.321780e-11
4210.000000  8.308050e-11
4230.000000  8.043146e-11
4250.000000  8.140436e-11
4270.000000  7.752159e-11
4290.000000  7.831558e-11
4310.000000  7.139807e-11
4330.000000  5.828636e-11
4350.000000  5.002846e-11
4370.000000  7.384765e-11
4390.000000  7.534644e-11
4410.000000  7.434403e-11
4430.000000  7.313502e-11
4450.000000  7.451101e-11
4470.000000  7.444833e-11
4490.000000  7.349806e-11
4510.000000  7.619758e-11
4530.000000  7.232470e-11
4550.000000  7.155169e-11
4570.000000  7.415502e-11
4590.000000  7.074560e-11
4610.000000  7.228382e-11
4630.000000  7.004691e-11
4650.000000  7.059044e-11
4670.000000  7.064730e-11
4690.000000  6.757627e-11
4710.000000  6.484659e-11
4730.000000  6.818104e-11
4750.000000  6.806933e-11
4770.000000  6.675567e-11
4790.000000  6.609817e-11
4810.000000  6.447922e-11
4830.000000  6.181365e-11
4850.000000  4.883663e-11
4870.000000  3.925622e-11
4890.000000  5.778522e-11
4910.000000  6.062405e-11
4930.000000  5.991461e-11
4950.000000  6.133713e-11
4970.000000  6.168471e-11
4990.000000  5.883224e-11
5010.000000  5.658195e-11
5030.000000  5.843338e-11
5050.000000  5.731752e-11
5070.000000  5.855258e-11
5090.000000  5.749142e-11
5110.000000  5.751170e-11
5130.000000  5.610889e-11
5150.000000  5.468983e-11
5170.000000  5.376396e-11
5190.000000  5.311086e-11
5210.000000  5.333641e-11
5230.000000  5.299819e-11
5250.000000  5.373733e-11
5270.000000  4.977488e-11
5290.000000  5.241345e-11
5310.000000  5.174499e-11
5330.000000  4.946731e-11
5350.000000  5.116945e-11
5370.000000  5.068347e-11
5390.000000  5.007056e-11
5410.000000  4.877963e-11
5430.000000  4.918850e-11
5450.000000  4.952345e-11
5470.000000  4.875849e-11
5490.000000  4.838853e-11
5510.000000  4.803964e-11
5530.000000  4.761273e-11
5550.000000  4.753861e-11
5570.000000  4.673122e-11
5590.000000  4.616340e-11
5610.000000  4.618662e-11
5630.000000  4.611580e-11
5650.000000  4.551965e-11
5670.000000  4.468016e-11
5690.000000  4.476235e-11
5710.000000  4.431467e-11
5730.000000  4.481383e-11
5750.000000  4.386781e-11
5770.000000  4.372170e-11
5790.000000  4.315875e-11
5810.000000  4.297213e-11
5830.000000  4.277722e-11
5850.000000  4.218546e-11
5870.000000  4.190228e-11
5890.000000  4.083096e-11
5910.000000  4.119641e-11
5930.000000  4.083929e-11
5950.000000  4.050197e-11
5970.000000  4.024174e-11
5990.000000  3.968455e-11
6010.000000  3.903446e-11
6030.000000  3.896084e-11
6050.000000  3.877734e-11
6070.000000  3.868813e-11
6090.000000  3.814437e-11
6110.000000  3.763459e-11
6130.000000  3.687462e-11
6150.000000  3.622441e-11
6170.000000  3.608874e-11
6190.000000  3.664002e-11
6210.000000  3.638639e-11
6230.000000  3.578359e-11
6250.000000  3.467743e-11
6270.000000  3.555719e-11
6290.000000  3.528752e-11
6310.000000  3.452635e-11
6330.000000  3.442218e-11
6350.000000  3.388063e-11
6370.000000  3.369678e-11
6390.000000  3.367301e-11
6410.000000  3.303129e-11
6430.000000  3.300115e-11
6450.000000  3.228932e-11
6470.000000  3.235155e-11
6490.000000  3.166294e-11
6510.000000  3.150612e-11
6530.000000  3.054997e-11
6550.000000  2.663968e-11
6570.000000  2.135225e-11
6590.000000  2.880979e-11
6610.000000  3.020639e-11
6630.000000  3.039462e-11
6650.000000  3.027229e-11
6670.000000  2.996776e-11
6690.000000  2.994468e-11
6710.000000  2.969218e-11
6730.000000  2.949180e-11
6750.000000  2.902075e-11
6770.000000  2.911316e-11
6790.000000  2.884339e-11
6810.000000  2.861721e-11
6830.000000  2.832806e-11
6850.000000  2.807556e-11
6870.000000  2.798886e-11
6890.000000  2.778703e-11
6910.000000  2.754322e-11
6930.000000  2.730480e-11
6950.000000  2.712092e-11
6970.000000  2.688618e-11
6990.000000  2.673714e-11
7010.000000  2.617720e-11
7030.000000  2.619951e-11
7050.000000  2.607535e-11
7070.000000  2.589882e-11
7090.000000  2.570162e-11
7110.000000  2.494096e-11
7130.000000  2.510365e-11
7150.000000  2.496952e-11
7170.000000  2.474774e-11
7190.000000  2.448770e-11
7210.000000  2.442247e-11
7230.000000  2.421232e-11
7250.000000  2.397489e-11
7270.000000  2.397912e-11
7290.000000  2.358773e-11
7310.000000  2.351644e-11
7330.000000  2.336407e-11
7350.000000  2.328294e-11
7370.000000  2.314306e-11
7390.000000  2.279680e-11
7410.000000  2.248610e-11
7430.000000  2.228598e-11
7450.000000  2.222883e-11
7470.000000  2.197380e-11
7490.000000  2.191003e-11
7510.000000  2.185206e-11
7530.000000  2.173455e-11
7550.000000  2.168681e-11
7570.000000  2.145506e-11
7590.000000  2.134234e-11
7610.000000  2.116512e-11
7630.000000  2.103862e-11
7650.000000  2.083055e-11
7670.000000  2.050665e-11
7690.000000  2.045647e-11
7710.000000  2.032887e-11
7730.000000  2.027003e-11
7750.000000  2.005022e-11
7770.000000  1.955453e-11
7790.000000  1.989932e-11
7810.000000  1.971272e-11
7830.000000  1.945069e-11
7850.000000  1.924718e-11
7870.000000  1.918444e-11
7890.000000  1.899929e-11
7910.000000  1.883083e-11
7930.000000  1.863549e-11
7950.000000  1.851035e-11
7970.000000  1.865297e-11
7990.000000  1.832609e-11
8010.000000  1.831946e-11
8030.000000  1.813227e-11
8050.000000  1.805690e-11
8070.000000  1.793339e-11
8090.000000  1.778367e-11
8110.000000  1.775165e-11
8130.000000  1.766120e-11
8150.000000  1.753100e-11
8170.000000  1.740982e-11
8190.000000  1.695667e-11
8210.000000  1.689013e-11
8230.000000  1.678430e-11
8250.000000  1.673438e-11
8270.000000  1.686565e-11
8290.000000  1.671594e-11
8310.000000  1.653848e-11
8330.000000  1.627518e-11
8350.000000  1.635594e-11
8370.000000  1.629301e-11
8390.000000  1.609461e-11
8410.000000  1.603688e-11
8430.000000  1.586329e-11
8450.000000  1.552184e-11
8470.000000  1.544736e-11
8490.000000  1.557399e-11
8510.000000  1.465016e-11
8530.000000  1.545663e-11
8550.000000  1.336988e-11
8570.000000  1.557761e-11
8590.000000  1.462090e-11
8610.000000  1.426631e-11
8630.000000  1.548476e-11
8650.000000  1.494501e-11
8670.000000  1.224488e-11
8690.000000  1.478884e-11
8710.000000  1.545259e-11
8730.000000  1.491368e-11
8750.000000  1.217332e-11
8770.000000  1.435993e-11
8790.000000  1.527578e-11
8810.000000  1.529183e-11
8830.000000  1.477653e-11
8850.000000  1.349213e-11
8870.000000  1.162577e-11
8890.000000  1.428679e-11
8910.000000  1.483554e-11
8930.000000  1.483740e-11
8950.000000  1.493704e-11
8970.000000  1.462413e-11
8990.000000  1.400879e-11
9010.000000  1.135044e-11
9030.000000  1.244169e-11
9050.000000  1.399666e-11
9070.000000  1.395204e-11
9090.000000  1.376914e-11
9110.000000  1.410389e-11
9130.000000  1.418522e-11
9150.000000  1.415396e-11
9170.000000  1.392094e-11
9190.000000  1.354210e-11
9210.000000  1.258356e-11
9230.000000  1.002986e-11
9250.000000  1.208959e-11
9270.000000  1.285650e-11
9290.000000  1.341135e-11
9310.000000  1.345974e-11
9330.000000  1.337879e-11
9350.000000  1.335153e-11
9370.000000  1.330175e-11
9390.000000  1.311163e-11
9410.000000  1.255660e-11
9430.000000  1.285536e-11
9450.000000  1.278475e-11
9470.000000  1.276989e-11
9490.000000  1.261200e-11
9510.000000  1.222469e-11
9530.000000  1.127873e-11
9550.000000  9.185727e-12
9570.000000  1.132379e-11
9590.000000  1.198578e-11
9610.000000  1.201858e-11
9630.000000  1.187135e-11
9650.000000  1.202604e-11
9670.000000  1.182828e-11
9690.000000  1.177683e-11
9710.000000  1.195691e-11
9730.000000  1.186689e-11
9750.000000  1.167654e-11
9770.000000  1.174261e-11
9790.000000  1.166098e-11
9810.000000  1.159804e-11
9830.000000  1.149323e-11
9850.000000  1.135136e-11
9870.000000  1.127678e-11
9890.000000  1.113704e-11
9910.000000  1.108113e-11
9930.000000  1.109547e-11
9950.000000  1.100147e-11
9970.000000  1.093620e-11
9990.000000  1.079324e-11
10025.000000  9.836282e-12
10075.000000  9.335399e-12
10125.000000  1.027899e-11
10175.000000  1.027361e-11
10225.000000  1.020958e-11
10275.000000  1.009029e-11
10325.000000  9.886598e-12
10375.000000  9.760280e-12
10425.000000  9.617711e-12
10475.000000  9.332850e-12
10525.000000  9.263664e-12
10575.000000  9.156286e-12
10625.000000  9.039627e-12
10675.000000  8.710714e-12
10725.000000  8.701480e-12
10775.000000  8.585742e-12
10825.000000  8.426291e-12
10875.000000  8.209867e-12
10925.000000  7.004989e-12
10975.000000  7.588035e-12
11025.000000  7.995858e-12
11075.000000  7.969861e-12
11125.000000  7.841600e-12
11175.000000  7.744091e-12
11225.000000  7.662156e-12
11275.000000  7.388405e-12
11325.000000  7.307114e-12
11375.000000  7.291853e-12
11425.000000  7.131404e-12
11475.000000  7.152408e-12
11525.000000  7.064184e-12
11575.000000  6.948349e-12
11625.000000  6.751794e-12
11675.000000  6.620631e-12
11725.000000  6.686645e-12
11775.000000  6.442674e-12
11825.000000  6.424117e-12
11875.000000  6.290167e-12
11925.000000  6.354644e-12
11975.000000  6.171491e-12
12025.000000  6.142220e-12
12075.000000  6.038624e-12
12125.000000  5.968389e-12
12175.000000  5.923528e-12
12225.000000  5.831802e-12
12275.000000  5.748138e-12
12325.000000  5.677904e-12
12375.000000  5.616281e-12
12425.000000  5.561469e-12
12475.000000  5.472492e-12
12525.000000  5.390532e-12
12575.000000  5.285068e-12
12625.000000  5.243685e-12
12675.000000  5.187349e-12
12725.000000  5.102418e-12
12775.000000  4.869667e-12
12825.000000  4.153368e-12
12875.000000  4.786188e-12
12925.000000  4.842864e-12
12975.000000  4.814039e-12
13025.000000  4.764960e-12
13075.000000  4.721817e-12
13125.000000  4.647051e-12
13175.000000  4.570322e-12
13225.000000  4.546961e-12
13275.000000  4.484088e-12
13325.000000  4.436780e-12
13375.000000  4.379527e-12
13425.000000  4.328191e-12
13475.000000  4.275266e-12
13525.000000  4.209411e-12
13575.000000  4.148906e-12
13625.000000  4.119303e-12
13675.000000  4.060109e-12
13725.000000  3.971926e-12
13775.000000  3.955401e-12
13825.000000  3.914095e-12
13875.000000  3.888197e-12
13925.000000  3.815068e-12
13975.000000  3.780811e-12
14025.000000  3.737826e-12
14075.000000  3.703857e-12
14125.000000  3.645666e-12
14175.000000  3.613007e-12
14225.000000  3.558875e-12
14275.000000  3.510308e-12
14325.000000  3.485091e-12
14375.000000  3.454991e-12
14425.000000  3.324764e-12
14475.000000  3.365338e-12
14525.000000  3.280352e-12
14570.000000  3.287973e-12
14620.000000  3.240643e-12
14675.000000  3.214222e-12
14725.000000  3.162032e-12
14775.000000  3.114348e-12
14825.000000  3.093322e-12
14875.000000  3.039795e-12
14925.000000  3.049877e-12
14975.000000  2.999865e-12
15025.000000  2.954903e-12
15075.000000  2.914724e-12
15125.000000  2.908164e-12
15175.000000  2.878241e-12
15225.000000  2.839467e-12
15275.000000  2.808577e-12
15325.000000  2.772501e-12
15375.000000  2.749020e-12
15425.000000  2.684213e-12
15475.000000  2.680174e-12
15525.000000  2.654501e-12
15575.000000  2.581707e-12
15625.000000  2.625054e-12
15675.000000  2.541012e-12
15725.000000  2.474333e-12
15775.000000  2.518157e-12
15825.000000  2.504511e-12
15875.000000  2.299531e-12
15925.000000  2.421545e-12
15975.000000  2.450936e-12
16050.000000  2.368671e-12
16150.000000  2.231501e-12
16250.000000  2.339163e-12
16350.000000  2.212299e-12
16450.000000  2.065161e-12
16550.000000  2.198963e-12
16650.000000  2.158568e-12
16750.000000  2.022504e-12
16850.000000  1.882993e-12
16950.000000  2.022394e-12
17050.000000  1.976621e-12
17150.000000  1.944512e-12
17250.000000  1.870895e-12
17350.000000  1.644533e-12
17450.000000  1.764443e-12
17550.000000  1.773441e-12
17650.000000  1.740050e-12
17750.000000  1.711405e-12
17850.000000  1.674069e-12
17950.000000  1.648194e-12
18050.000000  1.591106e-12
18150.000000  1.415573e-12
18250.000000  1.489546e-12
18350.000000  1.510067e-12
18450.000000  1.483696e-12
18550.000000  1.448201e-12
18650.000000  1.408065e-12
18750.000000  1.241735e-12
18850.000000  1.345181e-12
18950.000000  1.328205e-12
19050.000000  1.323449e-12
19150.000000  1.296460e-12
19250.000000  1.268350e-12
19350.000000  1.226415e-12
19450.000000  1.085931e-12
19550.000000  1.182277e-12
19650.000000  1.176031e-12
19750.000000  1.153412e-12
19850.000000  1.136528e-12
19950.000000  1.115566e-12
20050.000000  1.096397e-12
20150.000000  1.077553e-12
20250.000000  1.055463e-12
20350.000000  1.033914e-12
20450.000000  1.019997e-12
20550.000000  1.000748e-12
20650.000000  9.797876e-13
20750.000000  9.633717e-13
20850.000000  9.470840e-13
20950.000000  9.291556e-13
21050.000000  9.133930e-13
21150.000000  8.944912e-13
21250.000000  8.792251e-13
21350.000000  8.637466e-13
21450.000000  8.499349e-13
21550.000000  8.263443e-13
21650.000000  7.353468e-13
21750.000000  7.901394e-13
21850.000000  7.909459e-13
21950.000000  7.825126e-13
22050.000000  7.660623e-13
22150.000000  7.534885e-13
22250.000000  7.438993e-13
22350.000000  7.313606e-13
22450.000000  7.192967e-13
22550.000000  7.035321e-13
22650.000000  6.944283e-13
22750.000000  6.837505e-13
22850.000000  6.721142e-13
22950.000000  6.604801e-13
23050.000000  6.518040e-13
23150.000000  6.406745e-13
23250.000000  6.314044e-13
23350.000000  6.208399e-13
23450.000000  6.114365e-13
23550.000000  6.018475e-13
23650.000000  5.926299e-13
23750.000000  5.821260e-13
23850.000000  5.732641e-13
23950.000000  5.647607e-13
24050.000000  5.554531e-13
24150.000000  5.465968e-13
24250.000000  5.388899e-13
24350.000000  5.295969e-13
24450.000000  5.218993e-13
24550.000000  5.131684e-13
24650.000000  5.057439e-13
24750.000000  4.976999e-13
24850.000000  4.900701e-13
24950.000000  4.794401e-13
