2505.000000  2.068622e-13
2513.000000  1.244887e-13
2518.000000  7.483688e-14
2525.000000  8.451795e-14
2535.000000  2.334635e-13
2545.000000  2.974728e-13
2555.000000  9.940060e-13
2565.000000  5.311310e-13
2575.000000  7.745289e-13
2585.000000  6.085024e-13
2595.000000  5.303667e-13
2605.000000  5.039008e-13
2615.000000  4.749373e-13
2625.000000  6.763246e-13
2635.000000  1.692553e-12
2645.000000  2.633755e-12
2655.000000  4.971766e-12
2665.000000  2.545187e-12
2675.000000  2.515790e-12
2685.000000  3.614495e-12
2695.000000  2.226339e-12
2705.000000  3.405747e-12
2715.000000  1.929930e-12
2725.000000  1.012830e-12
2735.000000  1.576288e-12
2745.000000  9.892000e-13
2755.000000  1.402509e-12
2765.000000  2.045923e-12
2775.000000  2.170521e-12
2785.000000  1.218052e-12
2795.000000  3.764697e-13
2805.000000  5.032384e-13
2815.000000  1.802743e-12
2825.000000  2.726117e-12
2835.000000  2.337044e-12
2845.000000  1.062699e-12
2855.000000  3.206393e-13
2865.000000  1.814014e-12
2875.000000  4.023009e-12
2885.000000  4.548730e-12
2895.000000  6.623253e-12
2910.000000  9.908447e-12
2930.000000  9.389955e-12
2950.000000  8.312270e-12
2970.000000  8.835373e-12
2990.000000  8.833890e-12
3010.000000  7.645656e-12
3030.000000  1.024008e-11
3050.000000  1.069345e-11
3070.000000  1.299546e-11
3090.000000  1.402266e-11
3110.000000  1.786367e-11
3130.000000  1.499263e-11
3150.000000  1.683688e-11
3170.000000  1.955503e-11
3190.000000  1.645097e-11
3210.000000  1.816378e-11
3230.000000  1.352039e-11
3250.000000  2.248747e-11
3270.000000  2.841183e-11
3290.000000  2.811426e-11
3310.000000  2.476595e-11
3330.000000  2.563697e-11
3350.000000  2.347085e-11
3370.000000  1.702780e-11
3390.000000  1.956039e-11
3410.000000  2.208761e-11
3430.000000  2.455486e-11
3450.000000  2.615517e-11
3470.000000  2.740990e-11
3490.000000  3.120661e-11
3510.000000  3.286589e-11
3530.000000  2.725428e-11
3550.000000  3.080086e-11
3570.000000  1.721763e-11
3590.000000  2.144692e-11
3610.000000  3.127932e-11
3630.000000  3.518001e-11
3640.000000  3.601203e-11
3650.000000  4.098810e-11
3670.000000  4.388022e-11
3690.000000  4.150451e-11
3710.000000  4.577060e-11
3730.000000  2.715077e-11
3750.000000  3.088109e-11
3770.000000  3.856420e-11
3790.000000  3.739674e-11
3810.000000  3.258603e-11
3830.000000  1.687191e-11
3850.000000  1.786718e-11
3870.000000  2.083079e-11
3890.000000  3.977265e-11
3910.000000  4.754948e-11
3930.000000  1.785301e-11
3950.000000  3.632872e-11
3970.000000  2.279297e-11
3990.000000  6.413457e-11
4010.000000  7.428835e-11
4030.000000  7.312817e-11
4050.000000  6.830043e-11
4070.000000  6.427732e-11
4090.000000  8.054078e-11
4110.000000  8.011127e-11
4130.000000  6.878253e-11
4150.000000  6.312266e-11
4170.000000  6.402624e-11
4190.000000  6.568944e-11
4210.000000  7.408519e-11
4230.000000  7.981978e-11
4250.000000  8.241936e-11
4270.000000  7.648134e-11
4290.000000  6.873765e-11
4310.000000  5.654967e-11
4330.000000  8.957293e-11
4350.000000  8.707001e-11
4370.000000  9.512456e-11
4390.000000  8.478172e-11
4410.000000  9.334180e-11
4430.000000  1.006342e-10
4450.000000  1.024280e-10
4470.000000  1.111592e-10
4490.000000  1.138196e-10
4510.000000  1.313402e-10
4530.000000  1.149079e-10
4550.000000  1.184934e-10
4570.000000  1.293227e-10
4590.000000  1.238563e-10
4610.000000  1.284971e-10
4630.000000  1.237293e-10
4650.000000  1.266737e-10
4670.000000  1.306016e-10
4690.000000  1.277416e-10
4710.000000  1.245741e-10
4730.000000  1.314874e-10
4750.000000  1.397416e-10
4770.000000  1.418324e-10
4790.000000  1.409848e-10
4810.000000  1.379874e-10
4830.000000  1.438312e-10
4850.000000  1.341581e-10
4870.000000  1.240232e-10
4890.000000  1.384622e-10
4910.000000  1.372673e-10
4930.000000  1.353312e-10
4950.000000  1.456046e-10
4970.000000  1.413456e-10
4990.000000  1.301622e-10
5010.000000  1.235169e-10
5030.000000  1.314933e-10
5050.000000  1.334019e-10
5070.000000  1.399301e-10
5090.000000  1.295974e-10
5110.000000  1.336141e-10
5130.000000  1.274645e-10
5150.000000  1.240234e-10
5170.000000  1.156718e-10
5190.000000  1.219773e-10
5210.000000  1.313626e-10
5230.000000  1.349841e-10
5250.000000  1.391360e-10
5270.000000  1.231852e-10
5290.000000  1.412854e-10
5310.000000  1.502442e-10
5330.000000  1.315703e-10
5350.000000  1.456120e-10
5370.000000  1.477108e-10
5390.000000  1.418947e-10
5410.000000  1.389829e-10
5430.000000  1.418482e-10
5450.000000  1.512797e-10
5470.000000  1.438385e-10
5490.000000  1.411643e-10
5510.000000  1.411384e-10
5530.000000  1.454970e-10
5550.000000  1.489317e-10
5570.000000  1.459313e-10
5590.000000  1.412139e-10
5610.000000  1.497687e-10
5630.000000  1.461845e-10
5650.000000  1.471355e-10
5670.000000  1.430518e-10
5690.000000  1.483187e-10
5710.000000  1.429228e-10
5730.000000  1.577270e-10
5750.000000  1.496270e-10
5770.000000  1.528120e-10
5790.000000  1.443761e-10
5810.000000  1.524229e-10
5830.000000  1.575403e-10
5850.000000  1.523334e-10
5870.000000  1.530840e-10
5890.000000  1.380215e-10
5910.000000  1.507161e-10
5930.000000  1.508839e-10
5950.000000  1.511472e-10
5970.000000  1.539737e-10
5990.000000  1.505081e-10
6010.000000  1.474042e-10
6030.000000  1.510246e-10
6050.000000  1.538969e-10
6070.000000  1.534530e-10
6090.000000  1.454456e-10
6110.000000  1.457928e-10
6130.000000  1.381560e-10
6150.000000  1.424209e-10
6170.000000  1.371721e-10
6190.000000  1.464723e-10
6210.000000  1.462956e-10
6230.000000  1.405395e-10
6250.000000  1.348751e-10
6270.000000  1.428833e-10
6290.000000  1.449678e-10
6310.000000  1.393536e-10
6330.000000  1.410517e-10
6350.000000  1.405188e-10
6370.000000  1.393084e-10
6390.000000  1.428540e-10
6410.000000  1.397160e-10
6430.000000  1.413444e-10
6450.000000  1.405050e-10
6470.000000  1.402279e-10
6490.000000  1.365967e-10
6510.000000  1.406498e-10
6530.000000  1.408161e-10
6550.000000  1.388797e-10
6570.000000  1.323344e-10
6590.000000  1.393617e-10
6610.000000  1.404415e-10
6630.000000  1.390461e-10
6650.000000  1.389199e-10
6670.000000  1.362208e-10
6690.000000  1.404328e-10
6710.000000  1.350749e-10
6730.000000  1.398172e-10
6750.000000  1.369401e-10
6770.000000  1.377071e-10
6790.000000  1.362505e-10
6810.000000  1.357756e-10
6830.000000  1.374808e-10
6850.000000  1.327615e-10
6870.000000  1.351542e-10
6890.000000  1.363684e-10
6910.000000  1.347658e-10
6930.000000  1.329565e-10
6950.000000  1.309877e-10
6970.000000  1.314946e-10
6990.000000  1.303734e-10
7010.000000  1.254285e-10
7030.000000  1.288540e-10
7050.000000  1.308415e-10
7070.000000  1.283054e-10
7090.000000  1.275382e-10
7110.000000  1.269005e-10
7130.000000  1.239519e-10
7150.000000  1.237233e-10
7170.000000  1.244621e-10
7190.000000  1.196828e-10
7210.000000  1.237394e-10
7230.000000  1.247854e-10
7250.000000  1.251110e-10
7270.000000  1.240113e-10
7290.000000  1.191052e-10
7310.000000  1.219763e-10
7330.000000  1.219072e-10
7350.000000  1.215181e-10
7370.000000  1.234396e-10
7390.000000  1.198873e-10
7410.000000  1.189963e-10
7430.000000  1.202523e-10
7450.000000  1.205291e-10
7470.000000  1.211967e-10
7490.000000  1.196835e-10
7510.000000  1.209681e-10
7530.000000  1.215058e-10
7550.000000  1.221257e-10
7570.000000  1.205996e-10
7590.000000  1.200994e-10
7610.000000  1.198768e-10
7630.000000  1.206552e-10
7650.000000  1.205443e-10
7670.000000  1.162191e-10
7690.000000  1.199606e-10
7710.000000  1.174916e-10
7730.000000  1.173400e-10
7750.000000  1.163756e-10
7770.000000  1.190960e-10
7790.000000  1.189192e-10
7810.000000  1.180740e-10
7830.000000  1.168121e-10
7850.000000  1.158854e-10
7870.000000  1.160735e-10
7890.000000  1.124743e-10
7910.000000  1.089362e-10
7930.000000  1.082300e-10
7950.000000  1.069069e-10
7970.000000  1.107873e-10
7990.000000  1.106109e-10
8010.000000  1.097580e-10
8030.000000  1.098514e-10
8050.000000  1.085409e-10
8070.000000  1.080592e-10
8090.000000  1.045655e-10
8110.000000  1.046159e-10
8130.000000  1.060620e-10
8150.000000  1.055364e-10
8170.000000  1.058941e-10
8190.000000  1.035595e-10
8210.000000  1.032135e-10
8230.000000  1.039913e-10
8250.000000  1.051184e-10
8270.000000  1.061275e-10
8290.000000  1.051503e-10
8310.000000  1.007515e-10
8330.000000  1.014807e-10
8350.000000  1.014810e-10
8370.000000  1.025673e-10
8390.000000  9.968072e-11
8410.000000  1.027258e-10
8430.000000  9.987247e-11
8450.000000  1.017043e-10
8470.000000  1.010344e-10
8490.000000  1.000663e-10
8510.000000  9.435396e-11
8530.000000  9.768366e-11
8550.000000  8.095709e-11
8570.000000  1.011791e-10
8590.000000  9.919743e-11
8610.000000  9.946027e-11
8630.000000  1.006032e-10
8650.000000  9.898319e-11
8670.000000  8.232113e-11
8690.000000  9.615739e-11
8710.000000  9.845005e-11
8730.000000  9.884885e-11
8750.000000  9.713683e-11
8770.000000  9.920184e-11
8790.000000  9.787361e-11
8810.000000  9.530327e-11
8830.000000  9.729692e-11
8850.000000  9.790978e-11
8870.000000  9.527657e-11
8890.000000  9.741621e-11
8910.000000  9.842207e-11
8930.000000  9.542714e-11
8950.000000  9.536439e-11
8970.000000  9.544262e-11
8990.000000  9.574633e-11
9010.000000  9.153941e-11
9030.000000  9.437335e-11
9050.000000  9.650829e-11
9070.000000  9.485609e-11
9090.000000  9.128566e-11
9110.000000  9.106908e-11
9130.000000  9.408210e-11
9150.000000  8.802308e-11
9170.000000  8.579568e-11
9190.000000  8.666643e-11
9210.000000  8.399491e-11
9230.000000  8.495331e-11
9250.000000  8.464193e-11
9270.000000  8.621566e-11
9290.000000  8.516338e-11
9310.000000  8.723533e-11
9330.000000  8.707283e-11
9350.000000  8.616117e-11
9370.000000  8.567968e-11
9390.000000  8.403091e-11
9410.000000  8.139689e-11
9430.000000  8.281820e-11
9450.000000  8.099409e-11
9470.000000  8.346260e-11
9490.000000  8.312656e-11
9510.000000  8.418055e-11
9530.000000  8.325641e-11
9550.000000  8.244169e-11
9570.000000  8.276468e-11
9590.000000  8.384021e-11
9610.000000  8.281181e-11
9630.000000  8.198435e-11
9650.000000  8.093033e-11
9670.000000  8.037238e-11
9690.000000  8.190738e-11
9710.000000  8.131051e-11
9730.000000  8.143221e-11
9750.000000  8.045197e-11
9770.000000  8.075472e-11
9790.000000  7.934058e-11
9810.000000  8.140196e-11
9830.000000  8.094415e-11
9850.000000  8.128847e-11
9870.000000  8.085396e-11
9890.000000  8.114482e-11
9910.000000  8.006890e-11
9930.000000  8.111832e-11
9950.000000  8.049334e-11
9970.000000  8.075861e-11
9990.000000  8.053998e-11
10025.000000  7.979172e-11
10075.000000  7.883827e-11
10125.000000  7.882922e-11
10175.000000  7.736726e-11
10225.000000  7.744698e-11
10275.000000  7.754762e-11
10325.000000  7.594828e-11
10375.000000  7.545041e-11
10425.000000  7.549738e-11
10475.000000  7.446388e-11
10525.000000  7.437722e-11
10575.000000  7.358848e-11
10625.000000  7.300656e-11
10675.000000  7.133633e-11
10725.000000  7.130528e-11
10775.000000  7.054791e-11
10825.000000  6.920942e-11
10875.000000  6.826041e-11
10925.000000  6.699082e-11
10975.000000  6.249760e-11
11025.000000  6.229546e-11
11075.000000  6.309551e-11
11125.000000  6.283398e-11
11175.000000  6.342270e-11
11225.000000  6.313971e-11
11275.000000  6.195812e-11
11325.000000  6.255028e-11
11375.000000  6.115243e-11
11425.000000  6.123984e-11
11475.000000  6.200798e-11
11525.000000  6.172152e-11
11575.000000  6.081924e-11
11625.000000  5.997347e-11
11675.000000  5.995915e-11
11725.000000  6.072770e-11
11775.000000  5.938410e-11
11825.000000  5.894896e-11
11875.000000  5.819156e-11
11925.000000  5.924966e-11
11975.000000  5.675549e-11
12025.000000  5.765351e-11
12075.000000  5.683261e-11
12125.000000  5.682024e-11
12175.000000  5.705419e-11
12225.000000  5.667864e-11
12275.000000  5.622333e-11
12325.000000  5.570605e-11
12375.000000  5.535943e-11
12425.000000  5.478841e-11
12475.000000  5.484571e-11
12525.000000  5.415453e-11
12575.000000  5.392089e-11
12625.000000  5.369945e-11
12675.000000  5.292588e-11
12725.000000  5.297160e-11
12775.000000  5.294349e-11
12825.000000  5.058504e-11
12875.000000  5.165188e-11
12925.000000  5.098283e-11
12975.000000  5.137426e-11
13025.000000  5.053548e-11
13075.000000  5.076279e-11
13125.000000  4.978930e-11
13175.000000  4.949013e-11
13225.000000  4.957172e-11
13275.000000  4.856177e-11
13325.000000  4.887533e-11
13375.000000  4.838556e-11
13425.000000  4.852316e-11
13475.000000  4.813147e-11
13525.000000  4.793131e-11
13575.000000  4.688929e-11
13625.000000  4.674283e-11
13675.000000  4.660048e-11
13725.000000  4.649783e-11
13775.000000  4.619447e-11
13825.000000  4.607120e-11
13875.000000  4.568845e-11
13925.000000  4.553608e-11
13975.000000  4.515202e-11
14025.000000  4.441000e-11
14075.000000  4.371564e-11
14125.000000  4.224706e-11
14175.000000  4.234868e-11
14225.000000  4.166226e-11
14275.000000  4.098356e-11
14325.000000  4.170492e-11
14375.000000  4.194334e-11
14425.000000  4.031937e-11
14475.000000  4.158599e-11
14525.000000  4.033722e-11
14570.000000  4.035450e-11
14620.000000  3.987307e-11
14675.000000  3.957074e-11
14725.000000  3.887385e-11
14775.000000  3.903587e-11
14825.000000  3.889588e-11
14875.000000  3.859851e-11
14925.000000  3.933117e-11
14975.000000  3.876141e-11
15025.000000  3.803439e-11
15075.000000  3.762099e-11
15125.000000  3.781249e-11
15175.000000  3.804054e-11
15225.000000  3.750290e-11
15275.000000  3.767143e-11
15325.000000  3.739653e-11
15375.000000  3.746048e-11
15425.000000  3.715313e-11
15475.000000  3.702458e-11
15525.000000  3.633875e-11
15575.000000  3.583254e-11
15625.000000  3.670831e-11
15675.000000  3.549707e-11
15725.000000  3.573493e-11
15775.000000  3.447560e-11
15825.000000  3.495346e-11
15875.000000  3.324161e-11
15925.000000  3.425534e-11
15975.000000  3.471793e-11
16050.000000  3.421850e-11
16150.000000  3.342370e-11
16250.000000  3.362905e-11
16350.000000  3.310789e-11
16450.000000  3.186887e-11
16550.000000  3.219496e-11
16650.000000  3.150243e-11
16750.000000  3.082819e-11
16850.000000  2.963372e-11
16950.000000  3.019911e-11
17050.000000  2.902784e-11
17150.000000  2.883016e-11
17250.000000  2.789634e-11
17350.000000  2.676601e-11
17450.000000  2.693912e-11
17550.000000  2.649068e-11
17650.000000  2.606595e-11
17750.000000  2.538726e-11
17850.000000  2.512146e-11
17950.000000  2.467366e-11
18050.000000  2.402765e-11
18150.000000  2.331471e-11
18250.000000  2.307534e-11
18350.000000  2.270373e-11
18450.000000  2.210277e-11
18550.000000  2.188098e-11
18650.000000  2.119337e-11
18750.000000  2.044607e-11
18850.000000  2.060409e-11
18950.000000  1.966736e-11
19050.000000  2.002005e-11
19150.000000  1.953757e-11
19250.000000  1.927247e-11
19350.000000  1.866689e-11
19450.000000  1.804110e-11
19550.000000  1.821506e-11
19650.000000  1.776784e-11
19750.000000  1.732852e-11
19850.000000  1.713143e-11
19950.000000  1.681961e-11
20050.000000  1.669317e-11
20150.000000  1.650531e-11
20250.000000  1.596984e-11
20350.000000  1.563166e-11
20450.000000  1.562401e-11
20550.000000  1.522975e-11
20650.000000  1.491561e-11
20750.000000  1.469271e-11
20850.000000  1.443621e-11
20950.000000  1.410427e-11
21050.000000  1.404562e-11
21150.000000  1.376343e-11
21250.000000  1.350883e-11
21350.000000  1.336281e-11
21450.000000  1.312770e-11
21550.000000  1.292115e-11
21650.000000  1.243644e-11
21750.000000  1.236391e-11
21850.000000  1.222884e-11
21950.000000  1.210478e-11
22050.000000  1.177180e-11
22150.000000  1.173449e-11
22250.000000  1.145838e-11
22350.000000  1.127766e-11
22450.000000  1.111102e-11
22550.000000  1.092050e-11
22650.000000  1.070643e-11
22750.000000  1.064849e-11
22850.000000  1.037624e-11
22950.000000  9.354927e-12
23050.000000  9.720951e-12
23150.000000  9.626502e-12
23250.000000  8.679365e-12
23350.000000  9.050082e-12
23450.000000  9.087703e-12
23550.000000  8.116612e-12
23650.000000  8.573259e-12
23750.000000  8.509743e-12
23850.000000  7.696591e-12
23950.000000  8.060711e-12
24050.000000  8.095264e-12
24150.000000  7.437643e-12
24250.000000  7.646749e-12
24350.000000  7.689254e-12
24450.000000  7.260009e-12
24550.000000  7.176027e-12
24650.000000  7.401081e-12
24750.000000  7.116561e-12
24850.000000  6.819645e-12
24950.000000  6.986077e-12
