2505.000000  5.465907e-12
2513.000000  3.569611e-12
2518.000000  3.478899e-12
2525.000000  2.796426e-12
2535.000000  2.536237e-12
2545.000000  2.744664e-12
2555.000000  4.059277e-12
2565.000000  3.540777e-12
2575.000000  4.470053e-12
2585.000000  4.217736e-12
2595.000000  3.889720e-12
2605.000000  3.353635e-12
2615.000000  3.020426e-12
2625.000000  4.262368e-12
2635.000000  5.584147e-12
2645.000000  7.674160e-12
2655.000000  8.630297e-12
2665.000000  6.125030e-12
2675.000000  7.142492e-12
2685.000000  7.243459e-12
2695.000000  6.216486e-12
2705.000000  7.129677e-12
2715.000000  5.842195e-12
2725.000000  5.849996e-12
2735.000000  6.524686e-12
2745.000000  3.563048e-12
2755.000000  4.462200e-12
2765.000000  5.385838e-12
2775.000000  6.573520e-12
2785.000000  4.571712e-12
2795.000000  1.515636e-12
2805.000000  2.050205e-12
2815.000000  6.343532e-12
2825.000000  8.454148e-12
2835.000000  7.926525e-12
2845.000000  7.451892e-12
2855.000000  5.621139e-12
2865.000000  8.166149e-12
2875.000000  8.239196e-12
2885.000000  8.045978e-12
2895.000000  7.771991e-12
2910.000000  9.821789e-12
2930.000000  8.961173e-12
2950.000000  8.823835e-12
2970.000000  9.749898e-12
2990.000000  9.705609e-12
3010.000000  1.024886e-11
3030.000000  1.008901e-11
3050.000000  1.020094e-11
3070.000000  1.040500e-11
3090.000000  1.081844e-11
3110.000000  1.047349e-11
3130.000000  1.032939e-11
3150.000000  1.063787e-11
3170.000000  1.066740e-11
3190.000000  9.682047e-12
3210.000000  1.036610e-11
3230.000000  9.290825e-12
3250.000000  1.038475e-11
3270.000000  1.106865e-11
3290.000000  1.094036e-11
3310.000000  1.129674e-11
3330.000000  1.107304e-11
3350.000000  1.091598e-11
3370.000000  1.045864e-11
3390.000000  1.082319e-11
3410.000000  1.081969e-11
3430.000000  1.089096e-11
3450.000000  1.106009e-11
3470.000000  1.089438e-11
3490.000000  1.098627e-11
3510.000000  1.130809e-11
3530.000000  1.102858e-11
3550.000000  1.190228e-11
3570.000000  1.077064e-11
3590.000000  1.068242e-11
3610.000000  1.086955e-11
3630.000000  1.096823e-11
3640.000000  1.083029e-11
3650.000000  1.179537e-11
3670.000000  1.156354e-11
3690.000000  1.117597e-11
3710.000000  1.184686e-11
3730.000000  1.183197e-11
3750.000000  1.400056e-11
3770.000000  1.515380e-11
3790.000000  1.755680e-11
3810.000000  1.984980e-11
3830.000000  1.579984e-11
3850.000000  2.103256e-11
3870.000000  2.283176e-11
3890.000000  1.604666e-11
3910.000000  2.224644e-11
3930.000000  1.517829e-11
3950.000000  2.098405e-11
3970.000000  1.301184e-11
3990.000000  2.279994e-11
4010.000000  2.464164e-11
4030.000000  2.455910e-11
4050.000000  2.413874e-11
4070.000000  2.363811e-11
4090.000000  2.154147e-11
4110.000000  1.786651e-11
4130.000000  2.360842e-11
4150.000000  2.480540e-11
4170.000000  2.444245e-11
4190.000000  2.431740e-11
4210.000000  2.427217e-11
4230.000000  2.345569e-11
4250.000000  2.400492e-11
4270.000000  2.306513e-11
4290.000000  2.290456e-11
4310.000000  2.112476e-11
4330.000000  1.948394e-11
4350.000000  1.715064e-11
4370.000000  2.307527e-11
4390.000000  2.284640e-11
4410.000000  2.263929e-11
4430.000000  2.230726e-11
4450.000000  2.255833e-11
4470.000000  2.277082e-11
4490.000000  2.256533e-11
4510.000000  2.370210e-11
4530.000000  2.221140e-11
4550.000000  2.222048e-11
4570.000000  2.320454e-11
4590.000000  2.204291e-11
4610.000000  2.255238e-11
4630.000000  2.195393e-11
4650.000000  2.215659e-11
4670.000000  2.234785e-11
4690.000000  2.148959e-11
4710.000000  2.060785e-11
4730.000000  2.170801e-11
4750.000000  2.175510e-11
4770.000000  2.142976e-11
4790.000000  2.128823e-11
4810.000000  2.091371e-11
4830.000000  2.050129e-11
4850.000000  1.727326e-11
4870.000000  1.426063e-11
4890.000000  1.931952e-11
4910.000000  1.979346e-11
4930.000000  1.950220e-11
4950.000000  2.003143e-11
4970.000000  2.016279e-11
4990.000000  1.907048e-11
5010.000000  1.833858e-11
5030.000000  1.911167e-11
5050.000000  1.884715e-11
5070.000000  1.934096e-11
5090.000000  1.890349e-11
5110.000000  1.899583e-11
5130.000000  1.850158e-11
5150.000000  1.804940e-11
5170.000000  1.770643e-11
5190.000000  1.748467e-11
5210.000000  1.770830e-11
5230.000000  1.772637e-11
5250.000000  1.796421e-11
5270.000000  1.649256e-11
5290.000000  1.758404e-11
5310.000000  1.754069e-11
5330.000000  1.660058e-11
5350.000000  1.728049e-11
5370.000000  1.718415e-11
5390.000000  1.698271e-11
5410.000000  1.651753e-11
5430.000000  1.675668e-11
5450.000000  1.693393e-11
5470.000000  1.665476e-11
5490.000000  1.650926e-11
5510.000000  1.643492e-11
5530.000000  1.636110e-11
5550.000000  1.638557e-11
5570.000000  1.607098e-11
5590.000000  1.586369e-11
5610.000000  1.595400e-11
5630.000000  1.596555e-11
5650.000000  1.577478e-11
5670.000000  1.545679e-11
5690.000000  1.554305e-11
5710.000000  1.537205e-11
5730.000000  1.572483e-11
5750.000000  1.535112e-11
5770.000000  1.534894e-11
5790.000000  1.511568e-11
5810.000000  1.512668e-11
5830.000000  1.511436e-11
5850.000000  1.487850e-11
5870.000000  1.481348e-11
5890.000000  1.437903e-11
5910.000000  1.459468e-11
5930.000000  1.448336e-11
5950.000000  1.441171e-11
5970.000000  1.433218e-11
5990.000000  1.415112e-11
6010.000000  1.392498e-11
6030.000000  1.389625e-11
6050.000000  1.390317e-11
6070.000000  1.388411e-11
6090.000000  1.365745e-11
6110.000000  1.347745e-11
6130.000000  1.317084e-11
6150.000000  1.302959e-11
6170.000000  1.289741e-11
6190.000000  1.319943e-11
6210.000000  1.314277e-11
6230.000000  1.289573e-11
6250.000000  1.248288e-11
6270.000000  1.287622e-11
6290.000000  1.280898e-11
6310.000000  1.249687e-11
6330.000000  1.248198e-11
6350.000000  1.234478e-11
6370.000000  1.227501e-11
6390.000000  1.228969e-11
6410.000000  1.204156e-11
6430.000000  1.206925e-11
6450.000000  1.184756e-11
6470.000000  1.185550e-11
6490.000000  1.162555e-11
6510.000000  1.165336e-11
6530.000000  1.142214e-11
6550.000000  1.033482e-11
6570.000000  8.491559e-12
6590.000000  1.090863e-11
6610.000000  1.126992e-11
6630.000000  1.128746e-11
6650.000000  1.123612e-11
6670.000000  1.110945e-11
6690.000000  1.113853e-11
6710.000000  1.102218e-11
6730.000000  1.098343e-11
6750.000000  1.079768e-11
6770.000000  1.084431e-11
6790.000000  1.074790e-11
6810.000000  1.066844e-11
6830.000000  1.059285e-11
6850.000000  1.047474e-11
6870.000000  1.047373e-11
6890.000000  1.041151e-11
6910.000000  1.032872e-11
6930.000000  1.025191e-11
6950.000000  1.019144e-11
6970.000000  1.011684e-11
6990.000000  1.006859e-11
7010.000000  9.832443e-12
7030.000000  9.877882e-12
7050.000000  9.849350e-12
7070.000000  9.778008e-12
7090.000000  9.712449e-12
7110.000000  9.481834e-12
7130.000000  9.505620e-12
7150.000000  9.459241e-12
7170.000000  9.374335e-12
7190.000000  9.250222e-12
7210.000000  9.267738e-12
7230.000000  9.192810e-12
7250.000000  9.137817e-12
7270.000000  9.135308e-12
7290.000000  8.962421e-12
7310.000000  8.971900e-12
7330.000000  8.921469e-12
7350.000000  8.903314e-12
7370.000000  8.857454e-12
7390.000000  8.700755e-12
7410.000000  8.581432e-12
7430.000000  8.547779e-12
7450.000000  8.528375e-12
7470.000000  8.473283e-12
7490.000000  8.431823e-12
7510.000000  8.415662e-12
7530.000000  8.375422e-12
7550.000000  8.365656e-12
7570.000000  8.273819e-12
7590.000000  8.237433e-12
7610.000000  8.169047e-12
7630.000000  8.141065e-12
7650.000000  8.065772e-12
7670.000000  7.922729e-12
7690.000000  7.931712e-12
7710.000000  7.879915e-12
7730.000000  7.860081e-12
7750.000000  7.772299e-12
7770.000000  7.640305e-12
7790.000000  7.751257e-12
7810.000000  7.675916e-12
7830.000000  7.579044e-12
7850.000000  7.515265e-12
7870.000000  7.510349e-12
7890.000000  7.449363e-12
7910.000000  7.377913e-12
7930.000000  7.271935e-12
7950.000000  7.257938e-12
7970.000000  7.313441e-12
7990.000000  7.227084e-12
8010.000000  7.189077e-12
8030.000000  7.123306e-12
8050.000000  7.089467e-12
8070.000000  7.062079e-12
8090.000000  6.989970e-12
8110.000000  6.998352e-12
8130.000000  6.972616e-12
8150.000000  6.918822e-12
8170.000000  6.875837e-12
8190.000000  6.694846e-12
8210.000000  6.678228e-12
8230.000000  6.645657e-12
8250.000000  6.624251e-12
8270.000000  6.676406e-12
8290.000000  6.623828e-12
8310.000000  6.537379e-12
8330.000000  6.446717e-12
8350.000000  6.478848e-12
8370.000000  6.467637e-12
8390.000000  6.384240e-12
8410.000000  6.380411e-12
8430.000000  6.302898e-12
8450.000000  6.191493e-12
8470.000000  6.172364e-12
8490.000000  6.174578e-12
8510.000000  5.837497e-12
8530.000000  6.109697e-12
8550.000000  5.269711e-12
8570.000000  6.165958e-12
8590.000000  5.889411e-12
8610.000000  5.777070e-12
8630.000000  6.094214e-12
8650.000000  5.939495e-12
8670.000000  4.964308e-12
8690.000000  5.829468e-12
8710.000000  6.020195e-12
8730.000000  5.884919e-12
8750.000000  5.095100e-12
8770.000000  5.744123e-12
8790.000000  5.927594e-12
8810.000000  5.895534e-12
8830.000000  5.775579e-12
8850.000000  5.457021e-12
8870.000000  4.865557e-12
8890.000000  5.644326e-12
8910.000000  5.757068e-12
8930.000000  5.712463e-12
8950.000000  5.745469e-12
8970.000000  5.667921e-12
8990.000000  5.531933e-12
9010.000000  4.715452e-12
9030.000000  5.097709e-12
9050.000000  5.506432e-12
9070.000000  5.425305e-12
9090.000000  5.321715e-12
9110.000000  5.430227e-12
9130.000000  5.482657e-12
9150.000000  5.468447e-12
9170.000000  5.403763e-12
9190.000000  5.322420e-12
9210.000000  5.048787e-12
9230.000000  4.251806e-12
9250.000000  4.888575e-12
9270.000000  5.086162e-12
9290.000000  5.226013e-12
9310.000000  5.228027e-12
9330.000000  5.192073e-12
9350.000000  5.176588e-12
9370.000000  5.159507e-12
9390.000000  5.102378e-12
9410.000000  4.880274e-12
9430.000000  5.000155e-12
9450.000000  4.968694e-12
9470.000000  4.988693e-12
9490.000000  4.952891e-12
9510.000000  4.847939e-12
9530.000000  4.602469e-12
9550.000000  3.915271e-12
9570.000000  4.594286e-12
9590.000000  4.756648e-12
9610.000000  4.728562e-12
9630.000000  4.672133e-12
9650.000000  4.708275e-12
9670.000000  4.638289e-12
9690.000000  4.625970e-12
9710.000000  4.683574e-12
9730.000000  4.655255e-12
9750.000000  4.575515e-12
9770.000000  4.602027e-12
9790.000000  4.571248e-12
9810.000000  4.557045e-12
9830.000000  4.521249e-12
9850.000000  4.474915e-12
9870.000000  4.444620e-12
9890.000000  4.399664e-12
9910.000000  4.371107e-12
9930.000000  4.388069e-12
9950.000000  4.357272e-12
9970.000000  4.335256e-12
9990.000000  4.296532e-12
10025.000000  4.031894e-12
10075.000000  3.855550e-12
10125.000000  4.113014e-12
10175.000000  4.082727e-12
10225.000000  4.059006e-12
10275.000000  4.020113e-12
10325.000000  3.939905e-12
10375.000000  3.896620e-12
10425.000000  3.848646e-12
10475.000000  3.741771e-12
10525.000000  3.724100e-12
10575.000000  3.680464e-12
10625.000000  3.634642e-12
10675.000000  3.511181e-12
10725.000000  3.510836e-12
10775.000000  3.470268e-12
10825.000000  3.404149e-12
10875.000000  3.345519e-12
10925.000000  2.972463e-12
10975.000000  3.152231e-12
11025.000000  3.263773e-12
11075.000000  3.249655e-12
11125.000000  3.197204e-12
11175.000000  3.157267e-12
11225.000000  3.130448e-12
11275.000000  3.029071e-12
11325.000000  2.999300e-12
11375.000000  2.990787e-12
11425.000000  2.926155e-12
11475.000000  2.942376e-12
11525.000000  2.908247e-12
11575.000000  2.862220e-12
11625.000000  2.786289e-12
11675.000000  2.739505e-12
11725.000000  2.768292e-12
11775.000000  2.671921e-12
11825.000000  2.664506e-12
11875.000000  2.612458e-12
11925.000000  2.644121e-12
11975.000000  2.562899e-12
12025.000000  2.559505e-12
12075.000000  2.519016e-12
12125.000000  2.493910e-12
12175.000000  2.481558e-12
12225.000000  2.446897e-12
12275.000000  2.413039e-12
12325.000000  2.386708e-12
12375.000000  2.362415e-12
12425.000000  2.339550e-12
12475.000000  2.310071e-12
12525.000000  2.274434e-12
12575.000000  2.236799e-12
12625.000000  2.220231e-12
12675.000000  2.197085e-12
12725.000000  2.169984e-12
12775.000000  2.093912e-12
12825.000000  1.825420e-12
12875.000000  2.055201e-12
12925.000000  2.065760e-12
12975.000000  2.054735e-12
13025.000000  2.031696e-12
13075.000000  2.016725e-12
13125.000000  1.983832e-12
13175.000000  1.955143e-12
13225.000000  1.948557e-12
13275.000000  1.919828e-12
13325.000000  1.903472e-12
13375.000000  1.880558e-12
13425.000000  1.862414e-12
13475.000000  1.841353e-12
13525.000000  1.815739e-12
13575.000000  1.788512e-12
13625.000000  1.778863e-12
13675.000000  1.755091e-12
13725.000000  1.719153e-12
13775.000000  1.712305e-12
13825.000000  1.696860e-12
13875.000000  1.688213e-12
13925.000000  1.658449e-12
13975.000000  1.644173e-12
14025.000000  1.624935e-12
14075.000000  1.613464e-12
14125.000000  1.587570e-12
14175.000000  1.577725e-12
14225.000000  1.551368e-12
14275.000000  1.529457e-12
14325.000000  1.524782e-12
14375.000000  1.514750e-12
14425.000000  1.454015e-12
14475.000000  1.476991e-12
14525.000000  1.438815e-12
14570.000000  1.444183e-12
14620.000000  1.424134e-12
14675.000000  1.414239e-12
14725.000000  1.389053e-12
14775.000000  1.371073e-12
14825.000000  1.363047e-12
14875.000000  1.337977e-12
14925.000000  1.347509e-12
14975.000000  1.324942e-12
15025.000000  1.303937e-12
15075.000000  1.286343e-12
15125.000000  1.287422e-12
15175.000000  1.276654e-12
15225.000000  1.256705e-12
15275.000000  1.247490e-12
15325.000000  1.231505e-12
15375.000000  1.221176e-12
15425.000000  1.195357e-12
15475.000000  1.192407e-12
15525.000000  1.181244e-12
15575.000000  1.154058e-12
15625.000000  1.168398e-12
15675.000000  1.134278e-12
15725.000000  1.110852e-12
15775.000000  1.115865e-12
15825.000000  1.113389e-12
15875.000000  1.035441e-12
15925.000000  1.081196e-12
15975.000000  1.089097e-12
16050.000000  1.057869e-12
16150.000000  1.003573e-12
16250.000000  1.039761e-12
16350.000000  9.897384e-13
16450.000000  9.303081e-13
16550.000000  9.778040e-13
16650.000000  9.603779e-13
16750.000000  9.062997e-13
16850.000000  8.483693e-13
16950.000000  9.015552e-13
17050.000000  8.791277e-13
17150.000000  8.652760e-13
17250.000000  8.336207e-13
17350.000000  7.431593e-13
17450.000000  7.889726e-13
17550.000000  7.901746e-13
17650.000000  7.749382e-13
17750.000000  7.618975e-13
17850.000000  7.460634e-13
17950.000000  7.346240e-13
18050.000000  7.106784e-13
18150.000000  6.395336e-13
18250.000000  6.679841e-13
18350.000000  6.736671e-13
18450.000000  6.605955e-13
18550.000000  6.462204e-13
18650.000000  6.285614e-13
18750.000000  5.604475e-13
18850.000000  6.016624e-13
18950.000000  5.902823e-13
19050.000000  5.904246e-13
19150.000000  5.781203e-13
19250.000000  5.660481e-13
19350.000000  5.482009e-13
19450.000000  4.913126e-13
19550.000000  5.291876e-13
19650.000000  5.247147e-13
19750.000000  5.143386e-13
19850.000000  5.070815e-13
19950.000000  4.977957e-13
20050.000000  4.896256e-13
20150.000000  4.816634e-13
20250.000000  4.711423e-13
20350.000000  4.610086e-13
20450.000000  4.560288e-13
20550.000000  4.471847e-13
20650.000000  4.376996e-13
20750.000000  4.305517e-13
20850.000000  4.231990e-13
20950.000000  4.149270e-13
21050.000000  4.085015e-13
21150.000000  4.000669e-13
21250.000000  3.931495e-13
21350.000000  3.866271e-13
21450.000000  3.806638e-13
21550.000000  3.709332e-13
21650.000000  3.335581e-13
21750.000000  3.549324e-13
21850.000000  3.540577e-13
21950.000000  3.503620e-13
22050.000000  3.425676e-13
22150.000000  3.373458e-13
22250.000000  3.329611e-13
22350.000000  3.273703e-13
22450.000000  3.220021e-13
22550.000000  3.147013e-13
22650.000000  3.106413e-13
22750.000000  3.061314e-13
22850.000000  3.006494e-13
22950.000000  2.956190e-13
23050.000000  2.919700e-13
23150.000000  2.868357e-13
23250.000000  2.827881e-13
23350.000000  2.778939e-13
23450.000000  2.738944e-13
23550.000000  2.695190e-13
23650.000000  2.655311e-13
23750.000000  2.603648e-13
23850.000000  2.565538e-13
23950.000000  2.529923e-13
24050.000000  2.487890e-13
24150.000000  2.446515e-13
24250.000000  2.413348e-13
24350.000000  2.370711e-13
24450.000000  2.338676e-13
24550.000000  2.295237e-13
24650.000000  2.266955e-13
24750.000000  2.229004e-13
24850.000000  2.192616e-13
24950.000000  2.152628e-13
