2505.000000  8.211768e-15
2513.000000  5.074190e-15
2518.000000  5.968842e-15
2525.000000  7.974196e-15
2535.000000  2.391985e-14
2545.000000  3.047714e-14
2555.000000  3.212020e-14
2565.000000  1.402942e-14
2575.000000  3.003409e-14
2585.000000  1.652647e-14
2595.000000  2.424530e-14
2605.000000  3.652252e-14
2615.000000  3.062544e-14
2625.000000  5.990779e-14
2635.000000  1.036807e-13
2645.000000  7.222817e-14
2655.000000  1.194346e-13
2665.000000  8.718268e-14
2675.000000  8.438142e-14
2685.000000  1.177438e-13
2695.000000  6.983129e-14
2705.000000  1.540990e-13
2715.000000  1.362390e-13
2725.000000  1.068454e-13
2735.000000  1.146321e-13
2745.000000  1.745126e-13
2755.000000  1.630902e-13
2765.000000  2.712477e-13
2775.000000  3.724706e-13
2785.000000  2.250709e-13
2795.000000  2.633714e-13
2805.000000  2.646287e-13
2815.000000  3.677477e-13
2825.000000  3.595003e-13
2835.000000  2.926462e-13
2845.000000  1.810251e-13
2855.000000  6.957243e-14
2865.000000  3.238501e-13
2875.000000  4.047772e-13
2885.000000  7.520479e-13
2895.000000  9.065934e-13
2910.000000  1.119537e-12
2930.000000  1.208239e-12
2950.000000  1.201050e-12
2970.000000  1.221163e-12
2990.000000  1.450157e-12
3010.000000  1.547733e-12
3030.000000  1.970118e-12
3050.000000  2.409653e-12
3070.000000  3.227672e-12
3090.000000  3.900848e-12
3110.000000  5.841858e-12
3130.000000  5.558457e-12
3150.000000  8.894706e-12
3170.000000  1.260818e-11
3190.000000  9.947493e-12
3210.000000  1.255019e-11
3230.000000  1.102647e-11
3250.000000  1.735893e-11
3270.000000  2.528620e-11
3290.000000  3.310412e-11
3310.000000  2.738559e-11
3330.000000  3.049760e-11
3350.000000  2.982656e-11
3370.000000  2.086608e-11
3390.000000  2.488660e-11
3410.000000  3.201296e-11
3430.000000  3.903274e-11
3450.000000  3.586714e-11
3470.000000  4.019923e-11
3490.000000  5.119515e-11
3510.000000  6.804025e-11
3530.000000  5.787263e-11
3550.000000  8.759670e-11
3570.000000  3.941070e-11
3590.000000  3.484300e-11
3610.000000  5.947239e-11
3630.000000  9.682542e-11
3640.000000  1.112254e-10
3650.000000  1.160263e-10
3670.000000  1.583081e-10
3690.000000  1.355547e-10
3710.000000  1.177114e-10
3730.000000  4.647069e-11
3750.000000  5.956752e-11
3770.000000  1.256178e-10
3790.000000  1.474197e-10
3810.000000  1.224981e-10
3830.000000  5.023434e-11
3850.000000  8.340476e-11
3870.000000  8.458593e-11
3890.000000  1.173837e-10
3910.000000  1.408665e-10
3930.000000  4.190534e-11
3950.000000  8.877156e-11
3970.000000  5.436534e-11
3990.000000  2.355075e-10
4010.000000  3.669792e-10
4030.000000  3.210607e-10
4050.000000  3.292021e-10
4070.000000  3.149026e-10
4090.000000  4.325265e-10
4110.000000  3.149426e-10
4130.000000  3.244005e-10
4150.000000  3.139216e-10
4170.000000  2.925704e-10
4190.000000  3.377451e-10
4210.000000  3.236214e-10
4230.000000  2.421774e-10
4250.000000  4.095688e-10
4270.000000  3.877254e-10
4290.000000  3.865983e-10
4310.000000  4.148467e-10
4330.000000  6.149974e-10
4350.000000  6.496988e-10
4370.000000  6.845899e-10
4390.000000  5.979623e-10
4410.000000  6.223460e-10
4430.000000  6.776460e-10
4450.000000  7.227340e-10
4470.000000  7.828421e-10
4490.000000  8.483433e-10
4510.000000  1.029068e-09
4530.000000  8.296989e-10
4550.000000  9.043857e-10
4570.000000  1.038755e-09
4590.000000  9.982446e-10
4610.000000  1.057578e-09
4630.000000  1.032392e-09
4650.000000  1.039795e-09
4670.000000  1.131578e-09
4690.000000  1.122444e-09
4710.000000  1.096488e-09
4730.000000  1.111895e-09
4750.000000  1.165992e-09
4770.000000  1.018985e-09
4790.000000  1.062069e-09
4810.000000  1.128268e-09
4830.000000  1.203050e-09
4850.000000  1.219731e-09
4870.000000  1.208434e-09
4890.000000  1.322378e-09
4910.000000  1.348316e-09
4930.000000  1.317569e-09
4950.000000  1.347188e-09
4970.000000  1.149805e-09
4990.000000  1.108327e-09
5010.000000  9.655705e-10
5030.000000  1.091864e-09
5050.000000  1.069130e-09
5070.000000  1.106582e-09
5090.000000  1.019471e-09
5110.000000  1.101447e-09
5130.000000  1.036893e-09
5150.000000  1.022081e-09
5170.000000  9.137619e-10
5190.000000  9.558351e-10
5210.000000  1.053284e-09
5230.000000  1.455069e-09
5250.000000  1.481062e-09
5270.000000  1.372791e-09
5290.000000  1.632982e-09
5310.000000  1.826328e-09
5330.000000  1.574644e-09
5350.000000  1.762906e-09
5370.000000  1.777176e-09
5390.000000  1.682962e-09
5410.000000  1.722513e-09
5430.000000  1.723216e-09
5450.000000  1.721700e-09
5470.000000  1.636977e-09
5490.000000  1.677616e-09
5510.000000  1.622148e-09
5530.000000  1.814629e-09
5550.000000  1.885778e-09
5570.000000  1.868991e-09
5590.000000  1.800252e-09
5610.000000  1.769667e-09
5630.000000  1.767876e-09
5650.000000  1.855008e-09
5670.000000  1.804012e-09
5690.000000  1.957264e-09
5710.000000  1.823035e-09
5730.000000  2.077621e-09
5750.000000  2.048585e-09
5770.000000  2.066289e-09
5790.000000  1.941865e-09
5810.000000  2.113631e-09
5830.000000  2.222761e-09
5850.000000  2.091917e-09
5870.000000  2.045220e-09
5890.000000  1.502501e-09
5910.000000  1.908099e-09
5930.000000  1.959997e-09
5950.000000  1.971113e-09
5970.000000  2.075974e-09
5990.000000  2.051985e-09
6010.000000  2.036048e-09
6030.000000  2.187563e-09
6050.000000  2.268297e-09
6070.000000  2.284141e-09
6090.000000  2.215331e-09
6110.000000  2.246627e-09
6130.000000  2.090045e-09
6150.000000  2.207957e-09
6170.000000  1.894874e-09
6190.000000  2.007224e-09
6210.000000  1.953215e-09
6230.000000  1.817396e-09
6250.000000  1.795332e-09
6270.000000  1.957681e-09
6290.000000  2.080999e-09
6310.000000  2.065833e-09
6330.000000  2.167011e-09
6350.000000  2.210322e-09
6370.000000  2.186007e-09
6390.000000  2.257309e-09
6410.000000  2.242325e-09
6430.000000  2.218283e-09
6450.000000  2.248685e-09
6470.000000  2.301773e-09
6490.000000  2.189338e-09
6510.000000  2.301515e-09
6530.000000  2.376055e-09
6550.000000  2.308297e-09
6570.000000  2.324678e-09
6590.000000  2.361349e-09
6610.000000  2.353054e-09
6630.000000  2.347639e-09
6650.000000  2.286149e-09
6670.000000  2.213843e-09
6690.000000  2.163592e-09
6710.000000  2.100023e-09
6730.000000  2.081336e-09
6750.000000  2.052522e-09
6770.000000  2.169435e-09
6790.000000  2.084085e-09
6810.000000  2.160458e-09
6830.000000  2.243557e-09
6850.000000  2.227707e-09
6870.000000  2.269452e-09
6890.000000  2.363193e-09
6910.000000  2.412261e-09
6930.000000  2.373258e-09
6950.000000  2.395001e-09
6970.000000  2.493990e-09
6990.000000  2.438639e-09
7010.000000  2.445591e-09
7030.000000  2.522811e-09
7050.000000  2.484104e-09
7070.000000  2.196906e-09
7090.000000  2.095858e-09
7110.000000  2.067909e-09
7130.000000  1.898433e-09
7150.000000  1.921497e-09
7170.000000  2.044363e-09
7190.000000  2.097240e-09
7210.000000  2.111287e-09
7230.000000  2.283296e-09
7250.000000  2.321419e-09
7270.000000  2.390117e-09
7290.000000  2.408511e-09
7310.000000  2.458607e-09
7330.000000  2.485367e-09
7350.000000  2.495081e-09
7370.000000  2.607200e-09
7390.000000  2.585778e-09
7410.000000  2.579112e-09
7430.000000  2.615412e-09
7450.000000  2.630668e-09
7470.000000  2.632787e-09
7490.000000  2.630459e-09
7510.000000  2.693583e-09
7530.000000  2.715710e-09
7550.000000  2.726763e-09
7570.000000  2.716414e-09
7590.000000  2.644444e-09
7610.000000  2.632779e-09
7630.000000  2.622872e-09
7650.000000  2.626715e-09
7670.000000  2.475897e-09
7690.000000  2.562963e-09
7710.000000  2.485231e-09
7730.000000  2.531961e-09
7750.000000  2.498210e-09
7770.000000  2.558556e-09
7790.000000  2.560467e-09
7810.000000  2.609364e-09
7830.000000  2.561134e-09
7850.000000  2.544375e-09
7870.000000  2.602965e-09
7890.000000  2.543900e-09
7910.000000  2.481631e-09
7930.000000  2.518999e-09
7950.000000  2.453169e-09
7970.000000  2.596842e-09
7990.000000  2.570473e-09
8010.000000  2.598858e-09
8030.000000  2.606174e-09
8050.000000  2.598689e-09
8070.000000  2.546635e-09
8090.000000  2.530136e-09
8110.000000  2.531805e-09
8130.000000  2.585652e-09
8150.000000  2.599312e-09
8170.000000  2.613245e-09
8190.000000  2.539080e-09
8210.000000  2.499768e-09
8230.000000  2.585620e-09
8250.000000  2.570936e-09
8270.000000  2.623556e-09
8290.000000  2.580972e-09
8310.000000  2.481351e-09
8330.000000  2.508669e-09
8350.000000  2.499463e-09
8370.000000  2.516750e-09
8390.000000  2.403542e-09
8410.000000  2.536967e-09
8430.000000  2.444548e-09
8450.000000  2.493404e-09
8470.000000  2.502340e-09
8490.000000  2.480692e-09
8510.000000  2.368106e-09
8530.000000  2.462230e-09
8550.000000  2.059362e-09
8570.000000  2.560430e-09
8590.000000  2.553269e-09
8610.000000  2.556914e-09
8630.000000  2.583305e-09
8650.000000  2.580782e-09
8670.000000  2.156480e-09
8690.000000  2.479818e-09
8710.000000  2.593710e-09
8730.000000  2.599782e-09
8750.000000  2.602702e-09
8770.000000  2.599042e-09
8790.000000  2.614788e-09
8810.000000  2.542448e-09
8830.000000  2.576484e-09
8850.000000  2.618793e-09
8870.000000  2.480724e-09
8890.000000  2.528345e-09
8910.000000  2.566666e-09
8930.000000  2.505773e-09
8950.000000  2.487651e-09
8970.000000  2.509800e-09
8990.000000  2.544671e-09
9010.000000  2.447329e-09
9030.000000  2.513139e-09
9050.000000  2.583739e-09
9070.000000  2.599773e-09
9090.000000  2.498670e-09
9110.000000  2.508180e-09
9130.000000  2.570470e-09
9150.000000  2.446819e-09
9170.000000  2.404689e-09
9190.000000  2.443883e-09
9210.000000  2.391596e-09
9230.000000  2.432165e-09
9250.000000  2.403864e-09
9270.000000  2.431605e-09
9290.000000  2.404409e-09
9310.000000  2.474632e-09
9330.000000  2.480665e-09
9350.000000  2.455939e-09
9370.000000  2.412280e-09
9390.000000  2.416530e-09
9410.000000  2.379526e-09
9430.000000  2.410818e-09
9450.000000  2.352882e-09
9470.000000  2.424889e-09
9490.000000  2.421452e-09
9510.000000  2.449186e-09
9530.000000  2.436737e-09
9550.000000  2.395830e-09
9570.000000  2.411071e-09
9590.000000  2.461869e-09
9610.000000  2.420926e-09
9630.000000  2.439261e-09
9650.000000  2.343830e-09
9670.000000  2.338239e-09
9690.000000  2.406179e-09
9710.000000  2.389010e-09
9730.000000  2.362808e-09
9750.000000  2.362837e-09
9770.000000  2.383291e-09
9790.000000  2.326975e-09
9810.000000  2.422438e-09
9830.000000  2.385463e-09
9850.000000  2.431242e-09
9870.000000  2.424764e-09
9890.000000  2.431032e-09
9910.000000  2.408429e-09
9930.000000  2.419585e-09
9950.000000  2.409573e-09
9970.000000  2.429559e-09
9990.000000  2.435410e-09
10025.000000  2.396411e-09
10075.000000  2.379596e-09
10125.000000  2.403659e-09
10175.000000  2.377622e-09
10225.000000  2.395130e-09
10275.000000  2.403396e-09
10325.000000  2.364202e-09
10375.000000  2.355669e-09
10425.000000  2.371245e-09
10475.000000  2.355607e-09
10525.000000  2.363721e-09
10575.000000  2.333694e-09
10625.000000  2.335724e-09
10675.000000  2.294492e-09
10725.000000  2.299832e-09
10775.000000  2.285982e-09
10825.000000  2.255354e-09
10875.000000  2.244634e-09
10925.000000  2.219762e-09
10975.000000  2.112244e-09
11025.000000  2.104358e-09
11075.000000  2.130498e-09
11125.000000  2.131220e-09
11175.000000  2.146351e-09
11225.000000  2.150727e-09
11275.000000  2.120487e-09
11325.000000  2.136547e-09
11375.000000  2.099560e-09
11425.000000  2.113646e-09
11475.000000  2.139780e-09
11525.000000  2.145462e-09
11575.000000  2.125030e-09
11625.000000  2.098183e-09
11675.000000  2.106097e-09
11725.000000  2.138191e-09
11775.000000  2.096963e-09
11825.000000  2.097239e-09
11875.000000  2.070130e-09
11925.000000  2.111220e-09
11975.000000  2.033232e-09
12025.000000  2.079938e-09
12075.000000  2.067727e-09
12125.000000  2.076247e-09
12175.000000  2.078985e-09
12225.000000  2.073019e-09
12275.000000  2.063000e-09
12325.000000  2.051653e-09
12375.000000  2.049652e-09
12425.000000  2.038032e-09
12475.000000  2.040286e-09
12525.000000  2.023851e-09
12575.000000  2.025537e-09
12625.000000  2.020111e-09
12675.000000  2.005692e-09
12725.000000  2.009555e-09
12775.000000  2.016115e-09
12825.000000  1.953455e-09
12875.000000  1.985696e-09
12925.000000  1.956108e-09
12975.000000  1.989062e-09
13025.000000  1.971982e-09
13075.000000  1.983269e-09
13125.000000  1.949821e-09
13175.000000  1.953914e-09
13225.000000  1.960815e-09
13275.000000  1.931782e-09
13325.000000  1.947934e-09
13375.000000  1.938824e-09
13425.000000  1.944258e-09
13475.000000  1.945072e-09
13525.000000  1.940253e-09
13575.000000  1.920018e-09
13625.000000  1.906200e-09
13675.000000  1.926025e-09
13725.000000  1.938800e-09
13775.000000  1.927509e-09
13825.000000  1.937146e-09
13875.000000  1.909632e-09
13925.000000  1.822687e-09
13975.000000  1.864431e-09
14025.000000  1.861872e-09
14075.000000  1.844972e-09
14125.000000  1.795452e-09
14175.000000  1.800710e-09
14225.000000  1.804930e-09
14275.000000  1.779723e-09
14325.000000  1.817486e-09
14375.000000  1.823911e-09
14425.000000  1.797502e-09
14475.000000  1.851748e-09
14525.000000  1.803998e-09
14570.000000  1.803538e-09
14620.000000  1.740143e-09
14675.000000  1.749076e-09
14725.000000  1.757483e-09
14775.000000  1.779086e-09
14825.000000  1.797023e-09
14875.000000  1.793898e-09
14925.000000  1.837660e-09
14975.000000  1.846422e-09
15025.000000  1.798267e-09
15075.000000  1.795636e-09
15125.000000  1.805099e-09
15175.000000  1.830692e-09
15225.000000  1.846064e-09
15275.000000  1.828984e-09
15325.000000  1.860910e-09
15375.000000  1.845137e-09
15425.000000  1.828448e-09
15475.000000  1.888519e-09
15525.000000  1.844132e-09
15575.000000  1.791926e-09
15625.000000  1.858010e-09
15675.000000  1.859090e-09
15725.000000  1.869875e-09
15775.000000  1.751327e-09
15825.000000  1.815425e-09
15875.000000  1.795367e-09
15925.000000  1.853642e-09
15975.000000  1.826177e-09
16050.000000  1.818709e-09
16150.000000  1.848808e-09
16250.000000  1.798820e-09
16350.000000  1.858968e-09
16450.000000  1.753923e-09
16550.000000  1.825925e-09
16650.000000  1.728821e-09
16750.000000  1.750290e-09
16850.000000  1.685034e-09
16950.000000  1.716281e-09
17050.000000  1.654957e-09
17150.000000  1.633462e-09
17250.000000  1.609708e-09
17350.000000  1.553123e-09
17450.000000  1.564092e-09
17550.000000  1.515935e-09
17650.000000  1.503389e-09
17750.000000  1.469483e-09
17850.000000  1.446067e-09
17950.000000  1.436097e-09
18050.000000  1.375914e-09
18150.000000  1.373873e-09
18250.000000  1.333300e-09
18350.000000  1.322961e-09
18450.000000  1.285690e-09
18550.000000  1.265494e-09
18650.000000  1.241504e-09
18750.000000  1.215823e-09
18850.000000  1.203873e-09
18950.000000  1.160382e-09
19050.000000  1.172041e-09
19150.000000  1.148457e-09
19250.000000  1.140142e-09
19350.000000  1.097017e-09
19450.000000  1.078602e-09
19550.000000  1.072170e-09
19650.000000  1.044635e-09
19750.000000  1.007989e-09
19850.000000  9.997063e-10
19950.000000  9.796844e-10
20050.000000  9.815564e-10
20150.000000  9.649260e-10
20250.000000  9.338033e-10
20350.000000  9.261179e-10
20450.000000  9.198536e-10
20550.000000  8.936771e-10
20650.000000  8.784625e-10
20750.000000  8.672755e-10
20850.000000  8.506027e-10
20950.000000  8.340577e-10
21050.000000  8.295509e-10
21150.000000  8.171081e-10
21250.000000  8.020945e-10
21350.000000  7.947029e-10
21450.000000  7.805257e-10
21550.000000  7.683577e-10
21650.000000  7.554919e-10
21750.000000  7.389433e-10
21850.000000  7.319306e-10
21950.000000  7.235218e-10
22050.000000  7.002372e-10
22150.000000  7.079125e-10
22250.000000  6.809995e-10
22350.000000  6.761086e-10
22450.000000  6.668724e-10
22550.000000  6.605282e-10
22650.000000  6.427044e-10
22750.000000  6.436121e-10
22850.000000  6.281118e-10
22950.000000  5.229889e-10
23050.000000  5.675627e-10
23150.000000  5.613549e-10
23250.000000  4.754423e-10
23350.000000  5.146983e-10
23450.000000  4.999834e-10
23550.000000  4.250947e-10
23650.000000  4.754167e-10
23750.000000  4.586326e-10
23850.000000  4.013707e-10
23950.000000  4.397473e-10
24050.000000  4.340987e-10
24150.000000  3.868857e-10
24250.000000  4.148061e-10
24350.000000  4.125666e-10
24450.000000  3.806144e-10
24550.000000  3.821940e-10
24650.000000  3.964829e-10
24750.000000  3.780871e-10
24850.000000  3.567017e-10
24950.000000  3.715688e-10
