2505.000000  6.298588e-11
2513.000000  5.719203e-11
2518.000000  5.802019e-11
2525.000000  5.434559e-11
2535.000000  5.330351e-11
2545.000000  5.353113e-11
2555.000000  5.694046e-11
2565.000000  5.684017e-11
2575.000000  6.040941e-11
2585.000000  6.046008e-11
2595.000000  5.952502e-11
2605.000000  5.705302e-11
2615.000000  5.649462e-11
2625.000000  5.961846e-11
2635.000000  5.989847e-11
2645.000000  6.576815e-11
2655.000000  6.497897e-11
2665.000000  6.043268e-11
2675.000000  6.252187e-11
2685.000000  6.254949e-11
2695.000000  5.982886e-11
2705.000000  6.091603e-11
2715.000000  5.821179e-11
2725.000000  5.861231e-11
2735.000000  6.253864e-11
2745.000000  5.417660e-11
2755.000000  5.499175e-11
2765.000000  5.688680e-11
2775.000000  6.035025e-11
2785.000000  5.916435e-11
2795.000000  4.672061e-11
2805.000000  5.174767e-11
2815.000000  6.158951e-11
2825.000000  6.187523e-11
2835.000000  5.979281e-11
2845.000000  5.792884e-11
2855.000000  5.625441e-11
2865.000000  5.928374e-11
2875.000000  5.788619e-11
2885.000000  5.914883e-11
2895.000000  5.730279e-11
2910.000000  6.205656e-11
2930.000000  5.985738e-11
2950.000000  5.962103e-11
2970.000000  6.016554e-11
2990.000000  6.034370e-11
3010.000000  6.103269e-11
3030.000000  6.053238e-11
3050.000000  6.001222e-11
3070.000000  5.936073e-11
3090.000000  5.993283e-11
3110.000000  5.879019e-11
3130.000000  5.843560e-11
3150.000000  5.898428e-11
3170.000000  5.861653e-11
3190.000000  5.673969e-11
3210.000000  5.761186e-11
3230.000000  5.652505e-11
3250.000000  5.700736e-11
3270.000000  5.713641e-11
3290.000000  5.743122e-11
3310.000000  5.746970e-11
3330.000000  5.641633e-11
3350.000000  5.556053e-11
3370.000000  5.558994e-11
3390.000000  5.516452e-11
3410.000000  5.582374e-11
3430.000000  5.562595e-11
3450.000000  5.526263e-11
3470.000000  5.466700e-11
3490.000000  5.444921e-11
3510.000000  5.472735e-11
3530.000000  5.470427e-11
3550.000000  5.458887e-11
3570.000000  5.373728e-11
3590.000000  5.348051e-11
3610.000000  5.327635e-11
3630.000000  5.309927e-11
3640.000000  5.284036e-11
3650.000000  5.347008e-11
3670.000000  5.313507e-11
3690.000000  5.100818e-11
3710.000000  5.427727e-11
3730.000000  5.777765e-11
3750.000000  7.641223e-11
3770.000000  8.255163e-11
3790.000000  1.041765e-10
3810.000000  1.230558e-10
3830.000000  9.571467e-11
3850.000000  1.358577e-10
3870.000000  1.541281e-10
3890.000000  8.248762e-11
3910.000000  1.523772e-10
3930.000000  1.566260e-10
3950.000000  1.518292e-10
3970.000000  7.846957e-11
3990.000000  1.445789e-10
4010.000000  1.591336e-10
4030.000000  1.584093e-10
4050.000000  1.562770e-10
4070.000000  1.491500e-10
4090.000000  1.153628e-10
4110.000000  8.642158e-11
4130.000000  1.408472e-10
4150.000000  1.463526e-10
4170.000000  1.448044e-10
4190.000000  1.434025e-10
4210.000000  1.416760e-10
4230.000000  1.387872e-10
4250.000000  1.372158e-10
4270.000000  1.345653e-10
4290.000000  1.328406e-10
4310.000000  1.252205e-10
4330.000000  9.336625e-11
4350.000000  7.865772e-11
4370.000000  1.213181e-10
4390.000000  1.233866e-10
4410.000000  1.228784e-10
4430.000000  1.222563e-10
4450.000000  1.214594e-10
4470.000000  1.198906e-10
4490.000000  1.173889e-10
4510.000000  1.168231e-10
4530.000000  1.150202e-10
4550.000000  1.125728e-10
4570.000000  1.126959e-10
4590.000000  1.106866e-10
4610.000000  1.107188e-10
4630.000000  1.081930e-10
4650.000000  1.079452e-10
4670.000000  1.065302e-10
4690.000000  1.045284e-10
4710.000000  1.015766e-10
4730.000000  1.025958e-10
4750.000000  1.013804e-10
4770.000000  9.994342e-11
4790.000000  9.846343e-11
4810.000000  9.636458e-11
4830.000000  9.202778e-11
4850.000000  7.102840e-11
4870.000000  5.683288e-11
4890.000000  8.668977e-11
4910.000000  9.041829e-11
4930.000000  8.955636e-11
4950.000000  8.954915e-11
4970.000000  8.892744e-11
4990.000000  8.774340e-11
5010.000000  8.591110e-11
5030.000000  8.569311e-11
5050.000000  8.438189e-11
5070.000000  8.394410e-11
5090.000000  8.298233e-11
5110.000000  8.202859e-11
5130.000000  8.103325e-11
5150.000000  7.998619e-11
5170.000000  7.815395e-11
5190.000000  7.746100e-11
5210.000000  7.730200e-11
5230.000000  7.591249e-11
5250.000000  7.575312e-11
5270.000000  7.411701e-11
5290.000000  7.404461e-11
5310.000000  7.279439e-11
5330.000000  7.205591e-11
5350.000000  7.170957e-11
5370.000000  7.076545e-11
5390.000000  7.004979e-11
5410.000000  6.912325e-11
5430.000000  6.848382e-11
5450.000000  6.787261e-11
5470.000000  6.713638e-11
5490.000000  6.645914e-11
5510.000000  6.574535e-11
5530.000000  6.493068e-11
5550.000000  6.439154e-11
5570.000000  6.366833e-11
5590.000000  6.299634e-11
5610.000000  6.237537e-11
5630.000000  6.174687e-11
5650.000000  6.106077e-11
5670.000000  6.041231e-11
5690.000000  5.981627e-11
5710.000000  5.920355e-11
5730.000000  5.862785e-11
5750.000000  5.798744e-11
5770.000000  5.740856e-11
5790.000000  5.679653e-11
5810.000000  5.622977e-11
5830.000000  5.565934e-11
5850.000000  5.510012e-11
5870.000000  5.449336e-11
5890.000000  5.365486e-11
5910.000000  5.343668e-11
5930.000000  5.290834e-11
5950.000000  5.233473e-11
5970.000000  5.183954e-11
5990.000000  5.127555e-11
6010.000000  5.077759e-11
6030.000000  5.030644e-11
6050.000000  4.980371e-11
6070.000000  4.932938e-11
6090.000000  4.883946e-11
6110.000000  4.834954e-11
6130.000000  4.785575e-11
6150.000000  4.716189e-11
6170.000000  4.691869e-11
6190.000000  4.650540e-11
6210.000000  4.606353e-11
6230.000000  4.559604e-11
6250.000000  4.500326e-11
6270.000000  4.474705e-11
6290.000000  4.432047e-11
6310.000000  4.385367e-11
6330.000000  4.346303e-11
6350.000000  4.283292e-11
6370.000000  4.250631e-11
6390.000000  4.223092e-11
6410.000000  4.179770e-11
6430.000000  4.142227e-11
6450.000000  4.085210e-11
6470.000000  4.054647e-11
6490.000000  4.001070e-11
6510.000000  3.941303e-11
6530.000000  3.817719e-11
6550.000000  3.302131e-11
6570.000000  2.642460e-11
6590.000000  3.599193e-11
6610.000000  3.741337e-11
6630.000000  3.748218e-11
6650.000000  3.727785e-11
6670.000000  3.699271e-11
6690.000000  3.671982e-11
6710.000000  3.641711e-11
6730.000000  3.607043e-11
6750.000000  3.575385e-11
6770.000000  3.545493e-11
6790.000000  3.513655e-11
6810.000000  3.482274e-11
6830.000000  3.449822e-11
6850.000000  3.419722e-11
6870.000000  3.389622e-11
6890.000000  3.360026e-11
6910.000000  3.330135e-11
6930.000000  3.300035e-11
6950.000000  3.271147e-11
6970.000000  3.242328e-11
6990.000000  3.214471e-11
7010.000000  3.182841e-11
7030.000000  3.157795e-11
7050.000000  3.131010e-11
7070.000000  3.103749e-11
7090.000000  3.078176e-11
7110.000000  3.037671e-11
7130.000000  3.022463e-11
7150.000000  2.997236e-11
7170.000000  2.972190e-11
7190.000000  2.946895e-11
7210.000000  2.921918e-11
7230.000000  2.896622e-11
7250.000000  2.870573e-11
7270.000000  2.847908e-11
7290.000000  2.823366e-11
7310.000000  2.798847e-11
7330.000000  2.775904e-11
7350.000000  2.753448e-11
7370.000000  2.730505e-11
7390.000000  2.707702e-11
7410.000000  2.683687e-11
7430.000000  2.658710e-11
7450.000000  2.638288e-11
7470.000000  2.612715e-11
7490.000000  2.593823e-11
7510.000000  2.574177e-11
7530.000000  2.554005e-11
7550.000000  2.533901e-11
7570.000000  2.513451e-11
7590.000000  2.492524e-11
7610.000000  2.472352e-11
7630.000000  2.451929e-11
7650.000000  2.431479e-11
7670.000000  2.411307e-11
7690.000000  2.392415e-11
7710.000000  2.372242e-11
7730.000000  2.354631e-11
7750.000000  2.335739e-11
7770.000000  2.281056e-11
7790.000000  2.298917e-11
7810.000000  2.280343e-11
7830.000000  2.261133e-11
7850.000000  2.241964e-11
7870.000000  2.220579e-11
7890.000000  2.200407e-11
7910.000000  2.189130e-11
7930.000000  2.172550e-11
7950.000000  2.152377e-11
7970.000000  2.140138e-11
7990.000000  2.112558e-11
8010.000000  2.105947e-11
8030.000000  2.089547e-11
8050.000000  2.074179e-11
8070.000000  2.057640e-11
8090.000000  2.041517e-11
8110.000000  2.026468e-11
8130.000000  2.010891e-11
8150.000000  1.995087e-11
8170.000000  1.979719e-11
8190.000000  1.958950e-11
8210.000000  1.950739e-11
8230.000000  1.935690e-11
8250.000000  1.922674e-11
8270.000000  1.915835e-11
8290.000000  1.901997e-11
8310.000000  1.889259e-11
8330.000000  1.868491e-11
8350.000000  1.860399e-11
8370.000000  1.844554e-11
8390.000000  1.826008e-11
8410.000000  1.806917e-11
8430.000000  1.794559e-11
8450.000000  1.767456e-11
8470.000000  1.727650e-11
8490.000000  1.774193e-11
8510.000000  1.665560e-11
8530.000000  1.773981e-11
8550.000000  1.570769e-11
8570.000000  1.791131e-11
8590.000000  1.644460e-11
8610.000000  1.597022e-11
8630.000000  1.811222e-11
8650.000000  1.725755e-11
8670.000000  1.407804e-11
8690.000000  1.768118e-11
8710.000000  1.841546e-11
8730.000000  1.755524e-11
8750.000000  1.353163e-11
8770.000000  1.658123e-11
8790.000000  1.825100e-11
8810.000000  1.838906e-11
8830.000000  1.785467e-11
8850.000000  1.565351e-11
8870.000000  1.306598e-11
8890.000000  1.684732e-11
8910.000000  1.769162e-11
8930.000000  1.778519e-11
8950.000000  1.776345e-11
8970.000000  1.742387e-11
8990.000000  1.645191e-11
9010.000000  1.283581e-11
9030.000000  1.413290e-11
9050.000000  1.644474e-11
9070.000000  1.670476e-11
9090.000000  1.663175e-11
9110.000000  1.677909e-11
9130.000000  1.674413e-11
9150.000000  1.660616e-11
9170.000000  1.637208e-11
9190.000000  1.592033e-11
9210.000000  1.460377e-11
9230.000000  1.121558e-11
9250.000000  1.400137e-11
9270.000000  1.515212e-11
9290.000000  1.565759e-11
9310.000000  1.567464e-11
9330.000000  1.560404e-11
9350.000000  1.551171e-11
9370.000000  1.541312e-11
9390.000000  1.525944e-11
9410.000000  1.501265e-11
9430.000000  1.505176e-11
9450.000000  1.493691e-11
9470.000000  1.478086e-11
9490.000000  1.456208e-11
9510.000000  1.411102e-11
9530.000000  1.275291e-11
9550.000000  1.014793e-11
9570.000000  1.287122e-11
9590.000000  1.380235e-11
9610.000000  1.394188e-11
9630.000000  1.385897e-11
9650.000000  1.391574e-11
9670.000000  1.375729e-11
9690.000000  1.374698e-11
9710.000000  1.368364e-11
9730.000000  1.358922e-11
9750.000000  1.348746e-11
9770.000000  1.340308e-11
9790.000000  1.331134e-11
9810.000000  1.321343e-11
9830.000000  1.311257e-11
9850.000000  1.301826e-11
9870.000000  1.292737e-11
9890.000000  1.278629e-11
9910.000000  1.273602e-11
9930.000000  1.262278e-11
9950.000000  1.252886e-11
9970.000000  1.241119e-11
9990.000000  1.223949e-11
10025.000000  1.101500e-11
10075.000000  1.044029e-11
10125.000000  1.168903e-11
10175.000000  1.162579e-11
10225.000000  1.146474e-11
10275.000000  1.127731e-11
10325.000000  1.108719e-11
10375.000000  1.090559e-11
10425.000000  1.072724e-11
10475.000000  1.052344e-11
10525.000000  1.036485e-11
10575.000000  1.020322e-11
10625.000000  1.004095e-11
10675.000000  9.787285e-12
10725.000000  9.679978e-12
10775.000000  9.548614e-12
10825.000000  9.365722e-12
10875.000000  9.098534e-12
10925.000000  7.632612e-12
10975.000000  8.339729e-12
11025.000000  8.757855e-12
11075.000000  8.682769e-12
11125.000000  8.564776e-12
11175.000000  8.436785e-12
11225.000000  8.308342e-12
11275.000000  8.126039e-12
11325.000000  8.003908e-12
11375.000000  7.925939e-12
11425.000000  7.800355e-12
11475.000000  7.695311e-12
11525.000000  7.580886e-12
11575.000000  7.466371e-12
11625.000000  7.333697e-12
11675.000000  7.201341e-12
11725.000000  7.138770e-12
11775.000000  6.974963e-12
11825.000000  6.904636e-12
11875.000000  6.798103e-12
11925.000000  6.729424e-12
11975.000000  6.610977e-12
12025.000000  6.531200e-12
12075.000000  6.431666e-12
12125.000000  6.341761e-12
12175.000000  6.256016e-12
12225.000000  6.165011e-12
12275.000000  6.073438e-12
12325.000000  5.989341e-12
12375.000000  5.906366e-12
12425.000000  5.826637e-12
12475.000000  5.737944e-12
12525.000000  5.661711e-12
12575.000000  5.571328e-12
12625.000000  5.495974e-12
12675.000000  5.418617e-12
12725.000000  5.316905e-12
12775.000000  5.085046e-12
12825.000000  4.358816e-12
12875.000000  4.994780e-12
12925.000000  5.038850e-12
12975.000000  4.992554e-12
13025.000000  4.932808e-12
13075.000000  4.867541e-12
13125.000000  4.801582e-12
13175.000000  4.731712e-12
13225.000000  4.674786e-12
13275.000000  4.612669e-12
13325.000000  4.551555e-12
13375.000000  4.492000e-12
13425.000000  4.432444e-12
13475.000000  4.374100e-12
13525.000000  4.313949e-12
13575.000000  4.259058e-12
13625.000000  4.205151e-12
13675.000000  4.149369e-12
13725.000000  4.088095e-12
13775.000000  4.043500e-12
13825.000000  3.992382e-12
13875.000000  3.943072e-12
13925.000000  3.889851e-12
13975.000000  3.842784e-12
14025.000000  3.794477e-12
14075.000000  3.746406e-12
14125.000000  3.699131e-12
14175.000000  3.653136e-12
14225.000000  3.606776e-12
14275.000000  3.561812e-12
14325.000000  3.517833e-12
14375.000000  3.474649e-12
14425.000000  3.411458e-12
14475.000000  3.389202e-12
14525.000000  3.338659e-12
14570.000000  3.310436e-12
14620.000000  3.271211e-12
14675.000000  3.232146e-12
14725.000000  3.192972e-12
14775.000000  3.150750e-12
14825.000000  3.117562e-12
14875.000000  3.076511e-12
14925.000000  3.047830e-12
14975.000000  3.009936e-12
15025.000000  2.970415e-12
15075.000000  2.936501e-12
15125.000000  2.903590e-12
15175.000000  2.867295e-12
15225.000000  2.836322e-12
15275.000000  2.792926e-12
15325.000000  2.757385e-12
15375.000000  2.736579e-12
15425.000000  2.673533e-12
15475.000000  2.672835e-12
15525.000000  2.642408e-12
15575.000000  2.549432e-12
15625.000000  2.617137e-12
15675.000000  2.522460e-12
15725.000000  2.442454e-12
15775.000000  2.541312e-12
15825.000000  2.507847e-12
15875.000000  2.275916e-12
15925.000000  2.412778e-12
15975.000000  2.455837e-12
16050.000000  2.371185e-12
16150.000000  2.221430e-12
16250.000000  2.336476e-12
16350.000000  2.214260e-12
16450.000000  2.070048e-12
16550.000000  2.194321e-12
16650.000000  2.150093e-12
16750.000000  2.023194e-12
16850.000000  1.890093e-12
16950.000000  2.010421e-12
17050.000000  1.975227e-12
17150.000000  1.933282e-12
17250.000000  1.875545e-12
17350.000000  1.660874e-12
17450.000000  1.774902e-12
17550.000000  1.771243e-12
17650.000000  1.737607e-12
17750.000000  1.703346e-12
17850.000000  1.667805e-12
17950.000000  1.632990e-12
18050.000000  1.587334e-12
18150.000000  1.421995e-12
18250.000000  1.489174e-12
18350.000000  1.500407e-12
18450.000000  1.474654e-12
18550.000000  1.442637e-12
18650.000000  1.402353e-12
18750.000000  1.252086e-12
18850.000000  1.342451e-12
18950.000000  1.331826e-12
19050.000000  1.309855e-12
19150.000000  1.284319e-12
19250.000000  1.257596e-12
19350.000000  1.219736e-12
19450.000000  1.091003e-12
19550.000000  1.173569e-12
19650.000000  1.164903e-12
19750.000000  1.144489e-12
19850.000000  1.123530e-12
19950.000000  1.102652e-12
20050.000000  1.082285e-12
20150.000000  1.062385e-12
20250.000000  1.042762e-12
20350.000000  1.023651e-12
20450.000000  1.005206e-12
20550.000000  9.869916e-13
20650.000000  9.689808e-13
20750.000000  9.517634e-13
20850.000000  9.348049e-13
20950.000000  9.181414e-13
21050.000000  9.018204e-13
21150.000000  8.853354e-13
21250.000000  8.697511e-13
21350.000000  8.547177e-13
21450.000000  8.389522e-13
21550.000000  8.169011e-13
21650.000000  7.362860e-13
21750.000000  7.833533e-13
21850.000000  7.821045e-13
21950.000000  7.707795e-13
22050.000000  7.575766e-13
22150.000000  7.445038e-13
22250.000000  7.324854e-13
22350.000000  7.202516e-13
22450.000000  7.082560e-13
22550.000000  6.962784e-13
22650.000000  6.849757e-13
22750.000000  6.737207e-13
22850.000000  6.629989e-13
22950.000000  6.521698e-13
23050.000000  6.418390e-13
23150.000000  6.315471e-13
23250.000000  6.214725e-13
23350.000000  6.116471e-13
23450.000000  6.019776e-13
23550.000000  5.924152e-13
23650.000000  5.831230e-13
23750.000000  5.739379e-13
23850.000000  5.649087e-13
23950.000000  5.560829e-13
24050.000000  5.472344e-13
24150.000000  5.385576e-13
24250.000000  5.304974e-13
24350.000000  5.219079e-13
24450.000000  5.134117e-13
24550.000000  5.063961e-13
24650.000000  4.975027e-13
24750.000000  4.900788e-13
24850.000000  4.846102e-13
24950.000000  4.711936e-13
