2505.000000  5.778556e-11
2513.000000  4.964206e-11
2518.000000  5.135709e-11
2525.000000  4.676320e-11
2535.000000  4.667093e-11
2545.000000  4.588591e-11
2555.000000  4.996171e-11
2565.000000  4.893224e-11
2575.000000  5.357737e-11
2585.000000  5.311105e-11
2595.000000  5.121942e-11
2605.000000  4.857178e-11
2615.000000  4.792002e-11
2625.000000  5.220982e-11
2635.000000  5.239224e-11
2645.000000  5.988568e-11
2655.000000  5.882373e-11
2665.000000  5.185453e-11
2675.000000  5.537027e-11
2685.000000  5.374501e-11
2695.000000  5.201401e-11
2705.000000  5.391423e-11
2715.000000  5.066238e-11
2725.000000  5.146146e-11
2735.000000  5.599161e-11
2745.000000  4.530254e-11
2755.000000  4.585578e-11
2765.000000  4.737470e-11
2775.000000  5.221912e-11
2785.000000  5.049849e-11
2795.000000  3.503497e-11
2805.000000  4.110141e-11
2815.000000  5.304364e-11
2825.000000  5.496993e-11
2835.000000  5.183029e-11
2845.000000  4.963978e-11
2855.000000  4.779809e-11
2865.000000  5.211112e-11
2875.000000  5.002228e-11
2885.000000  5.096672e-11
2895.000000  4.816681e-11
2910.000000  5.457605e-11
2930.000000  5.182059e-11
2950.000000  5.166766e-11
2970.000000  5.272001e-11
2990.000000  5.296668e-11
3010.000000  5.394933e-11
3030.000000  5.282897e-11
3050.000000  5.196363e-11
3070.000000  5.127449e-11
3090.000000  5.203337e-11
3110.000000  5.023767e-11
3130.000000  4.986912e-11
3150.000000  5.067743e-11
3170.000000  5.007818e-11
3190.000000  4.785987e-11
3210.000000  4.885050e-11
3230.000000  4.760380e-11
3250.000000  4.799959e-11
3270.000000  4.790546e-11
3290.000000  4.813533e-11
3310.000000  4.820296e-11
3330.000000  4.691370e-11
3350.000000  4.609341e-11
3370.000000  4.587741e-11
3390.000000  4.543127e-11
3410.000000  4.611015e-11
3430.000000  4.581232e-11
3450.000000  4.531776e-11
3470.000000  4.456381e-11
3490.000000  4.417841e-11
3510.000000  4.457298e-11
3530.000000  4.452801e-11
3550.000000  4.440555e-11
3570.000000  4.340012e-11
3590.000000  4.306232e-11
3610.000000  4.278352e-11
3630.000000  4.250493e-11
3640.000000  4.219013e-11
3650.000000  4.316861e-11
3670.000000  4.285186e-11
3690.000000  4.127117e-11
3710.000000  4.147967e-11
3730.000000  4.180728e-11
3750.000000  5.282101e-11
3770.000000  5.660834e-11
3790.000000  7.133513e-11
3810.000000  8.311462e-11
3830.000000  6.480322e-11
3850.000000  8.995096e-11
3870.000000  1.017988e-10
3890.000000  5.645287e-11
3910.000000  1.001427e-10
3930.000000  1.018212e-10
3950.000000  9.976324e-11
3970.000000  5.333327e-11
3990.000000  9.555056e-11
4010.000000  1.032621e-10
4030.000000  1.019039e-10
4050.000000  1.013742e-10
4070.000000  9.696315e-11
4090.000000  7.672286e-11
4110.000000  5.780842e-11
4130.000000  9.067955e-11
4150.000000  9.460632e-11
4170.000000  9.319616e-11
4190.000000  9.215662e-11
4210.000000  9.118301e-11
4230.000000  8.931844e-11
4250.000000  8.778587e-11
4270.000000  8.549820e-11
4290.000000  8.545794e-11
4310.000000  8.054335e-11
4330.000000  6.112771e-11
4350.000000  5.170059e-11
4370.000000  7.795518e-11
4390.000000  7.830224e-11
4410.000000  7.827870e-11
4430.000000  7.707489e-11
4450.000000  7.740055e-11
4470.000000  7.604602e-11
4490.000000  7.395343e-11
4510.000000  7.438008e-11
4530.000000  7.293296e-11
4550.000000  7.109379e-11
4570.000000  7.170537e-11
4590.000000  6.982977e-11
4610.000000  7.040477e-11
4630.000000  6.800098e-11
4650.000000  6.848273e-11
4670.000000  6.726854e-11
4690.000000  6.572242e-11
4710.000000  6.355339e-11
4730.000000  6.475508e-11
4750.000000  6.383195e-11
4770.000000  6.313397e-11
4790.000000  6.218479e-11
4810.000000  6.068482e-11
4830.000000  5.811782e-11
4850.000000  4.527415e-11
4870.000000  3.633901e-11
4890.000000  5.481501e-11
4910.000000  5.673655e-11
4930.000000  5.599595e-11
4950.000000  5.598213e-11
4970.000000  5.568277e-11
4990.000000  5.466063e-11
5010.000000  5.299130e-11
5030.000000  5.286636e-11
5050.000000  5.179165e-11
5070.000000  5.194259e-11
5090.000000  5.131471e-11
5110.000000  5.057124e-11
5130.000000  5.008154e-11
5150.000000  4.901388e-11
5170.000000  4.804730e-11
5190.000000  4.764066e-11
5210.000000  4.731905e-11
5230.000000  4.634777e-11
5250.000000  4.649986e-11
5270.000000  4.503599e-11
5290.000000  4.554402e-11
5310.000000  4.438911e-11
5330.000000  4.388855e-11
5350.000000  4.405392e-11
5370.000000  4.338573e-11
5390.000000  4.287479e-11
5410.000000  4.209874e-11
5430.000000  4.181095e-11
5450.000000  4.158350e-11
5470.000000  4.103313e-11
5490.000000  4.062992e-11
5510.000000  4.011430e-11
5530.000000  3.967833e-11
5550.000000  3.933080e-11
5570.000000  3.885942e-11
5590.000000  3.848503e-11
5610.000000  3.816873e-11
5630.000000  3.774070e-11
5650.000000  3.716349e-11
5670.000000  3.678860e-11
5690.000000  3.647666e-11
5710.000000  3.610256e-11
5730.000000  3.573766e-11
5750.000000  3.528276e-11
5770.000000  3.492298e-11
5790.000000  3.447124e-11
5810.000000  3.414597e-11
5830.000000  3.378823e-11
5850.000000  3.344793e-11
5870.000000  3.300012e-11
5890.000000  3.244779e-11
5910.000000  3.234965e-11
5930.000000  3.204142e-11
5950.000000  3.153245e-11
5970.000000  3.129815e-11
5990.000000  3.087728e-11
6010.000000  3.061667e-11
6030.000000  3.036449e-11
6050.000000  2.999069e-11
6070.000000  2.972118e-11
6090.000000  2.940861e-11
6110.000000  2.910242e-11
6130.000000  2.876782e-11
6150.000000  2.800709e-11
6170.000000  2.815242e-11
6190.000000  2.793294e-11
6210.000000  2.764743e-11
6230.000000  2.732245e-11
6250.000000  2.678291e-11
6270.000000  2.681192e-11
6290.000000  2.653912e-11
6310.000000  2.618475e-11
6330.000000  2.598517e-11
6350.000000  2.536332e-11
6370.000000  2.524562e-11
6390.000000  2.518515e-11
6410.000000  2.487833e-11
6430.000000  2.467713e-11
6450.000000  2.416640e-11
6470.000000  2.416469e-11
6490.000000  2.374262e-11
6510.000000  2.342998e-11
6530.000000  2.272933e-11
6550.000000  1.964003e-11
6570.000000  1.577243e-11
6590.000000  2.143141e-11
6610.000000  2.222678e-11
6630.000000  2.221816e-11
6650.000000  2.208926e-11
6670.000000  2.189196e-11
6690.000000  2.172037e-11
6710.000000  2.154011e-11
6730.000000  2.128135e-11
6750.000000  2.111187e-11
6770.000000  2.093995e-11
6790.000000  2.072866e-11
6810.000000  2.053976e-11
6830.000000  2.031446e-11
6850.000000  2.013894e-11
6870.000000  1.996141e-11
6890.000000  1.978120e-11
6910.000000  1.958598e-11
6930.000000  1.938705e-11
6950.000000  1.922494e-11
6970.000000  1.904473e-11
6990.000000  1.888360e-11
7010.000000  1.861824e-11
7030.000000  1.852424e-11
7050.000000  1.832860e-11
7070.000000  1.818789e-11
7090.000000  1.803679e-11
7110.000000  1.770408e-11
7130.000000  1.766277e-11
7150.000000  1.750529e-11
7170.000000  1.736851e-11
7190.000000  1.721208e-11
7210.000000  1.706596e-11
7230.000000  1.689242e-11
7250.000000  1.671264e-11
7270.000000  1.661296e-11
7290.000000  1.644552e-11
7310.000000  1.629702e-11
7330.000000  1.616900e-11
7350.000000  1.603628e-11
7370.000000  1.589789e-11
7390.000000  1.574545e-11
7410.000000  1.559001e-11
7430.000000  1.537108e-11
7450.000000  1.527976e-11
7470.000000  1.508391e-11
7490.000000  1.501670e-11
7510.000000  1.489796e-11
7530.000000  1.480304e-11
7550.000000  1.468568e-11
7570.000000  1.455528e-11
7590.000000  1.443225e-11
7610.000000  1.431763e-11
7630.000000  1.418855e-11
7650.000000  1.405051e-11
7670.000000  1.392516e-11
7690.000000  1.381250e-11
7710.000000  1.368645e-11
7730.000000  1.359083e-11
7750.000000  1.347215e-11
7770.000000  1.305667e-11
7790.000000  1.325182e-11
7810.000000  1.314688e-11
7830.000000  1.301921e-11
7850.000000  1.287008e-11
7870.000000  1.272502e-11
7890.000000  1.257827e-11
7910.000000  1.255926e-11
7930.000000  1.248231e-11
7950.000000  1.227573e-11
7970.000000  1.229172e-11
7990.000000  1.199220e-11
8010.000000  1.208780e-11
8030.000000  1.197985e-11
8050.000000  1.188789e-11
8070.000000  1.178828e-11
8090.000000  1.169534e-11
8110.000000  1.159201e-11
8130.000000  1.151043e-11
8150.000000  1.142254e-11
8170.000000  1.133128e-11
8190.000000  1.114848e-11
8210.000000  1.108899e-11
8230.000000  1.096764e-11
8250.000000  1.096869e-11
8270.000000  1.097128e-11
8290.000000  1.086228e-11
8310.000000  1.080244e-11
8330.000000  1.066713e-11
8350.000000  1.063662e-11
8370.000000  1.056374e-11
8390.000000  1.046610e-11
8410.000000  1.036006e-11
8430.000000  1.025674e-11
8450.000000  1.002447e-11
8470.000000  9.962037e-12
8490.000000  1.003727e-11
8510.000000  9.594283e-12
8530.000000  9.988323e-12
8550.000000  9.071398e-12
8570.000000  1.003638e-11
8590.000000  9.295080e-12
8610.000000  9.075639e-12
8630.000000  1.006809e-11
8650.000000  9.589295e-12
8670.000000  7.990168e-12
8690.000000  9.734308e-12
8710.000000  1.017795e-11
8730.000000  9.688316e-12
8750.000000  7.583065e-12
8770.000000  9.159018e-12
8790.000000  1.011776e-11
8810.000000  1.018513e-11
8830.000000  9.818947e-12
8850.000000  8.597205e-12
8870.000000  7.253085e-12
8890.000000  9.296254e-12
8910.000000  9.785183e-12
8930.000000  9.829005e-12
8950.000000  9.841987e-12
8970.000000  9.639014e-12
8990.000000  9.070881e-12
9010.000000  7.079138e-12
9030.000000  7.748324e-12
9050.000000  9.057305e-12
9070.000000  9.164517e-12
9090.000000  9.147643e-12
9110.000000  9.247058e-12
9130.000000  9.217597e-12
9150.000000  9.175499e-12
9170.000000  9.019541e-12
9190.000000  8.716667e-12
9210.000000  7.975009e-12
9230.000000  6.140271e-12
9250.000000  7.622327e-12
9270.000000  8.222629e-12
9290.000000  8.611015e-12
9310.000000  8.635597e-12
9330.000000  8.574652e-12
9350.000000  8.541902e-12
9370.000000  8.493358e-12
9390.000000  8.359038e-12
9410.000000  8.180302e-12
9430.000000  8.264474e-12
9450.000000  8.211999e-12
9470.000000  8.118134e-12
9490.000000  7.996610e-12
9510.000000  7.738203e-12
9530.000000  6.947604e-12
9550.000000  5.537546e-12
9570.000000  7.018809e-12
9590.000000  7.567622e-12
9610.000000  7.636562e-12
9630.000000  7.521760e-12
9650.000000  7.629999e-12
9670.000000  7.529702e-12
9690.000000  7.518339e-12
9710.000000  7.509566e-12
9730.000000  7.448055e-12
9750.000000  7.386543e-12
9770.000000  7.345719e-12
9790.000000  7.288903e-12
9810.000000  7.230048e-12
9830.000000  7.149519e-12
9850.000000  7.105750e-12
9870.000000  7.050958e-12
9890.000000  6.959698e-12
9910.000000  6.952332e-12
9930.000000  6.891518e-12
9950.000000  6.837712e-12
9970.000000  6.781580e-12
9990.000000  6.681745e-12
10025.000000  5.979802e-12
10075.000000  5.647962e-12
10125.000000  6.321353e-12
10175.000000  6.320183e-12
10225.000000  6.245269e-12
10275.000000  6.138583e-12
10325.000000  6.026276e-12
10375.000000  5.924639e-12
10425.000000  5.828051e-12
10475.000000  5.698495e-12
10525.000000  5.601821e-12
10575.000000  5.523166e-12
10625.000000  5.440830e-12
10675.000000  5.277353e-12
10725.000000  5.234670e-12
10775.000000  5.156942e-12
10825.000000  5.059282e-12
10875.000000  4.910981e-12
10925.000000  4.093804e-12
10975.000000  4.479690e-12
11025.000000  4.726780e-12
11075.000000  4.685375e-12
11125.000000  4.618647e-12
11175.000000  4.548183e-12
11225.000000  4.477477e-12
11275.000000  4.339087e-12
11325.000000  4.283166e-12
11375.000000  4.259878e-12
11425.000000  4.188021e-12
11475.000000  4.137348e-12
11525.000000  4.074933e-12
11575.000000  4.009851e-12
11625.000000  3.921531e-12
11675.000000  3.850550e-12
11725.000000  3.828574e-12
11775.000000  3.725423e-12
11825.000000  3.695752e-12
11875.000000  3.630552e-12
11925.000000  3.604641e-12
11975.000000  3.535196e-12
12025.000000  3.491461e-12
12075.000000  3.434944e-12
12125.000000  3.384902e-12
12175.000000  3.340500e-12
12225.000000  3.288957e-12
12275.000000  3.235913e-12
12325.000000  3.191553e-12
12375.000000  3.147256e-12
12425.000000  3.106803e-12
12475.000000  3.047073e-12
12525.000000  3.015452e-12
12575.000000  2.956438e-12
12625.000000  2.922414e-12
12675.000000  2.882262e-12
12725.000000  2.827409e-12
12775.000000  2.695864e-12
12825.000000  2.303561e-12
12875.000000  2.648437e-12
12925.000000  2.675105e-12
12975.000000  2.649975e-12
13025.000000  2.618475e-12
13075.000000  2.583397e-12
13125.000000  2.547496e-12
13175.000000  2.502372e-12
13225.000000  2.478670e-12
13275.000000  2.444839e-12
13325.000000  2.411947e-12
13375.000000  2.379189e-12
13425.000000  2.345492e-12
13475.000000  2.313568e-12
13525.000000  2.278607e-12
13575.000000  2.249932e-12
13625.000000  2.221179e-12
13675.000000  2.188990e-12
13725.000000  2.156309e-12
13775.000000  2.135342e-12
13825.000000  2.107698e-12
13875.000000  2.081786e-12
13925.000000  2.051476e-12
13975.000000  2.026736e-12
14025.000000  2.001329e-12
14075.000000  1.975957e-12
14125.000000  1.949519e-12
14175.000000  1.924947e-12
14225.000000  1.900313e-12
14275.000000  1.875979e-12
14325.000000  1.852213e-12
14375.000000  1.829346e-12
14425.000000  1.789889e-12
14475.000000  1.782818e-12
14525.000000  1.753076e-12
14570.000000  1.740766e-12
14620.000000  1.719715e-12
14675.000000  1.699927e-12
14725.000000  1.678196e-12
14775.000000  1.652866e-12
14825.000000  1.637287e-12
14875.000000  1.613157e-12
14925.000000  1.601042e-12
14975.000000  1.578884e-12
15025.000000  1.559032e-12
15075.000000  1.539778e-12
15125.000000  1.524128e-12
15175.000000  1.505274e-12
15225.000000  1.487990e-12
15275.000000  1.468168e-12
15325.000000  1.449110e-12
15375.000000  1.434511e-12
15425.000000  1.407088e-12
15475.000000  1.399347e-12
15525.000000  1.381599e-12
15575.000000  1.345967e-12
15625.000000  1.363567e-12
15675.000000  1.320688e-12
15725.000000  1.288174e-12
15775.000000  1.320257e-12
15825.000000  1.302973e-12
15875.000000  1.204623e-12
15925.000000  1.254660e-12
15975.000000  1.273960e-12
16050.000000  1.229439e-12
16150.000000  1.159386e-12
16250.000000  1.209847e-12
16350.000000  1.145381e-12
16450.000000  1.074841e-12
16550.000000  1.135663e-12
16650.000000  1.112362e-12
16750.000000  1.044168e-12
16850.000000  9.776795e-13
16950.000000  1.039291e-12
17050.000000  1.020634e-12
17150.000000  9.989381e-13
17250.000000  9.674682e-13
17350.000000  8.558149e-13
17450.000000  9.130612e-13
17550.000000  9.127994e-13
17650.000000  8.957833e-13
17750.000000  8.779598e-13
17850.000000  8.596799e-13
17950.000000  8.427666e-13
18050.000000  8.167061e-13
18150.000000  7.310618e-13
18250.000000  7.643811e-13
18350.000000  7.730768e-13
18450.000000  7.600369e-13
18550.000000  7.418557e-13
18650.000000  7.217778e-13
18750.000000  6.439553e-13
18850.000000  6.906958e-13
18950.000000  6.849326e-13
19050.000000  6.744320e-13
19150.000000  6.608947e-13
19250.000000  6.468576e-13
19350.000000  6.265485e-13
19450.000000  5.586334e-13
19550.000000  6.027828e-13
19650.000000  5.988926e-13
19750.000000  5.884906e-13
19850.000000  5.777587e-13
19950.000000  5.668966e-13
20050.000000  5.562907e-13
20150.000000  5.459821e-13
20250.000000  5.358011e-13
20350.000000  5.258468e-13
20450.000000  5.163233e-13
20550.000000  5.069041e-13
20650.000000  4.974352e-13
20750.000000  4.885267e-13
20850.000000  4.798028e-13
20950.000000  4.711889e-13
21050.000000  4.626522e-13
21150.000000  4.537185e-13
21250.000000  4.457963e-13
21350.000000  4.377483e-13
21450.000000  4.298214e-13
21550.000000  4.181128e-13
21650.000000  3.752756e-13
21750.000000  4.003437e-13
21850.000000  4.004235e-13
21950.000000  3.948593e-13
22050.000000  3.880196e-13
22150.000000  3.811609e-13
22250.000000  3.751298e-13
22350.000000  3.688090e-13
22450.000000  3.626285e-13
22550.000000  3.563786e-13
22650.000000  3.506189e-13
22750.000000  3.447793e-13
22850.000000  3.393248e-13
22950.000000  3.337363e-13
23050.000000  3.284179e-13
23150.000000  3.230833e-13
23250.000000  3.179122e-13
23350.000000  3.128049e-13
23450.000000  3.078176e-13
23550.000000  3.029243e-13
23650.000000  2.981109e-13
23750.000000  2.934013e-13
23850.000000  2.887584e-13
23950.000000  2.841787e-13
24050.000000  2.795863e-13
24150.000000  2.752373e-13
24250.000000  2.710391e-13
24350.000000  2.667406e-13
24450.000000  2.624548e-13
24550.000000  2.585413e-13
24650.000000  2.542689e-13
24750.000000  2.503751e-13
24850.000000  2.469805e-13
24950.000000  2.414489e-13
