2505.000000  1.045296e-14
2513.000000  5.446913e-15
2518.000000  3.325827e-15
2525.000000  4.291673e-15
2535.000000  2.189690e-14
2545.000000  2.709810e-14
2555.000000  6.557936e-14
2565.000000  2.967246e-14
2575.000000  5.699204e-14
2585.000000  3.779870e-14
2595.000000  4.109085e-14
2605.000000  5.144554e-14
2615.000000  4.413797e-14
2625.000000  7.554408e-14
2635.000000  1.898723e-13
2645.000000  2.173309e-13
2655.000000  4.672116e-13
2665.000000  2.620307e-13
2675.000000  2.207997e-13
2685.000000  3.512628e-13
2695.000000  1.690332e-13
2705.000000  3.359560e-13
2715.000000  1.961292e-13
2725.000000  1.052971e-13
2735.000000  1.569992e-13
2745.000000  1.456330e-13
2755.000000  1.799842e-13
2765.000000  2.803214e-13
2775.000000  3.272854e-13
2785.000000  1.688333e-13
2795.000000  7.159197e-14
2805.000000  9.170861e-14
2815.000000  2.514282e-13
2825.000000  3.076731e-13
2835.000000  2.208652e-13
2845.000000  9.185413e-14
2855.000000  2.148012e-14
2865.000000  1.675970e-13
2875.000000  3.252553e-13
2885.000000  5.410695e-13
2895.000000  8.752330e-13
2910.000000  1.353671e-12
2930.000000  1.358095e-12
2950.000000  1.137884e-12
2970.000000  1.162305e-12
2990.000000  1.141233e-12
3010.000000  9.439712e-13
3030.000000  1.449050e-12
3050.000000  1.574477e-12
3070.000000  2.379933e-12
3090.000000  2.637879e-12
3110.000000  3.929061e-12
3130.000000  3.173825e-12
3150.000000  3.976604e-12
3170.000000  4.917119e-12
3190.000000  4.022547e-12
3210.000000  4.391785e-12
3230.000000  3.343815e-12
3250.000000  5.763378e-12
3270.000000  7.588543e-12
3290.000000  7.990676e-12
3310.000000  6.612066e-12
3330.000000  6.856777e-12
3350.000000  6.124035e-12
3370.000000  4.058134e-12
3390.000000  4.732270e-12
3410.000000  5.612655e-12
3430.000000  6.699881e-12
3450.000000  6.550204e-12
3470.000000  7.040983e-12
3490.000000  8.596347e-12
3510.000000  9.424792e-12
3530.000000  7.627487e-12
3550.000000  9.165496e-12
3570.000000  4.634378e-12
3590.000000  5.658844e-12
3610.000000  8.930813e-12
3630.000000  1.078385e-11
3640.000000  1.151129e-11
3650.000000  1.276753e-11
3670.000000  1.438728e-11
3690.000000  1.315347e-11
3710.000000  1.353034e-11
3730.000000  6.447143e-12
3750.000000  7.803136e-12
3770.000000  1.141883e-11
3790.000000  1.138029e-11
3810.000000  9.673025e-12
3830.000000  4.551654e-12
3850.000000  5.430592e-12
3870.000000  6.147984e-12
3890.000000  1.141835e-11
3910.000000  1.419055e-11
3930.000000  4.753025e-12
3950.000000  1.063637e-11
3970.000000  6.458119e-12
3990.000000  2.080603e-11
4010.000000  2.536221e-11
4030.000000  2.408905e-11
4050.000000  2.277941e-11
4070.000000  2.109512e-11
4090.000000  2.749717e-11
4110.000000  2.572254e-11
4130.000000  2.252328e-11
4150.000000  1.997877e-11
4170.000000  2.059817e-11
4190.000000  2.160214e-11
4210.000000  2.411948e-11
4230.000000  2.587009e-11
4250.000000  2.828085e-11
4270.000000  2.641227e-11
4290.000000  2.392864e-11
4310.000000  2.056034e-11
4330.000000  3.252573e-11
4350.000000  3.239923e-11
4370.000000  3.497727e-11
4390.000000  3.095240e-11
4410.000000  3.377859e-11
4430.000000  3.727959e-11
4450.000000  3.808323e-11
4470.000000  4.158019e-11
4490.000000  4.327317e-11
4510.000000  5.034050e-11
4530.000000  4.354463e-11
4550.000000  4.547100e-11
4570.000000  4.971736e-11
4590.000000  4.846553e-11
4610.000000  5.050002e-11
4630.000000  4.913998e-11
4650.000000  5.011201e-11
4670.000000  5.243289e-11
4690.000000  5.159368e-11
4710.000000  5.044778e-11
4730.000000  5.259327e-11
4750.000000  5.547567e-11
4770.000000  5.612755e-11
4790.000000  5.580164e-11
4810.000000  5.571830e-11
4830.000000  5.776850e-11
4850.000000  5.495097e-11
4870.000000  5.164502e-11
4890.000000  5.659281e-11
4910.000000  5.638616e-11
4930.000000  5.529646e-11
4950.000000  5.948031e-11
4970.000000  5.790127e-11
4990.000000  5.345221e-11
5010.000000  5.055097e-11
5030.000000  5.377608e-11
5050.000000  5.388904e-11
5070.000000  5.646147e-11
5090.000000  5.202151e-11
5110.000000  5.373604e-11
5130.000000  5.123903e-11
5150.000000  4.966931e-11
5170.000000  4.559979e-11
5190.000000  4.901641e-11
5210.000000  5.256389e-11
5230.000000  5.692832e-11
5250.000000  5.900666e-11
5270.000000  5.235699e-11
5290.000000  6.046194e-11
5310.000000  6.508704e-11
5330.000000  5.677669e-11
5350.000000  6.297096e-11
5370.000000  6.374854e-11
5390.000000  6.085740e-11
5410.000000  6.038240e-11
5430.000000  6.111212e-11
5450.000000  6.526671e-11
5470.000000  6.262095e-11
5490.000000  6.178622e-11
5510.000000  6.159164e-11
5530.000000  6.412119e-11
5550.000000  6.582318e-11
5570.000000  6.440456e-11
5590.000000  6.235841e-11
5610.000000  6.613765e-11
5630.000000  6.477551e-11
5650.000000  6.536027e-11
5670.000000  6.367579e-11
5690.000000  6.614297e-11
5710.000000  6.315785e-11
5730.000000  6.967706e-11
5750.000000  6.667878e-11
5770.000000  6.817621e-11
5790.000000  6.432761e-11
5810.000000  6.823533e-11
5830.000000  7.077217e-11
5850.000000  6.834352e-11
5870.000000  6.874404e-11
5890.000000  5.974149e-11
5910.000000  6.772227e-11
5930.000000  6.804539e-11
5950.000000  6.804312e-11
5970.000000  6.979112e-11
5990.000000  6.822120e-11
6010.000000  6.688605e-11
6030.000000  6.881761e-11
6050.000000  7.015750e-11
6070.000000  6.973857e-11
6090.000000  6.645094e-11
6110.000000  6.698845e-11
6130.000000  6.300263e-11
6150.000000  6.558659e-11
6170.000000  6.289838e-11
6190.000000  6.717967e-11
6210.000000  6.656732e-11
6230.000000  6.431099e-11
6250.000000  6.169062e-11
6270.000000  6.487290e-11
6290.000000  6.627658e-11
6310.000000  6.419177e-11
6330.000000  6.520523e-11
6350.000000  6.518289e-11
6370.000000  6.472744e-11
6390.000000  6.612806e-11
6410.000000  6.495317e-11
6430.000000  6.559774e-11
6450.000000  6.549657e-11
6470.000000  6.541832e-11
6490.000000  6.350651e-11
6510.000000  6.550413e-11
6530.000000  6.591021e-11
6550.000000  6.497065e-11
6570.000000  6.350625e-11
6590.000000  6.550810e-11
6610.000000  6.592752e-11
6630.000000  6.559088e-11
6650.000000  6.549513e-11
6670.000000  6.426643e-11
6690.000000  6.639802e-11
6710.000000  6.381650e-11
6730.000000  6.645659e-11
6750.000000  6.499785e-11
6770.000000  6.554061e-11
6790.000000  6.503393e-11
6810.000000  6.482422e-11
6830.000000  6.573187e-11
6850.000000  6.369081e-11
6870.000000  6.464240e-11
6890.000000  6.545457e-11
6910.000000  6.477145e-11
6930.000000  6.367773e-11
6950.000000  6.239205e-11
6970.000000  6.293513e-11
6990.000000  6.218001e-11
7010.000000  6.056536e-11
7030.000000  6.208632e-11
7050.000000  6.309483e-11
7070.000000  6.176567e-11
7090.000000  6.139581e-11
7110.000000  6.082670e-11
7130.000000  5.952817e-11
7150.000000  5.944267e-11
7170.000000  6.037328e-11
7190.000000  5.828280e-11
7210.000000  5.985800e-11
7230.000000  6.104210e-11
7250.000000  6.076553e-11
7270.000000  6.032073e-11
7290.000000  5.837779e-11
7310.000000  5.954428e-11
7330.000000  5.944853e-11
7350.000000  5.921045e-11
7370.000000  6.055523e-11
7390.000000  5.918895e-11
7410.000000  5.880045e-11
7430.000000  5.956084e-11
7450.000000  5.956337e-11
7470.000000  5.965409e-11
7490.000000  5.910547e-11
7510.000000  5.992491e-11
7530.000000  6.026360e-11
7550.000000  6.061292e-11
7570.000000  5.997898e-11
7590.000000  5.967622e-11
7610.000000  5.977449e-11
7630.000000  6.006383e-11
7650.000000  6.014115e-11
7670.000000  5.803570e-11
7690.000000  6.002206e-11
7710.000000  5.868475e-11
7730.000000  5.880885e-11
7750.000000  5.843062e-11
7770.000000  5.986644e-11
7790.000000  5.962021e-11
7810.000000  5.943684e-11
7830.000000  5.881821e-11
7850.000000  5.831932e-11
7870.000000  5.825194e-11
7890.000000  5.600253e-11
7910.000000  5.426435e-11
7930.000000  5.428954e-11
7950.000000  5.341551e-11
7970.000000  5.560083e-11
7990.000000  5.544570e-11
8010.000000  5.531851e-11
8030.000000  5.547839e-11
8050.000000  5.479031e-11
8070.000000  5.428654e-11
8090.000000  5.265417e-11
8110.000000  5.238811e-11
8130.000000  5.329825e-11
8150.000000  5.326427e-11
8170.000000  5.348662e-11
8190.000000  5.252657e-11
8210.000000  5.243854e-11
8230.000000  5.307160e-11
8250.000000  5.354511e-11
8270.000000  5.406741e-11
8290.000000  5.357330e-11
8310.000000  5.135699e-11
8330.000000  5.168241e-11
8350.000000  5.176803e-11
8370.000000  5.234439e-11
8390.000000  5.053366e-11
8410.000000  5.254817e-11
8430.000000  5.103494e-11
8450.000000  5.229722e-11
8470.000000  5.205366e-11
8490.000000  5.176084e-11
8510.000000  4.902587e-11
8530.000000  5.084223e-11
8550.000000  4.297948e-11
8570.000000  5.232444e-11
8590.000000  5.159487e-11
8610.000000  5.173452e-11
8630.000000  5.214310e-11
8650.000000  5.166414e-11
8670.000000  4.373678e-11
8690.000000  4.991561e-11
8710.000000  5.132785e-11
8730.000000  5.153749e-11
8750.000000  5.106073e-11
8770.000000  5.168444e-11
8790.000000  5.124463e-11
8810.000000  4.987637e-11
8830.000000  5.074778e-11
8850.000000  5.132423e-11
8870.000000  5.038222e-11
8890.000000  5.119477e-11
8910.000000  5.164216e-11
8930.000000  5.027905e-11
8950.000000  5.011847e-11
8970.000000  5.023496e-11
8990.000000  5.043132e-11
9010.000000  4.851951e-11
9030.000000  4.980777e-11
9050.000000  5.083685e-11
9070.000000  5.033518e-11
9090.000000  4.849337e-11
9110.000000  4.822207e-11
9130.000000  4.958735e-11
9150.000000  4.602689e-11
9170.000000  4.471844e-11
9190.000000  4.526913e-11
9210.000000  4.414339e-11
9230.000000  4.501479e-11
9250.000000  4.471448e-11
9270.000000  4.547258e-11
9290.000000  4.482073e-11
9310.000000  4.611617e-11
9330.000000  4.616502e-11
9350.000000  4.556510e-11
9370.000000  4.525416e-11
9390.000000  4.438564e-11
9410.000000  4.335849e-11
9430.000000  4.382944e-11
9450.000000  4.289329e-11
9470.000000  4.422483e-11
9490.000000  4.396095e-11
9510.000000  4.482967e-11
9530.000000  4.435368e-11
9550.000000  4.412844e-11
9570.000000  4.418032e-11
9590.000000  4.475166e-11
9610.000000  4.422907e-11
9630.000000  4.395728e-11
9650.000000  4.309088e-11
9670.000000  4.291251e-11
9690.000000  4.378874e-11
9710.000000  4.344759e-11
9730.000000  4.343436e-11
9750.000000  4.316008e-11
9770.000000  4.335137e-11
9790.000000  4.246171e-11
9810.000000  4.380361e-11
9830.000000  4.355296e-11
9850.000000  4.387565e-11
9870.000000  4.369706e-11
9890.000000  4.390646e-11
9910.000000  4.336597e-11
9930.000000  4.384206e-11
9950.000000  4.349514e-11
9970.000000  4.372766e-11
9990.000000  4.366799e-11
10025.000000  4.327496e-11
10075.000000  4.290744e-11
10125.000000  4.294332e-11
10175.000000  4.230406e-11
10225.000000  4.237137e-11
10275.000000  4.244083e-11
10325.000000  4.163618e-11
10375.000000  4.140574e-11
10425.000000  4.153496e-11
10475.000000  4.110785e-11
10525.000000  4.107400e-11
10575.000000  4.064701e-11
10625.000000  4.041676e-11
10675.000000  3.967165e-11
10725.000000  3.966630e-11
10775.000000  3.926770e-11
10825.000000  3.862588e-11
10875.000000  3.806216e-11
10925.000000  3.729171e-11
10975.000000  3.463081e-11
11025.000000  3.448051e-11
11075.000000  3.507507e-11
11125.000000  3.500986e-11
11175.000000  3.548547e-11
11225.000000  3.534820e-11
11275.000000  3.481755e-11
11325.000000  3.516929e-11
11375.000000  3.434158e-11
11425.000000  3.454531e-11
11475.000000  3.494893e-11
11525.000000  3.486591e-11
11575.000000  3.446747e-11
11625.000000  3.400956e-11
11675.000000  3.409463e-11
11725.000000  3.452647e-11
11775.000000  3.385648e-11
11825.000000  3.365182e-11
11875.000000  3.323278e-11
11925.000000  3.384024e-11
11975.000000  3.250047e-11
12025.000000  3.307970e-11
12075.000000  3.272229e-11
12125.000000  3.277148e-11
12175.000000  3.284897e-11
12225.000000  3.267814e-11
12275.000000  3.247109e-11
12325.000000  3.220208e-11
12375.000000  3.205465e-11
12425.000000  3.177764e-11
12475.000000  3.182397e-11
12525.000000  3.149026e-11
12575.000000  3.142796e-11
12625.000000  3.130636e-11
12675.000000  3.094681e-11
12725.000000  3.096998e-11
12775.000000  3.096203e-11
12825.000000  2.991430e-11
12875.000000  3.034889e-11
12925.000000  2.996072e-11
12975.000000  3.025309e-11
13025.000000  2.987281e-11
13075.000000  2.999920e-11
13125.000000  2.946893e-11
13175.000000  2.935232e-11
13225.000000  2.941168e-11
13275.000000  2.888429e-11
13325.000000  2.909583e-11
13375.000000  2.887725e-11
13425.000000  2.900508e-11
13475.000000  2.881194e-11
13525.000000  2.872546e-11
13575.000000  2.820241e-11
13625.000000  2.808413e-11
13675.000000  2.811636e-11
13725.000000  2.814286e-11
13775.000000  2.795709e-11
13825.000000  2.793371e-11
13875.000000  2.765945e-11
13925.000000  2.760247e-11
13975.000000  2.739295e-11
14025.000000  2.702045e-11
14075.000000  2.648301e-11
14125.000000  2.557672e-11
14175.000000  2.558677e-11
14225.000000  2.535117e-11
14275.000000  2.499137e-11
14325.000000  2.547590e-11
14375.000000  2.565635e-11
14425.000000  2.485575e-11
14475.000000  2.565681e-11
14525.000000  2.488945e-11
14570.000000  2.485115e-11
14620.000000  2.454999e-11
14675.000000  2.436141e-11
14725.000000  2.406493e-11
14775.000000  2.427401e-11
14825.000000  2.423644e-11
14875.000000  2.415667e-11
14925.000000  2.459332e-11
14975.000000  2.437026e-11
15025.000000  2.388250e-11
15075.000000  2.371569e-11
15125.000000  2.382537e-11
15175.000000  2.401577e-11
15225.000000  2.382626e-11
15275.000000  2.387996e-11
15325.000000  2.385613e-11
15375.000000  2.393895e-11
15425.000000  2.380349e-11
15475.000000  2.381738e-11
15525.000000  2.339809e-11
15575.000000  2.308706e-11
15625.000000  2.363374e-11
15675.000000  2.306327e-11
15725.000000  2.320210e-11
15775.000000  2.229627e-11
15825.000000  2.270358e-11
15875.000000  2.186572e-11
15925.000000  2.246667e-11
15975.000000  2.262762e-11
16050.000000  2.240942e-11
16150.000000  2.208971e-11
16250.000000  2.209324e-11
16350.000000  2.197074e-11
16450.000000  2.113115e-11
16550.000000  2.137525e-11
16650.000000  2.078990e-11
16750.000000  2.049950e-11
16850.000000  1.976663e-11
16950.000000  2.006150e-11
17050.000000  1.929761e-11
17150.000000  1.915265e-11
17250.000000  1.861599e-11
17350.000000  1.798507e-11
17450.000000  1.800490e-11
17550.000000  1.766600e-11
17650.000000  1.740867e-11
17750.000000  1.696352e-11
17850.000000  1.678792e-11
17950.000000  1.649992e-11
18050.000000  1.605418e-11
18150.000000  1.571809e-11
18250.000000  1.546336e-11
18350.000000  1.519844e-11
18450.000000  1.480517e-11
18550.000000  1.465708e-11
18650.000000  1.422329e-11
18750.000000  1.382539e-11
18850.000000  1.382105e-11
18950.000000  1.322385e-11
19050.000000  1.341968e-11
19150.000000  1.310454e-11
19250.000000  1.293658e-11
19350.000000  1.252967e-11
19450.000000  1.219603e-11
19550.000000  1.221618e-11
19650.000000  1.190736e-11
19750.000000  1.158865e-11
19850.000000  1.145844e-11
19950.000000  1.124835e-11
20050.000000  1.118745e-11
20150.000000  1.105180e-11
20250.000000  1.069951e-11
20350.000000  1.049919e-11
20450.000000  1.046704e-11
20550.000000  1.020088e-11
20650.000000  9.992565e-12
20750.000000  9.845088e-12
20850.000000  9.682833e-12
20950.000000  9.458280e-12
21050.000000  9.414730e-12
21150.000000  9.241618e-12
21250.000000  9.069826e-12
21350.000000  8.969630e-12
21450.000000  8.804066e-12
21550.000000  8.674935e-12
21650.000000  8.416396e-12
21750.000000  8.310398e-12
21850.000000  8.216690e-12
21950.000000  8.127901e-12
22050.000000  7.899757e-12
22150.000000  7.896036e-12
22250.000000  7.685226e-12
22350.000000  7.574477e-12
22450.000000  7.466317e-12
22550.000000  7.352428e-12
22650.000000  7.199814e-12
22750.000000  7.165058e-12
22850.000000  6.987872e-12
22950.000000  6.138670e-12
23050.000000  6.463859e-12
23150.000000  6.407432e-12
23250.000000  5.658480e-12
23350.000000  5.974945e-12
23450.000000  5.987627e-12
23550.000000  5.251840e-12
23650.000000  5.630391e-12
23750.000000  5.579694e-12
23850.000000  4.981954e-12
23950.000000  5.280343e-12
24050.000000  5.311844e-12
24150.000000  4.826404e-12
24250.000000  5.016152e-12
24350.000000  5.052818e-12
24450.000000  4.735227e-12
24550.000000  4.701552e-12
24650.000000  4.871116e-12
24750.000000  4.673010e-12
24850.000000  4.455778e-12
24950.000000  4.599477e-12
