2505.000000  1.095306e-09
2513.000000  1.081529e-09
2518.000000  1.081878e-09
2525.000000  1.066285e-09
2535.000000  1.048113e-09
2545.000000  1.045742e-09
2555.000000  1.044173e-09
2565.000000  1.028380e-09
2575.000000  1.024371e-09
2585.000000  1.013535e-09
2595.000000  1.002809e-09
2605.000000  9.924637e-10
2615.000000  9.836395e-10
2625.000000  9.753057e-10
2635.000000  9.659250e-10
2645.000000  9.683136e-10
2655.000000  9.587661e-10
2665.000000  9.463074e-10
2675.000000  9.398970e-10
2685.000000  9.334217e-10
2695.000000  9.214114e-10
2705.000000  9.157422e-10
2715.000000  9.051849e-10
2725.000000  8.935493e-10
2735.000000  8.901480e-10
2745.000000  8.688901e-10
2755.000000  8.640619e-10
2765.000000  8.616136e-10
2775.000000  8.602585e-10
2785.000000  8.514101e-10
2795.000000  8.277808e-10
2805.000000  8.304092e-10
2815.000000  8.310194e-10
2825.000000  8.197854e-10
2835.000000  8.127514e-10
2845.000000  8.073287e-10
2855.000000  8.013036e-10
2865.000000  7.952571e-10
2875.000000  7.878766e-10
2885.000000  7.814311e-10
2895.000000  7.750087e-10
2910.000000  7.654619e-10
2930.000000  7.511304e-10
2950.000000  7.367363e-10
2970.000000  7.271575e-10
2990.000000  7.146954e-10
3010.000000  7.034329e-10
3030.000000  6.920382e-10
3050.000000  6.806451e-10
3070.000000  6.695199e-10
3090.000000  6.587951e-10
3110.000000  6.480718e-10
3130.000000  6.378837e-10
3150.000000  6.277183e-10
3170.000000  6.177954e-10
3190.000000  6.059258e-10
3210.000000  5.983556e-10
3230.000000  5.891014e-10
3250.000000  5.799604e-10
3270.000000  5.711575e-10
3290.000000  5.622809e-10
3310.000000  5.538558e-10
3330.000000  5.454074e-10
3350.000000  5.369563e-10
3370.000000  5.290438e-10
3390.000000  5.211533e-10
3410.000000  5.133723e-10
3430.000000  5.059797e-10
3450.000000  4.981980e-10
3470.000000  4.910707e-10
3490.000000  4.837431e-10
3510.000000  4.766813e-10
3530.000000  4.697052e-10
3550.000000  4.628612e-10
3570.000000  4.566022e-10
3590.000000  4.494637e-10
3610.000000  4.434242e-10
3630.000000  4.367361e-10
3640.000000  4.342229e-10
3650.000000  4.311815e-10
3670.000000  4.263467e-10
3690.000000  4.172646e-10
3710.000000  4.060258e-10
3730.000000  3.904525e-10
3750.000000  4.303773e-10
3770.000000  4.412015e-10
3790.000000  4.922749e-10
3810.000000  5.360748e-10
3830.000000  4.498593e-10
3850.000000  5.682825e-10
3870.000000  6.009371e-10
3890.000000  4.105565e-10
3910.000000  5.924537e-10
3930.000000  6.029059e-10
3950.000000  5.772977e-10
3970.000000  3.871838e-10
3990.000000  5.502840e-10
4010.000000  5.686241e-10
4030.000000  5.395322e-10
4050.000000  5.579551e-10
4070.000000  5.430843e-10
4090.000000  4.628058e-10
4110.000000  3.825287e-10
4130.000000  5.083819e-10
4150.000000  5.115686e-10
4170.000000  5.085169e-10
4190.000000  5.025264e-10
4210.000000  4.949967e-10
4230.000000  4.872486e-10
4250.000000  4.794382e-10
4270.000000  4.708900e-10
4290.000000  4.622807e-10
4310.000000  4.485468e-10
4330.000000  3.730717e-10
4350.000000  3.315795e-10
4370.000000  4.256209e-10
4390.000000  4.181803e-10
4410.000000  4.232227e-10
4430.000000  4.165357e-10
4450.000000  4.117503e-10
4470.000000  3.896454e-10
4490.000000  3.988157e-10
4510.000000  3.939848e-10
4530.000000  3.882179e-10
4550.000000  3.826058e-10
4570.000000  3.770192e-10
4590.000000  3.715421e-10
4610.000000  3.661983e-10
4630.000000  3.609878e-10
4650.000000  3.557787e-10
4670.000000  3.507258e-10
4690.000000  3.457824e-10
4710.000000  3.377615e-10
4730.000000  3.360312e-10
4750.000000  3.312212e-10
4770.000000  3.264837e-10
4790.000000  3.212093e-10
4810.000000  3.155125e-10
4830.000000  3.064260e-10
4850.000000  2.630238e-10
4870.000000  2.270333e-10
4890.000000  2.907402e-10
4910.000000  2.936734e-10
4930.000000  2.860652e-10
4950.000000  2.881672e-10
4970.000000  2.846239e-10
4990.000000  2.807515e-10
5010.000000  2.744682e-10
5030.000000  2.732703e-10
5050.000000  2.684597e-10
5070.000000  2.660810e-10
5090.000000  2.626067e-10
5110.000000  2.591335e-10
5130.000000  2.557710e-10
5150.000000  2.524313e-10
5170.000000  2.491157e-10
5190.000000  2.458866e-10
5210.000000  2.426802e-10
5230.000000  2.394992e-10
5250.000000  2.364265e-10
5270.000000  2.334871e-10
5290.000000  2.304155e-10
5310.000000  2.274772e-10
5330.000000  2.246711e-10
5350.000000  2.217560e-10
5370.000000  2.190606e-10
5390.000000  2.162560e-10
5410.000000  2.135833e-10
5430.000000  2.109121e-10
5450.000000  2.082420e-10
5470.000000  2.057030e-10
5490.000000  2.031652e-10
5510.000000  2.006274e-10
5530.000000  1.982230e-10
5550.000000  1.958186e-10
5570.000000  1.934142e-10
5590.000000  1.910325e-10
5610.000000  1.887388e-10
5630.000000  1.864678e-10
5650.000000  1.841980e-10
5670.000000  1.819500e-10
5690.000000  1.798124e-10
5710.000000  1.776533e-10
5730.000000  1.755387e-10
5750.000000  1.735118e-10
5770.000000  1.713984e-10
5790.000000  1.693943e-10
5810.000000  1.673913e-10
5830.000000  1.653886e-10
5850.000000  1.635178e-10
5870.000000  1.582549e-10
5890.000000  1.596432e-10
5910.000000  1.579074e-10
5930.000000  1.560378e-10
5950.000000  1.542780e-10
5970.000000  1.525419e-10
5990.000000  1.506953e-10
6010.000000  1.490687e-10
6030.000000  1.473555e-10
6050.000000  1.457292e-10
6070.000000  1.440160e-10
6090.000000  1.424135e-10
6110.000000  1.408108e-10
6130.000000  1.392084e-10
6150.000000  1.377152e-10
6170.000000  1.361357e-10
6190.000000  1.346664e-10
6210.000000  1.331618e-10
6230.000000  1.316928e-10
6250.000000  1.302370e-10
6270.000000  1.288184e-10
6290.000000  1.274045e-10
6310.000000  1.260160e-10
6330.000000  1.246529e-10
6350.000000  1.232246e-10
6370.000000  1.219286e-10
6390.000000  1.206463e-10
6410.000000  1.193506e-10
6430.000000  1.180685e-10
6450.000000  1.168129e-10
6470.000000  1.155575e-10
6490.000000  1.140792e-10
6510.000000  1.125433e-10
6530.000000  1.102368e-10
6550.000000  1.011762e-10
6570.000000  8.736800e-11
6590.000000  1.051882e-10
6610.000000  1.064716e-10
6630.000000  1.058471e-10
6650.000000  1.050004e-10
6670.000000  1.033727e-10
6690.000000  1.023418e-10
6710.000000  1.018673e-10
6730.000000  1.008233e-10
6750.000000  9.978383e-11
6770.000000  9.876642e-11
6790.000000  9.775371e-11
6810.000000  9.676299e-11
6830.000000  9.577468e-11
6850.000000  9.481292e-11
6870.000000  9.385141e-11
6890.000000  9.290313e-11
6910.000000  9.196820e-11
6930.000000  9.104660e-11
6950.000000  9.013846e-11
6970.000000  8.924355e-11
6990.000000  8.835971e-11
7010.000000  8.748055e-11
7030.000000  8.661244e-11
7050.000000  8.575531e-11
7070.000000  8.422785e-11
7090.000000  8.408582e-11
7110.000000  8.325776e-11
7130.000000  8.244305e-11
7150.000000  8.164167e-11
7170.000000  8.085362e-11
7190.000000  8.006572e-11
7210.000000  7.929106e-11
7230.000000  7.852738e-11
7250.000000  7.777952e-11
7270.000000  7.703165e-11
7290.000000  7.606211e-11
7310.000000  7.556246e-11
7330.000000  7.484356e-11
7350.000000  7.413344e-11
7370.000000  7.343881e-11
7390.000000  7.274431e-11
7410.000000  7.204993e-11
7430.000000  7.136891e-11
7450.000000  7.070110e-11
7470.000000  7.004660e-11
7490.000000  6.939216e-11
7510.000000  6.873780e-11
7530.000000  6.810774e-11
7550.000000  6.746903e-11
7570.000000  6.685231e-11
7590.000000  6.623787e-11
7610.000000  6.562356e-11
7630.000000  6.502260e-11
7650.000000  6.442164e-11
7670.000000  6.383399e-11
7690.000000  6.325958e-11
7710.000000  6.268530e-11
7730.000000  6.211114e-11
7750.000000  6.155020e-11
7770.000000  6.096261e-11
7790.000000  6.044168e-11
7810.000000  5.989409e-11
7830.000000  5.935997e-11
7850.000000  5.883909e-11
7870.000000  5.831588e-11
7890.000000  5.778405e-11
7910.000000  5.728755e-11
7930.000000  5.677998e-11
7950.000000  5.627256e-11
7970.000000  5.577845e-11
7990.000000  5.528425e-11
8010.000000  5.480348e-11
8030.000000  5.432274e-11
8050.000000  5.384200e-11
8070.000000  5.337446e-11
8090.000000  5.290704e-11
8110.000000  5.245296e-11
8130.000000  5.199653e-11
8150.000000  5.154252e-11
8170.000000  5.110176e-11
8190.000000  5.066100e-11
8210.000000  5.020193e-11
8230.000000  4.980384e-11
8250.000000  4.940315e-11
8270.000000  4.895754e-11
8290.000000  4.859946e-11
8310.000000  4.820118e-11
8330.000000  4.780912e-11
8350.000000  4.737674e-11
8370.000000  4.700315e-11
8390.000000  4.661606e-11
8410.000000  4.619501e-11
8430.000000  4.576546e-11
8450.000000  4.533535e-11
8470.000000  4.478772e-11
8490.000000  4.458177e-11
8510.000000  4.380153e-11
8530.000000  4.394371e-11
8550.000000  4.234745e-11
8570.000000  4.367080e-11
8590.000000  4.177255e-11
8610.000000  4.120985e-11
8630.000000  4.321483e-11
8650.000000  4.172843e-11
8670.000000  3.802083e-11
8690.000000  4.206042e-11
8710.000000  4.280054e-11
8730.000000  4.128122e-11
8750.000000  3.568416e-11
8770.000000  3.949255e-11
8790.000000  4.188911e-11
8810.000000  4.201905e-11
8830.000000  4.114138e-11
8850.000000  3.746560e-11
8870.000000  3.374916e-11
8890.000000  3.909584e-11
8910.000000  4.038069e-11
8930.000000  4.040387e-11
8950.000000  4.013688e-11
8970.000000  3.950585e-11
8990.000000  3.780821e-11
9010.000000  3.229368e-11
9030.000000  3.399673e-11
9050.000000  3.752039e-11
9070.000000  3.798881e-11
9090.000000  3.801302e-11
9110.000000  3.783255e-11
9130.000000  3.755209e-11
9150.000000  3.719630e-11
9170.000000  3.672476e-11
9190.000000  3.597435e-11
9210.000000  3.373384e-11
9230.000000  2.862348e-11
9250.000000  3.268248e-11
9270.000000  3.472380e-11
9290.000000  3.503133e-11
9310.000000  3.488137e-11
9330.000000  3.473692e-11
9350.000000  3.448093e-11
9370.000000  3.427146e-11
9390.000000  3.402633e-11
9410.000000  3.372401e-11
9430.000000  3.342608e-11
9450.000000  3.313459e-11
9470.000000  3.274237e-11
9490.000000  3.238516e-11
9510.000000  3.154708e-11
9530.000000  2.929150e-11
9550.000000  2.539546e-11
9570.000000  2.939613e-11
9590.000000  3.078399e-11
9610.000000  3.094921e-11
9630.000000  3.081963e-11
9650.000000  3.070429e-11
9670.000000  3.051922e-11
9690.000000  3.030075e-11
9710.000000  3.005801e-11
9730.000000  2.986015e-11
9750.000000  2.963319e-11
9770.000000  2.940624e-11
9790.000000  2.919248e-11
9810.000000  2.896794e-11
9830.000000  2.875190e-11
9850.000000  2.853829e-11
9870.000000  2.832467e-11
9890.000000  2.811333e-11
9910.000000  2.791064e-11
9930.000000  2.767733e-11
9950.000000  2.742822e-11
9970.000000  2.716121e-11
9990.000000  2.683671e-11
10025.000000  2.482070e-11
10075.000000  2.386181e-11
10125.000000  2.558772e-11
10175.000000  2.529817e-11
10225.000000  2.486622e-11
10275.000000  2.442550e-11
10325.000000  2.395808e-11
10375.000000  2.357090e-11
10425.000000  2.315701e-11
10475.000000  2.274312e-11
10525.000000  2.235577e-11
10575.000000  2.195764e-11
10625.000000  2.158147e-11
10675.000000  2.120517e-11
10725.000000  2.084709e-11
10775.000000  2.048657e-11
10825.000000  1.996782e-11
10875.000000  1.958148e-11
10925.000000  1.729562e-11
10975.000000  1.821204e-11
11025.000000  1.867979e-11
11075.000000  1.848587e-11
11125.000000  1.820321e-11
11175.000000  1.789848e-11
11225.000000  1.760239e-11
11275.000000  1.732192e-11
11325.000000  1.704146e-11
11375.000000  1.676113e-11
11425.000000  1.649400e-11
11475.000000  1.622702e-11
11525.000000  1.596003e-11
11575.000000  1.570636e-11
11625.000000  1.546592e-11
11675.000000  1.521230e-11
11725.000000  1.497198e-11
11775.000000  1.474488e-11
11825.000000  1.451553e-11
11875.000000  1.428857e-11
11925.000000  1.406400e-11
11975.000000  1.380778e-11
12025.000000  1.363663e-11
12075.000000  1.342301e-11
12125.000000  1.321832e-11
12175.000000  1.301782e-11
12225.000000  1.282019e-11
12275.000000  1.262674e-11
12325.000000  1.243694e-11
12375.000000  1.225002e-11
12425.000000  1.206709e-11
12475.000000  1.188816e-11
12525.000000  1.170632e-11
12575.000000  1.153835e-11
12625.000000  1.136878e-11
12675.000000  1.119414e-11
12725.000000  1.098887e-11
12775.000000  1.058849e-11
12825.000000  9.539187e-12
12875.000000  1.037238e-11
12925.000000  1.037508e-11
12975.000000  1.024330e-11
13025.000000  1.011855e-11
13075.000000  9.974348e-12
13125.000000  9.832822e-12
13175.000000  9.693961e-12
13225.000000  9.557758e-12
13275.000000  9.424010e-12
13325.000000  9.292062e-12
13375.000000  9.162316e-12
13425.000000  9.034130e-12
13475.000000  8.909965e-12
13525.000000  8.788222e-12
13575.000000  8.666953e-12
13625.000000  8.548120e-12
13675.000000  8.431958e-12
13725.000000  8.317131e-12
13775.000000  8.204742e-12
13825.000000  8.093930e-12
13875.000000  7.984667e-12
13925.000000  7.877629e-12
13975.000000  7.772155e-12
14025.000000  7.669335e-12
14075.000000  7.567850e-12
14125.000000  7.467485e-12
14175.000000  7.368921e-12
14225.000000  7.272545e-12
14275.000000  7.176652e-12
14325.000000  7.082958e-12
14375.000000  6.990827e-12
14425.000000  6.900041e-12
14475.000000  6.811684e-12
14525.000000  6.723796e-12
14570.000000  6.646113e-12
14620.000000  6.561999e-12
14675.000000  6.471201e-12
14725.000000  6.389757e-12
14775.000000  6.309647e-12
14825.000000  6.231976e-12
14875.000000  6.153430e-12
14925.000000  6.077321e-12
14975.000000  6.002321e-12
15025.000000  5.928654e-12
15075.000000  5.852543e-12
15125.000000  5.781800e-12
15175.000000  5.710802e-12
15225.000000  5.640032e-12
15275.000000  5.568802e-12
15325.000000  5.497816e-12
15375.000000  5.434419e-12
15425.000000  5.355384e-12
15475.000000  5.300900e-12
15525.000000  5.231708e-12
15575.000000  5.142837e-12
15625.000000  5.128285e-12
15675.000000  5.022747e-12
15725.000000  4.938332e-12
15775.000000  4.958930e-12
15825.000000  4.889966e-12
15875.000000  4.690647e-12
15925.000000  4.739542e-12
15975.000000  4.749516e-12
16050.000000  4.620513e-12
16150.000000  4.430658e-12
16250.000000  4.478009e-12
16350.000000  4.294323e-12
16450.000000  4.103409e-12
16550.000000  4.191357e-12
16650.000000  4.100571e-12
16750.000000  3.910029e-12
16850.000000  3.730709e-12
16950.000000  3.829071e-12
17050.000000  3.749987e-12
17150.000000  3.673059e-12
17250.000000  3.572972e-12
17350.000000  3.285946e-12
17450.000000  3.391464e-12
17550.000000  3.362203e-12
17650.000000  3.292321e-12
17750.000000  3.222658e-12
17850.000000  3.154556e-12
17950.000000  3.087803e-12
18050.000000  3.009100e-12
18150.000000  2.781655e-12
18250.000000  2.838968e-12
18350.000000  2.833512e-12
18450.000000  2.779411e-12
18550.000000  2.723090e-12
18650.000000  2.648372e-12
18750.000000  2.456742e-12
18850.000000  2.543158e-12
18950.000000  2.509487e-12
19050.000000  2.457408e-12
19150.000000  2.410695e-12
19250.000000  2.361758e-12
19350.000000  2.296159e-12
19450.000000  2.122512e-12
19550.000000  2.206480e-12
19650.000000  2.182618e-12
19750.000000  2.142333e-12
19850.000000  2.100955e-12
19950.000000  2.060901e-12
20050.000000  2.022180e-12
20150.000000  1.983462e-12
20250.000000  1.946087e-12
20350.000000  1.910035e-12
20450.000000  1.873996e-12
20550.000000  1.839034e-12
20650.000000  1.805667e-12
20750.000000  1.772297e-12
20850.000000  1.740248e-12
20950.000000  1.708212e-12
21050.000000  1.677497e-12
21150.000000  1.646779e-12
21250.000000  1.617426e-12
21350.000000  1.589379e-12
21450.000000  1.558922e-12
21550.000000  1.520891e-12
21650.000000  1.413054e-12
21750.000000  1.461041e-12
21850.000000  1.451007e-12
21950.000000  1.427842e-12
22050.000000  1.403809e-12
22150.000000  1.379551e-12
22250.000000  1.355749e-12
22350.000000  1.332265e-12
22450.000000  1.309615e-12
22550.000000  1.287461e-12
22650.000000  1.265701e-12
22750.000000  1.244445e-12
22850.000000  1.223729e-12
22950.000000  1.203435e-12
23050.000000  1.183520e-12
23150.000000  1.164028e-12
23250.000000  1.144937e-12
23350.000000  1.126247e-12
23450.000000  1.107932e-12
23550.000000  1.090043e-12
23650.000000  1.072397e-12
23750.000000  1.055175e-12
23850.000000  1.038220e-12
23950.000000  1.021642e-12
24050.000000  1.005355e-12
24150.000000  9.894441e-13
24250.000000  9.739331e-13
24350.000000  9.584246e-13
24450.000000  9.431827e-13
24550.000000  9.286758e-13
24650.000000  9.137873e-13
24750.000000  8.995010e-13
24850.000000  8.864013e-13
24950.000000  8.704836e-13
