2505.000000  1.467439e-12
2513.000000  6.367890e-13
2518.000000  4.376966e-13
2525.000000  4.421190e-13
2535.000000  5.487146e-13
2545.000000  6.971679e-13
2555.000000  1.499417e-12
2565.000000  1.263700e-12
2575.000000  1.807620e-12
2585.000000  1.594276e-12
2595.000000  1.398786e-12
2605.000000  1.094649e-12
2615.000000  9.876000e-13
2625.000000  1.466031e-12
2635.000000  2.876602e-12
2645.000000  4.023111e-12
2655.000000  5.386035e-12
2665.000000  3.227433e-12
2675.000000  3.824206e-12
2685.000000  4.431090e-12
2695.000000  3.209960e-12
2705.000000  4.050577e-12
2715.000000  2.794297e-12
2725.000000  2.284837e-12
2735.000000  2.826363e-12
2745.000000  1.363857e-12
2755.000000  1.996977e-12
2765.000000  2.760582e-12
2775.000000  2.983232e-12
2785.000000  1.509898e-12
2795.000000  5.734738e-13
2805.000000  7.304614e-13
2815.000000  2.573950e-12
2825.000000  4.263716e-12
2835.000000  3.988911e-12
2845.000000  2.637410e-12
2855.000000  1.257348e-12
2865.000000  3.741828e-12
2875.000000  5.086420e-12
2885.000000  4.439601e-12
2895.000000  5.270269e-12
2910.000000  6.988626e-12
2930.000000  6.164046e-12
2950.000000  5.993881e-12
2970.000000  6.518730e-12
2990.000000  6.426449e-12
3010.000000  6.694015e-12
3030.000000  6.975411e-12
3050.000000  7.240071e-12
3070.000000  7.325703e-12
3090.000000  7.159457e-12
3110.000000  7.629047e-12
3130.000000  7.377337e-12
3150.000000  7.057344e-12
3170.000000  7.556459e-12
3190.000000  6.743500e-12
3210.000000  7.523872e-12
3230.000000  6.243642e-12
3250.000000  8.187343e-12
3270.000000  9.442676e-12
3290.000000  9.098415e-12
3310.000000  8.934168e-12
3330.000000  8.963322e-12
3350.000000  8.746995e-12
3370.000000  7.144893e-12
3390.000000  8.101273e-12
3410.000000  8.226043e-12
3430.000000  8.472196e-12
3450.000000  8.857120e-12
3470.000000  9.024581e-12
3490.000000  9.579598e-12
3510.000000  9.946336e-12
3530.000000  9.306940e-12
3550.000000  1.067995e-11
3570.000000  8.400336e-12
3590.000000  8.390388e-12
3610.000000  9.145176e-12
3630.000000  9.239067e-12
3640.000000  9.270788e-12
3650.000000  1.051127e-11
3670.000000  1.059654e-11
3690.000000  1.025140e-11
3710.000000  1.070481e-11
3730.000000  8.797147e-12
3750.000000  9.754198e-12
3770.000000  1.114717e-11
3790.000000  1.183748e-11
3810.000000  1.214403e-11
3830.000000  8.205279e-12
3850.000000  1.093451e-11
3870.000000  1.093037e-11
3890.000000  1.091116e-11
3910.000000  1.274563e-11
3930.000000  6.986245e-12
3950.000000  1.138094e-11
3970.000000  7.771405e-12
3990.000000  1.458951e-11
4010.000000  1.551607e-11
4030.000000  1.548112e-11
4050.000000  1.499828e-11
4070.000000  1.468143e-11
4090.000000  1.588992e-11
4110.000000  1.485865e-11
4130.000000  1.590720e-11
4150.000000  1.617084e-11
4170.000000  1.610913e-11
4190.000000  1.550830e-11
4210.000000  1.561498e-11
4230.000000  1.489220e-11
4250.000000  1.525018e-11
4270.000000  1.441877e-11
4290.000000  1.329171e-11
4310.000000  1.131300e-11
4330.000000  1.498716e-11
4350.000000  1.406134e-11
4370.000000  1.608925e-11
4390.000000  1.489193e-11
4410.000000  1.570444e-11
4430.000000  1.628286e-11
4450.000000  1.616158e-11
4470.000000  1.681409e-11
4490.000000  1.688043e-11
4510.000000  1.824947e-11
4530.000000  1.670066e-11
4550.000000  1.709100e-11
4570.000000  1.804840e-11
4590.000000  1.708401e-11
4610.000000  1.746597e-11
4630.000000  1.716544e-11
4650.000000  1.733143e-11
4670.000000  1.769460e-11
4690.000000  1.729443e-11
4710.000000  1.659679e-11
4730.000000  1.740468e-11
4750.000000  1.759403e-11
4770.000000  1.755935e-11
4790.000000  1.745942e-11
4810.000000  1.724833e-11
4830.000000  1.740994e-11
4850.000000  1.608826e-11
4870.000000  1.412363e-11
4890.000000  1.652483e-11
4910.000000  1.653070e-11
4930.000000  1.622265e-11
4950.000000  1.679207e-11
4970.000000  1.692139e-11
4990.000000  1.585302e-11
5010.000000  1.523888e-11
5030.000000  1.604362e-11
5050.000000  1.600932e-11
5070.000000  1.655534e-11
5090.000000  1.599067e-11
5110.000000  1.620340e-11
5130.000000  1.580379e-11
5150.000000  1.532524e-11
5170.000000  1.421028e-11
5190.000000  1.423896e-11
5210.000000  1.527112e-11
5230.000000  1.542431e-11
5250.000000  1.578376e-11
5270.000000  1.416099e-11
5290.000000  1.559028e-11
5310.000000  1.594128e-11
5330.000000  1.461183e-11
5350.000000  1.552180e-11
5370.000000  1.548364e-11
5390.000000  1.531212e-11
5410.000000  1.480180e-11
5430.000000  1.517729e-11
5450.000000  1.548069e-11
5470.000000  1.518427e-11
5490.000000  1.505622e-11
5510.000000  1.505955e-11
5530.000000  1.510292e-11
5550.000000  1.523970e-11
5570.000000  1.483640e-11
5590.000000  1.456486e-11
5610.000000  1.488863e-11
5630.000000  1.492795e-11
5650.000000  1.483711e-11
5670.000000  1.450044e-11
5690.000000  1.466578e-11
5710.000000  1.442353e-11
5730.000000  1.510334e-11
5750.000000  1.465894e-11
5770.000000  1.475097e-11
5790.000000  1.440287e-11
5810.000000  1.461284e-11
5830.000000  1.472796e-11
5850.000000  1.442708e-11
5870.000000  1.441574e-11
5890.000000  1.359965e-11
5910.000000  1.424595e-11
5930.000000  1.417624e-11
5950.000000  1.416865e-11
5970.000000  1.415085e-11
5990.000000  1.400052e-11
6010.000000  1.378187e-11
6030.000000  1.376343e-11
6050.000000  1.394679e-11
6070.000000  1.387005e-11
6090.000000  1.358318e-11
6110.000000  1.343923e-11
6130.000000  1.301821e-11
6150.000000  1.310046e-11
6170.000000  1.276311e-11
6190.000000  1.328280e-11
6210.000000  1.328046e-11
6230.000000  1.296371e-11
6250.000000  1.257821e-11
6270.000000  1.303680e-11
6290.000000  1.304077e-11
6310.000000  1.267521e-11
6330.000000  1.269596e-11
6350.000000  1.267216e-11
6370.000000  1.260123e-11
6390.000000  1.266038e-11
6410.000000  1.237141e-11
6430.000000  1.245880e-11
6450.000000  1.228475e-11
6470.000000  1.225049e-11
6490.000000  1.207104e-11
6510.000000  1.225649e-11
6530.000000  1.219369e-11
6550.000000  1.168277e-11
6570.000000  1.027173e-11
6590.000000  1.186253e-11
6610.000000  1.203008e-11
6630.000000  1.194514e-11
6650.000000  1.190165e-11
6670.000000  1.175541e-11
6690.000000  1.186027e-11
6710.000000  1.165567e-11
6730.000000  1.171316e-11
6750.000000  1.156557e-11
6770.000000  1.155052e-11
6790.000000  1.148043e-11
6810.000000  1.139367e-11
6830.000000  1.140980e-11
6850.000000  1.119552e-11
6870.000000  1.125690e-11
6890.000000  1.122743e-11
6910.000000  1.114049e-11
6930.000000  1.108541e-11
6950.000000  1.102962e-11
6970.000000  1.099354e-11
6990.000000  1.094597e-11
7010.000000  1.064320e-11
7030.000000  1.076432e-11
7050.000000  1.076855e-11
7070.000000  1.067111e-11
7090.000000  1.060784e-11
7110.000000  1.055684e-11
7130.000000  1.044414e-11
7150.000000  1.037220e-11
7170.000000  1.031468e-11
7190.000000  1.008890e-11
7210.000000  1.021352e-11
7230.000000  1.017242e-11
7250.000000  1.018553e-11
7270.000000  1.014423e-11
7290.000000  9.896385e-12
7310.000000  1.000037e-11
7330.000000  9.943926e-12
7350.000000  9.950346e-12
7370.000000  9.919199e-12
7390.000000  9.695629e-12
7410.000000  9.560630e-12
7430.000000  9.620945e-12
7450.000000  9.616516e-12
7470.000000  9.646222e-12
7490.000000  9.546913e-12
7510.000000  9.533363e-12
7530.000000  9.507667e-12
7550.000000  9.501095e-12
7570.000000  9.396813e-12
7590.000000  9.363245e-12
7610.000000  9.289387e-12
7630.000000  9.302916e-12
7650.000000  9.238489e-12
7670.000000  9.025846e-12
7690.000000  9.128945e-12
7710.000000  9.034148e-12
7730.000000  9.020526e-12
7750.000000  8.906836e-12
7770.000000  8.935056e-12
7790.000000  8.959165e-12
7810.000000  8.886828e-12
7830.000000  8.786725e-12
7850.000000  8.753988e-12
7870.000000  8.787204e-12
7890.000000  8.730467e-12
7910.000000  8.625031e-12
7930.000000  8.458389e-12
7950.000000  8.465732e-12
7970.000000  8.552152e-12
7990.000000  8.526477e-12
8010.000000  8.416575e-12
8030.000000  8.375286e-12
8050.000000  8.305328e-12
8070.000000  8.334606e-12
8090.000000  8.200401e-12
8110.000000  8.246079e-12
8130.000000  8.245509e-12
8150.000000  8.182607e-12
8170.000000  8.142006e-12
8190.000000  7.912473e-12
8210.000000  7.914745e-12
8230.000000  7.887535e-12
8250.000000  7.907512e-12
8270.000000  7.954979e-12
8290.000000  7.898165e-12
8310.000000  7.757388e-12
8330.000000  7.694651e-12
8350.000000  7.718751e-12
8370.000000  7.733891e-12
8390.000000  7.607440e-12
8410.000000  7.666048e-12
8430.000000  7.531166e-12
8450.000000  7.513769e-12
8470.000000  7.470160e-12
8490.000000  7.370719e-12
8510.000000  7.039978e-12
8530.000000  7.245854e-12
8550.000000  6.244253e-12
8570.000000  7.371968e-12
8590.000000  7.218905e-12
8610.000000  7.180603e-12
8630.000000  7.258468e-12
8650.000000  7.133154e-12
8670.000000  6.173163e-12
8690.000000  6.981282e-12
8710.000000  7.085784e-12
8730.000000  7.033241e-12
8750.000000  6.774081e-12
8770.000000  6.996492e-12
8790.000000  6.968742e-12
8810.000000  6.836044e-12
8830.000000  6.884782e-12
8850.000000  6.801110e-12
8870.000000  6.516517e-12
8890.000000  6.820755e-12
8910.000000  6.828771e-12
8930.000000  6.711357e-12
8950.000000  6.722176e-12
8970.000000  6.701998e-12
8990.000000  6.678016e-12
9010.000000  6.227911e-12
9030.000000  6.485034e-12
9050.000000  6.629750e-12
9070.000000  6.492988e-12
9090.000000  6.328180e-12
9110.000000  6.405401e-12
9130.000000  6.495018e-12
9150.000000  6.447401e-12
9170.000000  6.403880e-12
9190.000000  6.398095e-12
9210.000000  6.205686e-12
9230.000000  5.856918e-12
9250.000000  6.095525e-12
9270.000000  6.194717e-12
9290.000000  6.223325e-12
9310.000000  6.224897e-12
9330.000000  6.178376e-12
9350.000000  6.149856e-12
9370.000000  6.118861e-12
9390.000000  6.092229e-12
9410.000000  5.837209e-12
9430.000000  5.989175e-12
9450.000000  5.924676e-12
9470.000000  5.987015e-12
9490.000000  5.977474e-12
9510.000000  5.915478e-12
9530.000000  5.825094e-12
9550.000000  5.448209e-12
9570.000000  5.770385e-12
9590.000000  5.824629e-12
9610.000000  5.754563e-12
9630.000000  5.700214e-12
9650.000000  5.689610e-12
9670.000000  5.641866e-12
9690.000000  5.667986e-12
9710.000000  5.663353e-12
9730.000000  5.642229e-12
9750.000000  5.567308e-12
9770.000000  5.572306e-12
9790.000000  5.534562e-12
9810.000000  5.545560e-12
9830.000000  5.507258e-12
9850.000000  5.489232e-12
9870.000000  5.440038e-12
9890.000000  5.408074e-12
9910.000000  5.371499e-12
9930.000000  5.404689e-12
9950.000000  5.378438e-12
9970.000000  5.356711e-12
9990.000000  5.325122e-12
10025.000000  5.211042e-12
10075.000000  5.072174e-12
10125.000000  5.151476e-12
10175.000000  5.063670e-12
10225.000000  5.040326e-12
10275.000000  5.009137e-12
10325.000000  4.914698e-12
10375.000000  4.868141e-12
10425.000000  4.836661e-12
10475.000000  4.736679e-12
10525.000000  4.722645e-12
10575.000000  4.656677e-12
10625.000000  4.600755e-12
10675.000000  4.473048e-12
10725.000000  4.478947e-12
10775.000000  4.423549e-12
10825.000000  4.330277e-12
10875.000000  4.301141e-12
10925.000000  4.127412e-12
10975.000000  4.161062e-12
11025.000000  4.199354e-12
11075.000000  4.185094e-12
11125.000000  4.125152e-12
11175.000000  4.078877e-12
11225.000000  4.057081e-12
11275.000000  3.956020e-12
11325.000000  3.937774e-12
11375.000000  3.906467e-12
11425.000000  3.840039e-12
11475.000000  3.862925e-12
11525.000000  3.824582e-12
11575.000000  3.765815e-12
11625.000000  3.692529e-12
11675.000000  3.661111e-12
11725.000000  3.680750e-12
11775.000000  3.579682e-12
11825.000000  3.550879e-12
11875.000000  3.507313e-12
11925.000000  3.545029e-12
11975.000000  3.413749e-12
12025.000000  3.431420e-12
12075.000000  3.383738e-12
12125.000000  3.371321e-12
12175.000000  3.371923e-12
12225.000000  3.336464e-12
12275.000000  3.289996e-12
12325.000000  3.266563e-12
12375.000000  3.235566e-12
12425.000000  3.200618e-12
12475.000000  3.182186e-12
12525.000000  3.140114e-12
12575.000000  3.107204e-12
12625.000000  3.081164e-12
12675.000000  3.046905e-12
12725.000000  3.030823e-12
12775.000000  2.985191e-12
12825.000000  2.747942e-12
12875.000000  2.923796e-12
12925.000000  2.904743e-12
12975.000000  2.896322e-12
13025.000000  2.855829e-12
13075.000000  2.846116e-12
13125.000000  2.793475e-12
13175.000000  2.765172e-12
13225.000000  2.767496e-12
13275.000000  2.719886e-12
13325.000000  2.709144e-12
13375.000000  2.681670e-12
13425.000000  2.670511e-12
13475.000000  2.644130e-12
13525.000000  2.619983e-12
13575.000000  2.575830e-12
13625.000000  2.565051e-12
13675.000000  2.539588e-12
13725.000000  2.510859e-12
13775.000000  2.495017e-12
13825.000000  2.477813e-12
13875.000000  2.464535e-12
13925.000000  2.437449e-12
13975.000000  2.416162e-12
14025.000000  2.384213e-12
14075.000000  2.376106e-12
14125.000000  2.335493e-12
14175.000000  2.336580e-12
14225.000000  2.288514e-12
14275.000000  2.251345e-12
14325.000000  2.267737e-12
14375.000000  2.261583e-12
14425.000000  2.174505e-12
14475.000000  2.215498e-12
14525.000000  2.160997e-12
14570.000000  2.168125e-12
14620.000000  2.147696e-12
14675.000000  2.134058e-12
14725.000000  2.091551e-12
14775.000000  2.077887e-12
14825.000000  2.069574e-12
14875.000000  2.014513e-12
14925.000000  2.056379e-12
14975.000000  2.021539e-12
15025.000000  1.966003e-12
15075.000000  1.957500e-12
15125.000000  1.976492e-12
15175.000000  1.967688e-12
15225.000000  1.930742e-12
15275.000000  1.931383e-12
15325.000000  1.909105e-12
15375.000000  1.894100e-12
15425.000000  1.875676e-12
15475.000000  1.862815e-12
15525.000000  1.838238e-12
15575.000000  1.818108e-12
15625.000000  1.824201e-12
15675.000000  1.779324e-12
15725.000000  1.773925e-12
15775.000000  1.718115e-12
15825.000000  1.735067e-12
15875.000000  1.666511e-12
15925.000000  1.698836e-12
15975.000000  1.697725e-12
16050.000000  1.670468e-12
16150.000000  1.622680e-12
16250.000000  1.627190e-12
16350.000000  1.574709e-12
16450.000000  1.522115e-12
16550.000000  1.537634e-12
16650.000000  1.508521e-12
16750.000000  1.448453e-12
16850.000000  1.389993e-12
16950.000000  1.424532e-12
17050.000000  1.382168e-12
17150.000000  1.357650e-12
17250.000000  1.316476e-12
17350.000000  1.227763e-12
17450.000000  1.257055e-12
17550.000000  1.249744e-12
17650.000000  1.224119e-12
17750.000000  1.200616e-12
17850.000000  1.180909e-12
17950.000000  1.159885e-12
18050.000000  1.129037e-12
18150.000000  1.054834e-12
18250.000000  1.070411e-12
18350.000000  1.064897e-12
18450.000000  1.038391e-12
18550.000000  1.023929e-12
18650.000000  9.949302e-13
18750.000000  9.164602e-13
18850.000000  9.586314e-13
18950.000000  9.280786e-13
19050.000000  9.329348e-13
19150.000000  9.124191e-13
19250.000000  8.958691e-13
19350.000000  8.701765e-13
19450.000000  8.085092e-13
19550.000000  8.427865e-13
19650.000000  8.295959e-13
19750.000000  8.118605e-13
19850.000000  8.016553e-13
19950.000000  7.869507e-13
20050.000000  7.760409e-13
20150.000000  7.651476e-13
20250.000000  7.457473e-13
20350.000000  7.280711e-13
20450.000000  7.245317e-13
20550.000000  7.095485e-13
20650.000000  6.934958e-13
20750.000000  6.838388e-13
20850.000000  6.717718e-13
20950.000000  6.567246e-13
21050.000000  6.501586e-13
21150.000000  6.372013e-13
21250.000000  6.258357e-13
21350.000000  6.165054e-13
21450.000000  6.071836e-13
21550.000000  5.944716e-13
21650.000000  5.518228e-13
21750.000000  5.689698e-13
21850.000000  5.635685e-13
21950.000000  5.584902e-13
22050.000000  5.441777e-13
22150.000000  5.389563e-13
22250.000000  5.301224e-13
22350.000000  5.213500e-13
22450.000000  5.128429e-13
22550.000000  5.023308e-13
22650.000000  4.946803e-13
22750.000000  4.885317e-13
22850.000000  4.778896e-13
22950.000000  4.704802e-13
23050.000000  4.653192e-13
23150.000000  4.567818e-13
23250.000000  4.485392e-13
23350.000000  4.413460e-13
23450.000000  4.365943e-13
23550.000000  4.269004e-13
23650.000000  4.226555e-13
23750.000000  4.133123e-13
23850.000000  4.057085e-13
23950.000000  4.027640e-13
24050.000000  3.960931e-13
24150.000000  3.874512e-13
24250.000000  3.836021e-13
24350.000000  3.771459e-13
24450.000000  3.719361e-13
24550.000000  3.632654e-13
24650.000000  3.614406e-13
24750.000000  3.543715e-13
24850.000000  3.468850e-13
24950.000000  3.445221e-13
