2505.000000  2.973831e-10
2513.000000  2.942316e-10
2518.000000  2.929708e-10
2525.000000  2.906069e-10
2535.000000  2.872971e-10
2545.000000  2.841456e-10
2555.000000  2.811514e-10
2565.000000  2.778422e-10
2575.000000  2.750054e-10
2585.000000  2.718539e-10
2595.000000  2.688594e-10
2605.000000  2.677559e-10
2615.000000  2.649193e-10
2625.000000  2.620828e-10
2635.000000  2.590886e-10
2645.000000  2.562524e-10
2655.000000  2.532579e-10
2665.000000  2.497911e-10
2675.000000  2.466395e-10
2685.000000  2.456937e-10
2695.000000  2.411238e-10
2705.000000  2.404929e-10
2715.000000  2.378143e-10
2725.000000  2.332441e-10
2735.000000  2.329288e-10
2745.000000  2.300919e-10
2755.000000  2.277280e-10
2765.000000  2.234736e-10
2775.000000  2.233157e-10
2785.000000  2.209520e-10
2795.000000  2.171690e-10
2805.000000  2.159085e-10
2815.000000  2.141755e-10
2825.000000  2.094482e-10
2835.000000  2.081874e-10
2845.000000  2.077142e-10
2855.000000  2.055082e-10
2865.000000  2.034595e-10
2875.000000  2.014105e-10
2885.000000  1.993618e-10
2895.000000  1.974708e-10
2910.000000  1.944766e-10
2930.000000  1.905369e-10
2950.000000  1.851791e-10
2970.000000  1.831301e-10
2990.000000  1.795055e-10
3010.000000  1.761957e-10
3030.000000  1.727288e-10
3050.000000  1.694194e-10
3070.000000  1.662674e-10
3090.000000  1.631155e-10
3110.000000  1.599638e-10
3130.000000  1.571271e-10
3150.000000  1.541801e-10
3170.000000  1.513277e-10
3190.000000  1.471517e-10
3210.000000  1.457489e-10
3230.000000  1.430383e-10
3250.000000  1.404222e-10
3270.000000  1.380110e-10
3290.000000  1.353635e-10
3310.000000  1.331255e-10
3330.000000  1.307459e-10
3350.000000  1.282402e-10
3370.000000  1.261756e-10
3390.000000  1.239693e-10
3410.000000  1.218102e-10
3430.000000  1.193362e-10
3450.000000  1.169408e-10
3470.000000  1.152072e-10
3490.000000  1.132530e-10
3510.000000  1.114248e-10
3530.000000  1.096912e-10
3550.000000  1.078316e-10
3570.000000  1.066021e-10
3590.000000  1.041123e-10
3610.000000  1.027726e-10
3630.000000  1.007082e-10
3640.000000  1.005662e-10
3650.000000  9.968373e-11
3670.000000  9.850168e-11
3690.000000  9.689418e-11
3710.000000  9.374222e-11
3730.000000  8.964419e-11
3750.000000  9.033852e-11
3770.000000  8.909402e-11
3790.000000  9.565163e-11
3810.000000  1.017048e-10
3830.000000  8.651083e-11
3850.000000  1.073005e-10
3870.000000  1.120616e-10
3890.000000  8.044222e-11
3910.000000  1.109425e-10
3930.000000  1.126300e-10
3950.000000  1.079639e-10
3970.000000  7.527303e-11
3990.000000  1.027153e-10
4010.000000  1.055376e-10
4030.000000  9.734228e-11
4050.000000  1.041349e-10
4070.000000  1.012504e-10
4090.000000  8.668553e-11
4110.000000  7.317757e-11
4130.000000  9.414209e-11
4150.000000  9.470987e-11
4170.000000  9.447348e-11
4190.000000  9.341740e-11
4210.000000  9.198326e-11
4230.000000  9.047021e-11
4250.000000  8.890974e-11
4270.000000  8.723913e-11
4290.000000  8.555264e-11
4310.000000  8.280992e-11
4330.000000  6.955339e-11
4350.000000  6.249216e-11
4370.000000  7.831791e-11
4390.000000  7.554454e-11
4410.000000  7.792429e-11
4430.000000  7.644280e-11
4450.000000  7.559168e-11
4470.000000  6.931905e-11
4490.000000  7.318025e-11
4510.000000  7.236065e-11
4530.000000  7.125737e-11
4550.000000  7.016985e-11
4570.000000  6.909807e-11
4590.000000  6.804211e-11
4610.000000  6.701762e-11
4630.000000  6.600889e-11
4650.000000  6.501595e-11
4670.000000  6.405448e-11
4690.000000  6.309308e-11
4710.000000  6.113877e-11
4730.000000  6.123326e-11
4750.000000  6.031911e-11
4770.000000  5.940490e-11
4790.000000  5.839617e-11
4810.000000  5.730859e-11
4830.000000  5.554319e-11
4850.000000  4.805577e-11
4870.000000  4.208202e-11
4890.000000  5.256420e-11
4910.000000  5.303731e-11
4930.000000  5.083093e-11
4950.000000  5.209166e-11
4970.000000  5.146127e-11
4990.000000  5.073625e-11
5010.000000  4.920747e-11
5030.000000  4.930199e-11
5050.000000  4.827753e-11
5070.000000  4.796226e-11
5090.000000  4.730030e-11
5110.000000  4.665408e-11
5130.000000  4.600788e-11
5150.000000  4.537742e-11
5170.000000  4.476273e-11
5190.000000  4.416376e-11
5210.000000  4.356483e-11
5230.000000  4.296593e-11
5250.000000  4.239853e-11
5270.000000  4.183112e-11
5290.000000  4.126372e-11
5310.000000  4.071208e-11
5330.000000  4.017620e-11
5350.000000  3.965605e-11
5370.000000  3.913591e-11
5390.000000  3.861580e-11
5410.000000  3.811145e-11
5430.000000  3.760710e-11
5450.000000  3.713421e-11
5470.000000  3.664563e-11
5490.000000  3.617281e-11
5510.000000  3.571572e-11
5530.000000  3.525863e-11
5550.000000  3.480157e-11
5570.000000  3.436025e-11
5590.000000  3.391892e-11
5610.000000  3.349336e-11
5630.000000  3.306783e-11
5650.000000  3.265800e-11
5670.000000  3.224820e-11
5690.000000  3.185417e-11
5710.000000  3.146014e-11
5730.000000  3.106610e-11
5750.000000  3.067210e-11
5770.000000  3.029380e-11
5790.000000  2.993129e-11
5810.000000  2.956876e-11
5830.000000  2.920625e-11
5850.000000  2.884374e-11
5870.000000  2.736232e-11
5890.000000  2.803994e-11
5910.000000  2.781925e-11
5930.000000  2.747251e-11
5950.000000  2.714153e-11
5970.000000  2.682628e-11
5990.000000  2.651104e-11
6010.000000  2.619582e-11
6030.000000  2.588061e-11
6050.000000  2.558113e-11
6070.000000  2.528165e-11
6090.000000  2.498220e-11
6110.000000  2.468275e-11
6130.000000  2.439903e-11
6150.000000  2.411531e-11
6170.000000  2.383162e-11
6190.000000  2.356367e-11
6210.000000  2.329571e-11
6230.000000  2.302776e-11
6250.000000  2.275984e-11
6270.000000  2.250765e-11
6290.000000  2.223972e-11
6310.000000  2.198753e-11
6330.000000  2.175108e-11
6350.000000  2.149892e-11
6370.000000  2.126249e-11
6390.000000  2.102606e-11
6410.000000  2.078964e-11
6430.000000  2.055321e-11
6450.000000  2.033255e-11
6470.000000  2.009612e-11
6490.000000  1.982817e-11
6510.000000  1.954448e-11
6530.000000  1.913462e-11
6550.000000  1.762135e-11
6570.000000  1.535950e-11
6590.000000  1.823618e-11
6610.000000  1.845690e-11
6630.000000  1.834659e-11
6650.000000  1.818898e-11
6670.000000  1.776345e-11
6690.000000  1.759008e-11
6710.000000  1.763734e-11
6730.000000  1.744820e-11
6750.000000  1.725907e-11
6770.000000  1.708567e-11
6790.000000  1.689656e-11
6810.000000  1.672317e-11
6830.000000  1.654979e-11
6850.000000  1.636068e-11
6870.000000  1.620304e-11
6890.000000  1.602967e-11
6910.000000  1.585630e-11
6930.000000  1.569395e-11
6950.000000  1.553161e-11
6970.000000  1.537241e-11
6990.000000  1.521322e-11
7010.000000  1.505718e-11
7030.000000  1.490114e-11
7050.000000  1.474983e-11
7070.000000  1.434953e-11
7090.000000  1.445036e-11
7110.000000  1.430221e-11
7130.000000  1.415877e-11
7150.000000  1.401534e-11
7170.000000  1.387349e-11
7190.000000  1.373479e-11
7210.000000  1.359766e-11
7230.000000  1.345896e-11
7250.000000  1.332656e-11
7270.000000  1.319417e-11
7290.000000  1.295619e-11
7310.000000  1.293252e-11
7330.000000  1.280643e-11
7350.000000  1.268034e-11
7370.000000  1.255582e-11
7390.000000  1.243288e-11
7410.000000  1.231152e-11
7430.000000  1.219015e-11
7450.000000  1.207352e-11
7470.000000  1.195688e-11
7490.000000  1.184024e-11
7510.000000  1.172361e-11
7530.000000  1.161328e-11
7550.000000  1.150294e-11
7570.000000  1.139104e-11
7590.000000  1.128228e-11
7610.000000  1.117511e-11
7630.000000  1.106793e-11
7650.000000  1.096390e-11
7670.000000  1.085987e-11
7690.000000  1.075742e-11
7710.000000  1.065655e-11
7730.000000  1.055567e-11
7750.000000  1.045638e-11
7770.000000  1.035865e-11
7790.000000  1.026251e-11
7810.000000  1.016164e-11
7830.000000  1.007337e-11
7850.000000  9.988250e-12
7870.000000  9.895256e-12
7890.000000  9.802265e-12
7910.000000  9.713997e-12
7930.000000  9.624159e-12
7950.000000  9.535893e-12
7970.000000  9.444479e-12
7990.000000  9.362513e-12
8010.000000  9.277401e-12
8030.000000  9.193865e-12
8050.000000  9.107179e-12
8070.000000  9.025220e-12
8090.000000  8.932235e-12
8110.000000  8.858148e-12
8130.000000  8.780918e-12
8150.000000  8.695806e-12
8170.000000  8.626451e-12
8190.000000  8.538195e-12
8210.000000  8.457803e-12
8230.000000  8.399480e-12
8250.000000  8.326978e-12
8270.000000  8.227691e-12
8290.000000  8.181973e-12
8310.000000  8.114198e-12
8330.000000  8.040120e-12
8350.000000  7.942406e-12
8370.000000  7.893541e-12
8390.000000  7.835218e-12
8410.000000  7.767440e-12
8430.000000  7.694942e-12
8450.000000  7.589352e-12
8470.000000  7.559388e-12
8490.000000  7.482158e-12
8510.000000  7.419103e-12
8530.000000  7.348184e-12
8550.000000  7.248866e-12
8570.000000  7.261492e-12
8590.000000  7.043986e-12
8610.000000  7.028197e-12
8630.000000  7.118066e-12
8650.000000  6.919464e-12
8670.000000  6.635702e-12
8690.000000  6.924187e-12
8710.000000  6.971494e-12
8730.000000  6.733488e-12
8750.000000  6.188052e-12
8770.000000  6.503345e-12
8790.000000  6.782362e-12
8810.000000  6.793406e-12
8830.000000  6.653114e-12
8850.000000  6.139244e-12
8870.000000  5.730966e-12
8890.000000  6.347311e-12
8910.000000  6.528608e-12
8930.000000  6.533353e-12
8950.000000  6.497096e-12
8970.000000  6.388329e-12
8990.000000  6.090411e-12
9010.000000  5.368470e-12
9030.000000  5.584409e-12
9050.000000  6.054163e-12
9070.000000  6.098333e-12
9090.000000  6.140886e-12
9110.000000  6.126699e-12
9130.000000  6.082563e-12
9150.000000  6.022667e-12
9170.000000  5.929673e-12
9190.000000  5.801982e-12
9210.000000  5.415802e-12
9230.000000  4.750608e-12
9250.000000  5.288105e-12
9270.000000  5.595501e-12
9290.000000  5.656986e-12
9310.000000  5.622325e-12
9330.000000  5.617589e-12
9350.000000  5.575033e-12
9370.000000  5.537206e-12
9390.000000  5.493074e-12
9410.000000  5.448938e-12
9430.000000  5.403226e-12
9450.000000  5.352788e-12
9470.000000  5.259803e-12
9490.000000  5.220381e-12
9510.000000  5.048574e-12
9530.000000  4.693905e-12
9550.000000  4.167433e-12
9570.000000  4.725417e-12
9590.000000  4.947688e-12
9610.000000  4.976075e-12
9630.000000  4.952442e-12
9650.000000  4.950863e-12
9670.000000  4.920911e-12
9690.000000  4.884661e-12
9710.000000  4.838955e-12
9730.000000  4.816886e-12
9750.000000  4.779059e-12
9770.000000  4.742805e-12
9790.000000  4.706554e-12
9810.000000  4.670301e-12
9830.000000  4.635623e-12
9850.000000  4.599373e-12
9870.000000  4.564695e-12
9890.000000  4.530018e-12
9910.000000  4.495337e-12
9930.000000  4.451208e-12
9950.000000  4.411802e-12
9970.000000  4.367666e-12
9990.000000  4.309343e-12
10025.000000  3.976747e-12
10075.000000  3.830156e-12
10125.000000  4.099715e-12
10175.000000  4.063461e-12
10225.000000  3.994113e-12
10275.000000  3.923182e-12
10325.000000  3.834920e-12
10375.000000  3.782899e-12
10425.000000  3.713551e-12
10475.000000  3.647349e-12
10525.000000  3.582723e-12
10575.000000  3.519674e-12
10625.000000  3.456628e-12
10675.000000  3.388856e-12
10725.000000  3.336838e-12
10775.000000  3.278515e-12
10825.000000  3.176066e-12
10875.000000  3.122466e-12
10925.000000  2.750473e-12
10975.000000  2.898634e-12
11025.000000  2.968008e-12
11075.000000  2.945939e-12
11125.000000  2.904959e-12
11175.000000  2.856097e-12
11225.000000  2.807232e-12
11275.000000  2.761523e-12
11325.000000  2.715815e-12
11375.000000  2.671679e-12
11425.000000  2.627546e-12
11475.000000  2.583414e-12
11525.000000  2.542431e-12
11575.000000  2.499875e-12
11625.000000  2.460468e-12
11675.000000  2.419489e-12
11725.000000  2.381658e-12
11775.000000  2.343828e-12
11825.000000  2.306001e-12
11875.000000  2.269748e-12
11925.000000  2.233494e-12
11975.000000  2.170457e-12
12025.000000  2.164142e-12
12075.000000  2.129465e-12
12125.000000  2.096367e-12
12175.000000  2.064839e-12
12225.000000  2.031742e-12
12275.000000  2.000217e-12
12325.000000  1.970269e-12
12375.000000  1.940321e-12
12425.000000  1.910372e-12
12475.000000  1.882001e-12
12525.000000  1.848903e-12
12575.000000  1.825257e-12
12625.000000  1.798462e-12
12675.000000  1.768513e-12
12725.000000  1.735412e-12
12775.000000  1.661328e-12
12825.000000  1.500077e-12
12875.000000  1.632955e-12
12925.000000  1.636112e-12
12975.000000  1.606169e-12
13025.000000  1.596708e-12
13075.000000  1.573695e-12
13125.000000  1.550998e-12
13175.000000  1.528616e-12
13225.000000  1.506707e-12
13275.000000  1.485270e-12
13325.000000  1.464149e-12
13375.000000  1.443343e-12
13425.000000  1.422064e-12
13475.000000  1.402992e-12
13525.000000  1.383289e-12
13575.000000  1.363902e-12
13625.000000  1.344987e-12
13675.000000  1.326230e-12
13725.000000  1.307947e-12
13775.000000  1.289977e-12
13825.000000  1.272166e-12
13875.000000  1.254828e-12
13925.000000  1.237647e-12
13975.000000  1.220782e-12
14025.000000  1.204232e-12
14075.000000  1.187997e-12
14125.000000  1.172077e-12
14175.000000  1.156315e-12
14225.000000  1.140868e-12
14275.000000  1.125736e-12
14325.000000  1.110762e-12
14375.000000  1.096104e-12
14425.000000  1.081602e-12
14475.000000  1.067416e-12
14525.000000  1.053388e-12
14570.000000  1.041094e-12
14620.000000  1.027696e-12
14675.000000  1.013195e-12
14725.000000  1.000112e-12
14775.000000  9.873451e-13
14825.000000  9.748930e-13
14875.000000  9.624411e-13
14925.000000  9.503042e-13
14975.000000  9.383249e-13
15025.000000  9.265032e-13
15075.000000  9.131062e-13
15125.000000  9.033332e-13
15175.000000  8.921418e-13
15225.000000  8.809507e-13
15275.000000  8.699173e-13
15325.000000  8.590411e-13
15375.000000  8.486383e-13
15425.000000  8.376048e-13
15475.000000  8.275169e-13
15525.000000  8.167987e-13
15575.000000  8.057650e-13
15625.000000  7.980419e-13
15675.000000  7.855894e-13
15725.000000  7.748709e-13
15775.000000  7.699854e-13
15825.000000  7.595822e-13
15875.000000  7.412971e-13
15925.000000  7.387758e-13
15975.000000  7.353087e-13
16050.000000  7.176544e-13
16150.000000  6.940105e-13
16250.000000  6.911752e-13
16350.000000  6.654817e-13
16450.000000  6.407340e-13
16550.000000  6.459380e-13
16650.000000  6.319097e-13
16750.000000  6.036936e-13
16850.000000  5.789466e-13
16950.000000  5.890367e-13
17050.000000  5.746944e-13
17150.000000  5.655508e-13
17250.000000  5.493156e-13
17350.000000  5.080167e-13
17450.000000  5.209428e-13
17550.000000  5.168458e-13
17650.000000  5.066002e-13
17750.000000  4.955671e-13
17850.000000  4.850062e-13
17950.000000  4.744451e-13
18050.000000  4.616776e-13
18150.000000  4.269996e-13
18250.000000  4.350386e-13
18350.000000  4.347242e-13
18450.000000  4.266859e-13
18550.000000  4.177011e-13
18650.000000  4.038311e-13
18750.000000  3.743543e-13
18850.000000  3.896440e-13
18950.000000  3.846005e-13
19050.000000  3.753017e-13
19150.000000  3.693111e-13
19250.000000  3.615875e-13
19350.000000  3.508690e-13
19450.000000  3.232847e-13
19550.000000  3.368404e-13
19650.000000  3.338462e-13
19750.000000  3.278563e-13
19850.000000  3.213940e-13
19950.000000  3.152467e-13
20050.000000  3.092568e-13
20150.000000  3.032675e-13
20250.000000  2.974355e-13
20350.000000  2.919184e-13
20450.000000  2.864017e-13
20550.000000  2.805697e-13
20650.000000  2.758409e-13
20750.000000  2.706394e-13
20850.000000  2.655956e-13
20950.000000  2.607091e-13
21050.000000  2.559806e-13
21150.000000  2.504642e-13
21250.000000  2.466809e-13
21350.000000  2.422673e-13
21450.000000  2.375384e-13
21550.000000  2.313912e-13
21650.000000  2.134223e-13
21750.000000  2.219335e-13
21850.000000  2.208306e-13
21950.000000  2.175205e-13
22050.000000  2.137375e-13
22150.000000  2.099545e-13
22250.000000  2.063291e-13
22350.000000  2.027041e-13
22450.000000  1.992363e-13
22550.000000  1.959259e-13
22650.000000  1.924585e-13
22750.000000  1.893057e-13
22850.000000  1.859960e-13
22950.000000  1.830008e-13
23050.000000  1.798487e-13
23150.000000  1.768539e-13
23250.000000  1.740164e-13
23350.000000  1.710219e-13
23450.000000  1.681847e-13
23550.000000  1.655048e-13
23650.000000  1.628252e-13
23750.000000  1.601457e-13
23850.000000  1.575449e-13
23950.000000  1.550072e-13
24050.000000  1.525168e-13
24150.000000  1.500578e-13
24250.000000  1.476777e-13
24350.000000  1.453291e-13
24450.000000  1.430121e-13
24550.000000  1.407581e-13
24650.000000  1.385198e-13
24750.000000  1.361871e-13
24850.000000  1.342640e-13
24950.000000  1.320415e-13
