2505.000000  1.498730e-10
2513.000000  1.303616e-10
2518.000000  1.356508e-10
2525.000000  1.242247e-10
2535.000000  1.265767e-10
2545.000000  1.227746e-10
2555.000000  1.325789e-10
2565.000000  1.288945e-10
2575.000000  1.410753e-10
2585.000000  1.378414e-10
2595.000000  1.347077e-10
2605.000000  1.273824e-10
2615.000000  1.267264e-10
2625.000000  1.346746e-10
2635.000000  1.352960e-10
2645.000000  1.506239e-10
2655.000000  1.474044e-10
2665.000000  1.313085e-10
2675.000000  1.403044e-10
2685.000000  1.353974e-10
2695.000000  1.319563e-10
2705.000000  1.373578e-10
2715.000000  1.294570e-10
2725.000000  1.313148e-10
2735.000000  1.419151e-10
2745.000000  1.170992e-10
2755.000000  1.168762e-10
2765.000000  1.206861e-10
2775.000000  1.313190e-10
2785.000000  1.299441e-10
2795.000000  1.012728e-10
2805.000000  1.153468e-10
2815.000000  1.332353e-10
2825.000000  1.363011e-10
2835.000000  1.272158e-10
2845.000000  1.225043e-10
2855.000000  1.201066e-10
2865.000000  1.287923e-10
2875.000000  1.234859e-10
2885.000000  1.255102e-10
2895.000000  1.194769e-10
2910.000000  1.333749e-10
2930.000000  1.270832e-10
2950.000000  1.265567e-10
2970.000000  1.277478e-10
2990.000000  1.276867e-10
3010.000000  1.305617e-10
3030.000000  1.276062e-10
3050.000000  1.250234e-10
3070.000000  1.229738e-10
3090.000000  1.242718e-10
3110.000000  1.197475e-10
3130.000000  1.184790e-10
3150.000000  1.196197e-10
3170.000000  1.174578e-10
3190.000000  1.127419e-10
3210.000000  1.145400e-10
3230.000000  1.121533e-10
3250.000000  1.118917e-10
3270.000000  1.113720e-10
3290.000000  1.110691e-10
3310.000000  1.107857e-10
3330.000000  1.079208e-10
3350.000000  1.059675e-10
3370.000000  1.051280e-10
3390.000000  1.035050e-10
3410.000000  1.045530e-10
3430.000000  1.033522e-10
3450.000000  1.021880e-10
3470.000000  1.003370e-10
3490.000000  9.923259e-11
3510.000000  9.953396e-11
3530.000000  9.919088e-11
3550.000000  9.840055e-11
3570.000000  9.662755e-11
3590.000000  9.551733e-11
3610.000000  9.457115e-11
3630.000000  9.345517e-11
3640.000000  9.317754e-11
3650.000000  9.445965e-11
3670.000000  9.339217e-11
3690.000000  8.986695e-11
3710.000000  9.105105e-11
3730.000000  9.256183e-11
3750.000000  1.162166e-10
3770.000000  1.215988e-10
3790.000000  1.448381e-10
3810.000000  1.629712e-10
3830.000000  1.312324e-10
3850.000000  1.709842e-10
3870.000000  1.861473e-10
3890.000000  1.176987e-10
3910.000000  1.823187e-10
3930.000000  1.844627e-10
3950.000000  1.798896e-10
3970.000000  1.106796e-10
3990.000000  1.723153e-10
4010.000000  1.787952e-10
4030.000000  1.741721e-10
4050.000000  1.753537e-10
4070.000000  1.692704e-10
4090.000000  1.441679e-10
4110.000000  1.133127e-10
4130.000000  1.584253e-10
4150.000000  1.623976e-10
4170.000000  1.598187e-10
4190.000000  1.580237e-10
4210.000000  1.563493e-10
4230.000000  1.536165e-10
4250.000000  1.505557e-10
4270.000000  1.473684e-10
4290.000000  1.468579e-10
4310.000000  1.413940e-10
4330.000000  1.155735e-10
4350.000000  9.938161e-11
4370.000000  1.356880e-10
4390.000000  1.338824e-10
4410.000000  1.345936e-10
4430.000000  1.318078e-10
4450.000000  1.316979e-10
4470.000000  1.284670e-10
4490.000000  1.256276e-10
4510.000000  1.257997e-10
4530.000000  1.236253e-10
4550.000000  1.207159e-10
4570.000000  1.213316e-10
4590.000000  1.181746e-10
4610.000000  1.187098e-10
4630.000000  1.146846e-10
4650.000000  1.153725e-10
4670.000000  1.131912e-10
4690.000000  1.115672e-10
4710.000000  1.081748e-10
4730.000000  1.089077e-10
4750.000000  1.071794e-10
4770.000000  1.065543e-10
4790.000000  1.048385e-10
4810.000000  1.026045e-10
4830.000000  9.954313e-11
4850.000000  8.348238e-11
4870.000000  6.901578e-11
4890.000000  9.493370e-11
4910.000000  9.587025e-11
4930.000000  9.413860e-11
4950.000000  9.399987e-11
4970.000000  9.325787e-11
4990.000000  9.165012e-11
5010.000000  8.864772e-11
5030.000000  8.829906e-11
5050.000000  8.627478e-11
5070.000000  8.655119e-11
5090.000000  8.539526e-11
5110.000000  8.393079e-11
5130.000000  8.343763e-11
5150.000000  8.144789e-11
5170.000000  8.033663e-11
5190.000000  7.967944e-11
5210.000000  7.839262e-11
5230.000000  7.725744e-11
5250.000000  7.719654e-11
5270.000000  7.517924e-11
5290.000000  7.582945e-11
5310.000000  7.385926e-11
5330.000000  7.352438e-11
5350.000000  7.308271e-11
5370.000000  7.215088e-11
5390.000000  7.124006e-11
5410.000000  7.002561e-11
5430.000000  6.944719e-11
5450.000000  6.889953e-11
5470.000000  6.793320e-11
5490.000000  6.728536e-11
5510.000000  6.638696e-11
5530.000000  6.585309e-11
5550.000000  6.511267e-11
5570.000000  6.433672e-11
5590.000000  6.367830e-11
5610.000000  6.316942e-11
5630.000000  6.245944e-11
5650.000000  6.125919e-11
5670.000000  6.072738e-11
5690.000000  6.026588e-11
5710.000000  5.963776e-11
5730.000000  5.898166e-11
5750.000000  5.827281e-11
5770.000000  5.763539e-11
5790.000000  5.681646e-11
5810.000000  5.627308e-11
5830.000000  5.568396e-11
5850.000000  5.509974e-11
5870.000000  5.411906e-11
5890.000000  5.357493e-11
5910.000000  5.324727e-11
5930.000000  5.276799e-11
5950.000000  5.177877e-11
5970.000000  5.144606e-11
5990.000000  5.075751e-11
6010.000000  5.043076e-11
6030.000000  4.992144e-11
6050.000000  4.930951e-11
6070.000000  4.879974e-11
6090.000000  4.827735e-11
6110.000000  4.781025e-11
6130.000000  4.726310e-11
6150.000000  4.612674e-11
6170.000000  4.622762e-11
6190.000000  4.580537e-11
6210.000000  4.532758e-11
6230.000000  4.474902e-11
6250.000000  4.386865e-11
6270.000000  4.390528e-11
6290.000000  4.342924e-11
6310.000000  4.284289e-11
6330.000000  4.250088e-11
6350.000000  4.140739e-11
6370.000000  4.122470e-11
6390.000000  4.114787e-11
6410.000000  4.066757e-11
6430.000000  4.034691e-11
6450.000000  3.959817e-11
6470.000000  3.953378e-11
6490.000000  3.887115e-11
6510.000000  3.840323e-11
6530.000000  3.759657e-11
6550.000000  3.383682e-11
6570.000000  2.781278e-11
6590.000000  3.589078e-11
6610.000000  3.651780e-11
6630.000000  3.629720e-11
6650.000000  3.605935e-11
6670.000000  3.565385e-11
6690.000000  3.533331e-11
6710.000000  3.504684e-11
6730.000000  3.464879e-11
6750.000000  3.434326e-11
6770.000000  3.403843e-11
6790.000000  3.367259e-11
6810.000000  3.335389e-11
6830.000000  3.297303e-11
6850.000000  3.268643e-11
6870.000000  3.238047e-11
6890.000000  3.208470e-11
6910.000000  3.175694e-11
6930.000000  3.139707e-11
6950.000000  3.116907e-11
6970.000000  3.087204e-11
6990.000000  3.061068e-11
7010.000000  3.021502e-11
7030.000000  3.001547e-11
7050.000000  2.964115e-11
7070.000000  2.939344e-11
7090.000000  2.918895e-11
7110.000000  2.877657e-11
7130.000000  2.857748e-11
7150.000000  2.833182e-11
7170.000000  2.808353e-11
7190.000000  2.783720e-11
7210.000000  2.758477e-11
7230.000000  2.726700e-11
7250.000000  2.701790e-11
7270.000000  2.682753e-11
7290.000000  2.656492e-11
7310.000000  2.631193e-11
7330.000000  2.609380e-11
7350.000000  2.587888e-11
7370.000000  2.564504e-11
7390.000000  2.540593e-11
7410.000000  2.515947e-11
7430.000000  2.482047e-11
7450.000000  2.465052e-11
7470.000000  2.435166e-11
7490.000000  2.420646e-11
7510.000000  2.397929e-11
7530.000000  2.383110e-11
7550.000000  2.362628e-11
7570.000000  2.341619e-11
7590.000000  2.319680e-11
7610.000000  2.302466e-11
7630.000000  2.280653e-11
7650.000000  2.257924e-11
7670.000000  2.239208e-11
7690.000000  2.218897e-11
7710.000000  2.198472e-11
7730.000000  2.181728e-11
7750.000000  2.162210e-11
7770.000000  2.102357e-11
7790.000000  2.125041e-11
7810.000000  2.108664e-11
7830.000000  2.088962e-11
7850.000000  2.061770e-11
7870.000000  2.040348e-11
7890.000000  2.015726e-11
7910.000000  2.014992e-11
7930.000000  2.001734e-11
7950.000000  1.968614e-11
7970.000000  1.967697e-11
7990.000000  1.923557e-11
8010.000000  1.934324e-11
8030.000000  1.917454e-11
8050.000000  1.900825e-11
8070.000000  1.884873e-11
8090.000000  1.869436e-11
8110.000000  1.852097e-11
8130.000000  1.839011e-11
8150.000000  1.823782e-11
8170.000000  1.809263e-11
8190.000000  1.786258e-11
8210.000000  1.770318e-11
8230.000000  1.748391e-11
8250.000000  1.752187e-11
8270.000000  1.746154e-11
8290.000000  1.724869e-11
8310.000000  1.717048e-11
8330.000000  1.698916e-11
8350.000000  1.689078e-11
8370.000000  1.676361e-11
8390.000000  1.661774e-11
8410.000000  1.643152e-11
8430.000000  1.626543e-11
8450.000000  1.593629e-11
8470.000000  1.576609e-11
8490.000000  1.596783e-11
8510.000000  1.523925e-11
8530.000000  1.594137e-11
8550.000000  1.450346e-11
8570.000000  1.601266e-11
8590.000000  1.487511e-11
8610.000000  1.451048e-11
8630.000000  1.603784e-11
8650.000000  1.537128e-11
8670.000000  1.294806e-11
8690.000000  1.560109e-11
8710.000000  1.612177e-11
8730.000000  1.547813e-11
8750.000000  1.234130e-11
8770.000000  1.472890e-11
8790.000000  1.588225e-11
8810.000000  1.590569e-11
8830.000000  1.544431e-11
8850.000000  1.392154e-11
8870.000000  1.184697e-11
8890.000000  1.477757e-11
8910.000000  1.524973e-11
8930.000000  1.521479e-11
8950.000000  1.520870e-11
8970.000000  1.497737e-11
8990.000000  1.435248e-11
9010.000000  1.153925e-11
9030.000000  1.256328e-11
9050.000000  1.422237e-11
9070.000000  1.424516e-11
9090.000000  1.419082e-11
9110.000000  1.423579e-11
9130.000000  1.416342e-11
9150.000000  1.410630e-11
9170.000000  1.389309e-11
9190.000000  1.354259e-11
9210.000000  1.270737e-11
9230.000000  1.001381e-11
9250.000000  1.222306e-11
9270.000000  1.285152e-11
9290.000000  1.324687e-11
9310.000000  1.325032e-11
9330.000000  1.313278e-11
9350.000000  1.308943e-11
9370.000000  1.300744e-11
9390.000000  1.284196e-11
9410.000000  1.257992e-11
9430.000000  1.267623e-11
9450.000000  1.259814e-11
9470.000000  1.246188e-11
9490.000000  1.231348e-11
9510.000000  1.203636e-11
9530.000000  1.110183e-11
9550.000000  8.999114e-12
9570.000000  1.116584e-11
9590.000000  1.174405e-11
9610.000000  1.176886e-11
9630.000000  1.155488e-11
9650.000000  1.168492e-11
9670.000000  1.155776e-11
9690.000000  1.152151e-11
9710.000000  1.147024e-11
9730.000000  1.137632e-11
9750.000000  1.128115e-11
9770.000000  1.121555e-11
9790.000000  1.112334e-11
9810.000000  1.103481e-11
9830.000000  1.092587e-11
9850.000000  1.086084e-11
9870.000000  1.078251e-11
9890.000000  1.066095e-11
9910.000000  1.062896e-11
9930.000000  1.055005e-11
9950.000000  1.045852e-11
9970.000000  1.037069e-11
9990.000000  1.025886e-11
10025.000000  9.398318e-12
10075.000000  8.896032e-12
10125.000000  9.682134e-12
10175.000000  9.637530e-12
10225.000000  9.511621e-12
10275.000000  9.345892e-12
10325.000000  9.172502e-12
10375.000000  9.018952e-12
10425.000000  8.868370e-12
10475.000000  8.694281e-12
10525.000000  8.534642e-12
10575.000000  8.404599e-12
10625.000000  8.273858e-12
10675.000000  8.063767e-12
10725.000000  7.975815e-12
10775.000000  7.853434e-12
10825.000000  7.701141e-12
10875.000000  7.525552e-12
10925.000000  6.454346e-12
10975.000000  6.975877e-12
11025.000000  7.199268e-12
11075.000000  7.118050e-12
11125.000000  7.005341e-12
11175.000000  6.891257e-12
11225.000000  6.782608e-12
11275.000000  6.596908e-12
11325.000000  6.510404e-12
11375.000000  6.457729e-12
11425.000000  6.352876e-12
11475.000000  6.261246e-12
11525.000000  6.164031e-12
11575.000000  6.065497e-12
11625.000000  5.942583e-12
11675.000000  5.847743e-12
11725.000000  5.784507e-12
11775.000000  5.653244e-12
11825.000000  5.598976e-12
11875.000000  5.505431e-12
11925.000000  5.442598e-12
11975.000000  5.349362e-12
12025.000000  5.275404e-12
12075.000000  5.193614e-12
12125.000000  5.114461e-12
12175.000000  5.041696e-12
12225.000000  4.964906e-12
12275.000000  4.887393e-12
12325.000000  4.817702e-12
12375.000000  4.747597e-12
12425.000000  4.682115e-12
12475.000000  4.596058e-12
12525.000000  4.545037e-12
12575.000000  4.465553e-12
12625.000000  4.408979e-12
12675.000000  4.348404e-12
12725.000000  4.272160e-12
12775.000000  4.122082e-12
12825.000000  3.594744e-12
12875.000000  4.035504e-12
12925.000000  4.037008e-12
12975.000000  3.992126e-12
13025.000000  3.938812e-12
13075.000000  3.883156e-12
13125.000000  3.829258e-12
13175.000000  3.764268e-12
13225.000000  3.724210e-12
13275.000000  3.672650e-12
13325.000000  3.621938e-12
13375.000000  3.572659e-12
13425.000000  3.521707e-12
13475.000000  3.473289e-12
13525.000000  3.423357e-12
13575.000000  3.379034e-12
13625.000000  3.333379e-12
13675.000000  3.285431e-12
13725.000000  3.241221e-12
13775.000000  3.203572e-12
13825.000000  3.160877e-12
13875.000000  3.120209e-12
13925.000000  3.077331e-12
13975.000000  3.037514e-12
14025.000000  2.998431e-12
14075.000000  2.959153e-12
14125.000000  2.920000e-12
14175.000000  2.883085e-12
14225.000000  2.845435e-12
14275.000000  2.809071e-12
14325.000000  2.772796e-12
14375.000000  2.736603e-12
14425.000000  2.689643e-12
14475.000000  2.666912e-12
14525.000000  2.628013e-12
14570.000000  2.603918e-12
14620.000000  2.573781e-12
14675.000000  2.540591e-12
14725.000000  2.508607e-12
14775.000000  2.473802e-12
14825.000000  2.447723e-12
14875.000000  2.415143e-12
14925.000000  2.390200e-12
14975.000000  2.358342e-12
15025.000000  2.330154e-12
15075.000000  2.300154e-12
15125.000000  2.273216e-12
15175.000000  2.244844e-12
15225.000000  2.218478e-12
15275.000000  2.187964e-12
15325.000000  2.159008e-12
15375.000000  2.138740e-12
15425.000000  2.096705e-12
15475.000000  2.087683e-12
15525.000000  2.061556e-12
15575.000000  2.003450e-12
15625.000000  2.034420e-12
15675.000000  1.971522e-12
15725.000000  1.920075e-12
15775.000000  1.971527e-12
15825.000000  1.945643e-12
15875.000000  1.800660e-12
15925.000000  1.876054e-12
15975.000000  1.896596e-12
16050.000000  1.838038e-12
16150.000000  1.735289e-12
16250.000000  1.795254e-12
16350.000000  1.712841e-12
16450.000000  1.612934e-12
16550.000000  1.680988e-12
16650.000000  1.645209e-12
16750.000000  1.561234e-12
16850.000000  1.468745e-12
16950.000000  1.535758e-12
17050.000000  1.506229e-12
17150.000000  1.473774e-12
17250.000000  1.433761e-12
17350.000000  1.290990e-12
17450.000000  1.359102e-12
17550.000000  1.348383e-12
17650.000000  1.321445e-12
17750.000000  1.293085e-12
17850.000000  1.266410e-12
17950.000000  1.241651e-12
18050.000000  1.206741e-12
18150.000000  1.098271e-12
18250.000000  1.138262e-12
18350.000000  1.140353e-12
18450.000000  1.118541e-12
18550.000000  1.093197e-12
18650.000000  1.066234e-12
18750.000000  9.696812e-13
18850.000000  1.022747e-12
18950.000000  1.009779e-12
19050.000000  9.907999e-13
19150.000000  9.714069e-13
19250.000000  9.518307e-13
19350.000000  9.262670e-13
19450.000000  8.390378e-13
19550.000000  8.906710e-13
19650.000000  8.807066e-13
19750.000000  8.640778e-13
19850.000000  8.480003e-13
19950.000000  8.314972e-13
20050.000000  8.161422e-13
20150.000000  8.009007e-13
20250.000000  7.857291e-13
20350.000000  7.712677e-13
20450.000000  7.568184e-13
20550.000000  7.430219e-13
20650.000000  7.292375e-13
20750.000000  7.162409e-13
20850.000000  7.032498e-13
20950.000000  6.904928e-13
21050.000000  6.780937e-13
21150.000000  6.654159e-13
21250.000000  6.536657e-13
21350.000000  6.416679e-13
21450.000000  6.305334e-13
21550.000000  6.155884e-13
21650.000000  5.606841e-13
21750.000000  5.909225e-13
21850.000000  5.874033e-13
21950.000000  5.780549e-13
22050.000000  5.680640e-13
22150.000000  5.582164e-13
22250.000000  5.489284e-13
22350.000000  5.395752e-13
22450.000000  5.305109e-13
22550.000000  5.214661e-13
22650.000000  5.128284e-13
22750.000000  5.042159e-13
22850.000000  4.962215e-13
22950.000000  4.880254e-13
23050.000000  4.801171e-13
23150.000000  4.722810e-13
23250.000000  4.646090e-13
23350.000000  4.570631e-13
23450.000000  4.497498e-13
23550.000000  4.424929e-13
23650.000000  4.354515e-13
23750.000000  4.284906e-13
23850.000000  4.216843e-13
23950.000000  4.149928e-13
24050.000000  4.081017e-13
24150.000000  4.016510e-13
24250.000000  3.955877e-13
24350.000000  3.892507e-13
24450.000000  3.829148e-13
24550.000000  3.773456e-13
24650.000000  3.709651e-13
24750.000000  3.652620e-13
24850.000000  3.606651e-13
24950.000000  3.520538e-13
