2505.000000  1.681728e-09
2513.000000  1.620137e-09
2518.000000  1.656603e-09
2525.000000  1.638952e-09
2535.000000  1.615837e-09
2545.000000  1.581506e-09
2555.000000  1.580317e-09
2565.000000  1.560160e-09
2575.000000  1.549208e-09
2585.000000  1.531944e-09
2595.000000  1.513720e-09
2605.000000  1.500974e-09
2615.000000  1.484723e-09
2625.000000  1.469429e-09
2635.000000  1.452655e-09
2645.000000  1.438340e-09
2655.000000  1.423017e-09
2665.000000  1.392665e-09
2675.000000  1.380233e-09
2685.000000  1.374796e-09
2695.000000  1.337039e-09
2705.000000  1.333125e-09
2715.000000  1.319801e-09
2725.000000  1.295577e-09
2735.000000  1.294101e-09
2745.000000  1.262798e-09
2755.000000  1.255803e-09
2765.000000  1.235525e-09
2775.000000  1.238895e-09
2785.000000  1.222205e-09
2795.000000  1.182471e-09
2805.000000  1.186771e-09
2815.000000  1.184237e-09
2825.000000  1.156634e-09
2835.000000  1.128788e-09
2845.000000  1.142437e-09
2855.000000  1.128665e-09
2865.000000  1.119258e-09
2875.000000  1.106456e-09
2885.000000  1.094162e-09
2895.000000  1.081853e-09
2910.000000  1.062672e-09
2930.000000  1.039531e-09
2950.000000  1.007999e-09
2970.000000  9.966771e-10
2990.000000  9.725943e-10
3010.000000  9.504705e-10
3030.000000  9.355980e-10
3050.000000  9.159096e-10
3070.000000  8.976706e-10
3090.000000  8.731532e-10
3110.000000  8.602659e-10
3130.000000  8.425635e-10
3150.000000  8.258183e-10
3170.000000  8.076220e-10
3190.000000  7.839754e-10
3210.000000  7.765829e-10
3230.000000  7.603447e-10
3250.000000  7.460489e-10
3270.000000  7.317689e-10
3290.000000  7.165019e-10
3310.000000  7.037009e-10
3330.000000  6.899269e-10
3350.000000  6.756320e-10
3370.000000  6.633381e-10
3390.000000  6.515064e-10
3410.000000  6.391975e-10
3430.000000  6.239315e-10
3450.000000  6.096654e-10
3470.000000  6.002989e-10
3490.000000  5.889760e-10
3510.000000  5.786393e-10
3530.000000  5.692727e-10
3550.000000  5.589499e-10
3570.000000  5.530346e-10
3590.000000  5.372895e-10
3610.000000  5.299097e-10
3630.000000  5.190652e-10
3640.000000  5.190657e-10
3650.000000  5.092358e-10
3670.000000  5.033018e-10
3690.000000  4.944479e-10
3710.000000  4.780018e-10
3730.000000  4.611971e-10
3750.000000  4.570741e-10
3770.000000  4.450691e-10
3790.000000  4.647949e-10
3810.000000  4.849644e-10
3830.000000  4.210530e-10
3850.000000  5.019449e-10
3870.000000  5.138153e-10
3890.000000  3.942618e-10
3910.000000  5.083660e-10
3930.000000  5.054789e-10
3950.000000  4.926144e-10
3970.000000  3.667829e-10
3990.000000  4.697517e-10
4010.000000  4.766948e-10
4030.000000  4.410716e-10
4050.000000  4.673607e-10
4070.000000  4.510240e-10
4090.000000  4.012927e-10
4110.000000  3.481397e-10
4130.000000  4.225506e-10
4150.000000  4.232323e-10
4170.000000  4.216031e-10
4190.000000  4.165277e-10
4210.000000  4.109868e-10
4230.000000  4.032684e-10
4250.000000  3.950164e-10
4270.000000  3.841116e-10
4290.000000  3.802360e-10
4310.000000  3.686243e-10
4330.000000  3.217735e-10
4350.000000  2.924517e-10
4370.000000  3.486209e-10
4390.000000  3.371979e-10
4410.000000  3.443756e-10
4430.000000  3.394272e-10
4450.000000  3.349515e-10
4470.000000  3.092103e-10
4490.000000  3.231354e-10
4510.000000  3.206024e-10
4530.000000  3.151416e-10
4550.000000  3.100657e-10
4570.000000  3.049940e-10
4590.000000  3.003630e-10
4610.000000  2.951531e-10
4630.000000  2.904262e-10
4650.000000  2.842394e-10
4670.000000  2.818475e-10
4690.000000  2.782391e-10
4710.000000  2.683091e-10
4730.000000  2.685047e-10
4750.000000  2.642160e-10
4770.000000  2.621247e-10
4790.000000  2.574471e-10
4810.000000  2.522835e-10
4830.000000  2.455817e-10
4850.000000  2.194497e-10
4870.000000  1.949602e-10
4890.000000  2.334039e-10
4910.000000  2.336045e-10
4930.000000  2.235070e-10
4950.000000  2.284414e-10
4970.000000  2.258203e-10
4990.000000  2.224245e-10
5010.000000  2.144158e-10
5030.000000  2.158751e-10
5050.000000  2.106621e-10
5070.000000  2.099612e-10
5090.000000  2.069090e-10
5110.000000  2.038568e-10
5130.000000  2.005144e-10
5150.000000  1.976581e-10
5170.000000  1.954808e-10
5190.000000  1.927709e-10
5210.000000  1.898184e-10
5230.000000  1.874497e-10
5250.000000  1.848877e-10
5270.000000  1.822778e-10
5290.000000  1.798624e-10
5310.000000  1.773511e-10
5330.000000  1.749369e-10
5350.000000  1.723791e-10
5370.000000  1.703059e-10
5390.000000  1.679904e-10
5410.000000  1.657242e-10
5430.000000  1.634114e-10
5450.000000  1.612438e-10
5470.000000  1.590763e-10
5490.000000  1.570073e-10
5510.000000  1.549860e-10
5530.000000  1.529170e-10
5550.000000  1.509467e-10
5570.000000  1.489761e-10
5590.000000  1.470536e-10
5610.000000  1.450846e-10
5630.000000  1.432607e-10
5650.000000  1.411478e-10
5670.000000  1.391788e-10
5690.000000  1.372606e-10
5710.000000  1.359239e-10
5730.000000  1.342478e-10
5750.000000  1.324267e-10
5770.000000  1.309450e-10
5790.000000  1.292704e-10
5810.000000  1.276449e-10
5830.000000  1.259717e-10
5850.000000  1.244435e-10
5870.000000  1.180375e-10
5890.000000  1.204616e-10
5910.000000  1.198138e-10
5930.000000  1.182871e-10
5950.000000  1.167617e-10
5970.000000  1.155265e-10
5990.000000  1.140011e-10
6010.000000  1.127180e-10
6030.000000  1.112913e-10
6050.000000  1.099617e-10
6070.000000  1.086785e-10
6090.000000  1.073489e-10
6110.000000  1.060686e-10
6130.000000  1.048362e-10
6150.000000  1.034108e-10
6170.000000  1.022757e-10
6190.000000  1.010940e-10
6210.000000  9.991082e-11
6230.000000  9.872914e-11
6250.000000  9.754597e-11
6270.000000  9.641359e-11
6290.000000  9.532902e-11
6310.000000  9.419664e-11
6330.000000  9.311218e-11
6350.000000  9.188388e-11
6370.000000  9.089653e-11
6390.000000  8.991066e-11
6410.000000  8.887540e-11
6430.000000  8.788954e-11
6450.000000  8.685706e-11
6470.000000  8.577398e-11
6490.000000  8.478802e-11
6510.000000  8.360495e-11
6530.000000  8.207656e-11
6550.000000  7.690134e-11
6570.000000  6.754341e-11
6590.000000  7.818759e-11
6610.000000  7.887515e-11
6630.000000  7.828370e-11
6650.000000  7.759495e-11
6670.000000  7.567234e-11
6690.000000  7.488498e-11
6710.000000  7.513010e-11
6730.000000  7.424563e-11
6750.000000  7.350470e-11
6770.000000  7.266813e-11
6790.000000  7.168645e-11
6810.000000  7.109203e-11
6830.000000  7.030477e-11
6850.000000  6.956532e-11
6870.000000  6.882578e-11
6890.000000  6.808634e-11
6910.000000  6.734838e-11
6930.000000  6.665814e-11
6950.000000  6.596800e-11
6970.000000  6.523004e-11
6990.000000  6.453980e-11
7010.000000  6.385115e-11
7030.000000  6.320882e-11
7050.000000  6.252007e-11
7070.000000  6.074536e-11
7090.000000  6.123839e-11
7110.000000  6.059884e-11
7130.000000  5.995810e-11
7150.000000  5.936647e-11
7170.000000  5.872702e-11
7190.000000  5.813548e-11
7210.000000  5.754394e-11
7230.000000  5.646495e-11
7250.000000  5.636216e-11
7270.000000  5.577063e-11
7290.000000  5.468755e-11
7310.000000  5.463825e-11
7330.000000  5.409602e-11
7350.000000  5.355368e-11
7370.000000  5.301145e-11
7390.000000  5.247061e-11
7410.000000  5.197619e-11
7430.000000  5.143534e-11
7450.000000  5.094236e-11
7470.000000  5.040151e-11
7490.000000  4.995653e-11
7510.000000  4.941558e-11
7530.000000  4.894753e-11
7550.000000  4.846951e-11
7570.000000  4.799654e-11
7590.000000  4.752835e-11
7610.000000  4.705568e-11
7630.000000  4.660242e-11
7650.000000  4.614918e-11
7670.000000  4.570564e-11
7690.000000  4.526225e-11
7710.000000  4.482393e-11
7730.000000  4.439040e-11
7750.000000  4.396673e-11
7770.000000  4.345583e-11
7790.000000  4.312911e-11
7810.000000  4.269557e-11
7830.000000  4.231135e-11
7850.000000  4.192766e-11
7870.000000  4.152850e-11
7890.000000  4.109059e-11
7910.000000  4.077440e-11
7930.000000  4.039017e-11
7950.000000  3.998635e-11
7970.000000  3.957226e-11
7990.000000  3.917364e-11
8010.000000  3.881366e-11
8030.000000  3.844900e-11
8050.000000  3.808941e-11
8070.000000  3.773968e-11
8090.000000  3.736010e-11
8110.000000  3.701095e-11
8130.000000  3.673444e-11
8150.000000  3.637471e-11
8170.000000  3.606936e-11
8190.000000  3.569513e-11
8210.000000  3.529611e-11
8230.000000  3.503554e-11
8250.000000  3.475413e-11
8270.000000  3.427172e-11
8290.000000  3.412354e-11
8310.000000  3.383763e-11
8330.000000  3.351254e-11
8350.000000  3.305916e-11
8370.000000  3.287210e-11
8390.000000  3.263549e-11
8410.000000  3.234491e-11
8430.000000  3.203941e-11
8450.000000  3.150783e-11
8470.000000  3.148263e-11
8490.000000  3.112319e-11
8510.000000  3.090642e-11
8530.000000  3.056627e-11
8550.000000  3.025103e-11
8570.000000  3.018219e-11
8590.000000  2.930988e-11
8610.000000  2.935917e-11
8630.000000  2.952711e-11
8650.000000  2.877805e-11
8670.000000  2.792978e-11
8690.000000  2.874370e-11
8710.000000  2.880797e-11
8730.000000  2.789621e-11
8750.000000  2.618053e-11
8770.000000  2.708784e-11
8790.000000  2.793613e-11
8810.000000  2.790164e-11
8830.000000  2.740413e-11
8850.000000  2.559990e-11
8870.000000  2.422951e-11
8890.000000  2.629518e-11
8910.000000  2.678330e-11
8930.000000  2.671460e-11
8950.000000  2.657656e-11
8970.000000  2.618723e-11
8990.000000  2.512771e-11
9010.000000  2.254979e-11
9030.000000  2.337786e-11
9050.000000  2.493067e-11
9070.000000  2.489649e-11
9090.000000  2.504440e-11
9110.000000  2.498046e-11
9130.000000  2.479807e-11
9150.000000  2.456172e-11
9170.000000  2.420183e-11
9190.000000  2.377799e-11
9210.000000  2.237337e-11
9230.000000  1.991916e-11
9250.000000  2.195474e-11
9270.000000  2.289695e-11
9290.000000  2.308348e-11
9310.000000  2.288152e-11
9330.000000  2.283773e-11
9350.000000  2.268939e-11
9370.000000  2.255645e-11
9390.000000  2.237404e-11
9410.000000  2.215783e-11
9430.000000  2.197993e-11
9450.000000  2.176810e-11
9470.000000  2.138371e-11
9490.000000  2.128018e-11
9510.000000  2.063464e-11
9530.000000  1.938763e-11
9550.000000  1.737208e-11
9570.000000  1.953060e-11
9590.000000  2.022576e-11
9610.000000  2.025057e-11
9630.000000  2.008831e-11
9650.000000  2.011256e-11
9670.000000  1.999452e-11
9690.000000  1.982184e-11
9710.000000  1.961507e-11
9730.000000  1.953621e-11
9750.000000  1.938352e-11
9770.000000  1.923562e-11
9790.000000  1.908295e-11
9810.000000  1.893505e-11
9830.000000  1.878730e-11
9850.000000  1.864448e-11
9870.000000  1.849672e-11
9890.000000  1.834897e-11
9910.000000  1.814290e-11
9930.000000  1.806796e-11
9950.000000  1.789064e-11
9970.000000  1.771823e-11
9990.000000  1.751596e-11
10025.000000  1.630362e-11
10075.000000  1.573712e-11
10125.000000  1.662424e-11
10175.000000  1.645678e-11
10225.000000  1.615621e-11
10275.000000  1.586564e-11
10325.000000  1.549112e-11
10375.000000  1.528913e-11
10425.000000  1.500829e-11
10475.000000  1.473729e-11
10525.000000  1.447122e-11
10575.000000  1.421009e-11
10625.000000  1.395880e-11
10675.000000  1.367301e-11
10725.000000  1.346611e-11
10775.000000  1.322469e-11
10825.000000  1.282058e-11
10875.000000  1.263831e-11
10925.000000  1.123866e-11
10975.000000  1.181037e-11
11025.000000  1.197308e-11
11075.000000  1.187463e-11
11125.000000  1.170223e-11
11175.000000  1.150026e-11
11225.000000  1.129828e-11
11275.000000  1.111108e-11
11325.000000  1.092389e-11
11375.000000  1.074628e-11
11425.000000  1.056416e-11
11475.000000  1.039162e-11
11525.000000  1.021908e-11
11575.000000  1.004682e-11
11625.000000  9.884136e-12
11675.000000  9.721594e-12
11725.000000  9.563835e-12
11775.000000  9.406225e-12
11825.000000  9.258326e-12
11875.000000  9.110576e-12
11925.000000  8.962687e-12
11975.000000  8.681968e-12
12025.000000  8.681819e-12
12075.000000  8.543929e-12
12125.000000  8.406040e-12
12175.000000  8.277862e-12
12225.000000  8.144903e-12
12275.000000  8.016735e-12
12325.000000  7.893627e-12
12375.000000  7.770379e-12
12425.000000  7.652062e-12
12475.000000  7.533894e-12
12525.000000  7.400786e-12
12575.000000  7.307259e-12
12625.000000  7.194021e-12
12675.000000  7.085416e-12
12725.000000  6.952447e-12
12775.000000  6.671589e-12
12825.000000  6.065371e-12
12875.000000  6.563132e-12
12925.000000  6.548490e-12
12975.000000  6.405531e-12
13025.000000  6.380880e-12
13075.000000  6.287354e-12
13125.000000  6.193697e-12
13175.000000  6.104952e-12
13225.000000  6.016356e-12
13275.000000  5.927630e-12
13325.000000  5.843815e-12
13375.000000  5.760149e-12
13425.000000  5.671414e-12
13475.000000  5.597469e-12
13525.000000  5.518585e-12
13575.000000  5.439849e-12
13625.000000  5.360984e-12
13675.000000  5.287030e-12
13725.000000  5.213224e-12
13775.000000  5.139280e-12
13825.000000  5.070258e-12
13875.000000  5.001224e-12
13925.000000  4.927453e-12
13975.000000  4.861855e-12
14025.000000  4.795332e-12
14075.000000  4.729807e-12
14125.000000  4.665255e-12
14175.000000  4.602182e-12
14225.000000  4.540094e-12
14275.000000  4.478992e-12
14325.000000  4.418399e-12
14375.000000  4.359270e-12
14425.000000  4.301126e-12
14475.000000  4.243968e-12
14525.000000  4.187797e-12
14570.000000  4.138033e-12
14620.000000  4.082356e-12
14675.000000  4.023733e-12
14725.000000  3.971506e-12
14775.000000  3.920248e-12
14825.000000  3.869500e-12
14875.000000  3.819737e-12
14925.000000  3.770468e-12
14975.000000  3.722662e-12
15025.000000  3.674872e-12
15075.000000  3.618700e-12
15125.000000  3.582233e-12
15175.000000  3.536907e-12
15225.000000  3.492074e-12
15275.000000  3.447734e-12
15325.000000  3.404365e-12
15375.000000  3.361984e-12
15425.000000  3.318136e-12
15475.000000  3.277740e-12
15525.000000  3.235850e-12
15575.000000  3.192496e-12
15625.000000  3.159973e-12
15675.000000  3.112661e-12
15725.000000  3.070771e-12
15775.000000  3.046644e-12
15825.000000  3.006234e-12
15875.000000  2.941665e-12
15925.000000  2.925426e-12
15975.000000  2.905736e-12
16050.000000  2.839704e-12
16150.000000  2.751472e-12
16250.000000  2.726869e-12
16350.000000  2.633243e-12
16450.000000  2.541067e-12
16550.000000  2.544564e-12
16650.000000  2.487407e-12
16750.000000  2.386864e-12
16850.000000  2.294225e-12
16950.000000  2.317411e-12
17050.000000  2.255324e-12
17150.000000  2.222815e-12
17250.000000  2.161699e-12
17350.000000  2.012366e-12
17450.000000  2.052791e-12
17550.000000  2.030158e-12
17650.000000  1.987775e-12
17750.000000  1.944407e-12
17850.000000  1.901559e-12
17950.000000  1.861135e-12
18050.000000  1.812850e-12
18150.000000  1.684702e-12
18250.000000  1.711830e-12
18350.000000  1.704944e-12
18450.000000  1.671914e-12
18550.000000  1.634996e-12
18650.000000  1.580261e-12
18750.000000  1.473818e-12
18850.000000  1.529018e-12
18950.000000  1.505384e-12
19050.000000  1.466931e-12
19150.000000  1.444760e-12
19250.000000  1.415210e-12
19350.000000  1.375785e-12
19450.000000  1.269822e-12
19550.000000  1.319598e-12
19650.000000  1.305809e-12
19750.000000  1.281174e-12
19850.000000  1.256046e-12
19950.000000  1.231412e-12
20050.000000  1.207748e-12
20150.000000  1.184592e-12
20250.000000  1.161450e-12
20350.000000  1.139266e-12
20450.000000  1.117573e-12
20550.000000  1.094417e-12
20650.000000  1.076177e-12
20750.000000  1.055979e-12
20850.000000  1.036273e-12
20950.000000  1.016569e-12
21050.000000  9.978487e-13
21150.000000  9.751713e-13
21250.000000  9.618605e-13
21350.000000  9.441273e-13
21450.000000  9.263941e-13
21550.000000  9.032376e-13
21650.000000  8.332343e-13
21750.000000  8.667713e-13
21850.000000  8.603619e-13
21950.000000  8.470511e-13
22050.000000  8.317831e-13
22150.000000  8.174862e-13
22250.000000  8.027112e-13
22350.000000  7.889213e-13
22450.000000  7.751185e-13
22550.000000  7.618076e-13
22650.000000  7.485108e-13
22750.000000  7.357079e-13
22850.000000  7.233682e-13
22950.000000  7.110574e-13
23050.000000  6.987475e-13
23150.000000  6.874088e-13
23250.000000  6.755910e-13
23350.000000  6.642524e-13
23450.000000  6.534067e-13
23550.000000  6.425610e-13
23650.000000  6.317302e-13
23750.000000  6.213915e-13
23850.000000  6.115170e-13
23950.000000  6.016574e-13
24050.000000  5.918117e-13
24150.000000  5.819661e-13
24250.000000  5.725995e-13
24350.000000  5.637250e-13
24450.000000  5.543733e-13
24550.000000  5.454997e-13
24650.000000  5.371182e-13
24750.000000  5.272726e-13
24850.000000  5.203562e-13
24950.000000  5.119756e-13
