2505.000000  2.476034e-10
2513.000000  2.442037e-10
2518.000000  2.438647e-10
2525.000000  2.417777e-10
2535.000000  2.387772e-10
2545.000000  2.357805e-10
2555.000000  2.335021e-10
2565.000000  2.307118e-10
2575.000000  2.282019e-10
2585.000000  2.255811e-10
2595.000000  2.229468e-10
2605.000000  2.220609e-10
2615.000000  2.196561e-10
2625.000000  2.171811e-10
2635.000000  2.144616e-10
2645.000000  2.121793e-10
2655.000000  2.093992e-10
2665.000000  2.064587e-10
2675.000000  2.038373e-10
2685.000000  2.031210e-10
2695.000000  1.989252e-10
2705.000000  1.985473e-10
2715.000000  1.963644e-10
2725.000000  1.922460e-10
2735.000000  1.920596e-10
2745.000000  1.894981e-10
2755.000000  1.875485e-10
2765.000000  1.838504e-10
2775.000000  1.838568e-10
2785.000000  1.818066e-10
2795.000000  1.781388e-10
2805.000000  1.772955e-10
2815.000000  1.760041e-10
2825.000000  1.717981e-10
2835.000000  1.704835e-10
2845.000000  1.704299e-10
2855.000000  1.686131e-10
2865.000000  1.668646e-10
2875.000000  1.650929e-10
2885.000000  1.633580e-10
2895.000000  1.616739e-10
2910.000000  1.591215e-10
2930.000000  1.558076e-10
2950.000000  1.512044e-10
2970.000000  1.495165e-10
2990.000000  1.464579e-10
3010.000000  1.435451e-10
3030.000000  1.406599e-10
3050.000000  1.378522e-10
3070.000000  1.351263e-10
3090.000000  1.324237e-10
3110.000000  1.298538e-10
3130.000000  1.275115e-10
3150.000000  1.249958e-10
3170.000000  1.225485e-10
3190.000000  1.190007e-10
3210.000000  1.178465e-10
3230.000000  1.156094e-10
3250.000000  1.133722e-10
3270.000000  1.113729e-10
3290.000000  1.091411e-10
3310.000000  1.072860e-10
3330.000000  1.053175e-10
3350.000000  1.031573e-10
3370.000000  1.014861e-10
3390.000000  9.963468e-11
3410.000000  9.783912e-11
3430.000000  9.566181e-11
3450.000000  9.359330e-11
3470.000000  9.221024e-11
3490.000000  9.057948e-11
3510.000000  8.912941e-11
3530.000000  8.770991e-11
3550.000000  8.622903e-11
3570.000000  8.529061e-11
3590.000000  8.316308e-11
3610.000000  8.205694e-11
3630.000000  8.034983e-11
3640.000000  8.031447e-11
3650.000000  7.905129e-11
3670.000000  7.808755e-11
3690.000000  7.672359e-11
3710.000000  7.414021e-11
3730.000000  7.104636e-11
3750.000000  7.201756e-11
3770.000000  7.115285e-11
3790.000000  7.577504e-11
3810.000000  7.993578e-11
3830.000000  6.845262e-11
3850.000000  8.368340e-11
3870.000000  8.635212e-11
3890.000000  6.411762e-11
3910.000000  8.536765e-11
3930.000000  8.576410e-11
3950.000000  8.291304e-11
3970.000000  5.980393e-11
3990.000000  7.904148e-11
4010.000000  8.028237e-11
4030.000000  7.418242e-11
4050.000000  7.901520e-11
4070.000000  7.697439e-11
4090.000000  6.738568e-11
4110.000000  5.747377e-11
4130.000000  7.167628e-11
4150.000000  7.176137e-11
4170.000000  7.148640e-11
4190.000000  7.063737e-11
4210.000000  6.950396e-11
4230.000000  6.834120e-11
4250.000000  6.718833e-11
4270.000000  6.587392e-11
4290.000000  6.469849e-11
4310.000000  6.284119e-11
4330.000000  5.400934e-11
4350.000000  4.875100e-11
4370.000000  5.947730e-11
4390.000000  5.715057e-11
4410.000000  5.880730e-11
4430.000000  5.767077e-11
4450.000000  5.702433e-11
4470.000000  5.243280e-11
4490.000000  5.516238e-11
4510.000000  5.451085e-11
4530.000000  5.365956e-11
4550.000000  5.282155e-11
4570.000000  5.200631e-11
4590.000000  5.121531e-11
4610.000000  5.042984e-11
4630.000000  4.965838e-11
4650.000000  4.888342e-11
4670.000000  4.816450e-11
4690.000000  4.743609e-11
4710.000000  4.595935e-11
4730.000000  4.600979e-11
4750.000000  4.531014e-11
4770.000000  4.465956e-11
4790.000000  4.392023e-11
4810.000000  4.311627e-11
4830.000000  4.194653e-11
4850.000000  3.701419e-11
4870.000000  3.261289e-11
4890.000000  3.978187e-11
4910.000000  3.989793e-11
4930.000000  3.820328e-11
4950.000000  3.910314e-11
4970.000000  3.859147e-11
4990.000000  3.804153e-11
5010.000000  3.688841e-11
5030.000000  3.696504e-11
5050.000000  3.616301e-11
5070.000000  3.594212e-11
5090.000000  3.544066e-11
5110.000000  3.494462e-11
5130.000000  3.445643e-11
5150.000000  3.398282e-11
5170.000000  3.351289e-11
5190.000000  3.305565e-11
5210.000000  3.259623e-11
5230.000000  3.215782e-11
5250.000000  3.172393e-11
5270.000000  3.129003e-11
5290.000000  3.086664e-11
5310.000000  3.045377e-11
5330.000000  3.004965e-11
5350.000000  2.964728e-11
5370.000000  2.925542e-11
5390.000000  2.886356e-11
5410.000000  2.848221e-11
5430.000000  2.810538e-11
5450.000000  2.773821e-11
5470.000000  2.737420e-11
5490.000000  2.701664e-11
5510.000000  2.666681e-11
5530.000000  2.632518e-11
5550.000000  2.598219e-11
5570.000000  2.564738e-11
5590.000000  2.531858e-11
5610.000000  2.499428e-11
5630.000000  2.467599e-11
5650.000000  2.435988e-11
5670.000000  2.405209e-11
5690.000000  2.374882e-11
5710.000000  2.345605e-11
5730.000000  2.316154e-11
5750.000000  2.286877e-11
5770.000000  2.258652e-11
5790.000000  2.230426e-11
5810.000000  2.202974e-11
5830.000000  2.175567e-11
5850.000000  2.148901e-11
5870.000000  2.038266e-11
5890.000000  2.088957e-11
5910.000000  2.071348e-11
5930.000000  2.046275e-11
5950.000000  2.021202e-11
5970.000000  1.996812e-11
5990.000000  1.972558e-11
6010.000000  1.949045e-11
6030.000000  1.925841e-11
6050.000000  1.902870e-11
6070.000000  1.880350e-11
6090.000000  1.858430e-11
6110.000000  1.836277e-11
6130.000000  1.814589e-11
6150.000000  1.793120e-11
6170.000000  1.772295e-11
6190.000000  1.751600e-11
6210.000000  1.731239e-11
6230.000000  1.711363e-11
6250.000000  1.691177e-11
6270.000000  1.671810e-11
6290.000000  1.652635e-11
6310.000000  1.633674e-11
6330.000000  1.614951e-11
6350.000000  1.596358e-11
6370.000000  1.578274e-11
6390.000000  1.560602e-11
6410.000000  1.542885e-11
6430.000000  1.525619e-11
6450.000000  1.508354e-11
6470.000000  1.491088e-11
6490.000000  1.472940e-11
6510.000000  1.452522e-11
6530.000000  1.424679e-11
6550.000000  1.327694e-11
6570.000000  1.163833e-11
6590.000000  1.361253e-11
6610.000000  1.371404e-11
6630.000000  1.361733e-11
6650.000000  1.349547e-11
6670.000000  1.316880e-11
6690.000000  1.303411e-11
6710.000000  1.307214e-11
6730.000000  1.293101e-11
6750.000000  1.278988e-11
6770.000000  1.265559e-11
6790.000000  1.251814e-11
6810.000000  1.238752e-11
6830.000000  1.225690e-11
6850.000000  1.212628e-11
6870.000000  1.199842e-11
6890.000000  1.186780e-11
6910.000000  1.174769e-11
6930.000000  1.161882e-11
6950.000000  1.149871e-11
6970.000000  1.138136e-11
6990.000000  1.126125e-11
7010.000000  1.114114e-11
7030.000000  1.102922e-11
7050.000000  1.091594e-11
7070.000000  1.060318e-11
7090.000000  1.068876e-11
7110.000000  1.058110e-11
7130.000000  1.047361e-11
7150.000000  1.036461e-11
7170.000000  1.025874e-11
7190.000000  1.015701e-11
7210.000000  1.005326e-11
7230.000000  9.943576e-12
7250.000000  9.851949e-12
7270.000000  9.752733e-12
7290.000000  9.567442e-12
7310.000000  9.557357e-12
7330.000000  9.463589e-12
7350.000000  9.369222e-12
7370.000000  9.275963e-12
7390.000000  9.184162e-12
7410.000000  9.093823e-12
7430.000000  9.004259e-12
7450.000000  8.917757e-12
7470.000000  8.829927e-12
7490.000000  8.743322e-12
7510.000000  8.655086e-12
7530.000000  8.574245e-12
7550.000000  8.491031e-12
7570.000000  8.409331e-12
7590.000000  8.328258e-12
7610.000000  8.247461e-12
7630.000000  8.168581e-12
7650.000000  8.090118e-12
7670.000000  8.013074e-12
7690.000000  7.936791e-12
7710.000000  7.861572e-12
7730.000000  7.786538e-12
7750.000000  7.712957e-12
7770.000000  7.639240e-12
7790.000000  7.568675e-12
7810.000000  7.492624e-12
7830.000000  7.426772e-12
7850.000000  7.365343e-12
7870.000000  7.296004e-12
7890.000000  7.224350e-12
7910.000000  7.162276e-12
7930.000000  7.095316e-12
7950.000000  7.028359e-12
7970.000000  6.953610e-12
7990.000000  6.891860e-12
8010.000000  6.824984e-12
8030.000000  6.760616e-12
8050.000000  6.697530e-12
8070.000000  6.638526e-12
8090.000000  6.569649e-12
8110.000000  6.518480e-12
8130.000000  6.462214e-12
8150.000000  6.398644e-12
8170.000000  6.348067e-12
8190.000000  6.283678e-12
8210.000000  6.215517e-12
8230.000000  6.175668e-12
8250.000000  6.122646e-12
8270.000000  6.041338e-12
8290.000000  6.012082e-12
8310.000000  5.962580e-12
8330.000000  5.906303e-12
8350.000000  5.826950e-12
8370.000000  5.795436e-12
8390.000000  5.753446e-12
8410.000000  5.702802e-12
8430.000000  5.648865e-12
8450.000000  5.561834e-12
8470.000000  5.548668e-12
8490.000000  5.487794e-12
8510.000000  5.443963e-12
8530.000000  5.390674e-12
8550.000000  5.315018e-12
8570.000000  5.336087e-12
8590.000000  5.157176e-12
8610.000000  5.156277e-12
8630.000000  5.234085e-12
8650.000000  5.082840e-12
8670.000000  4.863312e-12
8690.000000  5.095298e-12
8710.000000  5.126203e-12
8730.000000  4.948651e-12
8750.000000  4.548373e-12
8770.000000  4.787417e-12
8790.000000  4.982651e-12
8810.000000  4.981436e-12
8830.000000  4.889136e-12
8850.000000  4.526362e-12
8870.000000  4.230656e-12
8890.000000  4.679051e-12
8910.000000  4.783369e-12
8930.000000  4.775336e-12
8950.000000  4.750845e-12
8970.000000  4.679839e-12
8990.000000  4.481625e-12
9010.000000  3.966025e-12
9030.000000  4.135694e-12
9050.000000  4.451385e-12
9070.000000  4.454844e-12
9090.000000  4.480142e-12
9110.000000  4.469522e-12
9130.000000  4.437505e-12
9150.000000  4.395612e-12
9170.000000  4.330021e-12
9190.000000  4.253024e-12
9210.000000  3.989821e-12
9230.000000  3.515164e-12
9250.000000  3.910865e-12
9270.000000  4.103978e-12
9290.000000  4.132202e-12
9310.000000  4.097274e-12
9330.000000  4.095115e-12
9350.000000  4.063348e-12
9370.000000  4.036404e-12
9390.000000  4.005726e-12
9410.000000  3.971269e-12
9430.000000  3.938325e-12
9450.000000  3.901460e-12
9470.000000  3.831709e-12
9490.000000  3.812292e-12
9510.000000  3.696133e-12
9530.000000  3.460086e-12
9550.000000  3.081567e-12
9570.000000  3.488113e-12
9590.000000  3.622976e-12
9610.000000  3.629622e-12
9630.000000  3.604986e-12
9650.000000  3.607771e-12
9670.000000  3.584371e-12
9690.000000  3.554474e-12
9710.000000  3.518384e-12
9730.000000  3.504316e-12
9750.000000  3.477141e-12
9770.000000  3.450243e-12
9790.000000  3.424119e-12
9810.000000  3.397395e-12
9830.000000  3.371271e-12
9850.000000  3.345598e-12
9870.000000  3.320293e-12
9890.000000  3.294853e-12
9910.000000  3.268497e-12
9930.000000  3.241336e-12
9950.000000  3.212873e-12
9970.000000  3.180895e-12
9990.000000  3.143181e-12
10025.000000  2.920299e-12
10075.000000  2.817371e-12
10125.000000  2.986255e-12
10175.000000  2.956060e-12
10225.000000  2.902637e-12
10275.000000  2.851073e-12
10325.000000  2.785570e-12
10375.000000  2.748298e-12
10425.000000  2.698880e-12
10475.000000  2.650236e-12
10525.000000  2.602643e-12
10575.000000  2.556552e-12
10625.000000  2.510829e-12
10675.000000  2.460315e-12
10725.000000  2.423450e-12
10775.000000  2.380879e-12
10825.000000  2.306596e-12
10875.000000  2.274762e-12
10925.000000  2.018663e-12
10975.000000  2.123433e-12
11025.000000  2.156035e-12
11075.000000  2.139239e-12
11125.000000  2.108337e-12
11175.000000  2.072755e-12
11225.000000  2.037173e-12
11275.000000  2.003692e-12
11325.000000  1.970489e-12
11375.000000  1.937551e-12
11425.000000  1.905630e-12
11475.000000  1.874020e-12
11525.000000  1.843325e-12
11575.000000  1.813365e-12
11625.000000  1.783488e-12
11675.000000  1.754663e-12
11725.000000  1.726437e-12
11775.000000  1.698663e-12
11825.000000  1.671488e-12
11875.000000  1.644590e-12
11925.000000  1.618917e-12
11975.000000  1.570533e-12
12025.000000  1.568171e-12
12075.000000  1.543375e-12
12125.000000  1.519295e-12
12175.000000  1.495550e-12
12225.000000  1.472579e-12
12275.000000  1.449459e-12
12325.000000  1.427538e-12
12375.000000  1.405193e-12
12425.000000  1.383917e-12
12475.000000  1.363131e-12
12525.000000  1.338877e-12
12575.000000  1.322120e-12
12625.000000  1.302244e-12
12675.000000  1.281690e-12
12725.000000  1.258056e-12
12775.000000  1.207648e-12
12825.000000  1.097423e-12
12875.000000  1.187642e-12
12925.000000  1.186034e-12
12975.000000  1.161373e-12
13025.000000  1.155989e-12
13075.000000  1.138724e-12
13125.000000  1.122509e-12
13175.000000  1.106294e-12
13225.000000  1.090080e-12
13275.000000  1.074574e-12
13325.000000  1.059336e-12
13375.000000  1.044172e-12
13425.000000  1.028511e-12
13475.000000  1.014874e-12
13525.000000  1.000563e-12
13575.000000  9.865452e-13
13625.000000  9.727372e-13
13675.000000  9.591801e-13
13725.000000  9.458699e-13
13775.000000  9.327608e-13
13825.000000  9.198986e-13
13875.000000  9.072873e-13
13925.000000  8.948087e-13
13975.000000  8.826222e-13
14025.000000  8.706182e-13
14075.000000  8.588153e-13
14125.000000  8.472142e-13
14175.000000  8.358039e-13
14225.000000  8.246084e-13
14275.000000  8.136010e-13
14325.000000  8.027163e-13
14375.000000  7.920636e-13
14425.000000  7.815817e-13
14475.000000  7.712443e-13
14525.000000  7.611228e-13
14570.000000  7.521516e-13
14620.000000  7.422228e-13
14675.000000  7.317352e-13
14725.000000  7.222894e-13
14775.000000  7.130261e-13
14825.000000  7.039323e-13
14875.000000  6.949243e-13
14925.000000  6.861181e-13
14975.000000  6.774079e-13
15025.000000  6.688202e-13
15075.000000  6.588406e-13
15125.000000  6.520439e-13
15175.000000  6.438766e-13
15225.000000  6.357738e-13
15275.000000  6.277760e-13
15325.000000  6.198659e-13
15375.000000  6.122647e-13
15425.000000  6.041449e-13
15475.000000  5.970454e-13
15525.000000  5.893436e-13
15575.000000  5.810206e-13
15625.000000  5.759723e-13
15675.000000  5.667040e-13
15725.000000  5.586725e-13
15775.000000  5.557127e-13
15825.000000  5.482579e-13
15875.000000  5.341184e-13
15925.000000  5.330777e-13
15975.000000  5.305482e-13
16050.000000  5.179328e-13
16150.000000  5.005014e-13
16250.000000  4.984746e-13
16350.000000  4.805895e-13
16450.000000  4.624394e-13
16550.000000  4.655507e-13
16650.000000  4.553241e-13
16750.000000  4.361879e-13
16850.000000  4.183185e-13
16950.000000  4.243776e-13
17050.000000  4.132638e-13
17150.000000  4.069840e-13
17250.000000  3.959249e-13
17350.000000  3.675162e-13
17450.000000  3.759284e-13
17550.000000  3.720436e-13
17650.000000  3.642584e-13
17750.000000  3.563696e-13
17850.000000  3.486871e-13
17950.000000  3.411955e-13
18050.000000  3.325127e-13
18150.000000  3.086702e-13
18250.000000  3.140902e-13
18350.000000  3.127828e-13
18450.000000  3.067184e-13
18550.000000  3.002326e-13
18650.000000  2.903661e-13
18750.000000  2.707913e-13
18850.000000  2.806778e-13
18950.000000  2.764340e-13
19050.000000  2.695233e-13
19150.000000  2.653159e-13
19250.000000  2.599299e-13
19350.000000  2.527680e-13
19450.000000  2.335630e-13
19550.000000  2.424905e-13
19650.000000  2.399964e-13
19750.000000  2.354111e-13
19850.000000  2.308665e-13
19950.000000  2.263857e-13
20050.000000  2.220235e-13
20150.000000  2.177748e-13
20250.000000  2.136229e-13
20350.000000  2.095669e-13
20450.000000  2.055432e-13
20550.000000  2.012945e-13
20650.000000  1.979465e-13
20750.000000  1.942832e-13
20850.000000  1.906650e-13
20950.000000  1.871345e-13
21050.000000  1.837181e-13
21150.000000  1.796345e-13
21250.000000  1.770672e-13
21350.000000  1.738694e-13
21450.000000  1.705529e-13
21550.000000  1.664217e-13
21650.000000  1.538508e-13
21750.000000  1.598013e-13
21850.000000  1.585664e-13
21950.000000  1.560461e-13
22050.000000  1.533331e-13
22150.000000  1.506331e-13
22250.000000  1.479884e-13
22350.000000  1.454811e-13
22450.000000  1.429138e-13
22550.000000  1.404516e-13
22650.000000  1.380771e-13
22750.000000  1.357200e-13
22850.000000  1.334171e-13
22950.000000  1.311651e-13
23050.000000  1.289408e-13
23150.000000  1.267939e-13
23250.000000  1.247069e-13
23350.000000  1.226051e-13
23450.000000  1.206001e-13
23550.000000  1.186266e-13
23650.000000  1.166724e-13
23750.000000  1.147531e-13
23850.000000  1.129215e-13
23950.000000  1.110666e-13
24050.000000  1.092858e-13
24150.000000  1.075361e-13
24250.000000  1.058178e-13
24350.000000  1.041046e-13
24450.000000  1.024564e-13
24550.000000  1.008450e-13
24650.000000  9.922893e-14
24750.000000  9.751113e-14
24850.000000  9.617477e-14
24950.000000  9.456410e-14
