2505.000000  5.651337e-10
2513.000000  5.378460e-10
2518.000000  5.570329e-10
2525.000000  5.430180e-10
2535.000000  5.346943e-10
2545.000000  5.217873e-10
2555.000000  5.306259e-10
2565.000000  5.226896e-10
2575.000000  5.242470e-10
2585.000000  5.210982e-10
2595.000000  5.156987e-10
2605.000000  5.094790e-10
2615.000000  5.046318e-10
2625.000000  4.994566e-10
2635.000000  4.953057e-10
2645.000000  4.955737e-10
2655.000000  4.919944e-10
2665.000000  4.759769e-10
2675.000000  4.771043e-10
2685.000000  4.742808e-10
2695.000000  4.603314e-10
2705.000000  4.580406e-10
2715.000000  4.530482e-10
2725.000000  4.458688e-10
2735.000000  4.480183e-10
2745.000000  4.304046e-10
2755.000000  4.300773e-10
2765.000000  4.264785e-10
2775.000000  4.307342e-10
2785.000000  4.241891e-10
2795.000000  4.069237e-10
2805.000000  4.126323e-10
2815.000000  4.133286e-10
2825.000000  4.044309e-10
2835.000000  3.895591e-10
2845.000000  3.952030e-10
2855.000000  3.922183e-10
2865.000000  3.921382e-10
2875.000000  3.867783e-10
2885.000000  3.828311e-10
2895.000000  3.788222e-10
2910.000000  3.726250e-10
2930.000000  3.643614e-10
2950.000000  3.537047e-10
2970.000000  3.506568e-10
2990.000000  3.416979e-10
3010.000000  3.348053e-10
3030.000000  3.310011e-10
3050.000000  3.241281e-10
3070.000000  3.179302e-10
3090.000000  3.094013e-10
3110.000000  3.047984e-10
3130.000000  2.991532e-10
3150.000000  2.934667e-10
3170.000000  2.866351e-10
3190.000000  2.785350e-10
3210.000000  2.765100e-10
3230.000000  2.711512e-10
3250.000000  2.662013e-10
3270.000000  2.613536e-10
3290.000000  2.560560e-10
3310.000000  2.519446e-10
3330.000000  2.470352e-10
3350.000000  2.420240e-10
3370.000000  2.378512e-10
3390.000000  2.337398e-10
3410.000000  2.296284e-10
3430.000000  2.242982e-10
3450.000000  2.194178e-10
3470.000000  2.160304e-10
3490.000000  2.121011e-10
3510.000000  2.085849e-10
3530.000000  2.053081e-10
3550.000000  2.018533e-10
3570.000000  1.997239e-10
3590.000000  1.938841e-10
3610.000000  1.912986e-10
3630.000000  1.878275e-10
3640.000000  1.879931e-10
3650.000000  1.846858e-10
3670.000000  1.825462e-10
3690.000000  1.795946e-10
3710.000000  1.734049e-10
3730.000000  1.667259e-10
3750.000000  1.663953e-10
3770.000000  1.627936e-10
3790.000000  1.720899e-10
3810.000000  1.808601e-10
3830.000000  1.555209e-10
3850.000000  1.883373e-10
3870.000000  1.939474e-10
3890.000000  1.453829e-10
3910.000000  1.933668e-10
3930.000000  1.915999e-10
3950.000000  1.873489e-10
3970.000000  1.355686e-10
3990.000000  1.782908e-10
4010.000000  1.823645e-10
4030.000000  1.676831e-10
4050.000000  1.790203e-10
4070.000000  1.716908e-10
4090.000000  1.514033e-10
4110.000000  1.301467e-10
4130.000000  1.607567e-10
4150.000000  1.617554e-10
4170.000000  1.615612e-10
4190.000000  1.601273e-10
4210.000000  1.583027e-10
4230.000000  1.551280e-10
4250.000000  1.517078e-10
4270.000000  1.467613e-10
4290.000000  1.460476e-10
4310.000000  1.411442e-10
4330.000000  1.214703e-10
4350.000000  1.099493e-10
4370.000000  1.331356e-10
4390.000000  1.293779e-10
4410.000000  1.324875e-10
4430.000000  1.305502e-10
4450.000000  1.292330e-10
4470.000000  1.187307e-10
4490.000000  1.242088e-10
4510.000000  1.239943e-10
4530.000000  1.216377e-10
4550.000000  1.199399e-10
4570.000000  1.180642e-10
4590.000000  1.162885e-10
4610.000000  1.139914e-10
4630.000000  1.119907e-10
4650.000000  1.099167e-10
4670.000000  1.091004e-10
4690.000000  1.079098e-10
4710.000000  1.034708e-10
4730.000000  1.036140e-10
4750.000000  1.021003e-10
4770.000000  1.017402e-10
4790.000000  9.977849e-11
4810.000000  9.743824e-11
4830.000000  9.479932e-11
4850.000000  8.369710e-11
4870.000000  7.384529e-11
4890.000000  9.017415e-11
4910.000000  9.052619e-11
4930.000000  8.644322e-11
4950.000000  8.866075e-11
4970.000000  8.780161e-11
4990.000000  8.640853e-11
5010.000000  8.268956e-11
5030.000000  8.372669e-11
5050.000000  8.130254e-11
5070.000000  8.165048e-11
5090.000000  8.044354e-11
5110.000000  7.913024e-11
5130.000000  7.750809e-11
5150.000000  7.645664e-11
5170.000000  7.602920e-11
5190.000000  7.500433e-11
5210.000000  7.345362e-11
5230.000000  7.294850e-11
5250.000000  7.197482e-11
5270.000000  7.091519e-11
5290.000000  7.008882e-11
5310.000000  6.910281e-11
5330.000000  6.809430e-11
5350.000000  6.699988e-11
5370.000000  6.641693e-11
5390.000000  6.551077e-11
5410.000000  6.461478e-11
5430.000000  6.361242e-11
5450.000000  6.282896e-11
5470.000000  6.198408e-11
5490.000000  6.128044e-11
5510.000000  6.049286e-11
5530.000000  5.967057e-11
5550.000000  5.896687e-11
5570.000000  5.816705e-11
5590.000000  5.746335e-11
5610.000000  5.666352e-11
5630.000000  5.603352e-11
5650.000000  5.490425e-11
5670.000000  5.416583e-11
5690.000000  5.355835e-11
5710.000000  5.312059e-11
5730.000000  5.249056e-11
5750.000000  5.179708e-11
5770.000000  5.124066e-11
5790.000000  5.058200e-11
5810.000000  4.994581e-11
5830.000000  4.929734e-11
5850.000000  4.871231e-11
5870.000000  4.611028e-11
5890.000000  4.699190e-11
5910.000000  4.687535e-11
5930.000000  4.630669e-11
5950.000000  4.563570e-11
5970.000000  4.527161e-11
5990.000000  4.462313e-11
6010.000000  4.419560e-11
6030.000000  4.362695e-11
6050.000000  4.312577e-11
6070.000000  4.262457e-11
6090.000000  4.210089e-11
6110.000000  4.162223e-11
6130.000000  4.114969e-11
6150.000000  4.046030e-11
6170.000000  4.013508e-11
6190.000000  3.969121e-11
6210.000000  3.923502e-11
6230.000000  3.877883e-11
6250.000000  3.824286e-11
6270.000000  3.786034e-11
6290.000000  3.743283e-11
6310.000000  3.697050e-11
6330.000000  3.658800e-11
6350.000000  3.599064e-11
6370.000000  3.565313e-11
6390.000000  3.531563e-11
6410.000000  3.492081e-11
6430.000000  3.456693e-11
6450.000000  3.414963e-11
6470.000000  3.368116e-11
6490.000000  3.328844e-11
6510.000000  3.285472e-11
6530.000000  3.219603e-11
6550.000000  2.991092e-11
6570.000000  2.610192e-11
6590.000000  3.054516e-11
6610.000000  3.099120e-11
6630.000000  3.080504e-11
6650.000000  3.052888e-11
6670.000000  2.975770e-11
6690.000000  2.946521e-11
6710.000000  2.957770e-11
6730.000000  2.925039e-11
6750.000000  2.895787e-11
6770.000000  2.864285e-11
6790.000000  2.816212e-11
6810.000000  2.800053e-11
6830.000000  2.770801e-11
6850.000000  2.743186e-11
6870.000000  2.713933e-11
6890.000000  2.684068e-11
6910.000000  2.656452e-11
6930.000000  2.627197e-11
6950.000000  2.601831e-11
6970.000000  2.574830e-11
6990.000000  2.547214e-11
7010.000000  2.520213e-11
7030.000000  2.493211e-11
7050.000000  2.465595e-11
7070.000000  2.394615e-11
7090.000000  2.417728e-11
7110.000000  2.388885e-11
7130.000000  2.365767e-11
7150.000000  2.342245e-11
7170.000000  2.319743e-11
7190.000000  2.297241e-11
7210.000000  2.273308e-11
7230.000000  2.219591e-11
7250.000000  2.225768e-11
7270.000000  2.205026e-11
7290.000000  2.162253e-11
7310.000000  2.160574e-11
7330.000000  2.139054e-11
7350.000000  2.118005e-11
7370.000000  2.096833e-11
7390.000000  2.076111e-11
7410.000000  2.055552e-11
7430.000000  2.033520e-11
7450.000000  2.014783e-11
7470.000000  1.991995e-11
7490.000000  1.974689e-11
7510.000000  1.955092e-11
7530.000000  1.936272e-11
7550.000000  1.918332e-11
7570.000000  1.899861e-11
7590.000000  1.881327e-11
7610.000000  1.863142e-11
7630.000000  1.845181e-11
7650.000000  1.827507e-11
7670.000000  1.809935e-11
7690.000000  1.792650e-11
7710.000000  1.775589e-11
7730.000000  1.758467e-11
7750.000000  1.741918e-11
7770.000000  1.714321e-11
7790.000000  1.709148e-11
7810.000000  1.692251e-11
7830.000000  1.677215e-11
7850.000000  1.659233e-11
7870.000000  1.644137e-11
7890.000000  1.625194e-11
7910.000000  1.615826e-11
7930.000000  1.601364e-11
7950.000000  1.582871e-11
7970.000000  1.569371e-11
7990.000000  1.550980e-11
8010.000000  1.539936e-11
8030.000000  1.525513e-11
8050.000000  1.511152e-11
8070.000000  1.497591e-11
8090.000000  1.482555e-11
8110.000000  1.468850e-11
8130.000000  1.457332e-11
8150.000000  1.443810e-11
8170.000000  1.431885e-11
8190.000000  1.416828e-11
8210.000000  1.400832e-11
8230.000000  1.388925e-11
8250.000000  1.380519e-11
8270.000000  1.361352e-11
8290.000000  1.355623e-11
8310.000000  1.344311e-11
8330.000000  1.331874e-11
8350.000000  1.314241e-11
8370.000000  1.306242e-11
8390.000000  1.297528e-11
8410.000000  1.286094e-11
8430.000000  1.273881e-11
8450.000000  1.250254e-11
8470.000000  1.252197e-11
8490.000000  1.237387e-11
8510.000000  1.228774e-11
8530.000000  1.216051e-11
8550.000000  1.201526e-11
8570.000000  1.201302e-11
8590.000000  1.164972e-11
8610.000000  1.166504e-11
8630.000000  1.176018e-11
8650.000000  1.144310e-11
8670.000000  1.105746e-11
8690.000000  1.144085e-11
8710.000000  1.149488e-11
8730.000000  1.111091e-11
8750.000000  1.034229e-11
8770.000000  1.076702e-11
8790.000000  1.115756e-11
8810.000000  1.116432e-11
8830.000000  1.094133e-11
8850.000000  1.016723e-11
8870.000000  9.571915e-12
8890.000000  1.048269e-11
8910.000000  1.071837e-11
8930.000000  1.070304e-11
8950.000000  1.065640e-11
8970.000000  1.048865e-11
8990.000000  1.003102e-11
9010.000000  8.930420e-12
9030.000000  9.278189e-12
9050.000000  9.964543e-12
9070.000000  9.975610e-12
9090.000000  1.003861e-11
9110.000000  1.002573e-11
9130.000000  9.955365e-12
9150.000000  9.862493e-12
9170.000000  9.708250e-12
9190.000000  9.520238e-12
9210.000000  8.920647e-12
9230.000000  7.886526e-12
9250.000000  8.734269e-12
9270.000000  9.125212e-12
9290.000000  9.260045e-12
9310.000000  9.189071e-12
9330.000000  9.173725e-12
9350.000000  9.114201e-12
9370.000000  9.058554e-12
9390.000000  8.991447e-12
9410.000000  8.875861e-12
9430.000000  8.832107e-12
9450.000000  8.750486e-12
9470.000000  8.591746e-12
9490.000000  8.542233e-12
9510.000000  8.271995e-12
9530.000000  7.733768e-12
9550.000000  6.905251e-12
9570.000000  7.794110e-12
9590.000000  8.111617e-12
9610.000000  8.134536e-12
9630.000000  8.057207e-12
9650.000000  8.091786e-12
9670.000000  8.041047e-12
9690.000000  7.975190e-12
9710.000000  7.895204e-12
9730.000000  7.864316e-12
9750.000000  7.801715e-12
9770.000000  7.743827e-12
9790.000000  7.684091e-12
9810.000000  7.622723e-12
9830.000000  7.563601e-12
9850.000000  7.507349e-12
9870.000000  7.445981e-12
9890.000000  7.383383e-12
9910.000000  7.282944e-12
9930.000000  7.268616e-12
9950.000000  7.201115e-12
9970.000000  7.129513e-12
9990.000000  7.044001e-12
10025.000000  6.527665e-12
10075.000000  6.289338e-12
10125.000000  6.683560e-12
10175.000000  6.625671e-12
10225.000000  6.511323e-12
10275.000000  6.395949e-12
10325.000000  6.243960e-12
10375.000000  6.163972e-12
10425.000000  6.053098e-12
10475.000000  5.943861e-12
10525.000000  5.834623e-12
10575.000000  5.732134e-12
10625.000000  5.630262e-12
10675.000000  5.509775e-12
10725.000000  5.432652e-12
10775.000000  5.336916e-12
10825.000000  5.166924e-12
10875.000000  5.092662e-12
10925.000000  4.504521e-12
10975.000000  4.744687e-12
11025.000000  4.827957e-12
11075.000000  4.792569e-12
11125.000000  4.726086e-12
11175.000000  4.646100e-12
11225.000000  4.564479e-12
11275.000000  4.482241e-12
11325.000000  4.409621e-12
11375.000000  4.342117e-12
11425.000000  4.267249e-12
11475.000000  4.199127e-12
11525.000000  4.131004e-12
11575.000000  4.060023e-12
11625.000000  3.994150e-12
11675.000000  3.930529e-12
11725.000000  3.867525e-12
11775.000000  3.801041e-12
11825.000000  3.744785e-12
11875.000000  3.683417e-12
11925.000000  3.626547e-12
11975.000000  3.512200e-12
12025.000000  3.511175e-12
12075.000000  3.456555e-12
12125.000000  3.401938e-12
12175.000000  3.349568e-12
12225.000000  3.297198e-12
12275.000000  3.245446e-12
12325.000000  3.195326e-12
12375.000000  3.147456e-12
12425.000000  3.097954e-12
12475.000000  3.049468e-12
12525.000000  2.997101e-12
12575.000000  2.958845e-12
12625.000000  2.913843e-12
12675.000000  2.868224e-12
12725.000000  2.813604e-12
12775.000000  2.697611e-12
12825.000000  2.445170e-12
12875.000000  2.652608e-12
12925.000000  2.652612e-12
12975.000000  2.595747e-12
13025.000000  2.586742e-12
13075.000000  2.548489e-12
13125.000000  2.511871e-12
13175.000000  2.475251e-12
13225.000000  2.439252e-12
13275.000000  2.404881e-12
13325.000000  2.370515e-12
13375.000000  2.336762e-12
13425.000000  2.300761e-12
13475.000000  2.270892e-12
13525.000000  2.237958e-12
13575.000000  2.206946e-12
13625.000000  2.175647e-12
13675.000000  2.145187e-12
13725.000000  2.115402e-12
13775.000000  2.086415e-12
13825.000000  2.057592e-12
13875.000000  2.029219e-12
13925.000000  2.000436e-12
13975.000000  1.973536e-12
14025.000000  1.947024e-12
14075.000000  1.920513e-12
14125.000000  1.894553e-12
14175.000000  1.869003e-12
14225.000000  1.843944e-12
14275.000000  1.819232e-12
14325.000000  1.794909e-12
14375.000000  1.770873e-12
14425.000000  1.746999e-12
14475.000000  1.724088e-12
14525.000000  1.701402e-12
14570.000000  1.681478e-12
14620.000000  1.659180e-12
14675.000000  1.635757e-12
14725.000000  1.614482e-12
14775.000000  1.593535e-12
14825.000000  1.573385e-12
14875.000000  1.553174e-12
14925.000000  1.533413e-12
14975.000000  1.513877e-12
15025.000000  1.494790e-12
15075.000000  1.472043e-12
15125.000000  1.457191e-12
15175.000000  1.438781e-12
15225.000000  1.420819e-12
15275.000000  1.402920e-12
15325.000000  1.385245e-12
15375.000000  1.368185e-12
15425.000000  1.350449e-12
15475.000000  1.334124e-12
15525.000000  1.317063e-12
15575.000000  1.299225e-12
15625.000000  1.286501e-12
15675.000000  1.266740e-12
15725.000000  1.249679e-12
15775.000000  1.240679e-12
15825.000000  1.224129e-12
15875.000000  1.196532e-12
15925.000000  1.190969e-12
15975.000000  1.183932e-12
16050.000000  1.156458e-12
16150.000000  1.119574e-12
16250.000000  1.111762e-12
16350.000000  1.072463e-12
16450.000000  1.033779e-12
16550.000000  1.038240e-12
16650.000000  1.015329e-12
16750.000000  9.723070e-13
16850.000000  9.337861e-13
16950.000000  9.458580e-13
17050.000000  9.212492e-13
17150.000000  9.075227e-13
17250.000000  8.823603e-13
17350.000000  8.192081e-13
17450.000000  8.374368e-13
17550.000000  8.295003e-13
17650.000000  8.124397e-13
17750.000000  7.945405e-13
17850.000000  7.770294e-13
17950.000000  7.609909e-13
18050.000000  7.404929e-13
18150.000000  6.869771e-13
18250.000000  6.986585e-13
18350.000000  6.970434e-13
18450.000000  6.836446e-13
18550.000000  6.683840e-13
18650.000000  6.460860e-13
18750.000000  6.014070e-13
18850.000000  6.250970e-13
18950.000000  6.157487e-13
19050.000000  6.005494e-13
19150.000000  5.913233e-13
19250.000000  5.792740e-13
19350.000000  5.627245e-13
19450.000000  5.188848e-13
19550.000000  5.398130e-13
19650.000000  5.346378e-13
19750.000000  5.246753e-13
19850.000000  5.144267e-13
19950.000000  5.044642e-13
20050.000000  4.947268e-13
20150.000000  4.852144e-13
20250.000000  4.759270e-13
20350.000000  4.670281e-13
20450.000000  4.579660e-13
20550.000000  4.484536e-13
20650.000000  4.409666e-13
20750.000000  4.328041e-13
20850.000000  4.248055e-13
20950.000000  4.169298e-13
21050.000000  4.092177e-13
21150.000000  3.998692e-13
21250.000000  3.944680e-13
21350.000000  3.872060e-13
21450.000000  3.797189e-13
21550.000000  3.702064e-13
21650.000000  3.412393e-13
21750.000000  3.552319e-13
21850.000000  3.529205e-13
21950.000000  3.475199e-13
22050.000000  3.413829e-13
22150.000000  3.353074e-13
22250.000000  3.293954e-13
22350.000000  3.237700e-13
22450.000000  3.182462e-13
22550.000000  3.128457e-13
22650.000000  3.073840e-13
22750.000000  3.022083e-13
22850.000000  2.969714e-13
22950.000000  2.920208e-13
23050.000000  2.870089e-13
23150.000000  2.822220e-13
23250.000000  2.774968e-13
23350.000000  2.729346e-13
23450.000000  2.684342e-13
23550.000000  2.639341e-13
23650.000000  2.595969e-13
23750.000000  2.554851e-13
23850.000000  2.512097e-13
23950.000000  2.471594e-13
24050.000000  2.432108e-13
24150.000000  2.392221e-13
24250.000000  2.354987e-13
24350.000000  2.316734e-13
24450.000000  2.280729e-13
24550.000000  2.243622e-13
24650.000000  2.207945e-13
24750.000000  2.169098e-13
24850.000000  2.139722e-13
24950.000000  2.104372e-13
