2505.000000  2.916590e-14
2513.000000  1.718354e-14
2518.000000  1.110359e-14
2525.000000  1.228317e-14
2535.000000  3.020776e-14
2545.000000  4.074928e-14
2555.000000  1.475371e-13
2565.000000  8.079152e-14
2575.000000  1.223205e-13
2585.000000  9.138991e-14
2595.000000  7.482190e-14
2605.000000  6.339206e-14
2615.000000  5.890630e-14
2625.000000  8.629971e-14
2635.000000  2.506889e-13
2645.000000  3.706242e-13
2655.000000  6.471224e-13
2665.000000  3.823450e-13
2675.000000  3.700391e-13
2685.000000  5.069837e-13
2695.000000  3.139145e-13
2705.000000  4.605417e-13
2715.000000  2.704853e-13
2725.000000  1.393882e-13
2735.000000  2.274398e-13
2745.000000  1.254145e-13
2755.000000  1.915432e-13
2765.000000  2.893468e-13
2775.000000  2.906559e-13
2785.000000  1.445322e-13
2795.000000  4.907271e-14
2805.000000  6.388083e-14
2815.000000  2.122527e-13
2825.000000  3.480294e-13
2835.000000  2.800984e-13
2845.000000  1.256053e-13
2855.000000  4.407599e-14
2865.000000  2.149593e-13
2875.000000  4.734233e-13
2885.000000  5.419284e-13
2895.000000  7.973495e-13
2910.000000  1.155584e-12
2930.000000  1.079014e-12
2950.000000  9.510847e-13
2970.000000  9.602778e-13
2990.000000  1.003397e-12
3010.000000  8.852642e-13
3030.000000  1.125904e-12
3050.000000  1.217512e-12
3070.000000  1.434657e-12
3090.000000  1.401413e-12
3110.000000  1.808279e-12
3130.000000  1.487734e-12
3150.000000  1.575063e-12
3170.000000  1.879799e-12
3190.000000  1.625210e-12
3210.000000  1.756955e-12
3230.000000  1.440312e-12
3250.000000  2.346981e-12
3270.000000  2.898472e-12
3290.000000  2.902463e-12
3310.000000  2.479191e-12
3330.000000  2.583745e-12
3350.000000  2.334471e-12
3370.000000  1.539135e-12
3390.000000  1.873869e-12
3410.000000  2.100737e-12
3430.000000  2.480280e-12
3450.000000  2.556137e-12
3470.000000  2.706739e-12
3490.000000  3.162204e-12
3510.000000  3.475894e-12
3530.000000  3.012614e-12
3550.000000  3.565812e-12
3570.000000  2.167860e-12
3590.000000  2.395241e-12
3610.000000  3.349366e-12
3630.000000  3.536121e-12
3640.000000  3.719663e-12
3650.000000  4.139620e-12
3670.000000  4.436916e-12
3690.000000  4.213332e-12
3710.000000  4.563641e-12
3730.000000  2.723607e-12
3750.000000  3.232831e-12
3770.000000  4.195887e-12
3790.000000  4.133903e-12
3810.000000  3.720177e-12
3830.000000  2.059705e-12
3850.000000  2.344757e-12
3870.000000  2.374000e-12
3890.000000  3.845660e-12
3910.000000  4.797712e-12
3930.000000  2.007173e-12
3950.000000  4.114318e-12
3970.000000  2.652958e-12
3990.000000  6.474372e-12
4010.000000  7.313475e-12
4030.000000  6.984433e-12
4050.000000  6.791692e-12
4070.000000  6.511007e-12
4090.000000  7.948904e-12
4110.000000  7.612898e-12
4130.000000  7.093908e-12
4150.000000  6.588709e-12
4170.000000  6.774721e-12
4190.000000  6.612871e-12
4210.000000  7.035671e-12
4230.000000  7.362357e-12
4250.000000  7.364859e-12
4270.000000  6.847803e-12
4290.000000  6.128125e-12
4310.000000  5.047434e-12
4330.000000  8.107549e-12
4350.000000  7.813204e-12
4370.000000  8.367564e-12
4390.000000  7.569236e-12
4410.000000  8.401200e-12
4430.000000  9.477959e-12
4450.000000  9.526526e-12
4470.000000  1.026708e-11
4490.000000  1.062462e-11
4510.000000  1.191150e-11
4530.000000  1.065066e-11
4550.000000  1.111120e-11
4570.000000  1.191261e-11
4590.000000  1.141491e-11
4610.000000  1.188367e-11
4630.000000  1.177822e-11
4650.000000  1.189533e-11
4670.000000  1.232290e-11
4690.000000  1.216443e-11
4710.000000  1.193093e-11
4730.000000  1.230277e-11
4750.000000  1.266295e-11
4770.000000  1.269151e-11
4790.000000  1.266167e-11
4810.000000  1.263275e-11
4830.000000  1.278125e-11
4850.000000  1.238235e-11
4870.000000  1.167798e-11
4890.000000  1.258571e-11
4910.000000  1.255795e-11
4930.000000  1.237490e-11
4950.000000  1.304394e-11
4970.000000  1.299781e-11
4990.000000  1.215328e-11
5010.000000  1.162081e-11
5030.000000  1.228814e-11
5050.000000  1.225744e-11
5070.000000  1.276779e-11
5090.000000  1.211503e-11
5110.000000  1.234253e-11
5130.000000  1.199570e-11
5150.000000  1.158239e-11
5170.000000  1.083127e-11
5190.000000  1.134804e-11
5210.000000  1.201400e-11
5230.000000  1.260559e-11
5250.000000  1.298491e-11
5270.000000  1.176743e-11
5290.000000  1.313796e-11
5310.000000  1.379911e-11
5330.000000  1.250935e-11
5350.000000  1.350884e-11
5370.000000  1.352570e-11
5390.000000  1.320274e-11
5410.000000  1.301086e-11
5430.000000  1.312208e-11
5450.000000  1.370394e-11
5470.000000  1.342009e-11
5490.000000  1.338169e-11
5510.000000  1.332508e-11
5530.000000  1.364469e-11
5550.000000  1.387076e-11
5570.000000  1.354390e-11
5590.000000  1.325840e-11
5610.000000  1.376267e-11
5630.000000  1.373767e-11
5650.000000  1.377024e-11
5670.000000  1.347171e-11
5690.000000  1.378350e-11
5710.000000  1.332353e-11
5730.000000  1.427461e-11
5750.000000  1.390583e-11
5770.000000  1.407597e-11
5790.000000  1.359327e-11
5810.000000  1.403749e-11
5830.000000  1.431743e-11
5850.000000  1.397988e-11
5870.000000  1.404432e-11
5890.000000  1.292854e-11
5910.000000  1.390108e-11
5930.000000  1.391186e-11
5950.000000  1.392309e-11
5970.000000  1.409863e-11
5990.000000  1.392853e-11
6010.000000  1.370211e-11
6030.000000  1.390018e-11
6050.000000  1.412387e-11
6070.000000  1.401406e-11
6090.000000  1.364080e-11
6110.000000  1.365349e-11
6130.000000  1.311956e-11
6150.000000  1.346057e-11
6170.000000  1.299652e-11
6190.000000  1.362450e-11
6210.000000  1.360052e-11
6230.000000  1.325983e-11
6250.000000  1.288382e-11
6270.000000  1.339127e-11
6290.000000  1.349443e-11
6310.000000  1.319057e-11
6330.000000  1.330761e-11
6350.000000  1.340537e-11
6370.000000  1.335550e-11
6390.000000  1.341715e-11
6410.000000  1.316533e-11
6430.000000  1.328311e-11
6450.000000  1.323939e-11
6470.000000  1.317587e-11
6490.000000  1.292190e-11
6510.000000  1.326055e-11
6530.000000  1.333902e-11
6550.000000  1.315213e-11
6570.000000  1.262807e-11
6590.000000  1.313656e-11
6610.000000  1.321373e-11
6630.000000  1.318690e-11
6650.000000  1.314058e-11
6670.000000  1.299302e-11
6690.000000  1.325627e-11
6710.000000  1.291608e-11
6730.000000  1.318989e-11
6750.000000  1.300215e-11
6770.000000  1.303768e-11
6790.000000  1.300059e-11
6810.000000  1.293108e-11
6830.000000  1.303991e-11
6850.000000  1.274960e-11
6870.000000  1.285885e-11
6890.000000  1.294806e-11
6910.000000  1.284540e-11
6930.000000  1.275825e-11
6950.000000  1.262179e-11
6970.000000  1.268042e-11
6990.000000  1.257097e-11
7010.000000  1.233115e-11
7030.000000  1.250331e-11
7050.000000  1.257972e-11
7070.000000  1.243673e-11
7090.000000  1.240366e-11
7110.000000  1.237591e-11
7130.000000  1.218300e-11
7150.000000  1.213299e-11
7170.000000  1.221508e-11
7190.000000  1.187548e-11
7210.000000  1.206565e-11
7230.000000  1.219288e-11
7250.000000  1.217900e-11
7270.000000  1.213164e-11
7290.000000  1.185933e-11
7310.000000  1.199949e-11
7330.000000  1.197143e-11
7350.000000  1.195545e-11
7370.000000  1.207236e-11
7390.000000  1.183221e-11
7410.000000  1.170805e-11
7430.000000  1.184026e-11
7450.000000  1.184984e-11
7470.000000  1.187420e-11
7490.000000  1.178976e-11
7510.000000  1.183443e-11
7530.000000  1.183965e-11
7550.000000  1.187656e-11
7570.000000  1.178134e-11
7590.000000  1.173626e-11
7610.000000  1.173068e-11
7630.000000  1.173611e-11
7650.000000  1.172997e-11
7670.000000  1.143116e-11
7690.000000  1.169013e-11
7710.000000  1.147987e-11
7730.000000  1.150826e-11
7750.000000  1.141402e-11
7770.000000  1.161475e-11
7790.000000  1.153015e-11
7810.000000  1.152520e-11
7830.000000  1.140969e-11
7850.000000  1.137891e-11
7870.000000  1.138901e-11
7890.000000  1.119401e-11
7910.000000  1.095595e-11
7930.000000  1.088806e-11
7950.000000  1.079694e-11
7970.000000  1.105108e-11
7990.000000  1.101036e-11
8010.000000  1.094357e-11
8030.000000  1.094616e-11
8050.000000  1.084469e-11
8070.000000  1.082795e-11
8090.000000  1.061336e-11
8110.000000  1.064882e-11
8130.000000  1.071707e-11
8150.000000  1.068739e-11
8170.000000  1.067943e-11
8190.000000  1.046921e-11
8210.000000  1.047713e-11
8230.000000  1.049454e-11
8250.000000  1.057219e-11
8270.000000  1.063561e-11
8290.000000  1.056539e-11
8310.000000  1.033961e-11
8330.000000  1.029149e-11
8350.000000  1.034327e-11
8370.000000  1.036271e-11
8390.000000  1.008715e-11
8410.000000  1.035114e-11
8430.000000  1.012461e-11
8450.000000  1.030113e-11
8470.000000  1.022222e-11
8490.000000  1.016656e-11
8510.000000  9.708203e-12
8530.000000  1.005533e-11
8550.000000  8.767130e-12
8570.000000  1.021406e-11
8590.000000  1.008283e-11
8610.000000  1.006110e-11
8630.000000  1.011232e-11
8650.000000  1.005333e-11
8670.000000  8.815711e-12
8690.000000  9.790334e-12
8710.000000  9.958789e-12
8730.000000  9.972646e-12
8750.000000  9.856659e-12
8770.000000  9.957752e-12
8790.000000  9.884010e-12
8810.000000  9.687427e-12
8830.000000  9.784911e-12
8850.000000  9.831702e-12
8870.000000  9.668898e-12
8890.000000  9.821245e-12
8910.000000  9.843778e-12
8930.000000  9.681456e-12
8950.000000  9.621372e-12
8970.000000  9.645543e-12
8990.000000  9.671758e-12
9010.000000  9.342425e-12
9030.000000  9.557398e-12
9050.000000  9.656451e-12
9070.000000  9.564446e-12
9090.000000  9.316833e-12
9110.000000  9.339912e-12
9130.000000  9.457485e-12
9150.000000  9.125458e-12
9170.000000  8.974945e-12
9190.000000  9.000204e-12
9210.000000  8.835333e-12
9230.000000  8.873557e-12
9250.000000  8.838534e-12
9270.000000  8.928429e-12
9290.000000  8.857499e-12
9310.000000  8.975523e-12
9330.000000  8.964869e-12
9350.000000  8.889252e-12
9370.000000  8.828682e-12
9390.000000  8.778699e-12
9410.000000  8.602526e-12
9430.000000  8.684597e-12
9450.000000  8.567002e-12
9470.000000  8.703091e-12
9490.000000  8.680342e-12
9510.000000  8.730822e-12
9530.000000  8.650804e-12
9550.000000  8.604690e-12
9570.000000  8.613023e-12
9590.000000  8.664678e-12
9610.000000  8.599474e-12
9630.000000  8.548914e-12
9650.000000  8.437596e-12
9670.000000  8.430821e-12
9690.000000  8.520014e-12
9710.000000  8.465891e-12
9730.000000  8.442502e-12
9750.000000  8.391153e-12
9770.000000  8.410664e-12
9790.000000  8.298514e-12
9810.000000  8.432651e-12
9830.000000  8.404417e-12
9850.000000  8.415828e-12
9870.000000  8.365253e-12
9890.000000  8.368500e-12
9910.000000  8.311368e-12
9930.000000  8.356236e-12
9950.000000  8.319173e-12
9970.000000  8.318160e-12
9990.000000  8.297549e-12
10025.000000  8.234262e-12
10075.000000  8.157792e-12
10125.000000  8.123772e-12
10175.000000  8.018512e-12
10225.000000  8.001839e-12
10275.000000  7.983415e-12
10325.000000  7.855230e-12
10375.000000  7.803211e-12
10425.000000  7.803817e-12
10475.000000  7.713001e-12
10525.000000  7.694876e-12
10575.000000  7.609642e-12
10625.000000  7.554931e-12
10675.000000  7.441512e-12
10725.000000  7.432481e-12
10775.000000  7.348929e-12
10825.000000  7.245345e-12
10875.000000  7.183871e-12
10925.000000  7.086174e-12
10975.000000  6.770791e-12
11025.000000  6.731373e-12
11075.000000  6.778148e-12
11125.000000  6.739392e-12
11175.000000  6.759136e-12
11225.000000  6.739068e-12
11275.000000  6.644005e-12
11325.000000  6.677214e-12
11375.000000  6.563324e-12
11425.000000  6.551775e-12
11475.000000  6.587005e-12
11525.000000  6.565825e-12
11575.000000  6.487353e-12
11625.000000  6.403189e-12
11675.000000  6.406513e-12
11725.000000  6.444519e-12
11775.000000  6.334379e-12
11825.000000  6.288181e-12
11875.000000  6.222753e-12
11925.000000  6.289970e-12
11975.000000  6.093585e-12
12025.000000  6.154439e-12
12075.000000  6.099786e-12
12125.000000  6.092649e-12
12175.000000  6.092045e-12
12225.000000  6.053987e-12
12275.000000  6.000910e-12
12325.000000  5.973741e-12
12375.000000  5.934727e-12
12425.000000  5.890673e-12
12475.000000  5.877111e-12
12525.000000  5.827052e-12
12575.000000  5.798324e-12
12625.000000  5.763248e-12
12675.000000  5.713817e-12
12725.000000  5.705142e-12
12775.000000  5.683851e-12
12825.000000  5.531098e-12
12875.000000  5.589390e-12
12925.000000  5.530343e-12
12975.000000  5.547197e-12
13025.000000  5.499793e-12
13075.000000  5.491301e-12
13125.000000  5.412835e-12
13175.000000  5.382167e-12
13225.000000  5.391303e-12
13275.000000  5.311750e-12
13325.000000  5.318024e-12
13375.000000  5.287740e-12
13425.000000  5.289021e-12
13475.000000  5.257822e-12
13525.000000  5.236152e-12
13575.000000  5.160775e-12
13625.000000  5.136277e-12
13675.000000  5.131281e-12
13725.000000  5.120329e-12
13775.000000  5.088714e-12
13825.000000  5.075771e-12
13875.000000  5.028719e-12
13925.000000  5.014751e-12
13975.000000  4.989274e-12
14025.000000  4.931933e-12
14075.000000  4.892705e-12
14125.000000  4.793991e-12
14175.000000  4.794073e-12
14225.000000  4.729632e-12
14275.000000  4.675199e-12
14325.000000  4.729258e-12
14375.000000  4.743591e-12
14425.000000  4.632775e-12
14475.000000  4.717605e-12
14525.000000  4.625003e-12
14570.000000  4.616309e-12
14620.000000  4.592246e-12
14675.000000  4.563923e-12
14725.000000  4.513228e-12
14775.000000  4.527816e-12
14825.000000  4.511981e-12
14875.000000  4.467393e-12
14925.000000  4.534701e-12
14975.000000  4.491551e-12
15025.000000  4.405725e-12
15075.000000  4.387887e-12
15125.000000  4.429197e-12
15175.000000  4.437496e-12
15225.000000  4.394325e-12
15275.000000  4.395528e-12
15325.000000  4.383248e-12
15375.000000  4.374424e-12
15425.000000  4.360708e-12
15475.000000  4.359569e-12
15525.000000  4.304035e-12
15575.000000  4.261473e-12
15625.000000  4.313591e-12
15675.000000  4.237934e-12
15725.000000  4.223523e-12
15775.000000  4.125580e-12
15825.000000  4.175410e-12
15875.000000  4.037198e-12
15925.000000  4.140878e-12
15975.000000  4.144166e-12
16050.000000  4.104684e-12
16150.000000  4.024672e-12
16250.000000  4.026559e-12
16350.000000  3.966943e-12
16450.000000  3.841502e-12
16550.000000  3.855318e-12
16650.000000  3.767152e-12
16750.000000  3.681348e-12
16850.000000  3.562287e-12
16950.000000  3.585895e-12
17050.000000  3.472790e-12
17150.000000  3.416004e-12
17250.000000  3.339971e-12
17350.000000  3.217759e-12
17450.000000  3.215182e-12
17550.000000  3.163596e-12
17650.000000  3.104966e-12
17750.000000  3.039214e-12
17850.000000  2.992938e-12
17950.000000  2.940483e-12
18050.000000  2.869740e-12
18150.000000  2.784896e-12
18250.000000  2.755703e-12
18350.000000  2.712750e-12
18450.000000  2.643778e-12
18550.000000  2.610409e-12
18650.000000  2.545576e-12
18750.000000  2.452357e-12
18850.000000  2.461716e-12
18950.000000  2.377438e-12
19050.000000  2.381230e-12
19150.000000  2.330424e-12
19250.000000  2.295137e-12
19350.000000  2.234085e-12
19450.000000  2.161998e-12
19550.000000  2.165780e-12
19650.000000  2.122762e-12
19750.000000  2.072777e-12
19850.000000  2.044641e-12
19950.000000  2.007945e-12
20050.000000  1.988254e-12
20150.000000  1.960341e-12
20250.000000  1.909522e-12
20350.000000  1.870357e-12
20450.000000  1.857915e-12
20550.000000  1.818871e-12
20650.000000  1.780239e-12
20750.000000  1.754183e-12
20850.000000  1.725542e-12
20950.000000  1.687091e-12
21050.000000  1.671824e-12
21150.000000  1.641628e-12
21250.000000  1.613854e-12
21350.000000  1.589730e-12
21450.000000  1.563966e-12
21550.000000  1.539273e-12
21650.000000  1.489256e-12
21750.000000  1.479024e-12
21850.000000  1.457610e-12
21950.000000  1.440621e-12
22050.000000  1.405284e-12
22150.000000  1.395958e-12
22250.000000  1.365427e-12
22350.000000  1.344980e-12
22450.000000  1.325469e-12
22550.000000  1.303545e-12
22650.000000  1.279494e-12
22750.000000  1.266601e-12
22850.000000  1.239888e-12
22950.000000  1.130719e-12
23050.000000  1.164543e-12
23150.000000  1.154044e-12
23250.000000  1.051117e-12
23350.000000  1.089313e-12
23450.000000  1.091900e-12
23550.000000  9.891413e-13
23650.000000  1.033427e-12
23750.000000  1.029149e-12
23850.000000  9.414078e-13
23950.000000  9.763446e-13
24050.000000  9.790800e-13
24150.000000  9.096272e-13
24250.000000  9.295427e-13
24350.000000  9.319608e-13
24450.000000  8.862384e-13
24550.000000  8.766865e-13
24650.000000  8.957274e-13
24750.000000  8.648788e-13
24850.000000  8.360515e-13
24950.000000  8.501973e-13
