2505.000000  9.768308e-12
2513.000000  6.983102e-12
2518.000000  7.251397e-12
2525.000000  5.780940e-12
2535.000000  5.310532e-12
2545.000000  5.679508e-12
2555.000000  7.531916e-12
2565.000000  6.474041e-12
2575.000000  7.826760e-12
2585.000000  7.353273e-12
2595.000000  6.738062e-12
2605.000000  5.866809e-12
2615.000000  5.344186e-12
2625.000000  7.333147e-12
2635.000000  9.097069e-12
2645.000000  1.261064e-11
2655.000000  1.357876e-11
2665.000000  1.021420e-11
2675.000000  1.168482e-11
2685.000000  1.158697e-11
2695.000000  1.033527e-11
2705.000000  1.147655e-11
2715.000000  9.690738e-12
2725.000000  9.801047e-12
2735.000000  1.081801e-11
2745.000000  6.171095e-12
2755.000000  7.519876e-12
2765.000000  8.803107e-12
2775.000000  1.081036e-11
2785.000000  8.238398e-12
2795.000000  2.827551e-12
2805.000000  3.812901e-12
2815.000000  1.059864e-11
2825.000000  1.337665e-11
2835.000000  1.255829e-11
2845.000000  1.193792e-11
2855.000000  1.002448e-11
2865.000000  1.290116e-11
2875.000000  1.267918e-11
2885.000000  1.278377e-11
2895.000000  1.204377e-11
2910.000000  1.496202e-11
2930.000000  1.388236e-11
2950.000000  1.366449e-11
2970.000000  1.489946e-11
2990.000000  1.496054e-11
3010.000000  1.567134e-11
3030.000000  1.544502e-11
3050.000000  1.553931e-11
3070.000000  1.581765e-11
3090.000000  1.645703e-11
3110.000000  1.583271e-11
3130.000000  1.565326e-11
3150.000000  1.638452e-11
3170.000000  1.631243e-11
3190.000000  1.494735e-11
3210.000000  1.586324e-11
3230.000000  1.463676e-11
3250.000000  1.591818e-11
3270.000000  1.665578e-11
3290.000000  1.666063e-11
3310.000000  1.719589e-11
3330.000000  1.677977e-11
3350.000000  1.657171e-11
3370.000000  1.612460e-11
3390.000000  1.653744e-11
3410.000000  1.667663e-11
3430.000000  1.693276e-11
3450.000000  1.695548e-11
3470.000000  1.668008e-11
3490.000000  1.668008e-11
3510.000000  1.723437e-11
3530.000000  1.702031e-11
3550.000000  1.802677e-11
3570.000000  1.670139e-11
3590.000000  1.664155e-11
3610.000000  1.684152e-11
3630.000000  1.707128e-11
3640.000000  1.679324e-11
3650.000000  1.797018e-11
3670.000000  1.761147e-11
3690.000000  1.710530e-11
3710.000000  1.939819e-11
3730.000000  2.084306e-11
3750.000000  2.625612e-11
3770.000000  2.849414e-11
3790.000000  3.406350e-11
3810.000000  3.905813e-11
3830.000000  3.121987e-11
3850.000000  4.189425e-11
3870.000000  4.599434e-11
3890.000000  3.013084e-11
3910.000000  4.456801e-11
3930.000000  3.202156e-11
3950.000000  4.273586e-11
3970.000000  2.505763e-11
3990.000000  4.500471e-11
4010.000000  4.878602e-11
4030.000000  4.839801e-11
4050.000000  4.775123e-11
4070.000000  4.646244e-11
4090.000000  4.108192e-11
4110.000000  3.296533e-11
4130.000000  4.562986e-11
4150.000000  4.789067e-11
4170.000000  4.707574e-11
4190.000000  4.687117e-11
4210.000000  4.669929e-11
4230.000000  4.540876e-11
4250.000000  4.601847e-11
4270.000000  4.428007e-11
4290.000000  4.444778e-11
4310.000000  4.113314e-11
4330.000000  3.601529e-11
4350.000000  3.127223e-11
4370.000000  4.335153e-11
4390.000000  4.325912e-11
4410.000000  4.250998e-11
4430.000000  4.205197e-11
4450.000000  4.253800e-11
4470.000000  4.258543e-11
4490.000000  4.225256e-11
4510.000000  4.383203e-11
4530.000000  4.142822e-11
4550.000000  4.109514e-11
4570.000000  4.275558e-11
4590.000000  4.074714e-11
4610.000000  4.178069e-11
4630.000000  4.056254e-11
4650.000000  4.090272e-11
4670.000000  4.102074e-11
4690.000000  3.949421e-11
4710.000000  3.805537e-11
4730.000000  3.977578e-11
4750.000000  3.982628e-11
4770.000000  3.909393e-11
4790.000000  3.881965e-11
4810.000000  3.817234e-11
4830.000000  3.718693e-11
4850.000000  3.084620e-11
4870.000000  2.509276e-11
4890.000000  3.510590e-11
4910.000000  3.605958e-11
4930.000000  3.542522e-11
4950.000000  3.624567e-11
4970.000000  3.645071e-11
4990.000000  3.467167e-11
5010.000000  3.335102e-11
5030.000000  3.457214e-11
5050.000000  3.400729e-11
5070.000000  3.471279e-11
5090.000000  3.404235e-11
5110.000000  3.406121e-11
5130.000000  3.319576e-11
5150.000000  3.243454e-11
5170.000000  3.194562e-11
5190.000000  3.156635e-11
5210.000000  3.164942e-11
5230.000000  3.157306e-11
5250.000000  3.201615e-11
5270.000000  2.972318e-11
5290.000000  3.129484e-11
5310.000000  3.096503e-11
5330.000000  2.970376e-11
5350.000000  3.068968e-11
5370.000000  3.040973e-11
5390.000000  3.003033e-11
5410.000000  2.933859e-11
5430.000000  2.953278e-11
5450.000000  2.980021e-11
5470.000000  2.934005e-11
5490.000000  2.916353e-11
5510.000000  2.893134e-11
5530.000000  2.873814e-11
5550.000000  2.876124e-11
5570.000000  2.825057e-11
5590.000000  2.791836e-11
5610.000000  2.794026e-11
5630.000000  2.793164e-11
5650.000000  2.757135e-11
5670.000000  2.707597e-11
5690.000000  2.717149e-11
5710.000000  2.689508e-11
5730.000000  2.724811e-11
5750.000000  2.671545e-11
5770.000000  2.663753e-11
5790.000000  2.629309e-11
5810.000000  2.621287e-11
5830.000000  2.610400e-11
5850.000000  2.574689e-11
5870.000000  2.560893e-11
5890.000000  2.494795e-11
5910.000000  2.520287e-11
5930.000000  2.499532e-11
5950.000000  2.482567e-11
5970.000000  2.467929e-11
5990.000000  2.435638e-11
6010.000000  2.399630e-11
6030.000000  2.394692e-11
6050.000000  2.385821e-11
6070.000000  2.379693e-11
6090.000000  2.346476e-11
6110.000000  2.316531e-11
6130.000000  2.270576e-11
6150.000000  2.238542e-11
6170.000000  2.225972e-11
6190.000000  2.260086e-11
6210.000000  2.247405e-11
6230.000000  2.208983e-11
6250.000000  2.140604e-11
6270.000000  2.197492e-11
6290.000000  2.182931e-11
6310.000000  2.135616e-11
6330.000000  2.131564e-11
6350.000000  2.106598e-11
6370.000000  2.092869e-11
6390.000000  2.090241e-11
6410.000000  2.052029e-11
6430.000000  2.052016e-11
6450.000000  2.014050e-11
6470.000000  2.016846e-11
6490.000000  1.975457e-11
6510.000000  1.976400e-11
6530.000000  1.940137e-11
6550.000000  1.744243e-11
6570.000000  1.412799e-11
6590.000000  1.849977e-11
6610.000000  1.905974e-11
6630.000000  1.909919e-11
6650.000000  1.898628e-11
6670.000000  1.879535e-11
6690.000000  1.878611e-11
6710.000000  1.860944e-11
6730.000000  1.850623e-11
6750.000000  1.822592e-11
6770.000000  1.827079e-11
6790.000000  1.810608e-11
6810.000000  1.798033e-11
6830.000000  1.780960e-11
6850.000000  1.765161e-11
6870.000000  1.760444e-11
6890.000000  1.749133e-11
6910.000000  1.735136e-11
6930.000000  1.721488e-11
6950.000000  1.709973e-11
6970.000000  1.696561e-11
6990.000000  1.687125e-11
7010.000000  1.655159e-11
7030.000000  1.656000e-11
7050.000000  1.648754e-11
7070.000000  1.637844e-11
7090.000000  1.626851e-11
7110.000000  1.583969e-11
7130.000000  1.591192e-11
7150.000000  1.582967e-11
7170.000000  1.570085e-11
7190.000000  1.552482e-11
7210.000000  1.548605e-11
7230.000000  1.536563e-11
7250.000000  1.525704e-11
7270.000000  1.524092e-11
7290.000000  1.499804e-11
7310.000000  1.494917e-11
7330.000000  1.486533e-11
7350.000000  1.481711e-11
7370.000000  1.474348e-11
7390.000000  1.452930e-11
7410.000000  1.433024e-11
7430.000000  1.424026e-11
7450.000000  1.419633e-11
7470.000000  1.405946e-11
7490.000000  1.400397e-11
7510.000000  1.396687e-11
7530.000000  1.389804e-11
7550.000000  1.387177e-11
7570.000000  1.372979e-11
7590.000000  1.365902e-11
7610.000000  1.355780e-11
7630.000000  1.348673e-11
7650.000000  1.335695e-11
7670.000000  1.315849e-11
7690.000000  1.314295e-11
7710.000000  1.303956e-11
7730.000000  1.301151e-11
7750.000000  1.288320e-11
7770.000000  1.260670e-11
7790.000000  1.279832e-11
7810.000000  1.268850e-11
7830.000000  1.253017e-11
7850.000000  1.240594e-11
7870.000000  1.237894e-11
7890.000000  1.227189e-11
7910.000000  1.217421e-11
7930.000000  1.203649e-11
7950.000000  1.197513e-11
7970.000000  1.204387e-11
7990.000000  1.187347e-11
8010.000000  1.184090e-11
8030.000000  1.173441e-11
8050.000000  1.168275e-11
8070.000000  1.161486e-11
8090.000000  1.151084e-11
8110.000000  1.150195e-11
8130.000000  1.144384e-11
8150.000000  1.135898e-11
8170.000000  1.128531e-11
8190.000000  1.101325e-11
8210.000000  1.099253e-11
8230.000000  1.092295e-11
8250.000000  1.087976e-11
8270.000000  1.095040e-11
8290.000000  1.086541e-11
8310.000000  1.075177e-11
8330.000000  1.057642e-11
8350.000000  1.063315e-11
8370.000000  1.056941e-11
8390.000000  1.043582e-11
8410.000000  1.039728e-11
8430.000000  1.031657e-11
8450.000000  1.012287e-11
8470.000000  9.978314e-12
8490.000000  1.020522e-11
8510.000000  9.442029e-12
8530.000000  1.017162e-11
8550.000000  8.586407e-12
8570.000000  1.029532e-11
8590.000000  9.659782e-12
8610.000000  9.380982e-12
8630.000000  1.026782e-11
8650.000000  9.964227e-12
8670.000000  8.084286e-12
8690.000000  9.859116e-12
8710.000000  1.024854e-11
8730.000000  9.970697e-12
8750.000000  8.268424e-12
8770.000000  9.665589e-12
8790.000000  1.011013e-11
8810.000000  1.007997e-11
8830.000000  9.816653e-12
8850.000000  9.165655e-12
8870.000000  7.975935e-12
8890.000000  9.570497e-12
8910.000000  9.796006e-12
8930.000000  9.749305e-12
8950.000000  9.792974e-12
8970.000000  9.650776e-12
8990.000000  9.377278e-12
9010.000000  7.808659e-12
9030.000000  8.527411e-12
9050.000000  9.333947e-12
9070.000000  9.209687e-12
9090.000000  9.056696e-12
9110.000000  9.244102e-12
9130.000000  9.299576e-12
9150.000000  9.280195e-12
9170.000000  9.166346e-12
9190.000000  9.003410e-12
9210.000000  8.523992e-12
9230.000000  6.994339e-12
9250.000000  8.230146e-12
9270.000000  8.591997e-12
9290.000000  8.848191e-12
9310.000000  8.845193e-12
9330.000000  8.783888e-12
9350.000000  8.757508e-12
9370.000000  8.725600e-12
9390.000000  8.619227e-12
9410.000000  8.287483e-12
9430.000000  8.455442e-12
9450.000000  8.413032e-12
9470.000000  8.419657e-12
9490.000000  8.352550e-12
9510.000000  8.177992e-12
9530.000000  7.717061e-12
9550.000000  6.440679e-12
9570.000000  7.717011e-12
9590.000000  8.013765e-12
9610.000000  7.973944e-12
9630.000000  7.872127e-12
9650.000000  7.938340e-12
9670.000000  7.815245e-12
9690.000000  7.791338e-12
9710.000000  7.881373e-12
9730.000000  7.825584e-12
9750.000000  7.701591e-12
9770.000000  7.739695e-12
9790.000000  7.688503e-12
9810.000000  7.651403e-12
9830.000000  7.595679e-12
9850.000000  7.506347e-12
9870.000000  7.464350e-12
9890.000000  7.387781e-12
9910.000000  7.352654e-12
9930.000000  7.353804e-12
9950.000000  7.300332e-12
9970.000000  7.268415e-12
9990.000000  7.202686e-12
10025.000000  6.723761e-12
10075.000000  6.412024e-12
10125.000000  6.873437e-12
10175.000000  6.838860e-12
10225.000000  6.781482e-12
10275.000000  6.705270e-12
10325.000000  6.569554e-12
10375.000000  6.496052e-12
10425.000000  6.409539e-12
10475.000000  6.232272e-12
10525.000000  6.192087e-12
10575.000000  6.119561e-12
10625.000000  6.038526e-12
10675.000000  5.844241e-12
10725.000000  5.832527e-12
10775.000000  5.763356e-12
10825.000000  5.664306e-12
10875.000000  5.560164e-12
10925.000000  4.893320e-12
10975.000000  5.228762e-12
11025.000000  5.405132e-12
11075.000000  5.370961e-12
11125.000000  5.282380e-12
11175.000000  5.214420e-12
11225.000000  5.163144e-12
11275.000000  4.996470e-12
11325.000000  4.942093e-12
11375.000000  4.927371e-12
11425.000000  4.823146e-12
11475.000000  4.835893e-12
11525.000000  4.778261e-12
11575.000000  4.703273e-12
11625.000000  4.577415e-12
11675.000000  4.496798e-12
11725.000000  4.535785e-12
11775.000000  4.383525e-12
11825.000000  4.366896e-12
11875.000000  4.280262e-12
11925.000000  4.319664e-12
11975.000000  4.199554e-12
12025.000000  4.183969e-12
12075.000000  4.117944e-12
12125.000000  4.072319e-12
12175.000000  4.042797e-12
12225.000000  3.984686e-12
12275.000000  3.929494e-12
12325.000000  3.884498e-12
12375.000000  3.841523e-12
12425.000000  3.804780e-12
12475.000000  3.751233e-12
12525.000000  3.695430e-12
12575.000000  3.630236e-12
12625.000000  3.603397e-12
12675.000000  3.568469e-12
12725.000000  3.521637e-12
12775.000000  3.405447e-12
12825.000000  2.967959e-12
12875.000000  3.340889e-12
12925.000000  3.348011e-12
12975.000000  3.322846e-12
13025.000000  3.286806e-12
13075.000000  3.255295e-12
13125.000000  3.205059e-12
13175.000000  3.156011e-12
13225.000000  3.139302e-12
13275.000000  3.096978e-12
13325.000000  3.066287e-12
13375.000000  3.028055e-12
13425.000000  2.995021e-12
13475.000000  2.959910e-12
13525.000000  2.917059e-12
13575.000000  2.876192e-12
13625.000000  2.856557e-12
13675.000000  2.818349e-12
13725.000000  2.757238e-12
13775.000000  2.747096e-12
13825.000000  2.719175e-12
13875.000000  2.702323e-12
13925.000000  2.655388e-12
13975.000000  2.631989e-12
14025.000000  2.601817e-12
14075.000000  2.579423e-12
14125.000000  2.540701e-12
14175.000000  2.518892e-12
14225.000000  2.481484e-12
14275.000000  2.448669e-12
14325.000000  2.433140e-12
14375.000000  2.412929e-12
14425.000000  2.325468e-12
14475.000000  2.353272e-12
14525.000000  2.296145e-12
14570.000000  2.299897e-12
14620.000000  2.268027e-12
14675.000000  2.251176e-12
14725.000000  2.215505e-12
14775.000000  2.183945e-12
14825.000000  2.168546e-12
14875.000000  2.133211e-12
14925.000000  2.139018e-12
14975.000000  2.105334e-12
15025.000000  2.073851e-12
15075.000000  2.045863e-12
15125.000000  2.041136e-12
15175.000000  2.020321e-12
15225.000000  1.995449e-12
15275.000000  1.969283e-12
15325.000000  1.944947e-12
15375.000000  1.934519e-12
15425.000000  1.879093e-12
15475.000000  1.889612e-12
15525.000000  1.875207e-12
15575.000000  1.803017e-12
15625.000000  1.861328e-12
15675.000000  1.794945e-12
15725.000000  1.730559e-12
15775.000000  1.789136e-12
15825.000000  1.780719e-12
15875.000000  1.607969e-12
15925.000000  1.724328e-12
15975.000000  1.744476e-12
16050.000000  1.691125e-12
16150.000000  1.585556e-12
16250.000000  1.666278e-12
16350.000000  1.585072e-12
16450.000000  1.479118e-12
16550.000000  1.564690e-12
16650.000000  1.535233e-12
16750.000000  1.454153e-12
16850.000000  1.355401e-12
16950.000000  1.439816e-12
17050.000000  1.404557e-12
17150.000000  1.382306e-12
17250.000000  1.335253e-12
17350.000000  1.191922e-12
17450.000000  1.265695e-12
17550.000000  1.262304e-12
17650.000000  1.236240e-12
17750.000000  1.215257e-12
17850.000000  1.189609e-12
17950.000000  1.171948e-12
18050.000000  1.135927e-12
18150.000000  1.026259e-12
18250.000000  1.071981e-12
18350.000000  1.076030e-12
18450.000000  1.055903e-12
18550.000000  1.032127e-12
18650.000000  1.007139e-12
18750.000000  9.020361e-13
18850.000000  9.636558e-13
18950.000000  9.460389e-13
19050.000000  9.421547e-13
19150.000000  9.230594e-13
19250.000000  9.041969e-13
19350.000000  8.787063e-13
19450.000000  7.908079e-13
19550.000000  8.472353e-13
19650.000000  8.385024e-13
19750.000000  8.210979e-13
19850.000000  8.087814e-13
19950.000000  7.940078e-13
20050.000000  7.805174e-13
20150.000000  7.671609e-13
20250.000000  7.515387e-13
20350.000000  7.362287e-13
20450.000000  7.264331e-13
20550.000000  7.127871e-13
20650.000000  6.981043e-13
20750.000000  6.864780e-13
20850.000000  6.748553e-13
20950.000000  6.621012e-13
21050.000000  6.509872e-13
21150.000000  6.378133e-13
21250.000000  6.270256e-13
21350.000000  6.163588e-13
21450.000000  6.073345e-13
21550.000000  5.929858e-13
21650.000000  5.362656e-13
21750.000000  5.686701e-13
21850.000000  5.655048e-13
21950.000000  5.584392e-13
22050.000000  5.466317e-13
22150.000000  5.376484e-13
22250.000000  5.307000e-13
22350.000000  5.218508e-13
22450.000000  5.132716e-13
22550.000000  5.020355e-13
22650.000000  4.955857e-13
22750.000000  4.880430e-13
22850.000000  4.798833e-13
22950.000000  4.715894e-13
23050.000000  4.654158e-13
23150.000000  4.575283e-13
23250.000000  4.508894e-13
23350.000000  4.433564e-13
23450.000000  4.367269e-13
23550.000000  4.298557e-13
23650.000000  4.232851e-13
23750.000000  4.159025e-13
23850.000000  4.095136e-13
23950.000000  4.033978e-13
24050.000000  3.967928e-13
24150.000000  3.904107e-13
24250.000000  3.851192e-13
24350.000000  3.781349e-13
24450.000000  3.725697e-13
24550.000000  3.669034e-13
24650.000000  3.612768e-13
24750.000000  3.555554e-13
24850.000000  3.509195e-13
24950.000000  3.415420e-13
