2505.000000  3.965856e-16
2513.000000  2.306972e-16
2518.000000  2.141658e-16
2525.000000  2.890787e-16
2535.000000  9.719946e-16
2545.000000  1.273430e-15
2555.000000  1.648800e-15
2565.000000  8.100746e-16
2575.000000  1.615961e-15
2585.000000  1.032235e-15
2595.000000  1.346800e-15
2605.000000  1.869468e-15
2615.000000  1.455051e-15
2625.000000  2.591987e-15
2635.000000  4.956045e-15
2645.000000  4.289491e-15
2655.000000  6.804555e-15
2665.000000  5.575333e-15
2675.000000  4.447800e-15
2685.000000  6.280730e-15
2695.000000  3.852042e-15
2705.000000  7.721275e-15
2715.000000  6.258954e-15
2725.000000  4.941213e-15
2735.000000  5.968357e-15
2745.000000  7.869724e-15
2755.000000  7.732773e-15
2765.000000  1.190709e-14
2775.000000  1.494874e-14
2785.000000  9.148010e-15
2795.000000  8.055625e-15
2805.000000  9.294385e-15
2815.000000  1.184645e-14
2825.000000  1.279115e-14
2835.000000  9.939505e-15
2845.000000  5.552260e-15
2855.000000  1.831204e-15
2865.000000  1.056012e-14
2875.000000  1.369447e-14
2885.000000  2.223713e-14
2895.000000  2.864967e-14
2910.000000  3.907022e-14
2930.000000  4.527486e-14
2950.000000  4.214720e-14
2970.000000  4.126535e-14
2990.000000  5.161595e-14
3010.000000  5.269510e-14
3030.000000  6.415679e-14
3050.000000  7.730933e-14
3070.000000  8.496035e-14
3090.000000  8.505409e-14
3110.000000  1.249599e-13
3130.000000  1.114393e-13
3150.000000  1.409774e-13
3170.000000  1.957223e-13
3190.000000  1.814431e-13
3210.000000  2.086734e-13
3230.000000  2.176360e-13
3250.000000  3.233475e-13
3270.000000  4.000140e-13
3290.000000  4.454440e-13
3310.000000  3.967238e-13
3330.000000  4.025656e-13
3350.000000  3.726964e-13
3370.000000  2.340332e-13
3390.000000  3.220123e-13
3410.000000  3.848165e-13
3430.000000  5.025834e-13
3450.000000  4.939040e-13
3470.000000  5.422996e-13
3490.000000  6.687776e-13
3510.000000  8.571695e-13
3530.000000  8.300247e-13
3550.000000  1.129031e-12
3570.000000  7.896627e-13
3590.000000  7.768077e-13
3610.000000  1.023694e-12
3630.000000  1.181079e-12
3640.000000  1.338585e-12
3650.000000  1.353364e-12
3670.000000  1.586464e-12
3690.000000  1.496851e-12
3710.000000  1.421668e-12
3730.000000  8.128030e-13
3750.000000  1.065256e-12
3770.000000  1.758225e-12
3790.000000  1.874931e-12
3810.000000  1.872955e-12
3830.000000  1.146370e-12
3850.000000  1.590721e-12
3870.000000  1.492742e-12
3890.000000  1.658559e-12
3910.000000  2.120323e-12
3930.000000  9.599338e-13
3950.000000  2.057463e-12
3970.000000  1.423421e-12
3990.000000  3.125538e-12
4010.000000  3.665846e-12
4030.000000  3.279737e-12
4050.000000  3.533450e-12
4070.000000  3.513894e-12
4090.000000  3.871388e-12
4110.000000  2.737837e-12
4130.000000  3.265305e-12
4150.000000  2.978248e-12
4170.000000  2.955304e-12
4190.000000  3.353897e-12
4210.000000  3.313701e-12
4230.000000  3.387489e-12
4250.000000  3.826307e-12
4270.000000  3.722460e-12
4290.000000  3.648080e-12
4310.000000  3.577889e-12
4330.000000  5.164213e-12
4350.000000  5.201940e-12
4370.000000  5.388054e-12
4390.000000  5.257145e-12
4410.000000  5.744157e-12
4430.000000  6.429078e-12
4450.000000  6.672697e-12
4470.000000  7.172198e-12
4490.000000  7.661507e-12
4510.000000  8.278616e-12
4530.000000  7.667076e-12
4550.000000  8.216362e-12
4570.000000  8.678097e-12
4590.000000  8.742400e-12
4610.000000  9.071307e-12
4630.000000  9.304424e-12
4650.000000  9.264652e-12
4670.000000  9.868135e-12
4690.000000  9.867574e-12
4710.000000  9.893924e-12
4730.000000  1.006164e-11
4750.000000  1.012062e-11
4770.000000  9.727105e-12
4790.000000  9.908905e-12
4810.000000  1.074653e-11
4830.000000  1.070640e-11
4850.000000  1.111856e-11
4870.000000  1.109655e-11
4890.000000  1.144812e-11
4910.000000  1.172421e-11
4930.000000  1.150078e-11
4950.000000  1.167272e-11
4970.000000  1.175079e-11
4990.000000  1.126513e-11
5010.000000  1.061868e-11
5030.000000  1.107203e-11
5050.000000  1.059844e-11
5070.000000  1.061131e-11
5090.000000  1.025976e-11
5110.000000  1.020020e-11
5130.000000  9.929100e-12
5150.000000  9.478753e-12
5170.000000  9.643285e-12
5190.000000  1.062771e-11
5210.000000  1.090331e-11
5230.000000  1.394324e-11
5250.000000  1.431747e-11
5270.000000  1.360684e-11
5290.000000  1.478642e-11
5310.000000  1.554709e-11
5330.000000  1.469877e-11
5350.000000  1.546022e-11
5370.000000  1.557877e-11
5390.000000  1.545116e-11
5410.000000  1.561554e-11
5430.000000  1.551646e-11
5450.000000  1.584444e-11
5470.000000  1.620523e-11
5490.000000  1.641727e-11
5510.000000  1.617191e-11
5530.000000  1.698324e-11
5550.000000  1.728360e-11
5570.000000  1.709356e-11
5590.000000  1.693903e-11
5610.000000  1.729484e-11
5630.000000  1.775830e-11
5650.000000  1.813898e-11
5670.000000  1.797251e-11
5690.000000  1.842372e-11
5710.000000  1.793807e-11
5730.000000  1.866509e-11
5750.000000  1.887386e-11
5770.000000  1.906290e-11
5790.000000  1.893069e-11
5810.000000  1.923671e-11
5830.000000  1.952563e-11
5850.000000  1.937618e-11
5870.000000  1.946460e-11
5890.000000  1.772040e-11
5910.000000  1.950285e-11
5930.000000  1.965302e-11
5950.000000  1.967832e-11
5970.000000  2.008986e-11
5990.000000  2.019359e-11
6010.000000  2.019744e-11
6030.000000  2.048380e-11
6050.000000  2.069767e-11
6070.000000  2.062623e-11
6090.000000  2.061759e-11
6110.000000  2.077993e-11
6130.000000  2.010556e-11
6150.000000  2.081139e-11
6170.000000  2.023396e-11
6190.000000  2.081806e-11
6210.000000  2.074247e-11
6230.000000  2.063120e-11
6250.000000  2.025154e-11
6270.000000  2.085207e-11
6290.000000  2.117552e-11
6310.000000  2.130927e-11
6330.000000  2.157231e-11
6350.000000  2.190596e-11
6370.000000  2.194437e-11
6390.000000  2.202397e-11
6410.000000  2.188994e-11
6430.000000  2.202824e-11
6450.000000  2.208673e-11
6470.000000  2.212560e-11
6490.000000  2.195136e-11
6510.000000  2.250111e-11
6530.000000  2.279868e-11
6550.000000  2.253964e-11
6570.000000  2.248300e-11
6590.000000  2.276969e-11
6610.000000  2.287627e-11
6630.000000  2.306916e-11
6650.000000  2.299055e-11
6670.000000  2.288992e-11
6690.000000  2.311303e-11
6710.000000  2.296358e-11
6730.000000  2.313828e-11
6750.000000  2.295911e-11
6770.000000  2.327013e-11
6790.000000  2.333197e-11
6810.000000  2.340813e-11
6830.000000  2.364519e-11
6850.000000  2.364863e-11
6870.000000  2.364971e-11
6890.000000  2.388982e-11
6910.000000  2.394217e-11
6930.000000  2.398103e-11
6950.000000  2.396228e-11
6970.000000  2.418378e-11
6990.000000  2.409583e-11
7010.000000  2.417593e-11
7030.000000  2.430391e-11
7050.000000  2.425767e-11
7070.000000  2.395360e-11
7090.000000  2.380789e-11
7110.000000  2.388769e-11
7130.000000  2.363821e-11
7150.000000  2.361457e-11
7170.000000  2.401446e-11
7190.000000  2.396867e-11
7210.000000  2.397454e-11
7230.000000  2.445514e-11
7250.000000  2.432990e-11
7270.000000  2.464068e-11
7290.000000  2.470177e-11
7310.000000  2.477333e-11
7330.000000  2.474426e-11
7350.000000  2.467941e-11
7370.000000  2.494296e-11
7390.000000  2.493212e-11
7410.000000  2.482924e-11
7430.000000  2.499432e-11
7450.000000  2.502657e-11
7470.000000  2.502616e-11
7490.000000  2.506531e-11
7510.000000  2.514954e-11
7530.000000  2.521683e-11
7550.000000  2.525584e-11
7570.000000  2.527904e-11
7590.000000  2.519292e-11
7610.000000  2.524960e-11
7630.000000  2.526770e-11
7650.000000  2.529232e-11
7670.000000  2.487805e-11
7690.000000  2.525541e-11
7710.000000  2.496754e-11
7730.000000  2.522231e-11
7750.000000  2.515934e-11
7770.000000  2.534899e-11
7790.000000  2.531395e-11
7810.000000  2.543355e-11
7830.000000  2.537015e-11
7850.000000  2.535328e-11
7870.000000  2.546273e-11
7890.000000  2.543849e-11
7910.000000  2.530226e-11
7930.000000  2.536597e-11
7950.000000  2.524656e-11
7970.000000  2.549909e-11
7990.000000  2.546070e-11
8010.000000  2.545260e-11
8030.000000  2.547839e-11
8050.000000  2.533983e-11
8070.000000  2.533524e-11
8090.000000  2.542406e-11
8110.000000  2.545855e-11
8130.000000  2.551350e-11
8150.000000  2.553057e-11
8170.000000  2.553179e-11
8190.000000  2.519676e-11
8210.000000  2.526164e-11
8230.000000  2.542921e-11
8250.000000  2.543241e-11
8270.000000  2.554683e-11
8290.000000  2.550488e-11
8310.000000  2.531437e-11
8330.000000  2.511996e-11
8350.000000  2.535943e-11
8370.000000  2.528531e-11
8390.000000  2.438215e-11
8410.000000  2.525425e-11
8430.000000  2.465706e-11
8450.000000  2.537629e-11
8470.000000  2.517204e-11
8490.000000  2.530852e-11
8510.000000  2.451065e-11
8530.000000  2.530121e-11
8550.000000  2.357974e-11
8570.000000  2.542382e-11
8590.000000  2.535776e-11
8610.000000  2.531085e-11
8630.000000  2.536281e-11
8650.000000  2.537914e-11
8670.000000  2.358095e-11
8690.000000  2.478710e-11
8710.000000  2.536609e-11
8730.000000  2.533782e-11
8750.000000  2.524610e-11
8770.000000  2.529936e-11
8790.000000  2.532214e-11
8810.000000  2.503384e-11
8830.000000  2.498535e-11
8850.000000  2.518228e-11
8870.000000  2.511322e-11
8890.000000  2.519729e-11
8910.000000  2.519516e-11
8930.000000  2.512114e-11
8950.000000  2.502741e-11
8970.000000  2.509197e-11
8990.000000  2.511857e-11
9010.000000  2.471320e-11
9030.000000  2.502863e-11
9050.000000  2.509679e-11
9070.000000  2.509891e-11
9090.000000  2.476904e-11
9110.000000  2.496364e-11
9130.000000  2.495812e-11
9150.000000  2.488138e-11
9170.000000  2.481520e-11
9190.000000  2.482187e-11
9210.000000  2.473003e-11
9230.000000  2.475983e-11
9250.000000  2.466235e-11
9270.000000  2.462391e-11
9290.000000  2.448825e-11
9310.000000  2.462691e-11
9330.000000  2.460879e-11
9350.000000  2.458341e-11
9370.000000  2.441562e-11
9390.000000  2.454280e-11
9410.000000  2.449169e-11
9430.000000  2.450183e-11
9450.000000  2.438144e-11
9470.000000  2.446975e-11
9490.000000  2.444702e-11
9510.000000  2.444656e-11
9530.000000  2.441114e-11
9550.000000  2.415578e-11
9570.000000  2.429106e-11
9590.000000  2.434751e-11
9610.000000  2.410826e-11
9630.000000  2.427955e-11
9650.000000  2.367496e-11
9670.000000  2.374205e-11
9690.000000  2.396952e-11
9710.000000  2.386667e-11
9730.000000  2.375376e-11
9750.000000  2.383095e-11
9770.000000  2.392140e-11
9790.000000  2.346224e-11
9810.000000  2.401412e-11
9830.000000  2.393531e-11
9850.000000  2.399549e-11
9870.000000  2.395237e-11
9890.000000  2.394450e-11
9910.000000  2.391025e-11
9930.000000  2.389563e-11
9950.000000  2.386352e-11
9970.000000  2.384606e-11
9990.000000  2.383649e-11
10025.000000  2.373508e-11
10075.000000  2.365251e-11
10125.000000  2.359206e-11
10175.000000  2.347572e-11
10225.000000  2.345846e-11
10275.000000  2.341273e-11
10325.000000  2.323675e-11
10375.000000  2.316538e-11
10425.000000  2.320266e-11
10475.000000  2.307263e-11
10525.000000  2.305211e-11
10575.000000  2.292341e-11
10625.000000  2.287604e-11
10675.000000  2.272454e-11
10725.000000  2.265885e-11
10775.000000  2.262347e-11
10825.000000  2.244722e-11
10875.000000  2.243446e-11
10925.000000  2.227524e-11
10975.000000  2.202244e-11
11025.000000  2.190410e-11
11075.000000  2.183834e-11
11125.000000  2.168607e-11
11175.000000  2.162910e-11
11225.000000  2.163315e-11
11275.000000  2.147827e-11
11325.000000  2.137421e-11
11375.000000  2.124026e-11
11425.000000  2.110669e-11
11475.000000  2.123574e-11
11525.000000  2.115047e-11
11575.000000  2.103740e-11
11625.000000  2.080540e-11
11675.000000  2.083132e-11
11725.000000  2.090407e-11
11775.000000  2.067133e-11
11825.000000  2.065365e-11
11875.000000  2.041459e-11
11925.000000  2.060058e-11
11975.000000  2.027580e-11
12025.000000  2.046093e-11
12075.000000  2.040979e-11
12125.000000  2.040070e-11
12175.000000  2.036609e-11
12225.000000  2.030913e-11
12275.000000  2.024215e-11
12325.000000  2.019077e-11
12375.000000  2.014075e-11
12425.000000  2.009742e-11
12475.000000  2.004550e-11
12525.000000  1.999863e-11
12575.000000  1.992947e-11
12625.000000  1.986891e-11
12675.000000  1.982417e-11
12725.000000  1.978326e-11
12775.000000  1.973732e-11
12825.000000  1.955057e-11
12875.000000  1.959008e-11
12925.000000  1.950157e-11
12975.000000  1.953333e-11
13025.000000  1.949073e-11
13075.000000  1.939050e-11
13125.000000  1.926976e-11
13175.000000  1.921868e-11
13225.000000  1.919129e-11
13275.000000  1.893722e-11
13325.000000  1.823837e-11
13375.000000  1.740577e-11
13425.000000  1.712076e-11
13475.000000  1.749126e-11
13525.000000  1.707788e-11
13575.000000  1.717645e-11
13625.000000  1.705968e-11
13675.000000  1.736858e-11
13725.000000  1.736917e-11
13775.000000  1.746748e-11
13825.000000  1.736051e-11
13875.000000  1.708447e-11
13925.000000  1.607753e-11
13975.000000  1.627266e-11
14025.000000  1.649711e-11
14075.000000  1.647586e-11
14125.000000  1.608809e-11
14175.000000  1.611570e-11
14225.000000  1.616738e-11
14275.000000  1.604030e-11
14325.000000  1.615329e-11
14375.000000  1.610185e-11
14425.000000  1.623068e-11
14475.000000  1.619609e-11
14525.000000  1.613369e-11
14570.000000  1.618132e-11
14620.000000  1.567464e-11
14675.000000  1.567119e-11
14725.000000  1.603109e-11
14775.000000  1.590045e-11
14825.000000  1.596625e-11
14875.000000  1.604700e-11
14925.000000  1.621646e-11
14975.000000  1.643679e-11
15025.000000  1.609240e-11
15075.000000  1.635279e-11
15125.000000  1.642248e-11
15175.000000  1.652258e-11
15225.000000  1.678755e-11
15275.000000  1.645683e-11
15325.000000  1.680181e-11
15375.000000  1.659194e-11
15425.000000  1.633480e-11
15475.000000  1.701181e-11
15525.000000  1.677126e-11
15575.000000  1.677402e-11
15625.000000  1.715483e-11
15675.000000  1.717082e-11
15725.000000  1.712715e-11
15775.000000  1.720476e-11
15825.000000  1.747375e-11
15875.000000  1.731123e-11
15925.000000  1.753693e-11
15975.000000  1.773997e-11
16050.000000  1.756505e-11
16150.000000  1.786020e-11
16250.000000  1.759447e-11
16350.000000  1.772564e-11
16450.000000  1.754464e-11
16550.000000  1.751247e-11
16650.000000  1.723647e-11
16750.000000  1.696476e-11
16850.000000  1.668286e-11
16950.000000  1.635547e-11
17050.000000  1.594321e-11
17150.000000  1.521983e-11
17250.000000  1.493305e-11
17350.000000  1.437356e-11
17450.000000  1.401492e-11
17550.000000  1.332336e-11
17650.000000  1.291743e-11
17750.000000  1.235883e-11
17850.000000  1.190005e-11
17950.000000  1.164555e-11
18050.000000  1.114064e-11
18150.000000  1.092511e-11
18250.000000  1.074619e-11
18350.000000  1.055215e-11
18450.000000  1.003817e-11
18550.000000  9.571246e-12
18650.000000  9.501491e-12
18750.000000  9.300201e-12
18850.000000  9.589652e-12
18950.000000  9.366333e-12
19050.000000  9.427287e-12
19150.000000  9.268627e-12
19250.000000  9.159637e-12
19350.000000  8.953157e-12
19450.000000  8.854817e-12
19550.000000  8.819968e-12
19650.000000  8.589493e-12
19750.000000  8.434723e-12
19850.000000  8.147620e-12
19950.000000  7.946536e-12
20050.000000  7.849661e-12
20150.000000  7.666949e-12
20250.000000  7.554824e-12
20350.000000  7.512112e-12
20450.000000  7.399447e-12
20550.000000  7.395919e-12
20650.000000  7.205281e-12
20750.000000  7.215273e-12
20850.000000  7.083175e-12
20950.000000  7.118336e-12
21050.000000  7.060994e-12
21150.000000  7.033994e-12
21250.000000  6.974801e-12
21350.000000  6.963038e-12
21450.000000  6.923399e-12
21550.000000  6.895007e-12
21650.000000  6.886240e-12
21750.000000  6.797666e-12
21850.000000  6.778995e-12
21950.000000  6.736062e-12
22050.000000  6.664587e-12
22150.000000  6.646558e-12
22250.000000  6.553441e-12
22350.000000  6.516864e-12
22450.000000  6.461081e-12
22550.000000  6.373640e-12
22650.000000  6.294810e-12
22750.000000  6.220844e-12
22850.000000  6.153885e-12
22950.000000  5.539842e-12
23050.000000  5.693408e-12
23150.000000  5.625179e-12
23250.000000  5.114986e-12
23350.000000  5.259295e-12
23450.000000  5.236652e-12
23550.000000  4.736694e-12
23650.000000  4.913258e-12
23750.000000  4.930485e-12
23850.000000  4.433524e-12
23950.000000  4.540222e-12
24050.000000  4.328203e-12
24150.000000  4.079523e-12
24250.000000  4.053229e-12
24350.000000  3.909216e-12
24450.000000  3.715234e-12
24550.000000  3.583317e-12
24650.000000  3.497083e-12
24750.000000  3.347407e-12
24850.000000  3.225624e-12
24950.000000  3.199746e-12
