2505.000000  1.519564e-16
2513.000000  9.420201e-17
2518.000000  1.130840e-16
2525.000000  1.504448e-16
2535.000000  4.495858e-16
2545.000000  5.738827e-16
2555.000000  5.974826e-16
2565.000000  2.626795e-16
2575.000000  5.576842e-16
2585.000000  3.114256e-16
2595.000000  4.535378e-16
2605.000000  6.834122e-16
2615.000000  5.784457e-16
2625.000000  1.127772e-15
2635.000000  1.886593e-15
2645.000000  1.311826e-15
2655.000000  2.066132e-15
2665.000000  1.596629e-15
2675.000000  1.507932e-15
2685.000000  2.147005e-15
2695.000000  1.328023e-15
2705.000000  2.829297e-15
2715.000000  2.585320e-15
2725.000000  2.057964e-15
2735.000000  2.182388e-15
2745.000000  3.355412e-15
2755.000000  3.088066e-15
2765.000000  5.144249e-15
2775.000000  6.988990e-15
2785.000000  4.365493e-15
2795.000000  5.334467e-15
2805.000000  5.322721e-15
2815.000000  7.067816e-15
2825.000000  6.869278e-15
2835.000000  5.726032e-15
2845.000000  3.583328e-15
2855.000000  1.380929e-15
2865.000000  6.429391e-15
2875.000000  7.939709e-15
2885.000000  1.466376e-14
2895.000000  1.735041e-14
2910.000000  2.077105e-14
2930.000000  2.276973e-14
2950.000000  2.309417e-14
2970.000000  2.368745e-14
2990.000000  2.840857e-14
3010.000000  3.095575e-14
3030.000000  3.816095e-14
3050.000000  4.715954e-14
3070.000000  5.978221e-14
3090.000000  7.104124e-14
3110.000000  9.936951e-14
3130.000000  1.009099e-13
3150.000000  1.575784e-13
3170.000000  2.218903e-13
3190.000000  1.807550e-13
3210.000000  2.313312e-13
3230.000000  2.147323e-13
3250.000000  3.169758e-13
3270.000000  4.582703e-13
3290.000000  6.168906e-13
3310.000000  5.301309e-13
3330.000000  5.932579e-13
3350.000000  5.971492e-13
3370.000000  4.443308e-13
3390.000000  5.312412e-13
3410.000000  6.764453e-13
3430.000000  8.176038e-13
3450.000000  7.446507e-13
3470.000000  8.467185e-13
3490.000000  1.057680e-12
3510.000000  1.416929e-12
3530.000000  1.231932e-12
3550.000000  1.917861e-12
3570.000000  8.877417e-13
3590.000000  7.439221e-13
3610.000000  1.244355e-12
3630.000000  2.100663e-12
3640.000000  2.427260e-12
3650.000000  2.513460e-12
3670.000000  3.543736e-12
3690.000000  3.055271e-12
3710.000000  2.623826e-12
3730.000000  1.065244e-12
3750.000000  1.351615e-12
3770.000000  2.897804e-12
3790.000000  3.489760e-12
3810.000000  2.925206e-12
3830.000000  1.239252e-12
3850.000000  2.089493e-12
3870.000000  2.108557e-12
3890.000000  2.764558e-12
3910.000000  3.185446e-12
3930.000000  9.783577e-13
3950.000000  1.994587e-12
3970.000000  1.248097e-12
3990.000000  5.331890e-12
4010.000000  8.739230e-12
4030.000000  7.692147e-12
4050.000000  8.078528e-12
4070.000000  7.806371e-12
4090.000000  1.071489e-11
4110.000000  7.691190e-12
4130.000000  8.082978e-12
4150.000000  8.041564e-12
4170.000000  7.365342e-12
4190.000000  8.551221e-12
4210.000000  7.999675e-12
4230.000000  5.598483e-12
4250.000000  1.015077e-11
4270.000000  9.704425e-12
4290.000000  9.804984e-12
4310.000000  1.080041e-11
4330.000000  1.587524e-11
4350.000000  1.687720e-11
4370.000000  1.769420e-11
4390.000000  1.555854e-11
4410.000000  1.594649e-11
4430.000000  1.738424e-11
4450.000000  1.862310e-11
4470.000000  2.003018e-11
4490.000000  2.192039e-11
4510.000000  2.653120e-11
4530.000000  2.131341e-11
4550.000000  2.330956e-11
4570.000000  2.724983e-11
4590.000000  2.564874e-11
4610.000000  2.735707e-11
4630.000000  2.662610e-11
4650.000000  2.687664e-11
4670.000000  2.935085e-11
4690.000000  2.923269e-11
4710.000000  2.890495e-11
4730.000000  2.924893e-11
4750.000000  3.111631e-11
4770.000000  2.593647e-11
4790.000000  2.753550e-11
4810.000000  2.880997e-11
4830.000000  3.115285e-11
4850.000000  3.187558e-11
4870.000000  3.211977e-11
4890.000000  3.555369e-11
4910.000000  3.666641e-11
4930.000000  3.639570e-11
4950.000000  3.679314e-11
4970.000000  2.954551e-11
4990.000000  2.934600e-11
5010.000000  2.505587e-11
5030.000000  2.906018e-11
5050.000000  2.886797e-11
5070.000000  3.034045e-11
5090.000000  2.821740e-11
5110.000000  3.095609e-11
5130.000000  2.928572e-11
5150.000000  2.902369e-11
5170.000000  2.516249e-11
5190.000000  2.544392e-11
5210.000000  2.850917e-11
5230.000000  4.041560e-11
5250.000000  4.061940e-11
5270.000000  3.826221e-11
5290.000000  4.581318e-11
5310.000000  5.151856e-11
5330.000000  4.449940e-11
5350.000000  5.014508e-11
5370.000000  5.013756e-11
5390.000000  4.794422e-11
5410.000000  4.924380e-11
5430.000000  4.932871e-11
5450.000000  4.783432e-11
5470.000000  4.475059e-11
5490.000000  4.662650e-11
5510.000000  4.456749e-11
5530.000000  5.083447e-11
5550.000000  5.336434e-11
5570.000000  5.319119e-11
5590.000000  5.126327e-11
5610.000000  4.830682e-11
5630.000000  4.835891e-11
5650.000000  5.132228e-11
5670.000000  4.990200e-11
5690.000000  5.509757e-11
5710.000000  5.134392e-11
5730.000000  5.916788e-11
5750.000000  5.892930e-11
5770.000000  5.855423e-11
5790.000000  5.587365e-11
5810.000000  6.077143e-11
5830.000000  6.400423e-11
5850.000000  5.952780e-11
5870.000000  5.702199e-11
5890.000000  4.184959e-11
5910.000000  5.194478e-11
5930.000000  5.361785e-11
5950.000000  5.423371e-11
5970.000000  5.744277e-11
5990.000000  5.747739e-11
6010.000000  5.735944e-11
6030.000000  6.257657e-11
6050.000000  6.541830e-11
6070.000000  6.658703e-11
6090.000000  6.526945e-11
6110.000000  6.618551e-11
6130.000000  6.195222e-11
6150.000000  6.534589e-11
6170.000000  5.275487e-11
6190.000000  5.531648e-11
6210.000000  5.378819e-11
6230.000000  4.921059e-11
6250.000000  4.931348e-11
6270.000000  5.469048e-11
6290.000000  5.870540e-11
6310.000000  5.926846e-11
6330.000000  6.263345e-11
6350.000000  6.452627e-11
6370.000000  6.361453e-11
6390.000000  6.584611e-11
6410.000000  6.595074e-11
6430.000000  6.447550e-11
6450.000000  6.605390e-11
6470.000000  6.841433e-11
6490.000000  6.415749e-11
6510.000000  6.817859e-11
6530.000000  7.106260e-11
6550.000000  6.870288e-11
6570.000000  6.924924e-11
6590.000000  7.033699e-11
6610.000000  6.991125e-11
6630.000000  6.935692e-11
6650.000000  6.661815e-11
6670.000000  6.404673e-11
6690.000000  6.108463e-11
6710.000000  5.983859e-11
6730.000000  5.785563e-11
6750.000000  5.759348e-11
6770.000000  6.187564e-11
6790.000000  5.871726e-11
6810.000000  6.163439e-11
6830.000000  6.455126e-11
6850.000000  6.469634e-11
6870.000000  6.608177e-11
6890.000000  6.992328e-11
6910.000000  7.247220e-11
6930.000000  7.115382e-11
6950.000000  7.287788e-11
6970.000000  7.705025e-11
6990.000000  7.575034e-11
7010.000000  7.650797e-11
7030.000000  7.934041e-11
7050.000000  7.724607e-11
7070.000000  6.426596e-11
7090.000000  6.069569e-11
7110.000000  5.944423e-11
7130.000000  5.358667e-11
7150.000000  5.423613e-11
7170.000000  5.825629e-11
7190.000000  6.128390e-11
7210.000000  6.109542e-11
7230.000000  6.747173e-11
7250.000000  6.989152e-11
7270.000000  7.299276e-11
7290.000000  7.455835e-11
7310.000000  7.695586e-11
7330.000000  7.873260e-11
7350.000000  7.963468e-11
7370.000000  8.400742e-11
7390.000000  8.387049e-11
7410.000000  8.400958e-11
7430.000000  8.536221e-11
7450.000000  8.623011e-11
7470.000000  8.636128e-11
7490.000000  8.644693e-11
7510.000000  8.872100e-11
7530.000000  8.957034e-11
7550.000000  8.992705e-11
7570.000000  8.965107e-11
7590.000000  8.590933e-11
7610.000000  8.474608e-11
7630.000000  8.357350e-11
7650.000000  8.347598e-11
7670.000000  7.748702e-11
7690.000000  7.960074e-11
7710.000000  7.710709e-11
7730.000000  7.932642e-11
7750.000000  7.792017e-11
7770.000000  7.964420e-11
7790.000000  7.999823e-11
7810.000000  8.259643e-11
7830.000000  8.079993e-11
7850.000000  8.055736e-11
7870.000000  8.294053e-11
7890.000000  8.190665e-11
7910.000000  7.989115e-11
7930.000000  8.154850e-11
7950.000000  7.965930e-11
7970.000000  8.496688e-11
7990.000000  8.406266e-11
8010.000000  8.541140e-11
8030.000000  8.591641e-11
8050.000000  8.600607e-11
8070.000000  8.425769e-11
8090.000000  8.413990e-11
8110.000000  8.436997e-11
8130.000000  8.638789e-11
8150.000000  8.700201e-11
8170.000000  8.762763e-11
8190.000000  8.487122e-11
8210.000000  8.229528e-11
8230.000000  8.580495e-11
8250.000000  8.533875e-11
8270.000000  8.689966e-11
8290.000000  8.496064e-11
8310.000000  8.178015e-11
8330.000000  8.303491e-11
8350.000000  8.236199e-11
8370.000000  8.298379e-11
8390.000000  7.931029e-11
8410.000000  8.396841e-11
8430.000000  8.049010e-11
8450.000000  8.120399e-11
8470.000000  8.126403e-11
8490.000000  8.083037e-11
8510.000000  7.714641e-11
8530.000000  8.037612e-11
8550.000000  6.717978e-11
8570.000000  8.448295e-11
8590.000000  8.463278e-11
8610.000000  8.504967e-11
8630.000000  8.630440e-11
8650.000000  8.618039e-11
8670.000000  7.160694e-11
8690.000000  8.322563e-11
8710.000000  8.751125e-11
8730.000000  8.780706e-11
8750.000000  8.803775e-11
8770.000000  8.792975e-11
8790.000000  8.871418e-11
8810.000000  8.634564e-11
8830.000000  8.744574e-11
8850.000000  8.897945e-11
8870.000000  8.091906e-11
8890.000000  8.274357e-11
8910.000000  8.473973e-11
8930.000000  8.303847e-11
8950.000000  8.203766e-11
8970.000000  8.310421e-11
8990.000000  8.486768e-11
9010.000000  8.185051e-11
9030.000000  8.414810e-11
9050.000000  8.680198e-11
9070.000000  8.777769e-11
9090.000000  8.453610e-11
9110.000000  8.508777e-11
9130.000000  8.731306e-11
9150.000000  8.340777e-11
9170.000000  8.216326e-11
9190.000000  8.363398e-11
9210.000000  8.181389e-11
9230.000000  8.295030e-11
9250.000000  8.197310e-11
9270.000000  8.298378e-11
9290.000000  8.193491e-11
9310.000000  8.430540e-11
9330.000000  8.460858e-11
9350.000000  8.388329e-11
9370.000000  8.221029e-11
9390.000000  8.258555e-11
9410.000000  8.150515e-11
9430.000000  8.263081e-11
9450.000000  8.063285e-11
9470.000000  8.317656e-11
9490.000000  8.318086e-11
9510.000000  8.413872e-11
9530.000000  8.378184e-11
9550.000000  8.230315e-11
9570.000000  8.295543e-11
9590.000000  8.482262e-11
9610.000000  8.337471e-11
9630.000000  8.418023e-11
9650.000000  8.059526e-11
9670.000000  8.040493e-11
9690.000000  8.294977e-11
9710.000000  8.241298e-11
9730.000000  8.115477e-11
9750.000000  8.096407e-11
9770.000000  8.185953e-11
9790.000000  8.003479e-11
9810.000000  8.325108e-11
9830.000000  8.174582e-11
9850.000000  8.351093e-11
9870.000000  8.344357e-11
9890.000000  8.370354e-11
9910.000000  8.276492e-11
9930.000000  8.318966e-11
9950.000000  8.298295e-11
9970.000000  8.381382e-11
9990.000000  8.406062e-11
10025.000000  8.258259e-11
10075.000000  8.214132e-11
10125.000000  8.313641e-11
10175.000000  8.226514e-11
10225.000000  8.312102e-11
10275.000000  8.344796e-11
10325.000000  8.216753e-11
10375.000000  8.194640e-11
10425.000000  8.256209e-11
10475.000000  8.209848e-11
10525.000000  8.244603e-11
10575.000000  8.142824e-11
10625.000000  8.159765e-11
10675.000000  8.013595e-11
10725.000000  8.037146e-11
10775.000000  7.997768e-11
10825.000000  7.895920e-11
10875.000000  7.865776e-11
10925.000000  7.784797e-11
10975.000000  7.424902e-11
11025.000000  7.395224e-11
11075.000000  7.476029e-11
11125.000000  7.487623e-11
11175.000000  7.536005e-11
11225.000000  7.564965e-11
11275.000000  7.459324e-11
11325.000000  7.516922e-11
11375.000000  7.394092e-11
11425.000000  7.450170e-11
11475.000000  7.544607e-11
11525.000000  7.569458e-11
11575.000000  7.501228e-11
11625.000000  7.408165e-11
11675.000000  7.439809e-11
11725.000000  7.558386e-11
11775.000000  7.410123e-11
11825.000000  7.424405e-11
11875.000000  7.323311e-11
11925.000000  7.470795e-11
11975.000000  7.204497e-11
12025.000000  7.371855e-11
12075.000000  7.337009e-11
12125.000000  7.368107e-11
12175.000000  7.377186e-11
12225.000000  7.359542e-11
12275.000000  7.326106e-11
12325.000000  7.288970e-11
12375.000000  7.285455e-11
12425.000000  7.247898e-11
12475.000000  7.251338e-11
12525.000000  7.201598e-11
12575.000000  7.205712e-11
12625.000000  7.188576e-11
12675.000000  7.146502e-11
12725.000000  7.160408e-11
12775.000000  7.185922e-11
12825.000000  6.965298e-11
12875.000000  7.086781e-11
12925.000000  6.980057e-11
12975.000000  7.103350e-11
13025.000000  7.047504e-11
13075.000000  7.086762e-11
13125.000000  6.971108e-11
13175.000000  6.991471e-11
13225.000000  7.016130e-11
13275.000000  6.912072e-11
13325.000000  6.955917e-11
13375.000000  6.902913e-11
13425.000000  6.914543e-11
13475.000000  6.936563e-11
13525.000000  6.909681e-11
13575.000000  6.850884e-11
13625.000000  6.797428e-11
13675.000000  6.883657e-11
13725.000000  6.934085e-11
13775.000000  6.898723e-11
13825.000000  6.937494e-11
13875.000000  6.827804e-11
13925.000000  6.423300e-11
13975.000000  6.619252e-11
14025.000000  6.636102e-11
14075.000000  6.584089e-11
14125.000000  6.407585e-11
14175.000000  6.426618e-11
14225.000000  6.460293e-11
14275.000000  6.372414e-11
14325.000000  6.505132e-11
14375.000000  6.511380e-11
14425.000000  6.450375e-11
14475.000000  6.636460e-11
14525.000000  6.468047e-11
14570.000000  6.471107e-11
14620.000000  6.192774e-11
14675.000000  6.246027e-11
14725.000000  6.305068e-11
14775.000000  6.385024e-11
14825.000000  6.464510e-11
14875.000000  6.461532e-11
14925.000000  6.625180e-11
14975.000000  6.680670e-11
15025.000000  6.503220e-11
15075.000000  6.488618e-11
15125.000000  6.526794e-11
15175.000000  6.628455e-11
15225.000000  6.710832e-11
15275.000000  6.628864e-11
15325.000000  6.772449e-11
15375.000000  6.674032e-11
15425.000000  6.617819e-11
15475.000000  6.894065e-11
15525.000000  6.721376e-11
15575.000000  6.475812e-11
15625.000000  6.747057e-11
15675.000000  6.801740e-11
15725.000000  6.853196e-11
15775.000000  6.368062e-11
15825.000000  6.614144e-11
15875.000000  6.591973e-11
15925.000000  6.830597e-11
15975.000000  6.676177e-11
16050.000000  6.657845e-11
16150.000000  6.823646e-11
16250.000000  6.580285e-11
16350.000000  6.878920e-11
16450.000000  6.452319e-11
16550.000000  6.789190e-11
16650.000000  6.370992e-11
16750.000000  6.511997e-11
16850.000000  6.249015e-11
16950.000000  6.387896e-11
17050.000000  6.157483e-11
17150.000000  6.057666e-11
17250.000000  5.992063e-11
17350.000000  5.758709e-11
17450.000000  5.820412e-11
17550.000000  5.609314e-11
17650.000000  5.565295e-11
17750.000000  5.439669e-11
17850.000000  5.331337e-11
17950.000000  5.311084e-11
18050.000000  5.062024e-11
18150.000000  5.067730e-11
18250.000000  4.907334e-11
18350.000000  4.888068e-11
18450.000000  4.736139e-11
18550.000000  4.638084e-11
18650.000000  4.573341e-11
18750.000000  4.475500e-11
18850.000000  4.445585e-11
18950.000000  4.298418e-11
19050.000000  4.334097e-11
19150.000000  4.254961e-11
19250.000000  4.230817e-11
19350.000000  4.066032e-11
19450.000000  4.004412e-11
19550.000000  3.978942e-11
19650.000000  3.873201e-11
19750.000000  3.735038e-11
19850.000000  3.700312e-11
19950.000000  3.619993e-11
20050.000000  3.631864e-11
20150.000000  3.562470e-11
20250.000000  3.450445e-11
20350.000000  3.433422e-11
20450.000000  3.406775e-11
20550.000000  3.310226e-11
20650.000000  3.256571e-11
20750.000000  3.220152e-11
20850.000000  3.155147e-11
20950.000000  3.103159e-11
21050.000000  3.086367e-11
21150.000000  3.045870e-11
21250.000000  2.992257e-11
21350.000000  2.967727e-11
21450.000000  2.918234e-11
21550.000000  2.874720e-11
21650.000000  2.835233e-11
21750.000000  2.772580e-11
21850.000000  2.747934e-11
21950.000000  2.719469e-11
22050.000000  2.633027e-11
22150.000000  2.668244e-11
22250.000000  2.563196e-11
22350.000000  2.548535e-11
22450.000000  2.516273e-11
22550.000000  2.494524e-11
22650.000000  2.425426e-11
22750.000000  2.431540e-11
22850.000000  2.375471e-11
22950.000000  1.955546e-11
23050.000000  2.132018e-11
23150.000000  2.107973e-11
23250.000000  1.771773e-11
23350.000000  1.926482e-11
23450.000000  1.850007e-11
23550.000000  1.562578e-11
23650.000000  1.764640e-11
23750.000000  1.688450e-11
23850.000000  1.473077e-11
23950.000000  1.623446e-11
24050.000000  1.586009e-11
24150.000000  1.411934e-11
24250.000000  1.522966e-11
24350.000000  1.502690e-11
24450.000000  1.384055e-11
24550.000000  1.390946e-11
24650.000000  1.438185e-11
24750.000000  1.367904e-11
24850.000000  1.291886e-11
24950.000000  1.342854e-11
