2505.000000  1.483612e-10
2513.000000  1.336519e-10
2518.000000  1.390058e-10
2525.000000  1.294026e-10
2535.000000  1.320664e-10
2545.000000  1.266338e-10
2555.000000  1.341768e-10
2565.000000  1.314964e-10
2575.000000  1.415211e-10
2585.000000  1.386911e-10
2595.000000  1.387304e-10
2605.000000  1.315668e-10
2615.000000  1.308396e-10
2625.000000  1.344409e-10
2635.000000  1.352633e-10
2645.000000  1.438411e-10
2655.000000  1.410572e-10
2665.000000  1.293298e-10
2675.000000  1.363057e-10
2685.000000  1.327926e-10
2695.000000  1.295002e-10
2705.000000  1.331291e-10
2715.000000  1.267024e-10
2725.000000  1.274220e-10
2735.000000  1.346820e-10
2745.000000  1.177147e-10
2755.000000  1.167018e-10
2765.000000  1.199252e-10
2775.000000  1.261096e-10
2785.000000  1.261413e-10
2795.000000  1.092669e-10
2805.000000  1.184789e-10
2815.000000  1.266145e-10
2825.000000  1.264758e-10
2835.000000  1.189776e-10
2845.000000  1.152250e-10
2855.000000  1.152727e-10
2865.000000  1.201442e-10
2875.000000  1.164221e-10
2885.000000  1.176846e-10
2895.000000  1.147014e-10
2910.000000  1.218917e-10
2930.000000  1.172374e-10
2950.000000  1.161742e-10
2970.000000  1.156235e-10
2990.000000  1.144327e-10
3010.000000  1.160477e-10
3030.000000  1.139911e-10
3050.000000  1.115093e-10
3070.000000  1.095016e-10
3090.000000  1.095830e-10
3110.000000  1.060657e-10
3130.000000  1.048887e-10
3150.000000  1.045609e-10
3170.000000  1.025207e-10
3190.000000  9.865503e-11
3210.000000  9.940701e-11
3230.000000  9.780015e-11
3250.000000  9.676108e-11
3270.000000  9.603387e-11
3290.000000  9.502516e-11
3310.000000  9.436279e-11
3330.000000  9.227989e-11
3350.000000  9.049501e-11
3370.000000  8.941731e-11
3390.000000  8.791601e-11
3410.000000  8.774623e-11
3430.000000  8.647398e-11
3450.000000  8.535973e-11
3470.000000  8.385637e-11
3490.000000  8.286974e-11
3510.000000  8.237158e-11
3530.000000  8.161193e-11
3550.000000  8.062944e-11
3570.000000  7.934686e-11
3590.000000  7.807874e-11
3610.000000  7.728048e-11
3630.000000  7.616416e-11
3640.000000  7.593924e-11
3650.000000  7.587505e-11
3670.000000  7.507679e-11
3690.000000  7.334444e-11
3710.000000  7.140153e-11
3730.000000  6.847601e-11
3750.000000  7.709810e-11
3770.000000  7.914491e-11
3790.000000  9.124668e-11
3810.000000  1.017377e-10
3830.000000  8.384943e-11
3850.000000  1.069660e-10
3870.000000  1.165761e-10
3890.000000  7.508732e-11
3910.000000  1.152467e-10
3930.000000  1.174610e-10
3950.000000  1.129900e-10
3970.000000  7.083051e-11
3990.000000  1.072497e-10
4010.000000  1.131214e-10
4030.000000  1.084602e-10
4050.000000  1.113828e-10
4070.000000  1.070362e-10
4090.000000  8.927768e-11
4110.000000  7.171914e-11
4130.000000  9.919847e-11
4150.000000  1.020280e-10
4170.000000  1.011830e-10
4190.000000  1.000239e-10
4210.000000  9.883652e-11
4230.000000  9.719518e-11
4250.000000  9.539584e-11
4270.000000  9.293208e-11
4290.000000  9.250634e-11
4310.000000  8.901243e-11
4330.000000  7.165149e-11
4350.000000  6.247208e-11
4370.000000  8.439882e-11
4390.000000  8.358899e-11
4410.000000  8.470535e-11
4430.000000  8.271353e-11
4450.000000  8.268524e-11
4470.000000  7.922103e-11
4490.000000  7.872780e-11
4510.000000  7.895481e-11
4530.000000  7.754253e-11
4550.000000  7.605712e-11
4570.000000  7.597016e-11
4590.000000  7.422949e-11
4610.000000  7.389139e-11
4630.000000  7.179197e-11
4650.000000  7.170707e-11
4670.000000  7.045072e-11
4690.000000  6.948205e-11
4710.000000  6.726738e-11
4730.000000  6.750056e-11
4750.000000  6.634148e-11
4770.000000  6.598271e-11
4790.000000  6.485811e-11
4810.000000  6.334852e-11
4830.000000  6.118413e-11
4850.000000  5.109793e-11
4870.000000  4.313624e-11
4890.000000  5.808976e-11
4910.000000  5.901023e-11
4930.000000  5.776838e-11
4950.000000  5.801540e-11
4970.000000  5.750071e-11
4990.000000  5.653828e-11
5010.000000  5.458302e-11
5030.000000  5.451196e-11
5050.000000  5.294373e-11
5070.000000  5.332459e-11
5090.000000  5.261741e-11
5110.000000  5.165497e-11
5130.000000  5.130241e-11
5150.000000  5.011298e-11
5170.000000  4.959208e-11
5190.000000  4.911188e-11
5210.000000  4.802800e-11
5230.000000  4.766304e-11
5250.000000  4.741189e-11
5270.000000  4.634596e-11
5290.000000  4.651015e-11
5310.000000  4.550908e-11
5330.000000  4.515858e-11
5350.000000  4.465217e-11
5370.000000  4.419613e-11
5390.000000  4.361659e-11
5410.000000  4.287905e-11
5430.000000  4.246165e-11
5450.000000  4.204424e-11
5470.000000  4.140191e-11
5490.000000  4.104729e-11
5510.000000  4.050225e-11
5530.000000  4.014762e-11
5550.000000  3.966536e-11
5570.000000  3.918310e-11
5590.000000  3.873533e-11
5610.000000  3.838071e-11
5630.000000  3.796330e-11
5650.000000  3.716092e-11
5670.000000  3.680835e-11
5690.000000  3.654915e-11
5710.000000  3.616314e-11
5730.000000  3.577629e-11
5750.000000  3.535723e-11
5770.000000  3.494003e-11
5790.000000  3.445715e-11
5810.000000  3.407300e-11
5830.000000  3.371899e-11
5850.000000  3.333339e-11
5870.000000  3.247359e-11
5890.000000  3.240171e-11
5910.000000  3.217617e-11
5930.000000  3.188923e-11
5950.000000  3.126333e-11
5970.000000  3.106939e-11
5990.000000  3.064812e-11
6010.000000  3.045480e-11
6030.000000  3.011135e-11
6050.000000  2.975997e-11
6070.000000  2.941998e-11
6090.000000  2.909212e-11
6110.000000  2.881511e-11
6130.000000  2.848057e-11
6150.000000  2.786433e-11
6170.000000  2.782789e-11
6190.000000  2.756752e-11
6210.000000  2.725912e-11
6230.000000  2.689925e-11
6250.000000  2.641596e-11
6270.000000  2.637159e-11
6290.000000  2.607596e-11
6310.000000  2.574121e-11
6330.000000  2.550677e-11
6350.000000  2.484333e-11
6370.000000  2.473736e-11
6390.000000  2.467699e-11
6410.000000  2.437791e-11
6430.000000  2.419390e-11
6450.000000  2.380299e-11
6470.000000  2.365975e-11
6490.000000  2.329258e-11
6510.000000  2.295499e-11
6530.000000  2.241468e-11
6550.000000  2.017184e-11
6570.000000  1.695508e-11
6590.000000  2.131513e-11
6610.000000  2.177989e-11
6630.000000  2.168124e-11
6650.000000  2.152746e-11
6670.000000  2.123672e-11
6690.000000  2.104707e-11
6710.000000  2.090743e-11
6730.000000  2.068817e-11
6750.000000  2.048595e-11
6770.000000  2.029932e-11
6790.000000  2.006185e-11
6810.000000  1.987177e-11
6830.000000  1.962782e-11
6850.000000  1.946955e-11
6870.000000  1.928616e-11
6890.000000  1.909650e-11
6910.000000  1.890339e-11
6930.000000  1.866592e-11
6950.000000  1.853987e-11
6970.000000  1.836297e-11
6990.000000  1.819580e-11
7010.000000  1.797634e-11
7030.000000  1.782924e-11
7050.000000  1.759156e-11
7070.000000  1.740314e-11
7090.000000  1.733035e-11
7110.000000  1.710785e-11
7130.000000  1.696359e-11
7150.000000  1.681222e-11
7170.000000  1.665802e-11
7190.000000  1.650989e-11
7210.000000  1.635549e-11
7230.000000  1.613809e-11
7250.000000  1.601446e-11
7270.000000  1.589551e-11
7290.000000  1.572248e-11
7310.000000  1.558994e-11
7330.000000  1.544830e-11
7350.000000  1.531659e-11
7370.000000  1.517171e-11
7390.000000  1.502703e-11
7410.000000  1.488214e-11
7430.000000  1.469186e-11
7450.000000  1.458265e-11
7470.000000  1.440575e-11
7490.000000  1.430626e-11
7510.000000  1.417738e-11
7530.000000  1.407162e-11
7550.000000  1.394295e-11
7570.000000  1.382055e-11
7590.000000  1.368540e-11
7610.000000  1.357922e-11
7630.000000  1.345034e-11
7650.000000  1.331842e-11
7670.000000  1.320272e-11
7690.000000  1.308033e-11
7710.000000  1.296139e-11
7730.000000  1.284893e-11
7750.000000  1.273302e-11
7770.000000  1.241952e-11
7790.000000  1.250769e-11
7810.000000  1.240820e-11
7830.000000  1.229229e-11
7850.000000  1.211257e-11
7870.000000  1.200535e-11
7890.000000  1.185722e-11
7910.000000  1.184812e-11
7930.000000  1.176443e-11
7950.000000  1.158063e-11
7970.000000  1.155855e-11
7990.000000  1.132915e-11
8010.000000  1.135896e-11
8030.000000  1.125602e-11
8050.000000  1.115329e-11
8070.000000  1.106312e-11
8090.000000  1.096342e-11
8110.000000  1.086352e-11
8130.000000  1.077680e-11
8150.000000  1.068987e-11
8170.000000  1.060293e-11
8190.000000  1.048337e-11
8210.000000  1.036526e-11
8230.000000  1.023313e-11
8250.000000  1.024652e-11
8270.000000  1.018594e-11
8290.000000  1.006355e-11
8310.000000  1.001208e-11
8330.000000  9.918457e-12
8350.000000  9.844911e-12
8370.000000  9.774193e-12
8390.000000  9.706305e-12
8410.000000  9.612890e-12
8430.000000  9.516232e-12
8450.000000  9.335472e-12
8470.000000  9.316227e-12
8490.000000  9.262337e-12
8510.000000  9.057647e-12
8530.000000  9.162638e-12
8550.000000  8.734221e-12
8570.000000  9.108747e-12
8590.000000  8.674873e-12
8610.000000  8.538894e-12
8630.000000  9.023048e-12
8650.000000  8.683405e-12
8670.000000  7.772473e-12
8690.000000  8.748870e-12
8710.000000  8.976261e-12
8730.000000  8.620400e-12
8750.000000  7.273572e-12
8770.000000  8.229700e-12
8790.000000  8.813366e-12
8810.000000  8.862214e-12
8830.000000  8.597144e-12
8850.000000  7.774552e-12
8870.000000  6.871947e-12
8890.000000  8.186567e-12
8910.000000  8.507802e-12
8930.000000  8.511878e-12
8950.000000  8.499114e-12
8970.000000  8.347119e-12
8990.000000  7.942401e-12
9010.000000  6.592929e-12
9030.000000  7.029846e-12
9050.000000  7.891556e-12
9070.000000  7.976497e-12
9090.000000  7.973259e-12
9110.000000  7.983608e-12
9130.000000  7.935382e-12
9150.000000  7.890398e-12
9170.000000  7.761310e-12
9190.000000  7.544460e-12
9210.000000  7.032943e-12
9230.000000  5.771023e-12
9250.000000  6.777396e-12
9270.000000  7.176041e-12
9290.000000  7.390889e-12
9310.000000  7.404276e-12
9330.000000  7.346118e-12
9350.000000  7.320384e-12
9370.000000  7.268916e-12
9390.000000  7.194335e-12
9410.000000  7.046208e-12
9430.000000  7.091398e-12
9450.000000  7.040135e-12
9470.000000  6.959481e-12
9490.000000  6.862198e-12
9510.000000  6.671289e-12
9530.000000  6.127554e-12
9550.000000  5.147325e-12
9570.000000  6.156945e-12
9590.000000  6.513642e-12
9610.000000  6.562703e-12
9630.000000  6.462598e-12
9650.000000  6.527452e-12
9670.000000  6.463014e-12
9690.000000  6.440522e-12
9710.000000  6.405473e-12
9730.000000  6.356835e-12
9750.000000  6.302124e-12
9770.000000  6.266662e-12
9790.000000  6.215193e-12
9810.000000  6.166760e-12
9830.000000  6.105564e-12
9850.000000  6.070102e-12
9870.000000  6.024911e-12
9890.000000  5.960265e-12
9910.000000  5.928252e-12
9930.000000  5.883062e-12
9950.000000  5.831592e-12
9970.000000  5.773431e-12
9990.000000  5.702297e-12
10025.000000  5.210236e-12
10075.000000  4.945583e-12
10125.000000  5.389832e-12
10175.000000  5.370792e-12
10225.000000  5.296832e-12
10275.000000  5.206453e-12
10325.000000  5.109794e-12
10375.000000  5.022863e-12
10425.000000  4.938968e-12
10475.000000  4.845346e-12
10525.000000  4.758208e-12
10575.000000  4.681005e-12
10625.000000  4.603803e-12
10675.000000  4.493966e-12
10725.000000  4.439256e-12
10775.000000  4.368330e-12
10825.000000  4.265599e-12
10875.000000  4.168110e-12
10925.000000  3.589123e-12
10975.000000  3.844876e-12
11025.000000  3.984936e-12
11075.000000  3.946233e-12
11125.000000  3.888280e-12
11175.000000  3.823841e-12
11225.000000  3.762645e-12
11275.000000  3.668815e-12
11325.000000  3.617347e-12
11375.000000  3.582091e-12
11425.000000  3.523993e-12
11475.000000  3.469302e-12
11525.000000  3.414529e-12
11575.000000  3.359735e-12
11625.000000  3.295089e-12
11675.000000  3.243517e-12
11725.000000  3.201453e-12
11775.000000  3.133626e-12
11825.000000  3.102055e-12
11875.000000  3.049835e-12
11925.000000  3.010605e-12
11975.000000  2.959682e-12
12025.000000  2.918059e-12
12075.000000  2.873559e-12
12125.000000  2.828451e-12
12175.000000  2.786869e-12
12225.000000  2.744011e-12
12275.000000  2.701740e-12
12325.000000  2.661800e-12
12375.000000  2.623095e-12
12425.000000  2.585404e-12
12475.000000  2.539566e-12
12525.000000  2.508685e-12
12575.000000  2.466696e-12
12625.000000  2.433565e-12
12675.000000  2.396744e-12
12725.000000  2.351918e-12
12775.000000  2.257783e-12
12825.000000  1.986263e-12
12875.000000  2.212697e-12
12925.000000  2.221702e-12
12975.000000  2.197590e-12
13025.000000  2.170193e-12
13075.000000  2.139250e-12
13125.000000  2.109259e-12
13175.000000  2.074728e-12
13225.000000  2.050291e-12
13275.000000  2.021901e-12
13325.000000  1.993855e-12
13375.000000  1.966134e-12
13425.000000  1.938089e-12
13475.000000  1.911320e-12
13525.000000  1.884226e-12
13575.000000  1.859078e-12
13625.000000  1.833627e-12
13675.000000  1.807182e-12
13725.000000  1.782987e-12
13775.000000  1.761081e-12
13825.000000  1.737555e-12
13875.000000  1.714353e-12
13925.000000  1.690806e-12
13975.000000  1.668556e-12
14025.000000  1.646954e-12
14075.000000  1.624745e-12
14125.000000  1.603123e-12
14175.000000  1.582798e-12
14225.000000  1.561845e-12
14275.000000  1.541844e-12
14325.000000  1.521539e-12
14375.000000  1.501559e-12
14425.000000  1.477950e-12
14475.000000  1.462551e-12
14525.000000  1.442529e-12
14570.000000  1.428041e-12
14620.000000  1.410027e-12
14675.000000  1.391344e-12
14725.000000  1.373613e-12
14775.000000  1.354888e-12
14825.000000  1.340075e-12
14875.000000  1.322648e-12
14925.000000  1.307531e-12
14975.000000  1.290732e-12
15025.000000  1.275271e-12
15075.000000  1.258837e-12
15125.000000  1.244003e-12
15175.000000  1.228521e-12
15225.000000  1.213688e-12
15275.000000  1.198227e-12
15325.000000  1.183049e-12
15375.000000  1.169512e-12
15425.000000  1.152064e-12
15475.000000  1.140797e-12
15525.000000  1.125964e-12
15575.000000  1.105598e-12
15625.000000  1.104728e-12
15675.000000  1.079802e-12
15725.000000  1.060408e-12
15775.000000  1.068313e-12
15825.000000  1.053459e-12
15875.000000  1.003525e-12
15925.000000  1.019536e-12
15975.000000  1.024806e-12
16050.000000  9.947328e-13
16150.000000  9.497853e-13
16250.000000  9.677839e-13
16350.000000  9.241119e-13
16450.000000  8.781707e-13
16550.000000  9.065462e-13
16650.000000  8.871940e-13
16750.000000  8.408860e-13
16850.000000  7.965866e-13
16950.000000  8.275362e-13
17050.000000  8.127030e-13
17150.000000  7.949512e-13
17250.000000  7.723146e-13
17350.000000  6.991345e-13
17450.000000  7.309948e-13
17550.000000  7.271869e-13
17650.000000  7.130022e-13
17750.000000  6.975203e-13
17850.000000  6.830318e-13
17950.000000  6.688262e-13
18050.000000  6.497565e-13
18150.000000  5.924651e-13
18250.000000  6.109893e-13
18350.000000  6.133217e-13
18450.000000  6.023795e-13
18550.000000  5.888225e-13
18650.000000  5.729955e-13
18750.000000  5.224721e-13
18850.000000  5.497313e-13
18950.000000  5.433290e-13
19050.000000  5.330353e-13
19150.000000  5.227003e-13
19250.000000  5.117166e-13
19350.000000  4.968416e-13
19450.000000  4.512031e-13
19550.000000  4.774892e-13
19650.000000  4.733155e-13
19750.000000  4.646225e-13
19850.000000  4.559088e-13
19950.000000  4.471950e-13
20050.000000  4.388055e-13
20150.000000  4.304367e-13
20250.000000  4.223715e-13
20350.000000  4.143063e-13
20450.000000  4.068689e-13
20550.000000  3.991486e-13
20650.000000  3.917320e-13
20750.000000  3.846189e-13
20850.000000  3.775265e-13
20950.000000  3.707376e-13
21050.000000  3.639695e-13
21150.000000  3.572013e-13
21250.000000  3.510609e-13
21350.000000  3.446026e-13
21450.000000  3.381483e-13
21550.000000  3.294302e-13
21650.000000  3.004623e-13
21750.000000  3.159297e-13
21850.000000  3.147329e-13
21950.000000  3.099325e-13
22050.000000  3.046718e-13
22150.000000  2.993808e-13
22250.000000  2.942843e-13
22350.000000  2.892831e-13
22450.000000  2.843770e-13
22550.000000  2.795379e-13
22650.000000  2.748285e-13
22750.000000  2.702142e-13
22850.000000  2.657684e-13
22950.000000  2.613487e-13
23050.000000  2.570567e-13
23150.000000  2.528316e-13
23250.000000  2.487017e-13
23350.000000  2.446367e-13
23450.000000  2.406689e-13
23550.000000  2.367964e-13
23650.000000  2.329887e-13
23750.000000  2.292459e-13
23850.000000  2.255679e-13
23950.000000  2.219872e-13
24050.000000  2.183395e-13
24150.000000  2.149189e-13
24250.000000  2.115955e-13
24350.000000  2.082418e-13
24450.000000  2.049185e-13
24550.000000  2.017876e-13
24650.000000  1.985270e-13
24750.000000  1.954630e-13
24850.000000  1.926240e-13
24950.000000  1.890047e-13
