2505.000000  7.636946e-12
2513.000000  7.043218e-12
2518.000000  6.908957e-12
2525.000000  6.613195e-12
2535.000000  6.591064e-12
2545.000000  6.640091e-12
2555.000000  7.266085e-12
2565.000000  7.350041e-12
2575.000000  7.842935e-12
2585.000000  7.969465e-12
2595.000000  7.926598e-12
2605.000000  7.741530e-12
2615.000000  7.508425e-12
2625.000000  8.083022e-12
2635.000000  8.224039e-12
2645.000000  9.101793e-12
2655.000000  9.192062e-12
2665.000000  8.673228e-12
2675.000000  8.999492e-12
2685.000000  9.272735e-12
2695.000000  8.814396e-12
2705.000000  8.959219e-12
2715.000000  8.536818e-12
2725.000000  8.646133e-12
2735.000000  8.983409e-12
2745.000000  8.014088e-12
2755.000000  8.426166e-12
2765.000000  8.930235e-12
2775.000000  9.319290e-12
2785.000000  9.237773e-12
2795.000000  6.658130e-12
2805.000000  7.580111e-12
2815.000000  9.946081e-12
2825.000000  9.820663e-12
2835.000000  9.697189e-12
2845.000000  9.534919e-12
2855.000000  8.859262e-12
2865.000000  9.566527e-12
2875.000000  9.554124e-12
2885.000000  9.877183e-12
2895.000000  9.894877e-12
2910.000000  1.034350e-11
2930.000000  1.021306e-11
2950.000000  1.011932e-11
2970.000000  1.026800e-11
2990.000000  1.034651e-11
3010.000000  1.038163e-11
3030.000000  1.051345e-11
3050.000000  1.062154e-11
3070.000000  1.070882e-11
3090.000000  1.079709e-11
3110.000000  1.077787e-11
3130.000000  1.088656e-11
3150.000000  1.109184e-11
3170.000000  1.114295e-11
3190.000000  1.081729e-11
3210.000000  1.098681e-11
3230.000000  1.078386e-11
3250.000000  1.110477e-11
3270.000000  1.136962e-11
3290.000000  1.152028e-11
3310.000000  1.159067e-11
3330.000000  1.147302e-11
3350.000000  1.138047e-11
3370.000000  1.136374e-11
3390.000000  1.138717e-11
3410.000000  1.153079e-11
3430.000000  1.163368e-11
3450.000000  1.153521e-11
3470.000000  1.155493e-11
3490.000000  1.165236e-11
3510.000000  1.176848e-11
3530.000000  1.176568e-11
3550.000000  1.195648e-11
3570.000000  1.168226e-11
3590.000000  1.169109e-11
3610.000000  1.176360e-11
3630.000000  1.191317e-11
3640.000000  1.191371e-11
3650.000000  1.206561e-11
3670.000000  1.207023e-11
3690.000000  1.166188e-11
3710.000000  1.270003e-11
3730.000000  1.317649e-11
3750.000000  1.542509e-11
3770.000000  1.589101e-11
3790.000000  1.716626e-11
3810.000000  1.849054e-11
3830.000000  1.616344e-11
3850.000000  1.911445e-11
3870.000000  1.966649e-11
3890.000000  1.605146e-11
3910.000000  1.966308e-11
3930.000000  1.875093e-11
3950.000000  1.983739e-11
3970.000000  1.557733e-11
3990.000000  1.978159e-11
4010.000000  2.009077e-11
4030.000000  1.999222e-11
4050.000000  1.994651e-11
4070.000000  1.962914e-11
4090.000000  1.880630e-11
4110.000000  1.648358e-11
4130.000000  1.959916e-11
4150.000000  1.963205e-11
4170.000000  1.968405e-11
4190.000000  1.950068e-11
4210.000000  1.936092e-11
4230.000000  1.921613e-11
4250.000000  1.921759e-11
4270.000000  1.912623e-11
4290.000000  1.908067e-11
4310.000000  1.872083e-11
4330.000000  1.761633e-11
4350.000000  1.614983e-11
4370.000000  1.882150e-11
4390.000000  1.871218e-11
4410.000000  1.864626e-11
4430.000000  1.875518e-11
4450.000000  1.863180e-11
4470.000000  1.855445e-11
4490.000000  1.854738e-11
4510.000000  1.848193e-11
4530.000000  1.832783e-11
4550.000000  1.821879e-11
4570.000000  1.824990e-11
4590.000000  1.816707e-11
4610.000000  1.813278e-11
4630.000000  1.803417e-11
4650.000000  1.797412e-11
4670.000000  1.790913e-11
4690.000000  1.783079e-11
4710.000000  1.771481e-11
4730.000000  1.767313e-11
4750.000000  1.759578e-11
4770.000000  1.751844e-11
4790.000000  1.743462e-11
4810.000000  1.732946e-11
4830.000000  1.715885e-11
4850.000000  1.619312e-11
4870.000000  1.442930e-11
4890.000000  1.684002e-11
4910.000000  1.692192e-11
4930.000000  1.675798e-11
4950.000000  1.676584e-11
4970.000000  1.675289e-11
4990.000000  1.663843e-11
5010.000000  1.649721e-11
5030.000000  1.651392e-11
5050.000000  1.639998e-11
5070.000000  1.636814e-11
5090.000000  1.627547e-11
5110.000000  1.619911e-11
5130.000000  1.611780e-11
5150.000000  1.601621e-11
5170.000000  1.574566e-11
5190.000000  1.574262e-11
5210.000000  1.573272e-11
5230.000000  1.566277e-11
5250.000000  1.568549e-11
5270.000000  1.548086e-11
5290.000000  1.552385e-11
5310.000000  1.544803e-11
5330.000000  1.529591e-11
5350.000000  1.530423e-11
5370.000000  1.519868e-11
5390.000000  1.513177e-11
5410.000000  1.503757e-11
5430.000000  1.496670e-11
5450.000000  1.489431e-11
5470.000000  1.485659e-11
5490.000000  1.480104e-11
5510.000000  1.472224e-11
5530.000000  1.464588e-11
5550.000000  1.459033e-11
5570.000000  1.449865e-11
5590.000000  1.442282e-11
5610.000000  1.435538e-11
5630.000000  1.430082e-11
5650.000000  1.422553e-11
5670.000000  1.415755e-11
5690.000000  1.409064e-11
5710.000000  1.401580e-11
5730.000000  1.394889e-11
5750.000000  1.388145e-11
5770.000000  1.381401e-11
5790.000000  1.373970e-11
5810.000000  1.367226e-11
5830.000000  1.360535e-11
5850.000000  1.353791e-11
5870.000000  1.347100e-11
5890.000000  1.330719e-11
5910.000000  1.333321e-11
5930.000000  1.326637e-11
5950.000000  1.320025e-11
5970.000000  1.313373e-11
5990.000000  1.306807e-11
6010.000000  1.300343e-11
6030.000000  1.293618e-11
6050.000000  1.287446e-11
6070.000000  1.280973e-11
6090.000000  1.274435e-11
6110.000000  1.267961e-11
6130.000000  1.260175e-11
6150.000000  1.254384e-11
6170.000000  1.247490e-11
6190.000000  1.242341e-11
6210.000000  1.236222e-11
6230.000000  1.229542e-11
6250.000000  1.222703e-11
6270.000000  1.217552e-11
6290.000000  1.211380e-11
6310.000000  1.204768e-11
6330.000000  1.198922e-11
6350.000000  1.192956e-11
6370.000000  1.186858e-11
6390.000000  1.180853e-11
6410.000000  1.174340e-11
6430.000000  1.168469e-11
6450.000000  1.161996e-11
6470.000000  1.156479e-11
6490.000000  1.149251e-11
6510.000000  1.142956e-11
6530.000000  1.132182e-11
6550.000000  1.089599e-11
6570.000000  9.546423e-12
6590.000000  1.108225e-11
6610.000000  1.112566e-11
6630.000000  1.110336e-11
6650.000000  1.104938e-11
6670.000000  1.099277e-11
6690.000000  1.093790e-11
6710.000000  1.088174e-11
6730.000000  1.082727e-11
6750.000000  1.077111e-11
6770.000000  1.071634e-11
6790.000000  1.066226e-11
6810.000000  1.060714e-11
6830.000000  1.055356e-11
6850.000000  1.049913e-11
6870.000000  1.044575e-11
6890.000000  1.039316e-11
6910.000000  1.033973e-11
6930.000000  1.028719e-11
6950.000000  1.023465e-11
6970.000000  1.018261e-11
6990.000000  1.013081e-11
7010.000000  1.007867e-11
7030.000000  1.002752e-11
7050.000000  9.976364e-12
7070.000000  9.926355e-12
7090.000000  9.875301e-12
7110.000000  9.825186e-12
7130.000000  9.774186e-12
7150.000000  9.724223e-12
7170.000000  9.674907e-12
7190.000000  9.624700e-12
7210.000000  9.575384e-12
7230.000000  9.528149e-12
7250.000000  9.480464e-12
7270.000000  9.431202e-12
7290.000000  9.382626e-12
7310.000000  9.335490e-12
7330.000000  9.287119e-12
7350.000000  9.242010e-12
7370.000000  9.195271e-12
7390.000000  9.146900e-12
7410.000000  9.098475e-12
7430.000000  9.053519e-12
7450.000000  9.008959e-12
7470.000000  8.963164e-12
7490.000000  8.916576e-12
7510.000000  8.871620e-12
7530.000000  8.828249e-12
7550.000000  8.783490e-12
7570.000000  8.738983e-12
7590.000000  8.694476e-12
7610.000000  8.650960e-12
7630.000000  8.606948e-12
7650.000000  8.563676e-12
7670.000000  8.517736e-12
7690.000000  8.477489e-12
7710.000000  8.433523e-12
7730.000000  8.392240e-12
7750.000000  8.349120e-12
7770.000000  8.304911e-12
7790.000000  8.266401e-12
7810.000000  8.225308e-12
7830.000000  8.182889e-12
7850.000000  8.141948e-12
7870.000000  8.101404e-12
7890.000000  8.061012e-12
7910.000000  8.020910e-12
7930.000000  7.978491e-12
7950.000000  7.938838e-12
7970.000000  7.900871e-12
7990.000000  7.861767e-12
8010.000000  7.821375e-12
8030.000000  7.783163e-12
8050.000000  7.742870e-12
8070.000000  7.705694e-12
8090.000000  7.665950e-12
8110.000000  7.628927e-12
8130.000000  7.589975e-12
8150.000000  7.552997e-12
8170.000000  7.515182e-12
8190.000000  7.473601e-12
8210.000000  7.440791e-12
8230.000000  7.403768e-12
8250.000000  7.368726e-12
8270.000000  7.334431e-12
8290.000000  7.298894e-12
8310.000000  7.261230e-12
8330.000000  7.217873e-12
8350.000000  7.188776e-12
8370.000000  7.146510e-12
8390.000000  7.107009e-12
8410.000000  7.071473e-12
8430.000000  7.044600e-12
8450.000000  7.008964e-12
8470.000000  6.935943e-12
8490.000000  6.964826e-12
8510.000000  6.789518e-12
8530.000000  6.911689e-12
8550.000000  6.634819e-12
8570.000000  6.864351e-12
8590.000000  6.744370e-12
8610.000000  6.647123e-12
8630.000000  6.785993e-12
8650.000000  6.727247e-12
8670.000000  6.335078e-12
8690.000000  6.682810e-12
8710.000000  6.677219e-12
8730.000000  6.624714e-12
8750.000000  6.237971e-12
8770.000000  6.532360e-12
8790.000000  6.557383e-12
8810.000000  6.530755e-12
8830.000000  6.491072e-12
8850.000000  6.382761e-12
8870.000000  6.039635e-12
8890.000000  6.380485e-12
8910.000000  6.380451e-12
8930.000000  6.353428e-12
8950.000000  6.325374e-12
8970.000000  6.291542e-12
8990.000000  6.235331e-12
9010.000000  5.853435e-12
9030.000000  6.064805e-12
9050.000000  6.157381e-12
9070.000000  6.138774e-12
9090.000000  6.102365e-12
9110.000000  6.084668e-12
9130.000000  6.059190e-12
9150.000000  6.030695e-12
9170.000000  6.001453e-12
9190.000000  5.965242e-12
9210.000000  5.891667e-12
9230.000000  5.477182e-12
9250.000000  5.819590e-12
9270.000000  5.849126e-12
9290.000000  5.832896e-12
9310.000000  5.806290e-12
9330.000000  5.778685e-12
9350.000000  5.752218e-12
9370.000000  5.725109e-12
9390.000000  5.698054e-12
9410.000000  5.661632e-12
9430.000000  5.644134e-12
9450.000000  5.618214e-12
9470.000000  5.591997e-12
9490.000000  5.565371e-12
9510.000000  5.527642e-12
9530.000000  5.449429e-12
9550.000000  5.064559e-12
9570.000000  5.413667e-12
9590.000000  5.429115e-12
9610.000000  5.411400e-12
9630.000000  5.385830e-12
9650.000000  5.362341e-12
9670.000000  5.335134e-12
9690.000000  5.313672e-12
9710.000000  5.289193e-12
9730.000000  5.264759e-12
9750.000000  5.239784e-12
9770.000000  5.216540e-12
9790.000000  5.192899e-12
9810.000000  5.169159e-12
9830.000000  5.145518e-12
9850.000000  5.121832e-12
9870.000000  5.097947e-12
9890.000000  5.074207e-12
9910.000000  5.051907e-12
9930.000000  5.028716e-12
9950.000000  5.006363e-12
9970.000000  4.984010e-12
9990.000000  4.960264e-12
10025.000000  4.852763e-12
10075.000000  4.717994e-12
10125.000000  4.810354e-12
10175.000000  4.757386e-12
10225.000000  4.704853e-12
10275.000000  4.652716e-12
10325.000000  4.600732e-12
10375.000000  4.550775e-12
10425.000000  4.500528e-12
10475.000000  4.449832e-12
10525.000000  4.402550e-12
10575.000000  4.354430e-12
10625.000000  4.306362e-12
10675.000000  4.251703e-12
10725.000000  4.212301e-12
10775.000000  4.167747e-12
10825.000000  4.121067e-12
10875.000000  4.074367e-12
10925.000000  3.854244e-12
10975.000000  3.955153e-12
11025.000000  3.950978e-12
11075.000000  3.910645e-12
11125.000000  3.869216e-12
11175.000000  3.828976e-12
11225.000000  3.788789e-12
11275.000000  3.748252e-12
11325.000000  3.709300e-12
11375.000000  3.671735e-12
11425.000000  3.633674e-12
11475.000000  3.597001e-12
11525.000000  3.560678e-12
11575.000000  3.524004e-12
11625.000000  3.486546e-12
11675.000000  3.451557e-12
11725.000000  3.417513e-12
11775.000000  3.380001e-12
11825.000000  3.347191e-12
11875.000000  3.314435e-12
11925.000000  3.283310e-12
11975.000000  3.244662e-12
12025.000000  3.217058e-12
12075.000000  3.184401e-12
12125.000000  3.154617e-12
12175.000000  3.124384e-12
12225.000000  3.093465e-12
12275.000000  3.063284e-12
12325.000000  3.033600e-12
12375.000000  3.004708e-12
12425.000000  2.975175e-12
12475.000000  2.946435e-12
12525.000000  2.918778e-12
12575.000000  2.890434e-12
12625.000000  2.862982e-12
12675.000000  2.835874e-12
12725.000000  2.807569e-12
12775.000000  2.760175e-12
12825.000000  2.564813e-12
12875.000000  2.714935e-12
12925.000000  2.705040e-12
12975.000000  2.680964e-12
13025.000000  2.656088e-12
13075.000000  2.631608e-12
13125.000000  2.606831e-12
13175.000000  2.583190e-12
13225.000000  2.559999e-12
13275.000000  2.536510e-12
13325.000000  2.513418e-12
13375.000000  2.491118e-12
13425.000000  2.468818e-12
13475.000000  2.446518e-12
13525.000000  2.424714e-12
13575.000000  2.402513e-12
13625.000000  2.381501e-12
13675.000000  2.359849e-12
13725.000000  2.338784e-12
13775.000000  2.318321e-12
13825.000000  2.298544e-12
13875.000000  2.277783e-12
13925.000000  2.258059e-12
13975.000000  2.238831e-12
14025.000000  2.218467e-12
14075.000000  2.199635e-12
14125.000000  2.180407e-12
14175.000000  2.161231e-12
14225.000000  2.142498e-12
14275.000000  2.124062e-12
14325.000000  2.106274e-12
14375.000000  2.087937e-12
14425.000000  2.068023e-12
14475.000000  2.051767e-12
14525.000000  2.032690e-12
14570.000000  2.018218e-12
14620.000000  2.001321e-12
14675.000000  1.982984e-12
14725.000000  1.966385e-12
14775.000000  1.949337e-12
14825.000000  1.933576e-12
14875.000000  1.914156e-12
14925.000000  1.900972e-12
14975.000000  1.884472e-12
15025.000000  1.864847e-12
15075.000000  1.851715e-12
15125.000000  1.836404e-12
15175.000000  1.819904e-12
15225.000000  1.806025e-12
15275.000000  1.786310e-12
15325.000000  1.769863e-12
15375.000000  1.759497e-12
15425.000000  1.733990e-12
15475.000000  1.729416e-12
15525.000000  1.715042e-12
15575.000000  1.678202e-12
15625.000000  1.693481e-12
15675.000000  1.661533e-12
15725.000000  1.625531e-12
15775.000000  1.651410e-12
15825.000000  1.636198e-12
15875.000000  1.549129e-12
15925.000000  1.597299e-12
15975.000000  1.599478e-12
16050.000000  1.567019e-12
16150.000000  1.496279e-12
16250.000000  1.526288e-12
16350.000000  1.476042e-12
16450.000000  1.401079e-12
16550.000000  1.437254e-12
16650.000000  1.407477e-12
16750.000000  1.353754e-12
16850.000000  1.281885e-12
16950.000000  1.320622e-12
17050.000000  1.294713e-12
17150.000000  1.267778e-12
17250.000000  1.237904e-12
17350.000000  1.140325e-12
17450.000000  1.181575e-12
17550.000000  1.167136e-12
17650.000000  1.143711e-12
17750.000000  1.120816e-12
17850.000000  1.098395e-12
17950.000000  1.076506e-12
18050.000000  1.052906e-12
18150.000000  9.742151e-13
18250.000000  1.001434e-12
18350.000000  9.938084e-13
18450.000000  9.748139e-13
18550.000000  9.559210e-13
18650.000000  9.333228e-13
18750.000000  8.580860e-13
18850.000000  8.964934e-13
18950.000000  8.843945e-13
19050.000000  8.682078e-13
19150.000000  8.517582e-13
19250.000000  8.358133e-13
19350.000000  8.163613e-13
19450.000000  7.562090e-13
19550.000000  7.863508e-13
19650.000000  7.754950e-13
19750.000000  7.612007e-13
19850.000000  7.474713e-13
19950.000000  7.338654e-13
20050.000000  7.206511e-13
20150.000000  7.076945e-13
20250.000000  6.949216e-13
20350.000000  6.824802e-13
20450.000000  6.704405e-13
20550.000000  6.585295e-13
20650.000000  6.469448e-13
20750.000000  6.355941e-13
20850.000000  6.245299e-13
20950.000000  6.135701e-13
21050.000000  6.030364e-13
21150.000000  5.925820e-13
21250.000000  5.824346e-13
21350.000000  5.725053e-13
21450.000000  5.627444e-13
21550.000000  5.513558e-13
21650.000000  5.138424e-13
21750.000000  5.313829e-13
21850.000000  5.256977e-13
21950.000000  5.169435e-13
22050.000000  5.083914e-13
22150.000000  4.999788e-13
22250.000000  4.917635e-13
22350.000000  4.836580e-13
22450.000000  4.757552e-13
22550.000000  4.679912e-13
22650.000000  4.604748e-13
22750.000000  4.529737e-13
22850.000000  4.457149e-13
22950.000000  4.386741e-13
23050.000000  4.316829e-13
23150.000000  4.248159e-13
23250.000000  4.181272e-13
23350.000000  4.115277e-13
23450.000000  4.051310e-13
23550.000000  3.987891e-13
23650.000000  3.926157e-13
23750.000000  3.865261e-13
23850.000000  3.805309e-13
23950.000000  3.746204e-13
24050.000000  3.688776e-13
24150.000000  3.631356e-13
24250.000000  3.577890e-13
24350.000000  3.522002e-13
24450.000000  3.466860e-13
24550.000000  3.418150e-13
24650.000000  3.364098e-13
24750.000000  3.313560e-13
24850.000000  3.268965e-13
24950.000000  3.206151e-13
