2505.000000  2.360202e-17
2513.000000  1.503975e-17
2518.000000  1.833409e-17
2525.000000  2.408005e-17
2535.000000  7.375147e-17
2545.000000  9.405033e-17
2555.000000  9.692102e-17
2565.000000  4.219634e-17
2575.000000  9.168714e-17
2585.000000  5.016351e-17
2595.000000  7.461398e-17
2605.000000  1.135986e-16
2615.000000  9.710323e-17
2625.000000  1.956059e-16
2635.000000  3.192938e-16
2645.000000  2.158786e-16
2655.000000  3.362835e-16
2665.000000  2.652217e-16
2675.000000  2.504048e-16
2685.000000  3.694829e-16
2695.000000  2.291532e-16
2705.000000  4.903831e-16
2715.000000  4.566724e-16
2725.000000  3.590002e-16
2735.000000  3.784907e-16
2745.000000  5.962104e-16
2755.000000  5.387642e-16
2765.000000  9.196811e-16
2775.000000  1.245247e-15
2785.000000  7.931748e-16
2795.000000  1.035362e-15
2805.000000  1.014237e-15
2815.000000  1.338939e-15
2825.000000  1.261610e-15
2835.000000  1.082136e-15
2845.000000  6.515196e-16
2855.000000  2.458460e-16
2865.000000  1.186203e-15
2875.000000  1.503354e-15
2885.000000  2.849494e-15
2895.000000  3.376303e-15
2910.000000  3.912838e-15
2930.000000  4.332436e-15
2950.000000  4.437498e-15
2970.000000  4.672300e-15
2990.000000  5.510000e-15
3010.000000  6.072772e-15
3030.000000  7.384608e-15
3050.000000  9.185028e-15
3070.000000  1.219202e-14
3090.000000  1.421776e-14
3110.000000  1.857587e-14
3130.000000  2.115942e-14
3150.000000  2.982932e-14
3170.000000  3.851754e-14
3190.000000  3.472302e-14
3210.000000  4.281291e-14
3230.000000  4.392252e-14
3250.000000  5.549787e-14
3270.000000  7.565985e-14
3290.000000  9.799980e-14
3310.000000  9.685002e-14
3330.000000  1.065401e-13
3350.000000  1.157918e-13
3370.000000  1.010979e-13
3390.000000  1.184432e-13
3410.000000  1.408441e-13
3430.000000  1.611438e-13
3450.000000  1.416745e-13
3470.000000  1.685513e-13
3490.000000  1.939167e-13
3510.000000  2.483668e-13
3530.000000  2.230147e-13
3550.000000  3.455113e-13
3570.000000  1.891873e-13
3590.000000  1.451595e-13
3610.000000  2.196387e-13
3630.000000  3.645851e-13
3640.000000  4.029448e-13
3650.000000  4.149197e-13
3670.000000  6.369261e-13
3690.000000  5.663880e-13
3710.000000  4.962400e-13
3730.000000  2.391327e-13
3750.000000  2.934044e-13
3770.000000  5.884423e-13
3790.000000  7.276365e-13
3810.000000  6.213061e-13
3830.000000  3.156405e-13
3850.000000  5.237200e-13
3870.000000  5.188612e-13
3890.000000  5.980862e-13
3910.000000  6.249972e-13
3930.000000  2.287802e-13
3950.000000  4.163058e-13
3970.000000  2.797586e-13
3990.000000  9.791861e-13
4010.000000  1.769120e-12
4030.000000  1.588840e-12
4050.000000  1.842718e-12
4070.000000  1.809356e-12
4090.000000  2.575606e-12
4110.000000  2.039130e-12
4130.000000  2.082886e-12
4150.000000  2.278644e-12
4170.000000  2.101818e-12
4190.000000  2.354654e-12
4210.000000  1.951866e-12
4230.000000  9.617319e-13
4250.000000  2.339806e-12
4270.000000  2.454955e-12
4290.000000  2.438144e-12
4310.000000  2.932896e-12
4330.000000  4.307537e-12
4350.000000  4.661470e-12
4370.000000  4.821593e-12
4390.000000  4.071508e-12
4410.000000  4.007931e-12
4430.000000  4.203166e-12
4450.000000  4.481622e-12
4470.000000  4.709315e-12
4490.000000  5.285210e-12
4510.000000  6.319315e-12
4530.000000  4.793550e-12
4550.000000  5.355336e-12
4570.000000  6.985694e-12
4590.000000  5.641162e-12
4610.000000  6.175361e-12
4630.000000  5.773527e-12
4650.000000  5.911174e-12
4670.000000  6.525841e-12
4690.000000  6.594996e-12
4710.000000  6.873432e-12
4730.000000  6.980804e-12
4750.000000  8.218164e-12
4770.000000  4.749812e-12
4790.000000  5.958437e-12
4810.000000  5.306171e-12
4830.000000  6.364279e-12
4850.000000  6.644142e-12
4870.000000  7.386250e-12
4890.000000  8.872387e-12
4910.000000  9.792231e-12
4930.000000  1.078060e-11
4950.000000  1.030555e-11
4970.000000  5.169892e-12
4990.000000  6.364745e-12
5010.000000  4.487129e-12
5030.000000  6.394737e-12
5050.000000  7.166854e-12
5070.000000  8.525527e-12
5090.000000  8.410217e-12
5110.000000  1.018060e-11
5130.000000  1.002698e-11
5150.000000  1.004938e-11
5170.000000  6.887349e-12
5190.000000  5.377378e-12
5210.000000  6.823774e-12
5230.000000  1.105504e-11
5250.000000  1.008450e-11
5270.000000  1.029074e-11
5290.000000  1.305676e-11
5310.000000  1.533628e-11
5330.000000  1.271496e-11
5350.000000  1.523038e-11
5370.000000  1.425669e-11
5390.000000  1.448430e-11
5410.000000  1.493294e-11
5430.000000  1.507174e-11
5450.000000  1.251344e-11
5470.000000  1.018869e-11
5490.000000  1.171023e-11
5510.000000  1.023519e-11
5530.000000  1.311971e-11
5550.000000  1.482060e-11
5570.000000  1.521457e-11
5590.000000  1.460518e-11
5610.000000  1.003481e-11
5630.000000  1.002563e-11
5650.000000  1.135077e-11
5670.000000  1.108531e-11
5690.000000  1.382161e-11
5710.000000  1.300039e-11
5730.000000  1.626629e-11
5750.000000  1.681740e-11
5770.000000  1.525374e-11
5790.000000  1.602500e-11
5810.000000  1.748363e-11
5830.000000  1.852340e-11
5850.000000  1.585769e-11
5870.000000  1.300375e-11
5890.000000  8.653486e-12
5910.000000  9.619348e-12
5930.000000  1.034282e-11
5950.000000  1.093755e-11
5970.000000  1.181049e-11
5990.000000  1.302343e-11
6010.000000  1.346097e-11
6030.000000  1.635235e-11
6050.000000  1.810179e-11
6070.000000  1.982736e-11
6090.000000  2.050884e-11
6110.000000  2.060056e-11
6130.000000  2.001236e-11
6150.000000  2.097028e-11
6170.000000  1.122877e-11
6190.000000  1.110881e-11
6210.000000  1.076026e-11
6230.000000  8.497082e-12
6250.000000  9.550703e-12
6270.000000  1.178417e-11
6290.000000  1.339189e-11
6310.000000  1.498334e-11
6330.000000  1.652009e-11
6350.000000  1.770795e-11
6370.000000  1.730725e-11
6390.000000  1.868824e-11
6410.000000  1.961162e-11
6430.000000  1.773574e-11
6450.000000  1.929215e-11
6470.000000  2.137928e-11
6490.000000  1.826896e-11
6510.000000  2.076197e-11
6530.000000  2.278044e-11
6550.000000  2.155557e-11
6570.000000  2.172657e-11
6590.000000  2.182980e-11
6610.000000  2.145004e-11
6630.000000  2.019381e-11
6650.000000  1.795177e-11
6670.000000  1.647615e-11
6690.000000  1.325669e-11
6710.000000  1.396237e-11
6730.000000  1.117061e-11
6750.000000  1.192570e-11
6770.000000  1.438857e-11
6790.000000  1.238897e-11
6810.000000  1.411791e-11
6830.000000  1.557493e-11
6850.000000  1.643220e-11
6870.000000  1.706607e-11
6890.000000  1.994699e-11
6910.000000  2.258574e-11
6930.000000  2.172539e-11
6950.000000  2.426790e-11
6970.000000  2.799058e-11
6990.000000  2.825690e-11
7010.000000  2.928985e-11
7030.000000  3.136588e-11
7050.000000  2.950515e-11
7070.000000  1.756830e-11
7090.000000  1.589776e-11
7110.000000  1.467691e-11
7130.000000  1.190312e-11
7150.000000  1.161193e-11
7170.000000  1.313091e-11
7190.000000  1.615129e-11
7210.000000  1.492016e-11
7230.000000  1.873517e-11
7250.000000  2.175513e-11
7270.000000  2.427354e-11
7290.000000  2.636555e-11
7310.000000  2.896116e-11
7330.000000  3.128658e-11
7350.000000  3.290209e-11
7370.000000  3.644514e-11
7390.000000  3.713001e-11
7410.000000  3.814592e-11
7430.000000  3.908318e-11
7450.000000  4.020796e-11
7470.000000  4.036066e-11
7490.000000  4.055767e-11
7510.000000  4.220175e-11
7530.000000  4.307862e-11
7550.000000  4.318854e-11
7570.000000  4.297209e-11
7590.000000  3.846068e-11
7610.000000  3.631215e-11
7630.000000  3.411152e-11
7650.000000  3.377086e-11
7670.000000  2.843879e-11
7690.000000  2.842028e-11
7710.000000  2.714230e-11
7730.000000  2.929077e-11
7750.000000  2.800101e-11
7770.000000  2.838909e-11
7790.000000  2.894383e-11
7810.000000  3.185450e-11
7830.000000  3.034874e-11
7850.000000  3.088952e-11
7870.000000  3.283659e-11
7890.000000  3.368335e-11
7910.000000  3.250230e-11
7930.000000  3.411752e-11
7950.000000  3.364032e-11
7970.000000  3.742285e-11
7990.000000  3.695390e-11
8010.000000  3.833556e-11
8030.000000  3.926649e-11
8050.000000  3.974349e-11
8070.000000  3.891431e-11
8090.000000  3.908904e-11
8110.000000  3.922964e-11
8130.000000  4.102991e-11
8150.000000  4.161793e-11
8170.000000  4.242886e-11
8190.000000  4.050533e-11
8210.000000  3.671893e-11
8230.000000  3.978008e-11
8250.000000  3.971728e-11
8270.000000  3.993455e-11
8290.000000  3.775991e-11
8310.000000  3.604407e-11
8330.000000  3.741461e-11
8350.000000  3.627240e-11
8370.000000  3.690225e-11
8390.000000  3.545503e-11
8410.000000  3.809818e-11
8430.000000  3.561555e-11
8450.000000  3.404799e-11
8470.000000  3.359601e-11
8490.000000  3.369290e-11
8510.000000  3.183653e-11
8530.000000  3.301570e-11
8550.000000  2.706209e-11
8570.000000  3.708504e-11
8590.000000  3.786625e-11
8610.000000  3.886140e-11
8630.000000  4.013927e-11
8650.000000  3.944138e-11
8670.000000  3.100050e-11
8690.000000  3.903492e-11
8710.000000  4.233738e-11
8730.000000  4.287240e-11
8750.000000  4.325614e-11
8770.000000  4.343863e-11
8790.000000  4.405248e-11
8810.000000  4.263094e-11
8830.000000  4.347200e-11
8850.000000  4.475746e-11
8870.000000  3.367272e-11
8890.000000  3.509099e-11
8910.000000  3.753586e-11
8930.000000  3.703437e-11
8950.000000  3.568303e-11
8970.000000  3.678018e-11
8990.000000  3.889873e-11
9010.000000  3.782484e-11
9030.000000  3.914555e-11
9050.000000  4.131301e-11
9070.000000  4.253913e-11
9090.000000  4.096479e-11
9110.000000  4.116567e-11
9130.000000  4.316247e-11
9150.000000  4.073673e-11
9170.000000  4.008768e-11
9190.000000  4.138783e-11
9210.000000  3.995664e-11
9230.000000  4.039006e-11
9250.000000  3.974866e-11
9270.000000  4.077729e-11
9290.000000  3.974130e-11
9310.000000  4.125073e-11
9330.000000  4.154862e-11
9350.000000  4.116939e-11
9370.000000  4.015989e-11
9390.000000  4.021070e-11
9410.000000  3.952017e-11
9430.000000  4.053626e-11
9450.000000  3.916762e-11
9470.000000  4.104407e-11
9490.000000  4.128171e-11
9510.000000  4.197220e-11
9530.000000  4.191923e-11
9550.000000  4.106324e-11
9570.000000  4.161591e-11
9590.000000  4.299229e-11
9610.000000  4.200904e-11
9630.000000  4.265091e-11
9650.000000  4.050096e-11
9670.000000  4.029146e-11
9690.000000  4.198377e-11
9710.000000  4.161218e-11
9730.000000  4.052998e-11
9750.000000  3.983831e-11
9770.000000  4.053020e-11
9790.000000  3.984673e-11
9810.000000  4.141421e-11
9830.000000  4.008465e-11
9850.000000  4.152573e-11
9870.000000  4.189708e-11
9890.000000  4.220103e-11
9910.000000  4.106581e-11
9930.000000  4.154389e-11
9950.000000  4.152763e-11
9970.000000  4.246187e-11
9990.000000  4.262429e-11
10025.000000  4.161695e-11
10075.000000  4.160503e-11
10125.000000  4.263577e-11
10175.000000  4.216770e-11
10225.000000  4.306134e-11
10275.000000  4.338810e-11
10325.000000  4.272954e-11
10375.000000  4.267783e-11
10425.000000  4.316496e-11
10475.000000  4.309731e-11
10525.000000  4.344522e-11
10575.000000  4.276070e-11
10625.000000  4.308663e-11
10675.000000  4.203787e-11
10725.000000  4.229994e-11
10775.000000  4.205252e-11
10825.000000  4.135458e-11
10875.000000  4.095967e-11
10925.000000  4.056617e-11
10975.000000  3.808589e-11
11025.000000  3.786815e-11
11075.000000  3.832109e-11
11125.000000  3.862461e-11
11175.000000  3.910181e-11
11225.000000  3.928586e-11
11275.000000  3.863023e-11
11325.000000  3.907422e-11
11375.000000  3.838070e-11
11425.000000  3.899671e-11
11475.000000  3.971618e-11
11525.000000  3.990668e-11
11575.000000  3.956273e-11
11625.000000  3.902953e-11
11675.000000  3.924892e-11
11725.000000  4.013689e-11
11775.000000  3.927398e-11
11825.000000  3.944940e-11
11875.000000  3.876404e-11
11925.000000  3.975587e-11
11975.000000  3.803683e-11
12025.000000  3.913772e-11
12075.000000  3.894890e-11
12125.000000  3.923211e-11
12175.000000  3.936878e-11
12225.000000  3.929593e-11
12275.000000  3.905582e-11
12325.000000  3.870877e-11
12375.000000  3.881614e-11
12425.000000  3.847681e-11
12475.000000  3.856910e-11
12525.000000  3.838591e-11
12575.000000  3.841478e-11
12625.000000  3.837730e-11
12675.000000  3.801602e-11
12725.000000  3.818242e-11
12775.000000  3.845789e-11
12825.000000  3.692117e-11
12875.000000  3.790440e-11
12925.000000  3.708842e-11
12975.000000  3.811436e-11
13025.000000  3.752804e-11
13075.000000  3.801261e-11
13125.000000  3.704823e-11
13175.000000  3.736683e-11
13225.000000  3.762075e-11
13275.000000  3.690650e-11
13325.000000  3.756563e-11
13375.000000  3.721604e-11
13425.000000  3.761225e-11
13475.000000  3.755787e-11
13525.000000  3.757730e-11
13575.000000  3.708457e-11
13625.000000  3.685573e-11
13675.000000  3.731128e-11
13725.000000  3.767678e-11
13775.000000  3.745739e-11
13825.000000  3.780739e-11
13875.000000  3.709878e-11
13925.000000  3.477495e-11
13975.000000  3.581824e-11
14025.000000  3.584445e-11
14075.000000  3.518013e-11
14125.000000  3.392834e-11
14175.000000  3.398092e-11
14225.000000  3.437444e-11
14275.000000  3.373428e-11
14325.000000  3.472443e-11
14375.000000  3.474511e-11
14425.000000  3.406781e-11
14475.000000  3.554502e-11
14525.000000  3.410572e-11
14570.000000  3.412897e-11
14620.000000  3.245627e-11
14675.000000  3.270920e-11
14725.000000  3.295522e-11
14775.000000  3.359053e-11
14825.000000  3.419050e-11
14875.000000  3.424825e-11
14925.000000  3.515767e-11
14975.000000  3.543214e-11
15025.000000  3.442957e-11
15075.000000  3.404634e-11
15125.000000  3.396477e-11
15175.000000  3.470225e-11
15225.000000  3.521036e-11
15275.000000  3.478411e-11
15325.000000  3.565729e-11
15375.000000  3.536136e-11
15425.000000  3.500654e-11
15475.000000  3.637137e-11
15525.000000  3.528865e-11
15575.000000  3.290943e-11
15625.000000  3.443727e-11
15675.000000  3.501167e-11
15725.000000  3.592724e-11
15775.000000  3.190448e-11
15825.000000  3.315995e-11
15875.000000  3.349653e-11
15925.000000  3.466220e-11
15975.000000  3.353052e-11
16050.000000  3.331451e-11
16150.000000  3.450485e-11
16250.000000  3.283783e-11
16350.000000  3.511944e-11
16450.000000  3.199508e-11
16550.000000  3.467714e-11
16650.000000  3.142696e-11
16750.000000  3.343335e-11
16850.000000  3.129334e-11
16950.000000  3.282647e-11
17050.000000  3.156451e-11
17150.000000  3.141852e-11
17250.000000  3.130815e-11
17350.000000  2.967031e-11
17450.000000  3.077678e-11
17550.000000  2.939282e-11
17650.000000  2.967868e-11
17750.000000  2.892004e-11
17850.000000  2.866330e-11
17950.000000  2.876585e-11
18050.000000  2.715433e-11
18150.000000  2.773413e-11
18250.000000  2.672214e-11
18350.000000  2.649401e-11
18450.000000  2.596743e-11
18550.000000  2.559685e-11
18650.000000  2.515412e-11
18750.000000  2.484089e-11
18850.000000  2.439902e-11
18950.000000  2.347792e-11
19050.000000  2.397756e-11
19150.000000  2.343832e-11
19250.000000  2.350173e-11
19350.000000  2.243324e-11
19450.000000  2.210311e-11
19550.000000  2.206436e-11
19650.000000  2.125446e-11
19750.000000  2.025402e-11
19850.000000  2.027263e-11
19950.000000  1.989726e-11
20050.000000  2.008691e-11
20150.000000  1.972661e-11
20250.000000  1.895980e-11
20350.000000  1.899517e-11
20450.000000  1.881285e-11
20550.000000  1.811072e-11
20650.000000  1.789781e-11
20750.000000  1.761333e-11
20850.000000  1.734010e-11
20950.000000  1.696079e-11
21050.000000  1.697375e-11
21150.000000  1.674013e-11
21250.000000  1.640309e-11
21350.000000  1.629318e-11
21450.000000  1.592120e-11
21550.000000  1.568630e-11
21650.000000  1.549539e-11
21750.000000  1.509366e-11
21850.000000  1.499024e-11
21950.000000  1.487948e-11
22050.000000  1.431614e-11
22150.000000  1.466615e-11
22250.000000  1.395627e-11
22350.000000  1.386919e-11
22450.000000  1.368602e-11
22550.000000  1.361233e-11
22650.000000  1.315114e-11
22750.000000  1.333263e-11
22850.000000  1.296712e-11
22950.000000  1.048890e-11
23050.000000  1.150820e-11
23150.000000  1.137631e-11
23250.000000  9.361386e-12
23350.000000  1.033629e-11
23450.000000  9.547116e-12
23550.000000  7.905445e-12
23650.000000  9.273890e-12
23750.000000  8.579953e-12
23850.000000  7.450737e-12
23950.000000  8.475240e-12
24050.000000  8.101995e-12
24150.000000  7.152196e-12
24250.000000  7.975724e-12
24350.000000  7.683930e-12
24450.000000  7.121185e-12
24550.000000  7.258643e-12
24650.000000  7.534406e-12
24750.000000  7.120811e-12
24850.000000  6.747829e-12
24950.000000  7.018803e-12
