2505.000000  1.729972e-10
2513.000000  1.708145e-10
2518.000000  1.710014e-10
2525.000000  1.680131e-10
2535.000000  1.649195e-10
2545.000000  1.648519e-10
2555.000000  1.653159e-10
2565.000000  1.627916e-10
2575.000000  1.624583e-10
2585.000000  1.610184e-10
2595.000000  1.593831e-10
2605.000000  1.575883e-10
2615.000000  1.562037e-10
2625.000000  1.548013e-10
2635.000000  1.535796e-10
2645.000000  1.546910e-10
2655.000000  1.532962e-10
2665.000000  1.512503e-10
2675.000000  1.505741e-10
2685.000000  1.494417e-10
2695.000000  1.477815e-10
2705.000000  1.467033e-10
2715.000000  1.448995e-10
2725.000000  1.433384e-10
2735.000000  1.427635e-10
2745.000000  1.389728e-10
2755.000000  1.384160e-10
2765.000000  1.385736e-10
2775.000000  1.384887e-10
2785.000000  1.370602e-10
2795.000000  1.330252e-10
2805.000000  1.339015e-10
2815.000000  1.342113e-10
2825.000000  1.327297e-10
2835.000000  1.314623e-10
2845.000000  1.304331e-10
2855.000000  1.295907e-10
2865.000000  1.287773e-10
2875.000000  1.276105e-10
2885.000000  1.266907e-10
2895.000000  1.257536e-10
2910.000000  1.243613e-10
2930.000000  1.220556e-10
2950.000000  1.200495e-10
2970.000000  1.185259e-10
2990.000000  1.166201e-10
3010.000000  1.149875e-10
3030.000000  1.132464e-10
3050.000000  1.115148e-10
3070.000000  1.098199e-10
3090.000000  1.081783e-10
3110.000000  1.065381e-10
3130.000000  1.049666e-10
3150.000000  1.034085e-10
3170.000000  1.018918e-10
3190.000000  1.001601e-10
3210.000000  9.890290e-11
3230.000000  9.748563e-11
3250.000000  9.607234e-11
3270.000000  9.471638e-11
3290.000000  9.335645e-11
3310.000000  9.204660e-11
3330.000000  9.074144e-11
3350.000000  8.943415e-11
3370.000000  8.820376e-11
3390.000000  8.696869e-11
3410.000000  8.575830e-11
3430.000000  8.458454e-11
3450.000000  8.341148e-11
3470.000000  8.227985e-11
3490.000000  8.114423e-11
3510.000000  8.003249e-11
3530.000000  7.894555e-11
3550.000000  7.787991e-11
3570.000000  7.685570e-11
3590.000000  7.577998e-11
3610.000000  7.480258e-11
3630.000000  7.378305e-11
3640.000000  7.333594e-11
3650.000000  7.304026e-11
3670.000000  7.226974e-11
3690.000000  7.064186e-11
3710.000000  6.898729e-11
3730.000000  6.673018e-11
3750.000000  7.506507e-11
3770.000000  7.749443e-11
3790.000000  8.752276e-11
3810.000000  9.634727e-11
3830.000000  8.048239e-11
3850.000000  1.024836e-10
3870.000000  1.094512e-10
3890.000000  7.257162e-11
3910.000000  1.077570e-10
3930.000000  1.104832e-10
3950.000000  1.051703e-10
3970.000000  6.864994e-11
3990.000000  1.001758e-10
4010.000000  1.044502e-10
4030.000000  1.001777e-10
4050.000000  1.024019e-10
4070.000000  9.952187e-11
4090.000000  8.374691e-11
4110.000000  6.849811e-11
4130.000000  9.333000e-11
4150.000000  9.419419e-11
4170.000000  9.358332e-11
4190.000000  9.243226e-11
4210.000000  9.113475e-11
4230.000000  8.973797e-11
4250.000000  8.827003e-11
4270.000000  8.676643e-11
4290.000000  8.515597e-11
4310.000000  8.248247e-11
4330.000000  6.763146e-11
4350.000000  5.977524e-11
4370.000000  7.829095e-11
4390.000000  7.764237e-11
4410.000000  7.812123e-11
4430.000000  7.699430e-11
4450.000000  7.608806e-11
4470.000000  7.273303e-11
4490.000000  7.372629e-11
4510.000000  7.285854e-11
4530.000000  7.181665e-11
4550.000000  7.077221e-11
4570.000000  6.977164e-11
4590.000000  6.878453e-11
4610.000000  6.780865e-11
4630.000000  6.684154e-11
4650.000000  6.591177e-11
4670.000000  6.498854e-11
4690.000000  6.408743e-11
4710.000000  6.277724e-11
4730.000000  6.231388e-11
4750.000000  6.144144e-11
4770.000000  6.054874e-11
4790.000000  5.959216e-11
4810.000000  5.851656e-11
4830.000000  5.673895e-11
4850.000000  4.810497e-11
4870.000000  4.122508e-11
4890.000000  5.378939e-11
4910.000000  5.453112e-11
4930.000000  5.342655e-11
4950.000000  5.355118e-11
4970.000000  5.292800e-11
4990.000000  5.222898e-11
5010.000000  5.118956e-11
5030.000000  5.085432e-11
5050.000000  5.004390e-11
5070.000000  4.954566e-11
5090.000000  4.890877e-11
5110.000000  4.825700e-11
5130.000000  4.764877e-11
5150.000000  4.703576e-11
5170.000000  4.643010e-11
5190.000000  4.584656e-11
5210.000000  4.525354e-11
5230.000000  4.467399e-11
5250.000000  4.411911e-11
5270.000000  4.355477e-11
5290.000000  4.300388e-11
5310.000000  4.248165e-11
5330.000000  4.194199e-11
5350.000000  4.141977e-11
5370.000000  4.091499e-11
5390.000000  4.040399e-11
5410.000000  3.990177e-11
5430.000000  3.941688e-11
5450.000000  3.892987e-11
5470.000000  3.844977e-11
5490.000000  3.798887e-11
5510.000000  3.752398e-11
5530.000000  3.708378e-11
5550.000000  3.663633e-11
5570.000000  3.618665e-11
5590.000000  3.576389e-11
5610.000000  3.533165e-11
5630.000000  3.491145e-11
5650.000000  3.450133e-11
5670.000000  3.409378e-11
5690.000000  3.369021e-11
5710.000000  3.330009e-11
5730.000000  3.290856e-11
5750.000000  3.252711e-11
5770.000000  3.214354e-11
5790.000000  3.176465e-11
5810.000000  3.140321e-11
5830.000000  3.104176e-11
5850.000000  3.069154e-11
5870.000000  2.985446e-11
5890.000000  2.997850e-11
5910.000000  2.964684e-11
5930.000000  2.931518e-11
5950.000000  2.896634e-11
5970.000000  2.865575e-11
5990.000000  2.832833e-11
6010.000000  2.800366e-11
6030.000000  2.769731e-11
6050.000000  2.738527e-11
6070.000000  2.708141e-11
6090.000000  2.678067e-11
6110.000000  2.648541e-11
6130.000000  2.619255e-11
6150.000000  2.590476e-11
6170.000000  2.562097e-11
6190.000000  2.534117e-11
6210.000000  2.506572e-11
6230.000000  2.479314e-11
6250.000000  2.452321e-11
6270.000000  2.425923e-11
6290.000000  2.399725e-11
6310.000000  2.373901e-11
6330.000000  2.348650e-11
6350.000000  2.321940e-11
6370.000000  2.297949e-11
6390.000000  2.274305e-11
6410.000000  2.250175e-11
6430.000000  2.226445e-11
6450.000000  2.202867e-11
6470.000000  2.178652e-11
6490.000000  2.151356e-11
6510.000000  2.121888e-11
6530.000000  2.076010e-11
6550.000000  1.892514e-11
6570.000000  1.623537e-11
6590.000000  1.978494e-11
6610.000000  2.008199e-11
6630.000000  1.998096e-11
6650.000000  1.982115e-11
6670.000000  1.956583e-11
6690.000000  1.937016e-11
6710.000000  1.924783e-11
6730.000000  1.905241e-11
6750.000000  1.886047e-11
6770.000000  1.866966e-11
6790.000000  1.848218e-11
6810.000000  1.829637e-11
6830.000000  1.811415e-11
6850.000000  1.793281e-11
6870.000000  1.775347e-11
6890.000000  1.757760e-11
6910.000000  1.740373e-11
6930.000000  1.723099e-11
6950.000000  1.706199e-11
6970.000000  1.689385e-11
6990.000000  1.672858e-11
7010.000000  1.656444e-11
7030.000000  1.640378e-11
7050.000000  1.624251e-11
7070.000000  1.600351e-11
7090.000000  1.593092e-11
7110.000000  1.577625e-11
7130.000000  1.562506e-11
7150.000000  1.547413e-11
7170.000000  1.532694e-11
7190.000000  1.517887e-11
7210.000000  1.503542e-11
7230.000000  1.489196e-11
7250.000000  1.475137e-11
7270.000000  1.461078e-11
7290.000000  1.444870e-11
7310.000000  1.433534e-11
7330.000000  1.420248e-11
7350.000000  1.406849e-11
7370.000000  1.393824e-11
7390.000000  1.380651e-11
7410.000000  1.367913e-11
7430.000000  1.355262e-11
7450.000000  1.342637e-11
7470.000000  1.330185e-11
7490.000000  1.318021e-11
7510.000000  1.305882e-11
7530.000000  1.294004e-11
7550.000000  1.282126e-11
7570.000000  1.270361e-11
7590.000000  1.258770e-11
7610.000000  1.247440e-11
7630.000000  1.236135e-11
7650.000000  1.224856e-11
7670.000000  1.213838e-11
7690.000000  1.202995e-11
7710.000000  1.192090e-11
7730.000000  1.181533e-11
7750.000000  1.170802e-11
7770.000000  1.159784e-11
7790.000000  1.150087e-11
7810.000000  1.139929e-11
7830.000000  1.129946e-11
7850.000000  1.119828e-11
7870.000000  1.110005e-11
7890.000000  1.100108e-11
7910.000000  1.090698e-11
7930.000000  1.081114e-11
7950.000000  1.071703e-11
7970.000000  1.062319e-11
7990.000000  1.052996e-11
8010.000000  1.043898e-11
8030.000000  1.034996e-11
8050.000000  1.025938e-11
8070.000000  1.017101e-11
8090.000000  1.008351e-11
8110.000000  9.997144e-12
8130.000000  9.911643e-12
8150.000000  9.826143e-12
8170.000000  9.743253e-12
8190.000000  9.660620e-12
8210.000000  9.585125e-12
8230.000000  9.507756e-12
8250.000000  9.432600e-12
8270.000000  9.353558e-12
8290.000000  9.281667e-12
8310.000000  9.207633e-12
8330.000000  9.133344e-12
8350.000000  9.055647e-12
8370.000000  8.983101e-12
8390.000000  8.909502e-12
8410.000000  8.826649e-12
8430.000000  8.744015e-12
8450.000000  8.670238e-12
8470.000000  8.549271e-12
8490.000000  8.526074e-12
8510.000000  8.353807e-12
8530.000000  8.415185e-12
8550.000000  8.056982e-12
8570.000000  8.371506e-12
8590.000000  7.979763e-12
8610.000000  7.854989e-12
8630.000000  8.306042e-12
8650.000000  8.006517e-12
8670.000000  7.210743e-12
8690.000000  8.085376e-12
8710.000000  8.251275e-12
8730.000000  7.949041e-12
8750.000000  6.774398e-12
8770.000000  7.590099e-12
8790.000000  8.088282e-12
8810.000000  8.120196e-12
8830.000000  7.943703e-12
8850.000000  7.194843e-12
8870.000000  6.423854e-12
8890.000000  7.535758e-12
8910.000000  7.809688e-12
8930.000000  7.821535e-12
8950.000000  7.765323e-12
8970.000000  7.639122e-12
8990.000000  7.300732e-12
9010.000000  6.167322e-12
9030.000000  6.517526e-12
9050.000000  7.249289e-12
9070.000000  7.362287e-12
9090.000000  7.366049e-12
9110.000000  7.327940e-12
9130.000000  7.271728e-12
9150.000000  7.205827e-12
9170.000000  7.114133e-12
9190.000000  6.960068e-12
9210.000000  6.510821e-12
9230.000000  5.458098e-12
9250.000000  6.293600e-12
9270.000000  6.716965e-12
9290.000000  6.786362e-12
9310.000000  6.765081e-12
9330.000000  6.731945e-12
9350.000000  6.687058e-12
9370.000000  6.638792e-12
9390.000000  6.592350e-12
9410.000000  6.533480e-12
9430.000000  6.482311e-12
9450.000000  6.425188e-12
9470.000000  6.354278e-12
9490.000000  6.275724e-12
9510.000000  6.112988e-12
9530.000000  5.653939e-12
9550.000000  4.852155e-12
9570.000000  5.673563e-12
9590.000000  5.963322e-12
9610.000000  6.002059e-12
9630.000000  5.983575e-12
9650.000000  5.957084e-12
9670.000000  5.920975e-12
9690.000000  5.881379e-12
9710.000000  5.836634e-12
9730.000000  5.795623e-12
9750.000000  5.752878e-12
9770.000000  5.708999e-12
9790.000000  5.667121e-12
9810.000000  5.625243e-12
9830.000000  5.583621e-12
9850.000000  5.541743e-12
9870.000000  5.500731e-12
9890.000000  5.459507e-12
9910.000000  5.420098e-12
9930.000000  5.371981e-12
9950.000000  5.325024e-12
9970.000000  5.274545e-12
9990.000000  5.209741e-12
10025.000000  4.801010e-12
10075.000000  4.607228e-12
10125.000000  4.970619e-12
10175.000000  4.914912e-12
10225.000000  4.833181e-12
10275.000000  4.748079e-12
10325.000000  4.661058e-12
10375.000000  4.583035e-12
10425.000000  4.502401e-12
10475.000000  4.424378e-12
10525.000000  4.347620e-12
10575.000000  4.272464e-12
10625.000000  4.199776e-12
10675.000000  4.126620e-12
10725.000000  4.057197e-12
10775.000000  3.988173e-12
10825.000000  3.892983e-12
10875.000000  3.808041e-12
10925.000000  3.344037e-12
10975.000000  3.534368e-12
11025.000000  3.639289e-12
11075.000000  3.599835e-12
11125.000000  3.545835e-12
11175.000000  3.487879e-12
11225.000000  3.431269e-12
11275.000000  3.375924e-12
11325.000000  3.320366e-12
11375.000000  3.268144e-12
11425.000000  3.214799e-12
11475.000000  3.162576e-12
11525.000000  3.112098e-12
11575.000000  3.064088e-12
11625.000000  3.015131e-12
11675.000000  2.967657e-12
11725.000000  2.922039e-12
11775.000000  2.875724e-12
11825.000000  2.831117e-12
11875.000000  2.787337e-12
11925.000000  2.744464e-12
11975.000000  2.699369e-12
12025.000000  2.660932e-12
12075.000000  2.620487e-12
12125.000000  2.580641e-12
12175.000000  2.541716e-12
12225.000000  2.503304e-12
12275.000000  2.465726e-12
12325.000000  2.429008e-12
12375.000000  2.392750e-12
12425.000000  2.357353e-12
12475.000000  2.322355e-12
12525.000000  2.287779e-12
12575.000000  2.254628e-12
12625.000000  2.221699e-12
12675.000000  2.187131e-12
12725.000000  2.146690e-12
12775.000000  2.067552e-12
12825.000000  1.852029e-12
12875.000000  2.024815e-12
12925.000000  2.027943e-12
12975.000000  2.004171e-12
13025.000000  1.978619e-12
13075.000000  1.950737e-12
13125.000000  1.923143e-12
13175.000000  1.896147e-12
13225.000000  1.869673e-12
13275.000000  1.843512e-12
13325.000000  1.817924e-12
13375.000000  1.792797e-12
13425.000000  1.767982e-12
13475.000000  1.743802e-12
13525.000000  1.719822e-12
13575.000000  1.696328e-12
13625.000000  1.673295e-12
13675.000000  1.650621e-12
13725.000000  1.628335e-12
13775.000000  1.606402e-12
13825.000000  1.584849e-12
13875.000000  1.563649e-12
13925.000000  1.542797e-12
13975.000000  1.522210e-12
14025.000000  1.502091e-12
14075.000000  1.482298e-12
14125.000000  1.462793e-12
14175.000000  1.443613e-12
14225.000000  1.424815e-12
14275.000000  1.406170e-12
14325.000000  1.387985e-12
14375.000000  1.369999e-12
14425.000000  1.352388e-12
14475.000000  1.335089e-12
14525.000000  1.317877e-12
14570.000000  1.302733e-12
14620.000000  1.286754e-12
14675.000000  1.269103e-12
14725.000000  1.253212e-12
14775.000000  1.237607e-12
14825.000000  1.222289e-12
14875.000000  1.207258e-12
14925.000000  1.192401e-12
14975.000000  1.177656e-12
15025.000000  1.163198e-12
15075.000000  1.148675e-12
15125.000000  1.134653e-12
15175.000000  1.120703e-12
15225.000000  1.107018e-12
15275.000000  1.092865e-12
15325.000000  1.078828e-12
15375.000000  1.066573e-12
15425.000000  1.050859e-12
15475.000000  1.040500e-12
15525.000000  1.027007e-12
15575.000000  1.008697e-12
15625.000000  1.007676e-12
15675.000000  9.855279e-13
15725.000000  9.680532e-13
15775.000000  9.749034e-13
15825.000000  9.612587e-13
15875.000000  9.179076e-13
15925.000000  9.307284e-13
15975.000000  9.344363e-13
16050.000000  9.082690e-13
16150.000000  8.690572e-13
16250.000000  8.820083e-13
16350.000000  8.445667e-13
16450.000000  8.052398e-13
16550.000000  8.259836e-13
16650.000000  8.083325e-13
16750.000000  7.691168e-13
16850.000000  7.326142e-13
16950.000000  7.548995e-13
17050.000000  7.402336e-13
17150.000000  7.243353e-13
17250.000000  7.044244e-13
17350.000000  6.451715e-13
17450.000000  6.683355e-13
17550.000000  6.631045e-13
17650.000000  6.497713e-13
17750.000000  6.358867e-13
17850.000000  6.224632e-13
17950.000000  6.093264e-13
18050.000000  5.936900e-13
18150.000000  5.468076e-13
18250.000000  5.595796e-13
18350.000000  5.593310e-13
18450.000000  5.488645e-13
18550.000000  5.374875e-13
18650.000000  5.232048e-13
18750.000000  4.832424e-13
18850.000000  5.018455e-13
18950.000000  4.954828e-13
19050.000000  4.857206e-13
19150.000000  4.762381e-13
19250.000000  4.664945e-13
19350.000000  4.532860e-13
19450.000000  4.175140e-13
19550.000000  4.356747e-13
19650.000000  4.312719e-13
19750.000000  4.233785e-13
19850.000000  4.152895e-13
19950.000000  4.073607e-13
20050.000000  3.995982e-13
20150.000000  3.920826e-13
20250.000000  3.847413e-13
20350.000000  3.775124e-13
20450.000000  3.705701e-13
20550.000000  3.636022e-13
20650.000000  3.570812e-13
20750.000000  3.505999e-13
20850.000000  3.441443e-13
20950.000000  3.378152e-13
21050.000000  3.318419e-13
21150.000000  3.257596e-13
21250.000000  3.200518e-13
21350.000000  3.142562e-13
21450.000000  3.084138e-13
21550.000000  3.007822e-13
21650.000000  2.786875e-13
21750.000000  2.887321e-13
21850.000000  2.871578e-13
21950.000000  2.826326e-13
22050.000000  2.777480e-13
22150.000000  2.729742e-13
22250.000000  2.682856e-13
22350.000000  2.637211e-13
22450.000000  2.592440e-13
22550.000000  2.548690e-13
22650.000000  2.505839e-13
22750.000000  2.463674e-13
22850.000000  2.423164e-13
22950.000000  2.383094e-13
23050.000000  2.343770e-13
23150.000000  2.305394e-13
23250.000000  2.267591e-13
23350.000000  2.230783e-13
23450.000000  2.194652e-13
23550.000000  2.159277e-13
23650.000000  2.124476e-13
23750.000000  2.090414e-13
23850.000000  2.057112e-13
23950.000000  2.024291e-13
24050.000000  1.992070e-13
24150.000000  1.960436e-13
24250.000000  1.929822e-13
24350.000000  1.899201e-13
24450.000000  1.869095e-13
24550.000000  1.840507e-13
24650.000000  1.810774e-13
24750.000000  1.782781e-13
24850.000000  1.756860e-13
24950.000000  1.724698e-13
