2505.000000  4.459921e-11
2513.000000  3.515375e-11
2518.000000  3.613943e-11
2525.000000  3.142797e-11
2535.000000  2.893385e-11
2545.000000  2.846573e-11
2555.000000  3.414000e-11
2565.000000  3.248725e-11
2575.000000  3.807521e-11
2585.000000  3.789851e-11
2595.000000  3.609734e-11
2605.000000  3.307417e-11
2615.000000  3.080374e-11
2625.000000  3.883024e-11
2635.000000  4.148112e-11
2645.000000  5.228767e-11
2655.000000  5.397078e-11
2665.000000  4.387859e-11
2675.000000  4.864440e-11
2685.000000  4.810585e-11
2695.000000  4.394989e-11
2705.000000  4.698072e-11
2715.000000  4.185843e-11
2725.000000  4.280030e-11
2735.000000  4.731697e-11
2745.000000  3.261762e-11
2755.000000  3.634896e-11
2765.000000  3.954958e-11
2775.000000  4.640852e-11
2785.000000  4.076552e-11
2795.000000  1.831260e-11
2805.000000  2.374729e-11
2815.000000  4.773132e-11
2825.000000  5.307371e-11
2835.000000  4.997136e-11
2845.000000  4.727026e-11
2855.000000  4.255189e-11
2865.000000  5.035022e-11
2875.000000  4.893551e-11
2885.000000  4.967932e-11
2895.000000  4.663400e-11
2910.000000  5.561810e-11
2930.000000  5.236878e-11
2950.000000  5.184268e-11
2970.000000  5.469912e-11
2990.000000  5.503504e-11
3010.000000  5.644104e-11
3030.000000  5.574658e-11
3050.000000  5.566315e-11
3070.000000  5.640455e-11
3090.000000  5.765873e-11
3110.000000  5.563437e-11
3130.000000  5.527605e-11
3150.000000  5.743452e-11
3170.000000  5.714144e-11
3190.000000  5.318597e-11
3210.000000  5.535035e-11
3230.000000  5.251890e-11
3250.000000  5.516055e-11
3270.000000  5.665571e-11
3290.000000  5.703983e-11
3310.000000  5.820614e-11
3330.000000  5.675671e-11
3350.000000  5.605376e-11
3370.000000  5.518711e-11
3390.000000  5.570781e-11
3410.000000  5.619403e-11
3430.000000  5.674976e-11
3450.000000  5.637561e-11
3470.000000  5.558235e-11
3490.000000  5.545240e-11
3510.000000  5.682151e-11
3530.000000  5.647296e-11
3550.000000  5.819510e-11
3570.000000  5.529177e-11
3590.000000  5.493634e-11
3610.000000  5.523737e-11
3630.000000  5.579042e-11
3640.000000  5.495675e-11
3650.000000  5.762136e-11
3670.000000  5.696605e-11
3690.000000  5.455496e-11
3710.000000  5.829918e-11
3730.000000  6.091977e-11
3750.000000  7.686910e-11
3770.000000  8.283518e-11
3790.000000  1.014595e-10
3810.000000  1.182153e-10
3830.000000  9.336291e-11
3850.000000  1.304460e-10
3870.000000  1.465837e-10
3890.000000  8.617171e-11
3910.000000  1.452296e-10
3930.000000  1.248977e-10
3950.000000  1.435999e-10
3970.000000  7.841430e-11
3990.000000  1.434093e-10
4010.000000  1.620192e-10
4030.000000  1.617952e-10
4050.000000  1.597318e-10
4070.000000  1.517043e-10
4090.000000  1.214133e-10
4110.000000  9.331363e-11
4130.000000  1.448639e-10
4150.000000  1.543977e-10
4170.000000  1.536007e-10
4190.000000  1.520622e-10
4210.000000  1.517343e-10
4230.000000  1.474012e-10
4250.000000  1.479236e-10
4270.000000  1.420139e-10
4290.000000  1.425418e-10
4310.000000  1.300044e-10
4330.000000  1.026082e-10
4350.000000  8.766663e-11
4370.000000  1.319623e-10
4390.000000  1.356757e-10
4410.000000  1.338473e-10
4430.000000  1.325119e-10
4450.000000  1.343024e-10
4470.000000  1.334356e-10
4490.000000  1.318761e-10
4510.000000  1.348617e-10
4530.000000  1.294334e-10
4550.000000  1.273252e-10
4570.000000  1.308864e-10
4590.000000  1.260092e-10
4610.000000  1.281722e-10
4630.000000  1.244219e-10
4650.000000  1.250967e-10
4670.000000  1.245420e-10
4690.000000  1.198631e-10
4710.000000  1.154712e-10
4730.000000  1.201901e-10
4750.000000  1.197324e-10
4770.000000  1.175558e-10
4790.000000  1.160804e-10
4810.000000  1.132898e-10
4830.000000  1.077994e-10
4850.000000  8.450516e-11
4870.000000  6.779226e-11
4890.000000  1.009610e-10
4910.000000  1.064883e-10
4930.000000  1.053522e-10
4950.000000  1.070864e-10
4970.000000  1.075088e-10
4990.000000  1.036757e-10
5010.000000  1.002915e-10
5030.000000  1.026007e-10
5050.000000  1.006523e-10
5070.000000  1.019716e-10
5090.000000  1.004412e-10
5110.000000  1.000903e-10
5130.000000  9.799529e-11
5150.000000  9.586650e-11
5170.000000  9.387587e-11
5190.000000  9.289801e-11
5210.000000  9.307163e-11
5230.000000  9.205121e-11
5250.000000  9.335752e-11
5270.000000  8.784121e-11
5290.000000  9.106735e-11
5310.000000  8.970108e-11
5330.000000  8.669187e-11
5350.000000  8.878862e-11
5370.000000  8.757253e-11
5390.000000  8.664585e-11
5410.000000  8.476735e-11
5430.000000  8.498289e-11
5450.000000  8.511904e-11
5470.000000  8.404119e-11
5490.000000  8.357232e-11
5510.000000  8.287765e-11
5530.000000  8.187022e-11
5550.000000  8.177098e-11
5570.000000  8.042476e-11
5590.000000  7.948058e-11
5610.000000  7.922710e-11
5630.000000  7.903200e-11
5650.000000  7.806994e-11
5670.000000  7.690094e-11
5690.000000  7.675919e-11
5710.000000  7.599686e-11
5730.000000  7.617944e-11
5750.000000  7.496100e-11
5770.000000  7.451438e-11
5790.000000  7.368518e-11
5810.000000  7.319932e-11
5830.000000  7.270100e-11
5850.000000  7.182173e-11
5870.000000  7.126611e-11
5890.000000  6.964931e-11
5910.000000  7.001560e-11
5930.000000  6.942107e-11
5950.000000  6.878804e-11
5970.000000  6.827503e-11
5990.000000  6.742848e-11
6010.000000  6.653292e-11
6030.000000  6.622941e-11
6050.000000  6.579851e-11
6070.000000  6.547078e-11
6090.000000  6.471289e-11
6110.000000  6.396449e-11
6130.000000  6.286453e-11
6150.000000  6.179872e-11
6170.000000  6.160540e-11
6190.000000  6.202974e-11
6210.000000  6.155822e-11
6230.000000  6.069248e-11
6250.000000  5.916378e-11
6270.000000  6.004335e-11
6290.000000  5.956954e-11
6310.000000  5.854266e-11
6330.000000  5.827945e-11
6350.000000  5.739372e-11
6370.000000  5.703612e-11
6390.000000  5.688073e-11
6410.000000  5.595087e-11
6430.000000  5.575518e-11
6450.000000  5.465547e-11
6470.000000  5.464813e-11
6490.000000  5.359828e-11
6510.000000  5.317113e-11
6530.000000  5.152506e-11
6550.000000  4.486055e-11
6570.000000  3.585045e-11
6590.000000  4.861206e-11
6610.000000  5.086236e-11
6630.000000  5.114993e-11
6650.000000  5.094121e-11
6670.000000  5.051563e-11
6690.000000  5.034967e-11
6710.000000  4.995774e-11
6730.000000  4.957218e-11
6750.000000  4.894557e-11
6770.000000  4.889246e-11
6790.000000  4.846241e-11
6810.000000  4.806898e-11
6830.000000  4.759405e-11
6850.000000  4.721007e-11
6870.000000  4.695244e-11
6890.000000  4.659823e-11
6910.000000  4.621536e-11
6930.000000  4.581963e-11
6950.000000  4.548845e-11
6970.000000  4.510557e-11
6990.000000  4.480195e-11
7010.000000  4.410178e-11
7030.000000  4.395092e-11
7050.000000  4.371290e-11
7070.000000  4.339570e-11
7090.000000  4.307128e-11
7110.000000  4.195239e-11
7130.000000  4.214104e-11
7150.000000  4.189626e-11
7170.000000  4.156167e-11
7190.000000  4.117769e-11
7210.000000  4.095209e-11
7230.000000  4.062767e-11
7250.000000  4.024930e-11
7270.000000  4.013431e-11
7290.000000  3.961714e-11
7310.000000  3.940059e-11
7330.000000  3.910982e-11
7350.000000  3.894534e-11
7370.000000  3.868319e-11
7390.000000  3.821770e-11
7410.000000  3.776129e-11
7430.000000  3.743908e-11
7450.000000  3.727580e-11
7470.000000  3.681892e-11
7490.000000  3.668129e-11
7510.000000  3.653495e-11
7530.000000  3.632828e-11
7550.000000  3.617288e-11
7570.000000  3.583828e-11
7590.000000  3.562211e-11
7610.000000  3.533811e-11
7630.000000  3.510120e-11
7650.000000  3.476661e-11
7670.000000  3.434829e-11
7690.000000  3.420797e-11
7710.000000  3.393186e-11
7730.000000  3.381456e-11
7750.000000  3.349393e-11
7770.000000  3.264971e-11
7790.000000  3.312806e-11
7810.000000  3.286249e-11
7830.000000  3.247961e-11
7850.000000  3.215630e-11
7870.000000  3.196998e-11
7890.000000  3.168368e-11
7910.000000  3.148035e-11
7930.000000  3.118166e-11
7950.000000  3.093419e-11
7970.000000  3.103191e-11
7990.000000  3.054069e-11
8010.000000  3.050759e-11
8030.000000  3.024201e-11
8050.000000  3.007643e-11
8070.000000  2.986367e-11
8090.000000  2.962454e-11
8110.000000  2.950836e-11
8130.000000  2.934277e-11
8150.000000  2.912778e-11
8170.000000  2.891391e-11
8190.000000  2.830356e-11
8210.000000  2.821716e-11
8230.000000  2.801836e-11
8250.000000  2.788599e-11
8270.000000  2.800673e-11
8290.000000  2.778379e-11
8310.000000  2.754354e-11
8330.000000  2.711120e-11
8350.000000  2.719611e-11
8370.000000  2.703611e-11
8390.000000  2.673243e-11
8410.000000  2.657814e-11
8430.000000  2.635297e-11
8450.000000  2.582864e-11
8470.000000  2.555961e-11
8490.000000  2.598276e-11
8510.000000  2.435206e-11
8530.000000  2.584679e-11
8550.000000  2.251717e-11
8570.000000  2.603076e-11
8590.000000  2.427729e-11
8610.000000  2.362725e-11
8630.000000  2.599063e-11
8650.000000  2.504486e-11
8670.000000  2.050205e-11
8690.000000  2.499123e-11
8710.000000  2.605994e-11
8730.000000  2.510042e-11
8750.000000  2.015920e-11
8770.000000  2.406331e-11
8790.000000  2.576606e-11
8810.000000  2.581650e-11
8830.000000  2.499610e-11
8850.000000  2.266489e-11
8870.000000  1.934730e-11
8890.000000  2.407411e-11
8910.000000  2.501611e-11
8930.000000  2.509446e-11
8950.000000  2.519173e-11
8970.000000  2.468794e-11
8990.000000  2.356689e-11
9010.000000  1.894556e-11
9030.000000  2.081764e-11
9050.000000  2.353760e-11
9070.000000  2.355784e-11
9090.000000  2.332387e-11
9110.000000  2.383833e-11
9130.000000  2.390300e-11
9150.000000  2.380298e-11
9170.000000  2.343307e-11
9190.000000  2.278582e-11
9210.000000  2.114880e-11
9230.000000  1.670415e-11
9250.000000  2.033378e-11
9270.000000  2.167259e-11
9290.000000  2.254004e-11
9310.000000  2.260543e-11
9330.000000  2.249350e-11
9350.000000  2.242296e-11
9370.000000  2.231733e-11
9390.000000  2.203890e-11
9410.000000  2.127618e-11
9430.000000  2.164707e-11
9450.000000  2.153988e-11
9470.000000  2.143211e-11
9490.000000  2.114221e-11
9510.000000  2.050776e-11
9530.000000  1.886573e-11
9550.000000  1.526938e-11
9570.000000  1.896719e-11
9590.000000  2.009916e-11
9610.000000  2.019361e-11
9630.000000  2.000355e-11
9650.000000  2.021251e-11
9670.000000  1.991099e-11
9690.000000  1.986853e-11
9710.000000  2.003506e-11
9730.000000  1.989338e-11
9750.000000  1.964296e-11
9770.000000  1.966958e-11
9790.000000  1.953755e-11
9810.000000  1.941929e-11
9830.000000  1.926451e-11
9850.000000  1.904412e-11
9870.000000  1.892597e-11
9890.000000  1.870518e-11
9910.000000  1.862816e-11
9930.000000  1.856642e-11
9950.000000  1.842836e-11
9970.000000  1.830389e-11
9990.000000  1.805754e-11
10025.000000  1.642470e-11
10075.000000  1.558688e-11
10125.000000  1.722103e-11
10175.000000  1.720998e-11
10225.000000  1.706093e-11
10275.000000  1.683591e-11
10325.000000  1.651665e-11
10375.000000  1.629806e-11
10425.000000  1.605611e-11
10475.000000  1.563123e-11
10525.000000  1.549154e-11
10575.000000  1.528957e-11
10625.000000  1.507350e-11
10675.000000  1.457732e-11
10725.000000  1.453277e-11
10775.000000  1.433765e-11
10825.000000  1.407860e-11
10875.000000  1.370312e-11
10925.000000  1.164549e-11
10975.000000  1.265697e-11
11025.000000  1.331033e-11
11075.000000  1.324830e-11
11125.000000  1.305281e-11
11175.000000  1.288290e-11
11225.000000  1.273130e-11
11275.000000  1.232622e-11
11325.000000  1.217580e-11
11375.000000  1.212983e-11
11425.000000  1.189172e-11
11475.000000  1.186589e-11
11525.000000  1.171320e-11
11575.000000  1.153288e-11
11625.000000  1.123442e-11
11675.000000  1.101824e-11
11725.000000  1.107925e-11
11775.000000  1.071219e-11
11825.000000  1.066718e-11
11875.000000  1.045552e-11
11925.000000  1.050823e-11
11975.000000  1.024294e-11
12025.000000  1.017206e-11
12075.000000  1.000925e-11
12125.000000  9.887714e-12
12175.000000  9.799255e-12
12225.000000  9.652512e-12
12275.000000  9.508236e-12
12325.000000  9.392090e-12
12375.000000  9.284473e-12
12425.000000  9.186516e-12
12475.000000  9.042188e-12
12525.000000  8.915415e-12
12575.000000  8.745589e-12
12625.000000  8.663346e-12
12675.000000  8.567801e-12
12725.000000  8.419588e-12
12775.000000  8.043406e-12
12825.000000  6.865585e-12
12875.000000  7.908570e-12
12925.000000  7.995741e-12
12975.000000  7.936986e-12
13025.000000  7.859732e-12
13075.000000  7.775152e-12
13125.000000  7.661007e-12
13175.000000  7.539920e-12
13225.000000  7.484133e-12
13275.000000  7.385602e-12
13325.000000  7.302128e-12
13375.000000  7.208656e-12
13425.000000  7.120352e-12
13475.000000  7.031819e-12
13525.000000  6.926615e-12
13575.000000  6.835104e-12
13625.000000  6.774867e-12
13675.000000  6.682299e-12
13725.000000  6.542838e-12
13775.000000  6.508934e-12
13825.000000  6.436850e-12
13875.000000  6.383364e-12
13925.000000  6.276800e-12
13975.000000  6.216111e-12
14025.000000  6.144255e-12
14075.000000  6.080654e-12
14125.000000  5.993294e-12
14175.000000  5.932224e-12
14225.000000  5.851090e-12
14275.000000  5.774066e-12
14325.000000  5.721479e-12
14375.000000  5.664221e-12
14425.000000  5.480558e-12
14475.000000  5.523524e-12
14525.000000  5.401794e-12
14570.000000  5.396254e-12
14620.000000  5.319569e-12
14675.000000  5.271967e-12
14725.000000  5.198411e-12
14775.000000  5.119423e-12
14825.000000  5.078835e-12
14875.000000  4.996194e-12
14925.000000  4.995703e-12
14975.000000  4.922488e-12
15025.000000  4.847990e-12
15075.000000  4.787634e-12
15125.000000  4.763678e-12
15175.000000  4.711247e-12
15225.000000  4.655540e-12
15275.000000  4.594980e-12
15325.000000  4.537609e-12
15375.000000  4.500659e-12
15425.000000  4.391086e-12
15475.000000  4.391235e-12
15525.000000  4.349636e-12
15575.000000  4.212192e-12
15625.000000  4.305604e-12
15675.000000  4.159551e-12
15725.000000  4.033211e-12
15775.000000  4.148551e-12
15825.000000  4.116223e-12
15875.000000  3.748023e-12
15925.000000  3.972914e-12
15975.000000  4.029704e-12
16050.000000  3.893116e-12
16150.000000  3.651967e-12
16250.000000  3.845443e-12
16350.000000  3.637050e-12
16450.000000  3.388300e-12
16550.000000  3.613308e-12
16650.000000  3.544655e-12
16750.000000  3.325680e-12
16850.000000  3.092031e-12
16950.000000  3.320370e-12
17050.000000  3.249521e-12
17150.000000  3.191246e-12
17250.000000  3.079006e-12
17350.000000  2.708012e-12
17450.000000  2.907653e-12
17550.000000  2.915474e-12
17650.000000  2.859340e-12
17750.000000  2.811397e-12
17850.000000  2.750366e-12
17950.000000  2.704051e-12
18050.000000  2.617529e-12
18150.000000  2.328097e-12
18250.000000  2.449895e-12
18350.000000  2.479116e-12
18450.000000  2.437857e-12
18550.000000  2.380046e-12
18650.000000  2.315223e-12
18750.000000  2.044148e-12
18850.000000  2.211641e-12
18950.000000  2.188165e-12
19050.000000  2.171807e-12
19150.000000  2.128454e-12
19250.000000  2.082428e-12
19350.000000  2.016231e-12
19450.000000  1.787183e-12
19550.000000  1.941963e-12
19650.000000  1.930869e-12
19750.000000  1.894054e-12
19850.000000  1.864699e-12
19950.000000  1.830257e-12
20050.000000  1.797802e-12
20150.000000  1.766027e-12
20250.000000  1.731577e-12
20350.000000  1.697739e-12
20450.000000  1.671508e-12
20550.000000  1.640702e-12
20650.000000  1.607863e-12
20750.000000  1.580579e-12
20850.000000  1.553497e-12
20950.000000  1.524600e-12
21050.000000  1.497973e-12
21150.000000  1.467992e-12
21250.000000  1.442785e-12
21350.000000  1.417701e-12
21450.000000  1.393974e-12
21550.000000  1.356249e-12
21650.000000  1.209546e-12
21750.000000  1.298185e-12
21850.000000  1.298067e-12
21950.000000  1.282592e-12
22050.000000  1.257658e-12
22150.000000  1.235915e-12
22250.000000  1.219281e-12
22350.000000  1.198991e-12
22450.000000  1.179000e-12
22550.000000  1.155149e-12
22650.000000  1.139250e-12
22750.000000  1.121039e-12
22850.000000  1.102568e-12
22950.000000  1.083828e-12
23050.000000  1.068480e-12
23150.000000  1.050744e-12
23250.000000  1.034913e-12
23350.000000  1.018131e-12
23450.000000  1.002300e-12
23550.000000  9.865971e-13
23650.000000  9.713771e-13
23750.000000  9.551463e-13
23850.000000  9.403862e-13
23950.000000  9.260145e-13
24050.000000  9.110806e-13
24150.000000  8.966526e-13
24250.000000  8.837451e-13
24350.000000  8.688224e-13
24450.000000  8.555518e-13
24550.000000  8.423854e-13
24650.000000  8.290533e-13
24750.000000  8.162023e-13
24850.000000  8.049605e-13
24950.000000  7.854673e-13
