2505.000000  3.464662e-11
2513.000000  2.649944e-11
2518.000000  2.710578e-11
2525.000000  2.314505e-11
2535.000000  2.094339e-11
2545.000000  2.088644e-11
2555.000000  2.601387e-11
2565.000000  2.432663e-11
2575.000000  2.901897e-11
2585.000000  2.868806e-11
2595.000000  2.725095e-11
2605.000000  2.465884e-11
2615.000000  2.270484e-11
2625.000000  2.951538e-11
2635.000000  3.252959e-11
2645.000000  4.175441e-11
2655.000000  4.389099e-11
2665.000000  3.472807e-11
2675.000000  3.899206e-11
2685.000000  3.867689e-11
2695.000000  3.482301e-11
2705.000000  3.775928e-11
2715.000000  3.312986e-11
2725.000000  3.384194e-11
2735.000000  3.746103e-11
2745.000000  2.466843e-11
2755.000000  2.814113e-11
2765.000000  3.121426e-11
2775.000000  3.704970e-11
2785.000000  3.130428e-11
2795.000000  1.277984e-11
2805.000000  1.692109e-11
2815.000000  3.786326e-11
2825.000000  4.339945e-11
2835.000000  4.073517e-11
2845.000000  3.843886e-11
2855.000000  3.367927e-11
2865.000000  4.113436e-11
2875.000000  4.017113e-11
2885.000000  4.056467e-11
2895.000000  3.814231e-11
2910.000000  4.607257e-11
2930.000000  4.313319e-11
2950.000000  4.265486e-11
2970.000000  4.540846e-11
2990.000000  4.559939e-11
3010.000000  4.698490e-11
3030.000000  4.640349e-11
3050.000000  4.646627e-11
3070.000000  4.724615e-11
3090.000000  4.842520e-11
3110.000000  4.671176e-11
3130.000000  4.633716e-11
3150.000000  4.819830e-11
3170.000000  4.799800e-11
3190.000000  4.440242e-11
3210.000000  4.642777e-11
3230.000000  4.362549e-11
3250.000000  4.630359e-11
3270.000000  4.791463e-11
3290.000000  4.810045e-11
3310.000000  4.926833e-11
3330.000000  4.807316e-11
3350.000000  4.747440e-11
3370.000000  4.653964e-11
3390.000000  4.717522e-11
3410.000000  4.743298e-11
3430.000000  4.795884e-11
3450.000000  4.778540e-11
3470.000000  4.709993e-11
3490.000000  4.708535e-11
3510.000000  4.828776e-11
3530.000000  4.780864e-11
3550.000000  4.974158e-11
3570.000000  4.682969e-11
3590.000000  4.651546e-11
3610.000000  4.687699e-11
3630.000000  4.738561e-11
3640.000000  4.666664e-11
3650.000000  4.935732e-11
3670.000000  4.865970e-11
3690.000000  4.666337e-11
3710.000000  4.987308e-11
3730.000000  5.174801e-11
3750.000000  6.445142e-11
3770.000000  6.948044e-11
3790.000000  8.399586e-11
3810.000000  9.693545e-11
3830.000000  7.711144e-11
3850.000000  1.059107e-10
3870.000000  1.175100e-10
3890.000000  7.260603e-11
3910.000000  1.158670e-10
3930.000000  9.443245e-11
3950.000000  1.138035e-10
3970.000000  6.488456e-11
3990.000000  1.155429e-10
4010.000000  1.281917e-10
4030.000000  1.278447e-10
4050.000000  1.261564e-10
4070.000000  1.210365e-10
4090.000000  1.007505e-10
4110.000000  7.887025e-11
4130.000000  1.169822e-10
4150.000000  1.237605e-10
4170.000000  1.228659e-10
4190.000000  1.217932e-10
4210.000000  1.216197e-10
4230.000000  1.181226e-10
4250.000000  1.191085e-10
4270.000000  1.145240e-10
4290.000000  1.149978e-10
4310.000000  1.055745e-10
4330.000000  8.670070e-11
4350.000000  7.459653e-11
4370.000000  1.087136e-10
4390.000000  1.106412e-10
4410.000000  1.090468e-10
4430.000000  1.078697e-10
4450.000000  1.092864e-10
4470.000000  1.089112e-10
4490.000000  1.078444e-10
4510.000000  1.108981e-10
4530.000000  1.059311e-10
4550.000000  1.046172e-10
4570.000000  1.079610e-10
4590.000000  1.036533e-10
4610.000000  1.056118e-10
4630.000000  1.026369e-10
4650.000000  1.032582e-10
4670.000000  1.031601e-10
4690.000000  9.930010e-11
4710.000000  9.562700e-11
4730.000000  9.980297e-11
4750.000000  9.956836e-11
4770.000000  9.785112e-11
4790.000000  9.677444e-11
4810.000000  9.473013e-11
4830.000000  9.088223e-11
4850.000000  7.272439e-11
4870.000000  5.870895e-11
4890.000000  8.540182e-11
4910.000000  8.927334e-11
4930.000000  8.816662e-11
4950.000000  8.984669e-11
4970.000000  9.027959e-11
4990.000000  8.667857e-11
5010.000000  8.380318e-11
5030.000000  8.615324e-11
5050.000000  8.455518e-11
5070.000000  8.591013e-11
5090.000000  8.449270e-11
5110.000000  8.438960e-11
5130.000000  8.254296e-11
5150.000000  8.069461e-11
5170.000000  7.917035e-11
5190.000000  7.831863e-11
5210.000000  7.853651e-11
5230.000000  7.794283e-11
5250.000000  7.909607e-11
5270.000000  7.401604e-11
5290.000000  7.719804e-11
5310.000000  7.628743e-11
5330.000000  7.339630e-11
5350.000000  7.542552e-11
5370.000000  7.451786e-11
5390.000000  7.373899e-11
5410.000000  7.207248e-11
5430.000000  7.244017e-11
5450.000000  7.270475e-11
5470.000000  7.173615e-11
5490.000000  7.132450e-11
5510.000000  7.081002e-11
5530.000000  7.004505e-11
5550.000000  7.003597e-11
5570.000000  6.883318e-11
5590.000000  6.802091e-11
5610.000000  6.790996e-11
5630.000000  6.782082e-11
5650.000000  6.703305e-11
5670.000000  6.595422e-11
5690.000000  6.594105e-11
5710.000000  6.527734e-11
5730.000000  6.570254e-11
5750.000000  6.456646e-11
5770.000000  6.426931e-11
5790.000000  6.353227e-11
5810.000000  6.320396e-11
5830.000000  6.284099e-11
5850.000000  6.203646e-11
5870.000000  6.160685e-11
5890.000000  6.016760e-11
5910.000000  6.059978e-11
5930.000000  6.009300e-11
5950.000000  5.961316e-11
5970.000000  5.919075e-11
5990.000000  5.847633e-11
6010.000000  5.766193e-11
6030.000000  5.742940e-11
6050.000000  5.715220e-11
6070.000000  5.690662e-11
6090.000000  5.622436e-11
6110.000000  5.555934e-11
6130.000000  5.452505e-11
6150.000000  5.370059e-11
6170.000000  5.345052e-11
6190.000000  5.400490e-11
6210.000000  5.362956e-11
6230.000000  5.282371e-11
6250.000000  5.142574e-11
6270.000000  5.237528e-11
6290.000000  5.198271e-11
6310.000000  5.102533e-11
6330.000000  5.083670e-11
6350.000000  5.014217e-11
6370.000000  4.983098e-11
6390.000000  4.971840e-11
6410.000000  4.885561e-11
6430.000000  4.875053e-11
6450.000000  4.782893e-11
6470.000000  4.781597e-11
6490.000000  4.689706e-11
6510.000000  4.662916e-11
6530.000000  4.531633e-11
6550.000000  3.980192e-11
6570.000000  3.201182e-11
6590.000000  4.288431e-11
6610.000000  4.473271e-11
6630.000000  4.495433e-11
6650.000000  4.476493e-11
6670.000000  4.436805e-11
6690.000000  4.428208e-11
6710.000000  4.392119e-11
6730.000000  4.361436e-11
6750.000000  4.302455e-11
6770.000000  4.304172e-11
6790.000000  4.266206e-11
6810.000000  4.234201e-11
6830.000000  4.194006e-11
6850.000000  4.158669e-11
6870.000000  4.139322e-11
6890.000000  4.110599e-11
6910.000000  4.076366e-11
6930.000000  4.043022e-11
6950.000000  4.015504e-11
6970.000000  3.981355e-11
6990.000000  3.958459e-11
7010.000000  3.891793e-11
7030.000000  3.883866e-11
7050.000000  3.863499e-11
7070.000000  3.836065e-11
7090.000000  3.808682e-11
7110.000000  3.712038e-11
7130.000000  3.727106e-11
7150.000000  3.706522e-11
7170.000000  3.676695e-11
7190.000000  3.641140e-11
7210.000000  3.625077e-11
7230.000000  3.597560e-11
7250.000000  3.566744e-11
7270.000000  3.559136e-11
7290.000000  3.508428e-11
7310.000000  3.493654e-11
7330.000000  3.469871e-11
7350.000000  3.457108e-11
7370.000000  3.434430e-11
7390.000000  3.390521e-11
7410.000000  3.348251e-11
7430.000000  3.322945e-11
7450.000000  3.310583e-11
7470.000000  3.273939e-11
7490.000000  3.260120e-11
7510.000000  3.250069e-11
7530.000000  3.231880e-11
7550.000000  3.220673e-11
7570.000000  3.190712e-11
7590.000000  3.171067e-11
7610.000000  3.147234e-11
7630.000000  3.127672e-11
7650.000000  3.097929e-11
7670.000000  3.057753e-11
7690.000000  3.047518e-11
7710.000000  3.024623e-11
7730.000000  3.015594e-11
7750.000000  2.985684e-11
7770.000000  2.915879e-11
7790.000000  2.958683e-11
7810.000000  2.933477e-11
7830.000000  2.898896e-11
7850.000000  2.872184e-11
7870.000000  2.858750e-11
7890.000000  2.833762e-11
7910.000000  2.812963e-11
7930.000000  2.783320e-11
7950.000000  2.766236e-11
7970.000000  2.776548e-11
7990.000000  2.735067e-11
8010.000000  2.730626e-11
8030.000000  2.705505e-11
8050.000000  2.691771e-11
8070.000000  2.674521e-11
8090.000000  2.652782e-11
8110.000000  2.644775e-11
8130.000000  2.631041e-11
8150.000000  2.611830e-11
8170.000000  2.593558e-11
8190.000000  2.536001e-11
8210.000000  2.529285e-11
8230.000000  2.511817e-11
8250.000000  2.501766e-11
8270.000000  2.513319e-11
8290.000000  2.493675e-11
8310.000000  2.470982e-11
8330.000000  2.431579e-11
8350.000000  2.442186e-11
8370.000000  2.428184e-11
8390.000000  2.400468e-11
8410.000000  2.390141e-11
8430.000000  2.368524e-11
8450.000000  2.322771e-11
8470.000000  2.302000e-11
8490.000000  2.331827e-11
8510.000000  2.191758e-11
8530.000000  2.317968e-11
8550.000000  2.019373e-11
8570.000000  2.333251e-11
8590.000000  2.190338e-11
8610.000000  2.134452e-11
8630.000000  2.322863e-11
8650.000000  2.245993e-11
8670.000000  1.852112e-11
8690.000000  2.231233e-11
8710.000000  2.320385e-11
8730.000000  2.243480e-11
8750.000000  1.835033e-11
8770.000000  2.160223e-11
8790.000000  2.289364e-11
8810.000000  2.290188e-11
8830.000000  2.223175e-11
8850.000000  2.039069e-11
8870.000000  1.758636e-11
8890.000000  2.150025e-11
8910.000000  2.222120e-11
8930.000000  2.223346e-11
8950.000000  2.232969e-11
8970.000000  2.192063e-11
8990.000000  2.105429e-11
9010.000000  1.718144e-11
9030.000000  1.880934e-11
9050.000000  2.100421e-11
9070.000000  2.093842e-11
9090.000000  2.068236e-11
9110.000000  2.112843e-11
9130.000000  2.121963e-11
9150.000000  2.114082e-11
9170.000000  2.083460e-11
9190.000000  2.032662e-11
9210.000000  1.898615e-11
9230.000000  1.523683e-11
9250.000000  1.828927e-11
9270.000000  1.936818e-11
9290.000000  2.007171e-11
9310.000000  2.011297e-11
9330.000000  2.000747e-11
9350.000000  1.994248e-11
9370.000000  1.985601e-11
9390.000000  1.961870e-11
9410.000000  1.890433e-11
9430.000000  1.925891e-11
9450.000000  1.916431e-11
9470.000000  1.910752e-11
9490.000000  1.887792e-11
9510.000000  1.835825e-11
9530.000000  1.702960e-11
9550.000000  1.395472e-11
9570.000000  1.709076e-11
9590.000000  1.799702e-11
9610.000000  1.803749e-11
9630.000000  1.785998e-11
9650.000000  1.803081e-11
9670.000000  1.776227e-11
9690.000000  1.771924e-11
9710.000000  1.789013e-11
9730.000000  1.776685e-11
9750.000000  1.752276e-11
9770.000000  1.756815e-11
9790.000000  1.745226e-11
9810.000000  1.735572e-11
9830.000000  1.722186e-11
9850.000000  1.702902e-11
9870.000000  1.692486e-11
9890.000000  1.673325e-11
9910.000000  1.665588e-11
9930.000000  1.662452e-11
9950.000000  1.650492e-11
9970.000000  1.640092e-11
9990.000000  1.619873e-11
10025.000000  1.485169e-11
10075.000000  1.412003e-11
10125.000000  1.546834e-11
10175.000000  1.543477e-11
10225.000000  1.531285e-11
10275.000000  1.512186e-11
10325.000000  1.483453e-11
10375.000000  1.464820e-11
10425.000000  1.443974e-11
10475.000000  1.405549e-11
10525.000000  1.394544e-11
10575.000000  1.376721e-11
10625.000000  1.357881e-11
10675.000000  1.313203e-11
10725.000000  1.310311e-11
10775.000000  1.293452e-11
10825.000000  1.270124e-11
10875.000000  1.238807e-11
10925.000000  1.063712e-11
10975.000000  1.149850e-11
11025.000000  1.204580e-11
11075.000000  1.199394e-11
11125.000000  1.181348e-11
11175.000000  1.166149e-11
11225.000000  1.153535e-11
11275.000000  1.116832e-11
11325.000000  1.104005e-11
11375.000000  1.100013e-11
11425.000000  1.077882e-11
11475.000000  1.077428e-11
11525.000000  1.064003e-11
11575.000000  1.047778e-11
11625.000000  1.020383e-11
11675.000000  1.001463e-11
11725.000000  1.008220e-11
11775.000000  9.745718e-12
11825.000000  9.708633e-12
11875.000000  9.516693e-12
11925.000000  9.579809e-12
11975.000000  9.327584e-12
12025.000000  9.275189e-12
12075.000000  9.128362e-12
12125.000000  9.022599e-12
12175.000000  8.949188e-12
12225.000000  8.818005e-12
12275.000000  8.688560e-12
12325.000000  8.586314e-12
12375.000000  8.489894e-12
12425.000000  8.402718e-12
12475.000000  8.278552e-12
12525.000000  8.159292e-12
12575.000000  8.007744e-12
12625.000000  7.936924e-12
12675.000000  7.851927e-12
12725.000000  7.723395e-12
12775.000000  7.393111e-12
12825.000000  6.338839e-12
12875.000000  7.267590e-12
12925.000000  7.341062e-12
12975.000000  7.291407e-12
13025.000000  7.217751e-12
13075.000000  7.147023e-12
13125.000000  7.038752e-12
13175.000000  6.930864e-12
13225.000000  6.886259e-12
13275.000000  6.794969e-12
13325.000000  6.721745e-12
13375.000000  6.636883e-12
13425.000000  6.559038e-12
13475.000000  6.479603e-12
13525.000000  6.385231e-12
13575.000000  6.299049e-12
13625.000000  6.247562e-12
13675.000000  6.163857e-12
13725.000000  6.034603e-12
13775.000000  6.006060e-12
13825.000000  5.939904e-12
13875.000000  5.896422e-12
13925.000000  5.797347e-12
13975.000000  5.742312e-12
14025.000000  5.676927e-12
14075.000000  5.621624e-12
14125.000000  5.539931e-12
14175.000000  5.487507e-12
14225.000000  5.410135e-12
14275.000000  5.338036e-12
14325.000000  5.296766e-12
14375.000000  5.246436e-12
14425.000000  5.069021e-12
14475.000000  5.117446e-12
14525.000000  4.999799e-12
14570.000000  5.000145e-12
14620.000000  4.930307e-12
14675.000000  4.889055e-12
14725.000000  4.816523e-12
14775.000000  4.745396e-12
14825.000000  4.709520e-12
14875.000000  4.631611e-12
14925.000000  4.638521e-12
14975.000000  4.568518e-12
15025.000000  4.499316e-12
15075.000000  4.441840e-12
15125.000000  4.425691e-12
15175.000000  4.379684e-12
15225.000000  4.324618e-12
15275.000000  4.271980e-12
15325.000000  4.220330e-12
15375.000000  4.184722e-12
15425.000000  4.085949e-12
15475.000000  4.084754e-12
15525.000000  4.046216e-12
15575.000000  3.925070e-12
15625.000000  4.003907e-12
15675.000000  3.874100e-12
15725.000000  3.761845e-12
15775.000000  3.851422e-12
15825.000000  3.825225e-12
15875.000000  3.498339e-12
15925.000000  3.698526e-12
15975.000000  3.744196e-12
16050.000000  3.620212e-12
16150.000000  3.403900e-12
16250.000000  3.572848e-12
16350.000000  3.383209e-12
16450.000000  3.156413e-12
16550.000000  3.358644e-12
16650.000000  3.296241e-12
16750.000000  3.094826e-12
16850.000000  2.880438e-12
16950.000000  3.088215e-12
17050.000000  3.020659e-12
17150.000000  2.967851e-12
17250.000000  2.861970e-12
17350.000000  2.521246e-12
17450.000000  2.702881e-12
17550.000000  2.710270e-12
17650.000000  2.658219e-12
17750.000000  2.614306e-12
17850.000000  2.556961e-12
17950.000000  2.514603e-12
18050.000000  2.433527e-12
18150.000000  2.168509e-12
18250.000000  2.280548e-12
18350.000000  2.306312e-12
18450.000000  2.265624e-12
18550.000000  2.213648e-12
18650.000000  2.153076e-12
18750.000000  1.903257e-12
18850.000000  2.057278e-12
18950.000000  2.032456e-12
19050.000000  2.020356e-12
19150.000000  1.979984e-12
19250.000000  1.937010e-12
19350.000000  1.875616e-12
19450.000000  1.665432e-12
19550.000000  1.807154e-12
19650.000000  1.796174e-12
19750.000000  1.761853e-12
19850.000000  1.734990e-12
19950.000000  1.703005e-12
20050.000000  1.673321e-12
20150.000000  1.644019e-12
20250.000000  1.611418e-12
20350.000000  1.579199e-12
20450.000000  1.556250e-12
20550.000000  1.527342e-12
20650.000000  1.496287e-12
20750.000000  1.471190e-12
20850.000000  1.445996e-12
20950.000000  1.418732e-12
21050.000000  1.394372e-12
21150.000000  1.366384e-12
21250.000000  1.343057e-12
21350.000000  1.319712e-12
21450.000000  1.297949e-12
21550.000000  1.263099e-12
21650.000000  1.128049e-12
21750.000000  1.209094e-12
21850.000000  1.208208e-12
21950.000000  1.194388e-12
22050.000000  1.170561e-12
22150.000000  1.150740e-12
22250.000000  1.135454e-12
22350.000000  1.116479e-12
22450.000000  1.098094e-12
22550.000000  1.075045e-12
22650.000000  1.060550e-12
22750.000000  1.043987e-12
22850.000000  1.026498e-12
22950.000000  1.009135e-12
23050.000000  9.951153e-13
23150.000000  9.784079e-13
23250.000000  9.639041e-13
23350.000000  9.480406e-13
23450.000000  9.335453e-13
23550.000000  9.189261e-13
23650.000000  9.047825e-13
23750.000000  8.893597e-13
23850.000000  8.755493e-13
23950.000000  8.625078e-13
24050.000000  8.484532e-13
24150.000000  8.349813e-13
24250.000000  8.229394e-13
24350.000000  8.089519e-13
24450.000000  7.968564e-13
24550.000000  7.842923e-13
24650.000000  7.723343e-13
24750.000000  7.601687e-13
24850.000000  7.493563e-13
24950.000000  7.320715e-13
