2505.000000  1.478481e-12
2513.000000  6.384000e-13
2518.000000  4.114439e-13
2525.000000  4.457103e-13
2535.000000  6.012674e-13
2545.000000  7.443087e-13
2555.000000  1.631373e-12
2565.000000  1.407656e-12
2575.000000  2.087226e-12
2585.000000  1.880607e-12
2595.000000  1.653208e-12
2605.000000  1.295388e-12
2615.000000  1.169397e-12
2625.000000  1.716056e-12
2635.000000  3.442410e-12
2645.000000  4.675503e-12
2655.000000  6.496980e-12
2665.000000  3.887491e-12
2675.000000  4.585282e-12
2685.000000  5.487889e-12
2695.000000  3.760723e-12
2705.000000  4.791220e-12
2715.000000  3.218729e-12
2725.000000  2.423502e-12
2735.000000  3.142154e-12
2745.000000  1.614064e-12
2755.000000  2.410045e-12
2765.000000  3.342866e-12
2775.000000  3.434144e-12
2785.000000  1.719273e-12
2795.000000  6.916218e-13
2805.000000  8.741255e-13
2815.000000  2.967987e-12
2825.000000  4.755545e-12
2835.000000  4.202578e-12
2845.000000  2.401522e-12
2855.000000  1.116161e-12
2865.000000  3.593078e-12
2875.000000  5.584268e-12
2885.000000  4.958181e-12
2895.000000  6.343671e-12
2910.000000  8.434484e-12
2930.000000  7.429931e-12
2950.000000  7.129177e-12
2970.000000  7.512248e-12
2990.000000  7.425500e-12
3010.000000  7.476492e-12
3030.000000  8.086586e-12
3050.000000  8.421834e-12
3070.000000  8.760689e-12
3090.000000  8.165824e-12
3110.000000  9.181501e-12
3130.000000  8.765655e-12
3150.000000  8.332715e-12
3170.000000  9.038370e-12
3190.000000  8.066422e-12
3210.000000  8.938631e-12
3230.000000  7.472595e-12
3250.000000  1.010118e-11
3270.000000  1.187506e-11
3290.000000  1.147948e-11
3310.000000  1.099093e-11
3330.000000  1.106656e-11
3350.000000  1.077072e-11
3370.000000  8.304399e-12
3390.000000  9.660910e-12
3410.000000  9.796995e-12
3430.000000  1.033273e-11
3450.000000  1.059702e-11
3470.000000  1.100113e-11
3490.000000  1.193993e-11
3510.000000  1.245698e-11
3530.000000  1.150569e-11
3550.000000  1.337472e-11
3570.000000  1.004466e-11
3590.000000  1.004265e-11
3610.000000  1.130553e-11
3630.000000  1.145143e-11
3640.000000  1.163153e-11
3650.000000  1.316722e-11
3670.000000  1.353788e-11
3690.000000  1.290111e-11
3710.000000  1.341495e-11
3730.000000  1.009943e-11
3750.000000  1.127557e-11
3770.000000  1.340681e-11
3790.000000  1.407030e-11
3810.000000  1.395390e-11
3830.000000  8.760241e-12
3850.000000  1.202705e-11
3870.000000  1.186046e-11
3890.000000  1.270668e-11
3910.000000  1.475319e-11
3930.000000  8.056392e-12
3950.000000  1.339551e-11
3970.000000  9.293745e-12
3990.000000  1.757760e-11
4010.000000  1.872653e-11
4030.000000  1.858186e-11
4050.000000  1.788373e-11
4070.000000  1.736996e-11
4090.000000  1.947240e-11
4110.000000  1.853574e-11
4130.000000  1.917924e-11
4150.000000  1.918230e-11
4170.000000  1.938900e-11
4190.000000  1.836061e-11
4210.000000  1.858090e-11
4230.000000  1.762586e-11
4250.000000  1.798589e-11
4270.000000  1.685218e-11
4290.000000  1.543304e-11
4310.000000  1.296828e-11
4330.000000  1.826586e-11
4350.000000  1.733488e-11
4370.000000  1.928199e-11
4390.000000  1.766769e-11
4410.000000  1.890756e-11
4430.000000  2.009369e-11
4450.000000  1.985249e-11
4470.000000  2.077662e-11
4490.000000  2.099379e-11
4510.000000  2.271805e-11
4530.000000  2.076931e-11
4550.000000  2.138402e-11
4570.000000  2.253703e-11
4590.000000  2.140245e-11
4610.000000  2.183121e-11
4630.000000  2.156275e-11
4650.000000  2.171192e-11
4670.000000  2.221619e-11
4690.000000  2.179970e-11
4710.000000  2.099438e-11
4730.000000  2.189364e-11
4750.000000  2.213807e-11
4770.000000  2.213927e-11
4790.000000  2.200586e-11
4810.000000  2.182190e-11
4830.000000  2.201017e-11
4850.000000  2.069753e-11
4870.000000  1.837963e-11
4890.000000  2.093187e-11
4910.000000  2.094959e-11
4930.000000  2.049992e-11
4950.000000  2.119264e-11
4970.000000  2.144309e-11
4990.000000  2.011441e-11
5010.000000  1.933983e-11
5030.000000  2.037899e-11
5050.000000  2.030052e-11
5070.000000  2.100073e-11
5090.000000  2.027495e-11
5110.000000  2.053880e-11
5130.000000  2.009429e-11
5150.000000  1.941598e-11
5170.000000  1.747278e-11
5190.000000  1.767124e-11
5210.000000  1.935686e-11
5230.000000  1.966697e-11
5250.000000  2.025339e-11
5270.000000  1.806897e-11
5290.000000  2.001658e-11
5310.000000  2.056593e-11
5330.000000  1.874511e-11
5350.000000  1.996555e-11
5370.000000  1.986705e-11
5390.000000  1.967251e-11
5410.000000  1.902853e-11
5430.000000  1.950359e-11
5450.000000  1.986552e-11
5470.000000  1.955879e-11
5490.000000  1.946086e-11
5510.000000  1.945651e-11
5530.000000  1.951975e-11
5550.000000  1.972944e-11
5570.000000  1.916028e-11
5590.000000  1.879026e-11
5610.000000  1.923708e-11
5630.000000  1.934679e-11
5650.000000  1.928340e-11
5670.000000  1.886198e-11
5690.000000  1.906349e-11
5710.000000  1.871339e-11
5730.000000  1.960241e-11
5750.000000  1.906839e-11
5770.000000  1.918155e-11
5790.000000  1.873943e-11
5810.000000  1.903061e-11
5830.000000  1.918307e-11
5850.000000  1.878431e-11
5870.000000  1.877474e-11
5890.000000  1.745699e-11
5910.000000  1.856725e-11
5930.000000  1.850195e-11
5950.000000  1.850017e-11
5970.000000  1.848100e-11
5990.000000  1.830962e-11
6010.000000  1.803233e-11
6030.000000  1.801306e-11
6050.000000  1.827340e-11
6070.000000  1.814387e-11
6090.000000  1.780560e-11
6110.000000  1.763134e-11
6130.000000  1.705052e-11
6150.000000  1.724058e-11
6170.000000  1.670710e-11
6190.000000  1.742872e-11
6210.000000  1.743553e-11
6230.000000  1.702269e-11
6250.000000  1.657472e-11
6270.000000  1.712473e-11
6290.000000  1.714635e-11
6310.000000  1.668441e-11
6330.000000  1.671333e-11
6350.000000  1.672833e-11
6370.000000  1.664471e-11
6390.000000  1.668285e-11
6410.000000  1.631093e-11
6430.000000  1.642784e-11
6450.000000  1.621153e-11
6470.000000  1.615075e-11
6490.000000  1.593044e-11
6510.000000  1.620480e-11
6530.000000  1.616233e-11
6550.000000  1.559239e-11
6570.000000  1.390583e-11
6590.000000  1.575225e-11
6610.000000  1.594723e-11
6630.000000  1.583026e-11
6650.000000  1.577018e-11
6670.000000  1.557719e-11
6690.000000  1.572490e-11
6710.000000  1.545064e-11
6730.000000  1.554520e-11
6750.000000  1.537566e-11
6770.000000  1.533759e-11
6790.000000  1.525887e-11
6810.000000  1.514380e-11
6830.000000  1.517777e-11
6850.000000  1.489214e-11
6870.000000  1.496848e-11
6890.000000  1.494420e-11
6910.000000  1.483473e-11
6930.000000  1.476465e-11
6950.000000  1.468619e-11
6970.000000  1.465293e-11
6990.000000  1.458037e-11
7010.000000  1.422306e-11
7030.000000  1.436524e-11
7050.000000  1.437076e-11
7070.000000  1.424265e-11
7090.000000  1.416382e-11
7110.000000  1.414258e-11
7130.000000  1.395304e-11
7150.000000  1.384491e-11
7170.000000  1.380265e-11
7190.000000  1.349623e-11
7210.000000  1.365455e-11
7230.000000  1.364043e-11
7250.000000  1.365124e-11
7270.000000  1.358804e-11
7290.000000  1.326960e-11
7310.000000  1.340941e-11
7330.000000  1.332192e-11
7350.000000  1.334048e-11
7370.000000  1.330909e-11
7390.000000  1.301822e-11
7410.000000  1.283770e-11
7430.000000  1.293651e-11
7450.000000  1.292709e-11
7470.000000  1.297367e-11
7490.000000  1.283542e-11
7510.000000  1.281188e-11
7530.000000  1.278871e-11
7550.000000  1.277964e-11
7570.000000  1.264830e-11
7590.000000  1.259851e-11
7610.000000  1.251097e-11
7630.000000  1.252414e-11
7650.000000  1.245062e-11
7670.000000  1.215812e-11
7690.000000  1.231789e-11
7710.000000  1.218210e-11
7730.000000  1.217350e-11
7750.000000  1.201658e-11
7770.000000  1.210453e-11
7790.000000  1.208927e-11
7810.000000  1.200778e-11
7830.000000  1.186894e-11
7850.000000  1.184111e-11
7870.000000  1.188526e-11
7890.000000  1.180907e-11
7910.000000  1.166706e-11
7930.000000  1.144408e-11
7950.000000  1.144039e-11
7970.000000  1.157042e-11
7990.000000  1.154033e-11
8010.000000  1.138730e-11
8030.000000  1.135072e-11
8050.000000  1.124537e-11
8070.000000  1.129436e-11
8090.000000  1.110582e-11
8110.000000  1.116235e-11
8130.000000  1.116773e-11
8150.000000  1.108916e-11
8170.000000  1.103818e-11
8190.000000  1.072226e-11
8210.000000  1.074584e-11
8230.000000  1.070028e-11
8250.000000  1.075357e-11
8270.000000  1.080139e-11
8290.000000  1.072857e-11
8310.000000  1.054480e-11
8330.000000  1.045217e-11
8350.000000  1.049037e-11
8370.000000  1.050872e-11
8390.000000  1.031870e-11
8410.000000  1.042616e-11
8430.000000  1.024441e-11
8450.000000  1.025397e-11
8470.000000  1.017287e-11
8490.000000  1.004302e-11
8510.000000  9.614037e-12
8530.000000  9.876152e-12
8550.000000  8.571548e-12
8570.000000  1.004103e-11
8590.000000  9.868474e-12
8610.000000  9.825978e-12
8630.000000  9.891096e-12
8650.000000  9.737373e-12
8670.000000  8.510488e-12
8690.000000  9.529171e-12
8710.000000  9.659310e-12
8730.000000  9.599235e-12
8750.000000  9.376029e-12
8770.000000  9.565466e-12
8790.000000  9.503375e-12
8810.000000  9.290903e-12
8830.000000  9.394714e-12
8850.000000  9.337762e-12
8870.000000  9.050731e-12
8890.000000  9.337183e-12
8910.000000  9.333142e-12
8930.000000  9.176551e-12
8950.000000  9.171638e-12
8970.000000  9.158932e-12
8990.000000  9.142366e-12
9010.000000  8.651927e-12
9030.000000  8.939082e-12
9050.000000  9.071511e-12
9070.000000  8.910615e-12
9090.000000  8.690340e-12
9110.000000  8.775146e-12
9130.000000  8.877947e-12
9150.000000  8.803973e-12
9170.000000  8.746927e-12
9190.000000  8.743765e-12
9210.000000  8.518443e-12
9230.000000  8.208081e-12
9250.000000  8.386335e-12
9270.000000  8.498830e-12
9290.000000  8.506488e-12
9310.000000  8.513321e-12
9330.000000  8.454346e-12
9350.000000  8.410220e-12
9370.000000  8.365994e-12
9390.000000  8.338862e-12
9410.000000  8.014662e-12
9430.000000  8.210598e-12
9450.000000  8.117361e-12
9470.000000  8.199477e-12
9490.000000  8.187065e-12
9510.000000  8.120460e-12
9530.000000  8.027462e-12
9550.000000  7.652010e-12
9570.000000  7.949884e-12
9590.000000  8.001505e-12
9610.000000  7.917044e-12
9630.000000  7.846790e-12
9650.000000  7.813632e-12
9670.000000  7.765586e-12
9690.000000  7.806091e-12
9710.000000  7.777127e-12
9730.000000  7.748688e-12
9750.000000  7.660160e-12
9770.000000  7.659387e-12
9790.000000  7.608063e-12
9810.000000  7.625002e-12
9830.000000  7.578102e-12
9850.000000  7.561909e-12
9870.000000  7.494163e-12
9890.000000  7.457856e-12
9910.000000  7.410259e-12
9930.000000  7.448618e-12
9950.000000  7.413709e-12
9970.000000  7.386170e-12
9990.000000  7.344232e-12
10025.000000  7.227973e-12
10075.000000  7.063243e-12
10125.000000  7.121152e-12
10175.000000  6.998782e-12
10225.000000  6.964489e-12
10275.000000  6.921865e-12
10325.000000  6.798034e-12
10375.000000  6.733530e-12
10425.000000  6.697869e-12
10475.000000  6.576199e-12
10525.000000  6.552018e-12
10575.000000  6.455986e-12
10625.000000  6.380378e-12
10675.000000  6.222636e-12
10725.000000  6.229371e-12
10775.000000  6.146305e-12
10825.000000  6.015655e-12
10875.000000  5.982662e-12
10925.000000  5.813184e-12
10975.000000  5.800078e-12
11025.000000  5.830631e-12
11075.000000  5.815319e-12
11125.000000  5.736988e-12
11175.000000  5.676896e-12
11225.000000  5.648672e-12
11275.000000  5.518909e-12
11325.000000  5.504429e-12
11375.000000  5.449653e-12
11425.000000  5.367905e-12
11475.000000  5.391399e-12
11525.000000  5.342635e-12
11575.000000  5.262937e-12
11625.000000  5.169485e-12
11675.000000  5.137586e-12
11725.000000  5.152322e-12
11775.000000  5.026509e-12
11825.000000  4.971639e-12
11875.000000  4.924764e-12
11925.000000  4.968385e-12
11975.000000  4.779543e-12
12025.000000  4.808819e-12
12075.000000  4.744278e-12
12125.000000  4.738020e-12
12175.000000  4.738953e-12
12225.000000  4.692494e-12
12275.000000  4.626858e-12
12325.000000  4.600241e-12
12375.000000  4.556797e-12
12425.000000  4.506650e-12
12475.000000  4.484918e-12
12525.000000  4.431388e-12
12575.000000  4.390996e-12
12625.000000  4.351684e-12
12675.000000  4.302421e-12
12725.000000  4.283502e-12
12775.000000  4.231734e-12
12825.000000  3.948968e-12
12875.000000  4.147152e-12
12925.000000  4.113107e-12
12975.000000  4.102292e-12
13025.000000  4.047364e-12
13075.000000  4.033509e-12
13125.000000  3.957179e-12
13175.000000  3.920919e-12
13225.000000  3.927454e-12
13275.000000  3.861153e-12
13325.000000  3.847160e-12
13375.000000  3.810891e-12
13425.000000  3.797841e-12
13475.000000  3.761431e-12
13525.000000  3.731350e-12
13575.000000  3.670014e-12
13625.000000  3.654056e-12
13675.000000  3.622425e-12
13725.000000  3.590645e-12
13775.000000  3.564152e-12
13825.000000  3.541217e-12
13875.000000  3.517917e-12
13925.000000  3.486900e-12
13975.000000  3.456032e-12
14025.000000  3.410978e-12
14075.000000  3.400493e-12
14125.000000  3.342436e-12
14175.000000  3.345341e-12
14225.000000  3.276950e-12
14275.000000  3.223528e-12
14325.000000  3.253226e-12
14375.000000  3.244827e-12
14425.000000  3.131412e-12
14475.000000  3.184712e-12
14525.000000  3.110164e-12
14570.000000  3.114268e-12
14620.000000  3.094130e-12
14675.000000  3.072044e-12
14725.000000  3.014438e-12
14775.000000  2.998803e-12
14825.000000  2.985595e-12
14875.000000  2.897878e-12
14925.000000  2.967755e-12
14975.000000  2.920247e-12
15025.000000  2.821246e-12
15075.000000  2.824124e-12
15125.000000  2.859961e-12
15175.000000  2.848255e-12
15225.000000  2.796472e-12
15275.000000  2.797490e-12
15325.000000  2.768946e-12
15375.000000  2.747753e-12
15425.000000  2.729700e-12
15475.000000  2.709772e-12
15525.000000  2.672526e-12
15575.000000  2.648020e-12
15625.000000  2.651650e-12
15675.000000  2.593167e-12
15725.000000  2.584908e-12
15775.000000  2.491002e-12
15825.000000  2.526270e-12
15875.000000  2.441060e-12
15925.000000  2.481448e-12
15975.000000  2.472295e-12
16050.000000  2.440798e-12
16150.000000  2.381966e-12
16250.000000  2.374708e-12
16350.000000  2.306216e-12
16450.000000  2.243573e-12
16550.000000  2.246857e-12
16650.000000  2.202975e-12
16750.000000  2.123232e-12
16850.000000  2.053004e-12
16950.000000  2.081440e-12
17050.000000  2.020158e-12
17150.000000  1.979618e-12
17250.000000  1.927201e-12
17350.000000  1.820566e-12
17450.000000  1.843452e-12
17550.000000  1.829389e-12
17650.000000  1.791193e-12
17750.000000  1.756309e-12
17850.000000  1.728211e-12
17950.000000  1.695996e-12
18050.000000  1.653880e-12
18150.000000  1.562925e-12
18250.000000  1.572285e-12
18350.000000  1.558622e-12
18450.000000  1.517586e-12
18550.000000  1.499373e-12
18650.000000  1.458129e-12
18750.000000  1.353319e-12
18850.000000  1.406192e-12
18950.000000  1.360295e-12
19050.000000  1.365151e-12
19150.000000  1.335433e-12
19250.000000  1.311718e-12
19350.000000  1.275823e-12
19450.000000  1.197320e-12
19550.000000  1.235698e-12
19650.000000  1.214876e-12
19750.000000  1.187805e-12
19850.000000  1.173222e-12
19950.000000  1.151886e-12
20050.000000  1.136800e-12
20150.000000  1.120702e-12
20250.000000  1.092444e-12
20350.000000  1.066714e-12
20450.000000  1.061294e-12
20550.000000  1.039739e-12
20650.000000  1.015192e-12
20750.000000  1.002064e-12
20850.000000  9.847531e-13
20950.000000  9.617455e-13
21050.000000  9.529891e-13
21150.000000  9.344928e-13
21250.000000  9.182181e-13
21350.000000  9.039897e-13
21450.000000  8.904412e-13
21550.000000  8.729229e-13
21650.000000  8.177150e-13
21750.000000  8.359270e-13
21850.000000  8.261960e-13
21950.000000  8.188310e-13
22050.000000  7.973451e-13
22150.000000  7.910914e-13
22250.000000  7.772346e-13
22350.000000  7.645043e-13
22450.000000  7.521036e-13
22550.000000  7.376481e-13
22650.000000  7.257895e-13
22750.000000  7.168853e-13
22850.000000  7.009430e-13
22950.000000  6.892323e-13
23050.000000  6.822708e-13
23150.000000  6.700839e-13
23250.000000  6.555839e-13
23350.000000  6.462612e-13
23450.000000  6.401584e-13
23550.000000  6.234789e-13
23650.000000  6.191143e-13
23750.000000  6.060674e-13
23850.000000  5.926915e-13
23950.000000  5.900214e-13
24050.000000  5.809070e-13
24150.000000  5.667670e-13
24250.000000  5.619625e-13
24350.000000  5.530493e-13
24450.000000  5.445241e-13
24550.000000  5.317882e-13
24650.000000  5.299759e-13
24750.000000  5.192858e-13
24850.000000  5.071109e-13
24950.000000  5.054868e-13
