2505.000000  4.486236e-13
2513.000000  2.146541e-13
2518.000000  1.519020e-13
2525.000000  1.559920e-13
2535.000000  2.080799e-13
2545.000000  2.525828e-13
2555.000000  5.512057e-13
2565.000000  5.105797e-13
2575.000000  8.054017e-13
2585.000000  7.619472e-13
2595.000000  6.833612e-13
2605.000000  5.454360e-13
2615.000000  4.953569e-13
2625.000000  7.142533e-13
2635.000000  1.499716e-12
2645.000000  1.952072e-12
2655.000000  2.929073e-12
2665.000000  1.630602e-12
2675.000000  1.949023e-12
2685.000000  2.450443e-12
2695.000000  1.551543e-12
2705.000000  2.044565e-12
2715.000000  1.318125e-12
2725.000000  8.754950e-13
2735.000000  1.218545e-12
2745.000000  6.770369e-13
2755.000000  1.014328e-12
2765.000000  1.416876e-12
2775.000000  1.387491e-12
2785.000000  7.201879e-13
2795.000000  3.287651e-13
2805.000000  4.088748e-13
2815.000000  1.224196e-12
2825.000000  1.868708e-12
2835.000000  1.511847e-12
2845.000000  7.738577e-13
2855.000000  3.957082e-13
2865.000000  1.155790e-12
2875.000000  2.156541e-12
2885.000000  2.013126e-12
2895.000000  2.853825e-12
2910.000000  3.890184e-12
2930.000000  3.393023e-12
2950.000000  3.190686e-12
2970.000000  3.296177e-12
2990.000000  3.242308e-12
3010.000000  3.135119e-12
3030.000000  3.583311e-12
3050.000000  3.714121e-12
3070.000000  4.097484e-12
3090.000000  3.639894e-12
3110.000000  4.404185e-12
3130.000000  4.149821e-12
3150.000000  3.957858e-12
3170.000000  4.317624e-12
3190.000000  3.808331e-12
3210.000000  4.179278e-12
3230.000000  3.439762e-12
3250.000000  4.879327e-12
3270.000000  5.891223e-12
3290.000000  5.691167e-12
3310.000000  5.320082e-12
3330.000000  5.380394e-12
3350.000000  5.223048e-12
3370.000000  3.830340e-12
3390.000000  4.514473e-12
3410.000000  4.533377e-12
3430.000000  4.838490e-12
3450.000000  4.916615e-12
3470.000000  5.178393e-12
3490.000000  5.797014e-12
3510.000000  6.084709e-12
3530.000000  5.524947e-12
3550.000000  6.542918e-12
3570.000000  4.552039e-12
3590.000000  4.583740e-12
3610.000000  5.390401e-12
3630.000000  5.495970e-12
3640.000000  5.619352e-12
3650.000000  6.467419e-12
3670.000000  6.793712e-12
3690.000000  6.332520e-12
3710.000000  6.563105e-12
3730.000000  4.433224e-12
3750.000000  5.019384e-12
3770.000000  6.306868e-12
3790.000000  6.583744e-12
3810.000000  6.259923e-12
3830.000000  3.502659e-12
3850.000000  5.063039e-12
3870.000000  5.002427e-12
3890.000000  5.810221e-12
3910.000000  6.884319e-12
3930.000000  3.659227e-12
3950.000000  6.232856e-12
3970.000000  4.346116e-12
3990.000000  8.587417e-12
4010.000000  9.219474e-12
4030.000000  9.092558e-12
4050.000000  8.639678e-12
4070.000000  8.312945e-12
4090.000000  9.704035e-12
4110.000000  9.327020e-12
4130.000000  9.422959e-12
4150.000000  9.317746e-12
4170.000000  9.535936e-12
4190.000000  8.883716e-12
4210.000000  9.060632e-12
4230.000000  8.494067e-12
4250.000000  8.750688e-12
4270.000000  8.094630e-12
4290.000000  7.387807e-12
4310.000000  6.202423e-12
4330.000000  9.100285e-12
4350.000000  8.699699e-12
4370.000000  9.614104e-12
4390.000000  8.654738e-12
4410.000000  9.348237e-12
4430.000000  1.010268e-11
4450.000000  9.963383e-12
4470.000000  1.053567e-11
4490.000000  1.068831e-11
4510.000000  1.170793e-11
4530.000000  1.058079e-11
4550.000000  1.099469e-11
4570.000000  1.161424e-11
4590.000000  1.098924e-11
4610.000000  1.120916e-11
4630.000000  1.109096e-11
4650.000000  1.115489e-11
4670.000000  1.146171e-11
4690.000000  1.123308e-11
4710.000000  1.078744e-11
4730.000000  1.128516e-11
4750.000000  1.143152e-11
4770.000000  1.145479e-11
4790.000000  1.138552e-11
4810.000000  1.129621e-11
4830.000000  1.142029e-11
4850.000000  1.075923e-11
4870.000000  9.551345e-12
4890.000000  1.078159e-11
4910.000000  1.081336e-11
4930.000000  1.053614e-11
4950.000000  1.093235e-11
4970.000000  1.108963e-11
4990.000000  1.034052e-11
5010.000000  9.900683e-12
5030.000000  1.049563e-11
5050.000000  1.044254e-11
5070.000000  1.084514e-11
5090.000000  1.043401e-11
5110.000000  1.058388e-11
5130.000000  1.034367e-11
5150.000000  9.925277e-12
5170.000000  8.546356e-12
5190.000000  8.721728e-12
5210.000000  9.907821e-12
5230.000000  1.015264e-11
5250.000000  1.054003e-11
5270.000000  9.209733e-12
5290.000000  1.041230e-11
5310.000000  1.078365e-11
5330.000000  9.658020e-12
5350.000000  1.039921e-11
5370.000000  1.033760e-11
5390.000000  1.023462e-11
5410.000000  9.854125e-12
5430.000000  1.014851e-11
5450.000000  1.035966e-11
5470.000000  1.020977e-11
5490.000000  1.016076e-11
5510.000000  1.015980e-11
5530.000000  1.020835e-11
5550.000000  1.034741e-11
5570.000000  1.000328e-11
5590.000000  9.767791e-12
5610.000000  1.006782e-11
5630.000000  1.014435e-11
5650.000000  1.013029e-11
5670.000000  9.893344e-12
5690.000000  1.000485e-11
5710.000000  9.799017e-12
5730.000000  1.034243e-11
5750.000000  1.003224e-11
5770.000000  1.010441e-11
5790.000000  9.835504e-12
5810.000000  1.003102e-11
5830.000000  1.013488e-11
5850.000000  9.897653e-12
5870.000000  9.894405e-12
5890.000000  8.963968e-12
5910.000000  9.780485e-12
5930.000000  9.758464e-12
5950.000000  9.763618e-12
5970.000000  9.762736e-12
5990.000000  9.670285e-12
6010.000000  9.508951e-12
6030.000000  9.504931e-12
6050.000000  9.671421e-12
6070.000000  9.593796e-12
6090.000000  9.397870e-12
6110.000000  9.306282e-12
6130.000000  8.952660e-12
6150.000000  9.099136e-12
6170.000000  8.739500e-12
6190.000000  9.210167e-12
6210.000000  9.219877e-12
6230.000000  8.976464e-12
6250.000000  8.736261e-12
6270.000000  9.050060e-12
6290.000000  9.074494e-12
6310.000000  8.807752e-12
6330.000000  8.825861e-12
6350.000000  8.846546e-12
6370.000000  8.803599e-12
6390.000000  8.830962e-12
6410.000000  8.615941e-12
6430.000000  8.691610e-12
6450.000000  8.561228e-12
6470.000000  8.524921e-12
6490.000000  8.411009e-12
6510.000000  8.587568e-12
6530.000000  8.575476e-12
6550.000000  8.284308e-12
6570.000000  7.444626e-12
6590.000000  8.356444e-12
6610.000000  8.469287e-12
6630.000000  8.396547e-12
6650.000000  8.366792e-12
6670.000000  8.257061e-12
6690.000000  8.349787e-12
6710.000000  8.186089e-12
6730.000000  8.256315e-12
6750.000000  8.164211e-12
6770.000000  8.143908e-12
6790.000000  8.102010e-12
6810.000000  8.036880e-12
6830.000000  8.068208e-12
6850.000000  7.897045e-12
6870.000000  7.950078e-12
6890.000000  7.940759e-12
6910.000000  7.881694e-12
6930.000000  7.843644e-12
6950.000000  7.802213e-12
6970.000000  7.788222e-12
6990.000000  7.747133e-12
7010.000000  7.543660e-12
7030.000000  7.633694e-12
7050.000000  7.642239e-12
7070.000000  7.567052e-12
7090.000000  7.525387e-12
7110.000000  7.531161e-12
7130.000000  7.410304e-12
7150.000000  7.342129e-12
7170.000000  7.334116e-12
7190.000000  7.148348e-12
7210.000000  7.251708e-12
7230.000000  7.257932e-12
7250.000000  7.264829e-12
7270.000000  7.231566e-12
7290.000000  7.043370e-12
7310.000000  7.136675e-12
7330.000000  7.081229e-12
7350.000000  7.100735e-12
7370.000000  7.087571e-12
7390.000000  6.917010e-12
7410.000000  6.818393e-12
7430.000000  6.884486e-12
7450.000000  6.879818e-12
7470.000000  6.914393e-12
7490.000000  6.835136e-12
7510.000000  6.824174e-12
7530.000000  6.817538e-12
7550.000000  6.815684e-12
7570.000000  6.741438e-12
7590.000000  6.715298e-12
7610.000000  6.666393e-12
7630.000000  6.681010e-12
7650.000000  6.641448e-12
7670.000000  6.464569e-12
7690.000000  6.570616e-12
7710.000000  6.497064e-12
7730.000000  6.494382e-12
7750.000000  6.403337e-12
7770.000000  6.476716e-12
7790.000000  6.458476e-12
7810.000000  6.412018e-12
7830.000000  6.330658e-12
7850.000000  6.322966e-12
7870.000000  6.354265e-12
7890.000000  6.310948e-12
7910.000000  6.226764e-12
7930.000000  6.091942e-12
7950.000000  6.091349e-12
7970.000000  6.181512e-12
7990.000000  6.167160e-12
8010.000000  6.077510e-12
8030.000000  6.063750e-12
8050.000000  6.000357e-12
8070.000000  6.036325e-12
8090.000000  5.922839e-12
8110.000000  5.956587e-12
8130.000000  5.969802e-12
8150.000000  5.925915e-12
8170.000000  5.900597e-12
8190.000000  5.702359e-12
8210.000000  5.727242e-12
8230.000000  5.705661e-12
8250.000000  5.750282e-12
8270.000000  5.779591e-12
8290.000000  5.739435e-12
8310.000000  5.629101e-12
8330.000000  5.578105e-12
8350.000000  5.600284e-12
8370.000000  5.618858e-12
8390.000000  5.498940e-12
8410.000000  5.579072e-12
8430.000000  5.471309e-12
8450.000000  5.489101e-12
8470.000000  5.439127e-12
8490.000000  5.367360e-12
8510.000000  5.130391e-12
8530.000000  5.267083e-12
8550.000000  4.550395e-12
8570.000000  5.374735e-12
8590.000000  5.282516e-12
8610.000000  5.265488e-12
8630.000000  5.294085e-12
8650.000000  5.205967e-12
8670.000000  4.530343e-12
8690.000000  5.081035e-12
8710.000000  5.162767e-12
8730.000000  5.129986e-12
8750.000000  5.050091e-12
8770.000000  5.123238e-12
8790.000000  5.083998e-12
8810.000000  4.941782e-12
8830.000000  5.024593e-12
8850.000000  5.010401e-12
8870.000000  4.879473e-12
8890.000000  5.008409e-12
8910.000000  5.007132e-12
8930.000000  4.913492e-12
8950.000000  4.909398e-12
8970.000000  4.906490e-12
8990.000000  4.904065e-12
9010.000000  4.657824e-12
9030.000000  4.802900e-12
9050.000000  4.870237e-12
9070.000000  4.785621e-12
9090.000000  4.658605e-12
9110.000000  4.699902e-12
9130.000000  4.760969e-12
9150.000000  4.714007e-12
9170.000000  4.681199e-12
9190.000000  4.682966e-12
9210.000000  4.559243e-12
9230.000000  4.441970e-12
9250.000000  4.486309e-12
9270.000000  4.552955e-12
9290.000000  4.551879e-12
9310.000000  4.562644e-12
9330.000000  4.530548e-12
9350.000000  4.504863e-12
9370.000000  4.480345e-12
9390.000000  4.467980e-12
9410.000000  4.278420e-12
9430.000000  4.395613e-12
9450.000000  4.338629e-12
9470.000000  4.394222e-12
9490.000000  4.390379e-12
9510.000000  4.355374e-12
9530.000000  4.309288e-12
9550.000000  4.145081e-12
9570.000000  4.265747e-12
9590.000000  4.295628e-12
9610.000000  4.250456e-12
9630.000000  4.211470e-12
9650.000000  4.186586e-12
9670.000000  4.166760e-12
9690.000000  4.193388e-12
9710.000000  4.172830e-12
9730.000000  4.157425e-12
9750.000000  4.109920e-12
9770.000000  4.110860e-12
9790.000000  4.079563e-12
9810.000000  4.096053e-12
9830.000000  4.068853e-12
9850.000000  4.065949e-12
9870.000000  4.026962e-12
9890.000000  4.008878e-12
9910.000000  3.981678e-12
9930.000000  4.007484e-12
9950.000000  3.988460e-12
9970.000000  3.974107e-12
9990.000000  3.950412e-12
10025.000000  3.896408e-12
10075.000000  3.814613e-12
10125.000000  3.834989e-12
10175.000000  3.764247e-12
10225.000000  3.748729e-12
10275.000000  3.728312e-12
10325.000000  3.659907e-12
10375.000000  3.624424e-12
10425.000000  3.609499e-12
10475.000000  3.546359e-12
10525.000000  3.533404e-12
10575.000000  3.479011e-12
10625.000000  3.438744e-12
10675.000000  3.353077e-12
10725.000000  3.360082e-12
10775.000000  3.310932e-12
10825.000000  3.232132e-12
10875.000000  3.219886e-12
10925.000000  3.149814e-12
10975.000000  3.116336e-12
11025.000000  3.133828e-12
11075.000000  3.131037e-12
11125.000000  3.089373e-12
11175.000000  3.058333e-12
11225.000000  3.045033e-12
11275.000000  2.970675e-12
11325.000000  2.970929e-12
11375.000000  2.937299e-12
11425.000000  2.894353e-12
11475.000000  2.911642e-12
11525.000000  2.886551e-12
11575.000000  2.841841e-12
11625.000000  2.790951e-12
11675.000000  2.778360e-12
11725.000000  2.787818e-12
11775.000000  2.718955e-12
11825.000000  2.680770e-12
11875.000000  2.662456e-12
11925.000000  2.690481e-12
11975.000000  2.574433e-12
12025.000000  2.596390e-12
12075.000000  2.559737e-12
12125.000000  2.565004e-12
12175.000000  2.568396e-12
12225.000000  2.544587e-12
12275.000000  2.506883e-12
12325.000000  2.494863e-12
12375.000000  2.471171e-12
12425.000000  2.442920e-12
12475.000000  2.434291e-12
12525.000000  2.404873e-12
12575.000000  2.384453e-12
12625.000000  2.363210e-12
12675.000000  2.333906e-12
12725.000000  2.326444e-12
12775.000000  2.302064e-12
12825.000000  2.154449e-12
12875.000000  2.253965e-12
12925.000000  2.233293e-12
12975.000000  2.230502e-12
13025.000000  2.198748e-12
13075.000000  2.193737e-12
13125.000000  2.146919e-12
13175.000000  2.129064e-12
13225.000000  2.137009e-12
13275.000000  2.098250e-12
13325.000000  2.092185e-12
13375.000000  2.073161e-12
13425.000000  2.068149e-12
13475.000000  2.048186e-12
13525.000000  2.032665e-12
13575.000000  1.996355e-12
13625.000000  1.989236e-12
13675.000000  1.973486e-12
13725.000000  1.959019e-12
13775.000000  1.942674e-12
13825.000000  1.931823e-12
13875.000000  1.917928e-12
13925.000000  1.902292e-12
13975.000000  1.884665e-12
14025.000000  1.858864e-12
14075.000000  1.854079e-12
14125.000000  1.820104e-12
14175.000000  1.824662e-12
14225.000000  1.783568e-12
14275.000000  1.750875e-12
14325.000000  1.773885e-12
14375.000000  1.771208e-12
14425.000000  1.706418e-12
14475.000000  1.739226e-12
14525.000000  1.695683e-12
14570.000000  1.698134e-12
14620.000000  1.689617e-12
14675.000000  1.676774e-12
14725.000000  1.642685e-12
14775.000000  1.636505e-12
14825.000000  1.630554e-12
14875.000000  1.572176e-12
14925.000000  1.623207e-12
14975.000000  1.595071e-12
15025.000000  1.525476e-12
15075.000000  1.536579e-12
15125.000000  1.564258e-12
15175.000000  1.559245e-12
15225.000000  1.527721e-12
15275.000000  1.530997e-12
15325.000000  1.515589e-12
15375.000000  1.504853e-12
15425.000000  1.497504e-12
15475.000000  1.485829e-12
15525.000000  1.463645e-12
15575.000000  1.451741e-12
15625.000000  1.453964e-12
15675.000000  1.420103e-12
15725.000000  1.417427e-12
15775.000000  1.352385e-12
15825.000000  1.382285e-12
15875.000000  1.336520e-12
15925.000000  1.359757e-12
15975.000000  1.352640e-12
16050.000000  1.339454e-12
16150.000000  1.309923e-12
16250.000000  1.301865e-12
16350.000000  1.266382e-12
16450.000000  1.237904e-12
16550.000000  1.233578e-12
16650.000000  1.208946e-12
16750.000000  1.166773e-12
16850.000000  1.134783e-12
16950.000000  1.144372e-12
17050.000000  1.108878e-12
17150.000000  1.085028e-12
17250.000000  1.057796e-12
17350.000000  1.007707e-12
17450.000000  1.012563e-12
17550.000000  1.005533e-12
17650.000000  9.843924e-13
17750.000000  9.647776e-13
17850.000000  9.503631e-13
17950.000000  9.322094e-13
18050.000000  9.091311e-13
18150.000000  8.659658e-13
18250.000000  8.647975e-13
18350.000000  8.559199e-13
18450.000000  8.316581e-13
18550.000000  8.238409e-13
18650.000000  8.005035e-13
18750.000000  7.455125e-13
18850.000000  7.728045e-13
18950.000000  7.451419e-13
19050.000000  7.499446e-13
19150.000000  7.332969e-13
19250.000000  7.203512e-13
19350.000000  7.003771e-13
19450.000000  6.611311e-13
19550.000000  6.791682e-13
19650.000000  6.669776e-13
19750.000000  6.514382e-13
19850.000000  6.441313e-13
19950.000000  6.325981e-13
20050.000000  6.251286e-13
20150.000000  6.166542e-13
20250.000000  6.001802e-13
20350.000000  5.856341e-13
20450.000000  5.838036e-13
20550.000000  5.716382e-13
20650.000000  5.571381e-13
20750.000000  5.508589e-13
20850.000000  5.413560e-13
20950.000000  5.278013e-13
21050.000000  5.240795e-13
21150.000000  5.138647e-13
21250.000000  5.049457e-13
21350.000000  4.971833e-13
21450.000000  4.898051e-13
21550.000000  4.804444e-13
21650.000000  4.518747e-13
21750.000000  4.595706e-13
21850.000000  4.539073e-13
21950.000000  4.504875e-13
22050.000000  4.376445e-13
22150.000000  4.354404e-13
22250.000000  4.273958e-13
22350.000000  4.204731e-13
22450.000000  4.135505e-13
22550.000000  4.058815e-13
22650.000000  3.990045e-13
22750.000000  3.944996e-13
22850.000000  3.849371e-13
22950.000000  3.783848e-13
23050.000000  3.750133e-13
23150.000000  3.683011e-13
23250.000000  3.592717e-13
23350.000000  3.545471e-13
23450.000000  3.518874e-13
23550.000000  3.413628e-13
23650.000000  3.399900e-13
23750.000000  3.325656e-13
23850.000000  3.242026e-13
23950.000000  3.239149e-13
24050.000000  3.190595e-13
24150.000000  3.103000e-13
24250.000000  3.083182e-13
24350.000000  3.035910e-13
24450.000000  2.986162e-13
24550.000000  2.911210e-13
24650.000000  2.910071e-13
24750.000000  2.847367e-13
24850.000000  2.772760e-13
24950.000000  2.776403e-13
