2505.000000  2.296776e-10
2513.000000  2.268086e-10
2518.000000  2.266189e-10
2525.000000  2.241213e-10
2535.000000  2.208576e-10
2545.000000  2.193451e-10
2555.000000  2.180195e-10
2565.000000  2.151402e-10
2575.000000  2.136205e-10
2585.000000  2.113221e-10
2595.000000  2.090244e-10
2605.000000  2.071070e-10
2615.000000  2.053813e-10
2625.000000  2.036601e-10
2635.000000  2.013668e-10
2645.000000  2.006198e-10
2655.000000  1.983295e-10
2665.000000  1.956525e-10
2675.000000  1.939342e-10
2685.000000  1.929681e-10
2695.000000  1.898227e-10
2705.000000  1.890307e-10
2715.000000  1.869627e-10
2725.000000  1.839107e-10
2735.000000  1.834462e-10
2745.000000  1.798720e-10
2755.000000  1.784612e-10
2765.000000  1.767776e-10
2775.000000  1.765642e-10
2785.000000  1.747267e-10
2795.000000  1.703160e-10
2805.000000  1.702107e-10
2815.000000  1.699490e-10
2825.000000  1.669740e-10
2835.000000  1.656893e-10
2845.000000  1.649929e-10
2855.000000  1.635221e-10
2865.000000  1.620891e-10
2875.000000  1.605190e-10
2885.000000  1.590660e-10
2895.000000  1.576130e-10
2910.000000  1.554339e-10
2930.000000  1.524294e-10
2950.000000  1.489343e-10
2970.000000  1.470745e-10
2990.000000  1.443775e-10
3010.000000  1.418346e-10
3030.000000  1.393287e-10
3050.000000  1.368606e-10
3070.000000  1.344318e-10
3090.000000  1.320978e-10
3110.000000  1.297831e-10
3130.000000  1.276018e-10
3150.000000  1.254019e-10
3170.000000  1.232584e-10
3190.000000  1.204323e-10
3210.000000  1.190505e-10
3230.000000  1.170411e-10
3250.000000  1.150709e-10
3270.000000  1.132148e-10
3290.000000  1.112632e-10
3310.000000  1.095020e-10
3330.000000  1.077037e-10
3350.000000  1.058484e-10
3370.000000  1.042020e-10
3390.000000  1.025186e-10
3410.000000  1.008722e-10
3430.000000  9.909467e-11
3450.000000  9.737418e-11
3470.000000  9.595604e-11
3490.000000  9.442746e-11
3510.000000  9.306564e-11
3530.000000  9.161118e-11
3550.000000  9.017524e-11
3570.000000  8.900459e-11
3590.000000  8.734262e-11
3610.000000  8.613564e-11
3630.000000  8.468190e-11
3640.000000  8.431517e-11
3650.000000  8.349491e-11
3670.000000  8.251909e-11
3690.000000  8.092678e-11
3710.000000  7.832538e-11
3730.000000  7.485871e-11
3750.000000  8.021431e-11
3770.000000  8.141532e-11
3790.000000  8.958819e-11
3810.000000  9.636217e-11
3830.000000  8.127481e-11
3850.000000  1.018952e-10
3870.000000  1.065833e-10
3890.000000  7.515580e-11
3910.000000  1.052755e-10
3930.000000  1.063317e-10
3950.000000  1.024392e-10
3970.000000  7.057821e-11
3990.000000  9.767739e-11
4010.000000  9.998343e-11
4030.000000  9.366844e-11
4050.000000  9.825410e-11
4070.000000  9.575580e-11
4090.000000  8.261993e-11
4110.000000  6.905828e-11
4130.000000  8.944391e-11
4150.000000  8.973791e-11
4170.000000  8.927631e-11
4190.000000  8.825975e-11
4210.000000  8.687793e-11
4230.000000  8.547759e-11
4250.000000  8.411504e-11
4270.000000  8.254060e-11
4290.000000  8.108175e-11
4310.000000  7.875609e-11
4330.000000  6.644700e-11
4350.000000  5.939867e-11
4370.000000  7.468625e-11
4390.000000  7.259000e-11
4410.000000  7.400223e-11
4430.000000  7.273744e-11
4450.000000  7.191133e-11
4470.000000  6.718346e-11
4490.000000  6.962708e-11
4510.000000  6.878316e-11
4530.000000  6.774735e-11
4550.000000  6.674859e-11
4570.000000  6.575131e-11
4590.000000  6.479108e-11
4610.000000  6.383159e-11
4630.000000  6.289136e-11
4650.000000  6.197039e-11
4670.000000  6.106869e-11
4690.000000  6.018552e-11
4710.000000  5.857695e-11
4730.000000  5.843990e-11
4750.000000  5.759452e-11
4770.000000  5.680693e-11
4790.000000  5.584746e-11
4810.000000  5.486797e-11
4830.000000  5.336841e-11
4850.000000  4.634705e-11
4870.000000  4.029674e-11
4890.000000  5.064186e-11
4910.000000  5.095369e-11
4930.000000  4.925174e-11
4950.000000  4.997491e-11
4970.000000  4.932289e-11
4990.000000  4.865161e-11
5010.000000  4.740611e-11
5030.000000  4.732686e-11
5050.000000  4.640735e-11
5070.000000  4.606062e-11
5090.000000  4.544566e-11
5110.000000  4.483144e-11
5130.000000  4.421795e-11
5150.000000  4.364152e-11
5170.000000  4.306583e-11
5190.000000  4.249013e-11
5210.000000  4.191443e-11
5230.000000  4.137726e-11
5250.000000  4.083936e-11
5270.000000  4.030219e-11
5290.000000  3.976502e-11
5310.000000  3.926565e-11
5330.000000  3.874774e-11
5350.000000  3.824837e-11
5370.000000  3.774972e-11
5390.000000  3.726961e-11
5410.000000  3.678950e-11
5430.000000  3.632865e-11
5450.000000  3.586853e-11
5470.000000  3.540768e-11
5490.000000  3.496609e-11
5510.000000  3.452451e-11
5530.000000  3.410218e-11
5550.000000  3.367986e-11
5570.000000  3.325753e-11
5590.000000  3.283521e-11
5610.000000  3.243215e-11
5630.000000  3.202909e-11
5650.000000  3.164529e-11
5670.000000  3.126076e-11
5690.000000  3.087696e-11
5710.000000  3.049390e-11
5730.000000  3.012863e-11
5750.000000  2.976410e-11
5770.000000  2.941810e-11
5790.000000  2.905356e-11
5810.000000  2.870829e-11
5830.000000  2.836302e-11
5850.000000  2.803628e-11
5870.000000  2.690709e-11
5890.000000  2.732648e-11
5910.000000  2.703826e-11
5930.000000  2.673078e-11
5950.000000  2.640478e-11
5970.000000  2.609803e-11
5990.000000  2.580908e-11
6010.000000  2.550234e-11
6030.000000  2.521412e-11
6050.000000  2.490738e-11
6070.000000  2.463769e-11
6090.000000  2.435021e-11
6110.000000  2.406273e-11
6130.000000  2.379378e-11
6150.000000  2.352483e-11
6170.000000  2.325588e-11
6190.000000  2.298766e-11
6210.000000  2.273797e-11
6230.000000  2.248828e-11
6250.000000  2.222007e-11
6270.000000  2.198891e-11
6290.000000  2.173922e-11
6310.000000  2.149026e-11
6330.000000  2.125910e-11
6350.000000  2.101015e-11
6370.000000  2.077972e-11
6390.000000  2.056812e-11
6410.000000  2.033784e-11
6430.000000  2.010779e-11
6450.000000  1.989633e-11
6470.000000  1.968495e-11
6490.000000  1.943519e-11
6510.000000  1.917209e-11
6530.000000  1.879898e-11
6550.000000  1.736537e-11
6570.000000  1.508263e-11
6590.000000  1.795346e-11
6610.000000  1.812562e-11
6630.000000  1.800500e-11
6650.000000  1.786466e-11
6670.000000  1.752035e-11
6690.000000  1.734542e-11
6710.000000  1.731201e-11
6730.000000  1.713152e-11
6750.000000  1.695111e-11
6770.000000  1.677633e-11
6790.000000  1.660162e-11
6810.000000  1.643069e-11
6830.000000  1.625983e-11
6850.000000  1.609276e-11
6870.000000  1.592768e-11
6890.000000  1.576446e-11
6910.000000  1.560316e-11
6930.000000  1.544379e-11
6950.000000  1.528642e-11
6970.000000  1.513275e-11
6990.000000  1.497916e-11
7010.000000  1.482749e-11
7030.000000  1.467961e-11
7050.000000  1.453172e-11
7070.000000  1.420837e-11
7090.000000  1.424187e-11
7110.000000  1.410162e-11
7130.000000  1.396143e-11
7150.000000  1.382318e-11
7170.000000  1.368500e-11
7190.000000  1.355060e-11
7210.000000  1.341805e-11
7230.000000  1.328186e-11
7250.000000  1.315695e-11
7270.000000  1.302832e-11
7290.000000  1.283301e-11
7310.000000  1.277486e-11
7330.000000  1.265194e-11
7350.000000  1.253095e-11
7370.000000  1.240995e-11
7390.000000  1.229089e-11
7410.000000  1.217190e-11
7430.000000  1.205668e-11
7450.000000  1.194147e-11
7470.000000  1.182819e-11
7490.000000  1.171675e-11
7510.000000  1.160354e-11
7530.000000  1.149596e-11
7550.000000  1.138653e-11
7570.000000  1.128087e-11
7590.000000  1.117522e-11
7610.000000  1.106964e-11
7630.000000  1.096598e-11
7650.000000  1.086418e-11
7670.000000  1.076430e-11
7690.000000  1.066443e-11
7710.000000  1.056648e-11
7730.000000  1.046860e-11
7750.000000  1.037258e-11
7770.000000  1.027271e-11
7790.000000  1.018246e-11
7810.000000  1.008837e-11
7830.000000  9.998122e-12
7850.000000  9.909732e-12
7870.000000  9.819488e-12
7890.000000  9.731097e-12
7910.000000  9.644706e-12
7930.000000  9.558242e-12
7950.000000  9.471851e-12
7970.000000  9.385533e-12
7990.000000  9.300995e-12
8010.000000  9.220309e-12
8030.000000  9.137771e-12
8050.000000  9.057085e-12
8070.000000  8.976400e-12
8090.000000  8.893934e-12
8110.000000  8.817101e-12
8130.000000  8.740196e-12
8150.000000  8.659730e-12
8170.000000  8.588456e-12
8190.000000  8.509844e-12
8210.000000  8.423525e-12
8230.000000  8.360104e-12
8250.000000  8.292829e-12
8270.000000  8.206657e-12
8290.000000  8.152721e-12
8310.000000  8.085520e-12
8330.000000  8.016392e-12
8350.000000  7.932073e-12
8370.000000  7.876283e-12
8390.000000  7.814788e-12
8410.000000  7.743660e-12
8430.000000  7.672605e-12
8450.000000  7.586434e-12
8470.000000  7.520717e-12
8490.000000  7.463372e-12
8510.000000  7.361198e-12
8530.000000  7.344383e-12
8550.000000  7.139960e-12
8570.000000  7.288670e-12
8590.000000  6.998446e-12
8610.000000  6.932657e-12
8630.000000  7.191018e-12
8650.000000  6.952739e-12
8670.000000  6.436395e-12
8690.000000  6.996901e-12
8710.000000  7.097289e-12
8730.000000  6.843749e-12
8750.000000  6.027271e-12
8770.000000  6.566653e-12
8790.000000  6.932284e-12
8810.000000  6.945985e-12
8830.000000  6.805587e-12
8850.000000  6.226575e-12
8870.000000  5.676082e-12
8890.000000  6.480483e-12
8910.000000  6.673180e-12
8930.000000  6.669618e-12
8950.000000  6.629165e-12
8970.000000  6.527220e-12
8990.000000  6.250276e-12
9010.000000  5.401868e-12
9030.000000  5.665265e-12
9050.000000  6.204189e-12
9070.000000  6.253000e-12
9090.000000  6.268188e-12
9110.000000  6.243072e-12
9130.000000  6.195061e-12
9150.000000  6.139271e-12
9170.000000  6.056734e-12
9190.000000  5.941232e-12
9210.000000  5.573972e-12
9230.000000  4.792837e-12
9250.000000  5.419795e-12
9270.000000  5.735556e-12
9290.000000  5.778078e-12
9310.000000  5.743769e-12
9330.000000  5.724433e-12
9350.000000  5.685905e-12
9370.000000  5.651378e-12
9390.000000  5.607219e-12
9410.000000  5.561061e-12
9430.000000  5.511051e-12
9450.000000  5.459261e-12
9470.000000  5.384500e-12
9490.000000  5.338124e-12
9510.000000  5.192166e-12
9530.000000  4.838097e-12
9550.000000  4.239742e-12
9570.000000  4.860993e-12
9590.000000  5.076660e-12
9610.000000  5.094213e-12
9630.000000  5.067464e-12
9650.000000  5.053907e-12
9670.000000  5.026937e-12
9690.000000  4.986631e-12
9710.000000  4.942545e-12
9730.000000  4.913650e-12
9750.000000  4.877124e-12
9770.000000  4.838744e-12
9790.000000  4.802217e-12
9810.000000  4.765764e-12
9830.000000  4.731090e-12
9850.000000  4.694637e-12
9870.000000  4.660036e-12
9890.000000  4.625436e-12
9910.000000  4.588982e-12
9930.000000  4.554309e-12
9950.000000  4.510151e-12
9970.000000  4.467845e-12
9990.000000  4.415909e-12
10025.000000  4.094659e-12
10075.000000  3.940847e-12
10125.000000  4.204599e-12
10175.000000  4.156661e-12
10225.000000  4.085533e-12
10275.000000  4.012479e-12
10325.000000  3.930014e-12
10375.000000  3.870298e-12
10425.000000  3.801171e-12
10475.000000  3.733896e-12
10525.000000  3.668548e-12
10575.000000  3.603273e-12
10625.000000  3.541777e-12
10675.000000  3.476502e-12
10725.000000  3.418859e-12
10775.000000  3.361143e-12
10825.000000  3.267120e-12
10875.000000  3.213111e-12
10925.000000  2.847701e-12
10975.000000  2.993807e-12
11025.000000  3.057665e-12
11075.000000  3.026844e-12
11125.000000  2.982611e-12
11175.000000  2.932673e-12
11225.000000  2.882736e-12
11275.000000  2.836577e-12
11325.000000  2.788566e-12
11375.000000  2.744334e-12
11425.000000  2.698249e-12
11475.000000  2.655943e-12
11525.000000  2.611785e-12
11575.000000  2.569552e-12
11625.000000  2.529173e-12
11675.000000  2.488793e-12
11725.000000  2.448487e-12
11775.000000  2.410034e-12
11825.000000  2.371581e-12
11875.000000  2.335054e-12
11925.000000  2.298601e-12
11975.000000  2.248810e-12
12025.000000  2.227474e-12
12075.000000  2.192873e-12
12125.000000  2.160199e-12
12175.000000  2.125672e-12
12225.000000  2.092998e-12
12275.000000  2.062177e-12
12325.000000  2.031429e-12
12375.000000  2.000688e-12
12425.000000  1.969962e-12
12475.000000  1.941112e-12
12525.000000  1.909459e-12
12575.000000  1.882920e-12
12625.000000  1.855054e-12
12675.000000  1.826596e-12
12725.000000  1.792959e-12
12775.000000  1.726649e-12
12825.000000  1.563111e-12
12875.000000  1.693360e-12
12925.000000  1.691884e-12
12975.000000  1.666410e-12
13025.000000  1.649429e-12
13075.000000  1.625794e-12
13125.000000  1.602545e-12
13175.000000  1.579865e-12
13225.000000  1.557379e-12
13275.000000  1.535285e-12
13325.000000  1.513761e-12
13375.000000  1.492430e-12
13425.000000  1.471292e-12
13475.000000  1.451110e-12
13525.000000  1.430935e-12
13575.000000  1.411138e-12
13625.000000  1.391726e-12
13675.000000  1.372699e-12
13725.000000  1.353865e-12
13775.000000  1.335416e-12
13825.000000  1.317168e-12
13875.000000  1.299290e-12
13925.000000  1.281804e-12
13975.000000  1.264511e-12
14025.000000  1.247596e-12
14075.000000  1.230874e-12
14125.000000  1.214537e-12
14175.000000  1.198400e-12
14225.000000  1.182633e-12
14275.000000  1.166881e-12
14325.000000  1.151693e-12
14375.000000  1.136512e-12
14425.000000  1.121716e-12
14475.000000  1.107112e-12
14525.000000  1.092701e-12
14570.000000  1.080010e-12
14620.000000  1.066177e-12
14675.000000  1.051373e-12
14725.000000  1.037926e-12
14775.000000  1.024856e-12
14825.000000  1.011987e-12
14875.000000  9.992948e-13
14925.000000  9.868031e-13
14975.000000  9.745039e-13
15025.000000  9.623974e-13
15075.000000  9.495350e-13
15125.000000  9.385697e-13
15175.000000  9.268485e-13
15225.000000  9.153125e-13
15275.000000  9.037766e-13
15325.000000  8.922479e-13
15375.000000  8.818678e-13
15425.000000  8.695612e-13
15475.000000  8.599591e-13
15525.000000  8.488085e-13
15575.000000  8.355385e-13
15625.000000  8.311378e-13
15675.000000  8.153564e-13
15725.000000  8.024718e-13
15775.000000  8.028943e-13
15825.000000  7.919290e-13
15875.000000  7.638184e-13
15925.000000  7.682791e-13
15975.000000  7.681159e-13
16050.000000  7.481116e-13
16150.000000  7.192531e-13
16250.000000  7.235352e-13
16350.000000  6.950551e-13
16450.000000  6.656263e-13
16550.000000  6.766429e-13
16650.000000  6.618469e-13
16750.000000  6.322112e-13
16850.000000  6.043234e-13
16950.000000  6.176368e-13
17050.000000  6.038258e-13
17150.000000  5.926531e-13
17250.000000  5.764942e-13
17350.000000  5.322405e-13
17450.000000  5.472729e-13
17550.000000  5.421009e-13
17650.000000  5.307649e-13
17750.000000  5.194216e-13
17850.000000  5.084562e-13
17950.000000  4.975055e-13
18050.000000  4.851918e-13
18150.000000  4.496066e-13
18250.000000  4.578896e-13
18350.000000  4.565629e-13
18450.000000  4.477238e-13
18550.000000  4.384921e-13
18650.000000  4.260078e-13
18750.000000  3.963721e-13
18850.000000  4.098414e-13
18950.000000  4.040842e-13
19050.000000  3.952525e-13
19150.000000  3.879472e-13
19250.000000  3.800640e-13
19350.000000  3.696693e-13
19450.000000  3.423598e-13
19550.000000  3.550659e-13
19650.000000  3.512204e-13
19750.000000  3.446856e-13
19850.000000  3.379655e-13
19950.000000  3.314306e-13
20050.000000  3.252737e-13
20150.000000  3.189315e-13
20250.000000  3.129746e-13
20350.000000  3.070177e-13
20450.000000  3.012534e-13
20550.000000  2.954817e-13
20650.000000  2.902880e-13
20750.000000  2.849090e-13
20850.000000  2.797152e-13
20950.000000  2.745288e-13
21050.000000  2.695277e-13
21150.000000  2.643413e-13
21250.000000  2.599181e-13
21350.000000  2.553023e-13
21450.000000  2.505012e-13
21550.000000  2.445296e-13
21650.000000  2.272296e-13
21750.000000  2.347274e-13
21850.000000  2.331936e-13
21950.000000  2.293483e-13
22050.000000  2.253177e-13
22150.000000  2.214723e-13
22250.000000  2.176270e-13
22350.000000  2.139670e-13
22450.000000  2.103143e-13
22550.000000  2.066690e-13
22650.000000  2.032089e-13
22750.000000  1.997467e-13
22850.000000  1.962911e-13
22950.000000  1.930222e-13
23050.000000  1.898674e-13
23150.000000  1.867526e-13
23250.000000  1.836771e-13
23350.000000  1.806594e-13
23450.000000  1.776987e-13
23550.000000  1.748151e-13
23650.000000  1.719700e-13
23750.000000  1.691834e-13
23850.000000  1.664725e-13
23950.000000  1.638000e-13
24050.000000  1.611853e-13
24150.000000  1.586099e-13
24250.000000  1.561101e-13
24350.000000  1.536303e-13
24450.000000  1.511890e-13
24550.000000  1.488248e-13
24650.000000  1.464590e-13
24750.000000  1.441148e-13
24850.000000  1.420195e-13
24950.000000  1.395389e-13
