2505.000000  8.450819e-14
2513.000000  5.352031e-14
2518.000000  3.718396e-14
2525.000000  4.055144e-14
2535.000000  1.103498e-13
2545.000000  1.372937e-13
2555.000000  3.248689e-13
2565.000000  2.002387e-13
2575.000000  3.043130e-13
2585.000000  2.601443e-13
2595.000000  2.558649e-13
2605.000000  2.851195e-13
2615.000000  2.615364e-13
2625.000000  3.767316e-13
2635.000000  8.199655e-13
2645.000000  9.993275e-13
2655.000000  1.992603e-12
2665.000000  1.040430e-12
2675.000000  9.871461e-13
2685.000000  1.448275e-12
2695.000000  8.115164e-13
2705.000000  1.358055e-12
2715.000000  8.468219e-13
2725.000000  4.775403e-13
2735.000000  7.006903e-13
2745.000000  5.703387e-13
2755.000000  7.393081e-13
2765.000000  1.057410e-12
2775.000000  1.198187e-12
2785.000000  7.024084e-13
2795.000000  2.858047e-13
2805.000000  3.661052e-13
2815.000000  1.024380e-12
2825.000000  1.333488e-12
2835.000000  9.998709e-13
2845.000000  4.721157e-13
2855.000000  1.538145e-13
2865.000000  7.547908e-13
2875.000000  1.536374e-12
2885.000000  2.026638e-12
2895.000000  3.064316e-12
2910.000000  4.622957e-12
2930.000000  4.522350e-12
2950.000000  4.009181e-12
2970.000000  4.120858e-12
2990.000000  4.017173e-12
3010.000000  3.354973e-12
3030.000000  4.905841e-12
3050.000000  5.092914e-12
3070.000000  6.947021e-12
3090.000000  7.383160e-12
3110.000000  1.025509e-11
3130.000000  8.553301e-12
3150.000000  1.035756e-11
3170.000000  1.231693e-11
3190.000000  9.880029e-12
3210.000000  1.087451e-11
3230.000000  8.227085e-12
3250.000000  1.381121e-11
3270.000000  1.777663e-11
3290.000000  1.798820e-11
3310.000000  1.528381e-11
3330.000000  1.600286e-11
3350.000000  1.461318e-11
3370.000000  1.009730e-11
3390.000000  1.161351e-11
3410.000000  1.301652e-11
3430.000000  1.435073e-11
3450.000000  1.481379e-11
3470.000000  1.576493e-11
3490.000000  1.880919e-11
3510.000000  2.003324e-11
3530.000000  1.619294e-11
3550.000000  1.841054e-11
3570.000000  9.575613e-12
3590.000000  1.227319e-11
3610.000000  1.862113e-11
3630.000000  2.186791e-11
3640.000000  2.228633e-11
3650.000000  2.624154e-11
3670.000000  2.881176e-11
3690.000000  2.589858e-11
3710.000000  2.716599e-11
3730.000000  1.382998e-11
3750.000000  1.620809e-11
3770.000000  2.260717e-11
3790.000000  2.188583e-11
3810.000000  1.841498e-11
3830.000000  8.983699e-12
3850.000000  1.028941e-11
3870.000000  1.211457e-11
3890.000000  2.343377e-11
3910.000000  2.981032e-11
3930.000000  1.148901e-11
3950.000000  2.353780e-11
3970.000000  1.498652e-11
3990.000000  4.195498e-11
4010.000000  4.813536e-11
4030.000000  4.596842e-11
4050.000000  4.222218e-11
4070.000000  3.913833e-11
4090.000000  5.083378e-11
4110.000000  4.950190e-11
4130.000000  4.161985e-11
4150.000000  3.739119e-11
4170.000000  3.867140e-11
4190.000000  4.061186e-11
4210.000000  4.611902e-11
4230.000000  4.840538e-11
4250.000000  5.304273e-11
4270.000000  4.888450e-11
4290.000000  4.419035e-11
4310.000000  3.801476e-11
4330.000000  5.918264e-11
4350.000000  5.854197e-11
4370.000000  6.422618e-11
4390.000000  5.615867e-11
4410.000000  6.150815e-11
4430.000000  6.541768e-11
4450.000000  6.698634e-11
4470.000000  7.308198e-11
4490.000000  7.505354e-11
4510.000000  8.816839e-11
4530.000000  7.559600e-11
4550.000000  7.874564e-11
4570.000000  8.637598e-11
4590.000000  8.344282e-11
4610.000000  8.598264e-11
4630.000000  8.219027e-11
4650.000000  8.431856e-11
4670.000000  8.786804e-11
4690.000000  8.589198e-11
4710.000000  8.303015e-11
4730.000000  8.803941e-11
4750.000000  9.329861e-11
4770.000000  9.467815e-11
4790.000000  9.443007e-11
4810.000000  9.303914e-11
4830.000000  9.775969e-11
4850.000000  9.062856e-11
4870.000000  8.333521e-11
4890.000000  9.293438e-11
4910.000000  9.234412e-11
4930.000000  9.048183e-11
4950.000000  9.766980e-11
4970.000000  9.444311e-11
4990.000000  8.618103e-11
5010.000000  8.083596e-11
5030.000000  8.652740e-11
5050.000000  8.726187e-11
5070.000000  9.175295e-11
5090.000000  8.405935e-11
5110.000000  8.709205e-11
5130.000000  8.267454e-11
5150.000000  7.998724e-11
5170.000000  7.011548e-11
5190.000000  7.535082e-11
5210.000000  8.459166e-11
5230.000000  9.011124e-11
5250.000000  9.417323e-11
5270.000000  8.129953e-11
5290.000000  9.587654e-11
5310.000000  1.037628e-10
5330.000000  8.790425e-11
5350.000000  9.889888e-11
5370.000000  1.001881e-10
5390.000000  9.564920e-11
5410.000000  9.397649e-11
5430.000000  9.632000e-11
5450.000000  1.030296e-10
5470.000000  9.790785e-11
5490.000000  9.585623e-11
5510.000000  9.558200e-11
5530.000000  9.928726e-11
5550.000000  1.021742e-10
5570.000000  9.966668e-11
5590.000000  9.595878e-11
5610.000000  1.028591e-10
5630.000000  1.000023e-10
5650.000000  1.009126e-10
5670.000000  9.814212e-11
5690.000000  1.021858e-10
5710.000000  9.794242e-11
5730.000000  1.093684e-10
5750.000000  1.029833e-10
5770.000000  1.055218e-10
5790.000000  9.853261e-11
5810.000000  1.054582e-10
5830.000000  1.099104e-10
5850.000000  1.054759e-10
5870.000000  1.059768e-10
5890.000000  9.008628e-11
5910.000000  1.039722e-10
5930.000000  1.045363e-10
5950.000000  1.046697e-10
5970.000000  1.069228e-10
5990.000000  1.042207e-10
6010.000000  1.018997e-10
6030.000000  1.050832e-10
6050.000000  1.073219e-10
6070.000000  1.069246e-10
6090.000000  1.005531e-10
6110.000000  1.010760e-10
6130.000000  9.444011e-11
6150.000000  9.829658e-11
6170.000000  9.374369e-11
6190.000000  1.016752e-10
6210.000000  1.012845e-10
6230.000000  9.699011e-11
6250.000000  9.295743e-11
6270.000000  9.864102e-11
6290.000000  1.007190e-10
6310.000000  9.593754e-11
6330.000000  9.730320e-11
6350.000000  9.592793e-11
6370.000000  9.520692e-11
6390.000000  9.931252e-11
6410.000000  9.703177e-11
6430.000000  9.815899e-11
6450.000000  9.726291e-11
6470.000000  9.715450e-11
6490.000000  9.471011e-11
6510.000000  9.775976e-11
6530.000000  9.776705e-11
6550.000000  9.657853e-11
6570.000000  9.302727e-11
6590.000000  9.729805e-11
6610.000000  9.809809e-11
6630.000000  9.664498e-11
6650.000000  9.676075e-11
6670.000000  9.453260e-11
6690.000000  9.773236e-11
6710.000000  9.359587e-11
6730.000000  9.771928e-11
6750.000000  9.543208e-11
6770.000000  9.604045e-11
6790.000000  9.471462e-11
6810.000000  9.451231e-11
6830.000000  9.608027e-11
6850.000000  9.235372e-11
6870.000000  9.427281e-11
6890.000000  9.511000e-11
6910.000000  9.395585e-11
6930.000000  9.241958e-11
6950.000000  9.111837e-11
6970.000000  9.148486e-11
6990.000000  9.050185e-11
7010.000000  8.693307e-11
7030.000000  8.964576e-11
7050.000000  9.123226e-11
7070.000000  8.910874e-11
7090.000000  8.835075e-11
7110.000000  8.811957e-11
7130.000000  8.566647e-11
7150.000000  8.538066e-11
7170.000000  8.625284e-11
7190.000000  8.284455e-11
7210.000000  8.592080e-11
7230.000000  8.704053e-11
7250.000000  8.704586e-11
7270.000000  8.623440e-11
7290.000000  8.260956e-11
7310.000000  8.491434e-11
7330.000000  8.461473e-11
7350.000000  8.434887e-11
7370.000000  8.598532e-11
7390.000000  8.338876e-11
7410.000000  8.311764e-11
7430.000000  8.399783e-11
7450.000000  8.397531e-11
7470.000000  8.449376e-11
7490.000000  8.331907e-11
7510.000000  8.453089e-11
7530.000000  8.514816e-11
7550.000000  8.547443e-11
7570.000000  8.431112e-11
7590.000000  8.388489e-11
7610.000000  8.358328e-11
7630.000000  8.459224e-11
7650.000000  8.456524e-11
7670.000000  8.099272e-11
7690.000000  8.412556e-11
7710.000000  8.241049e-11
7730.000000  8.211369e-11
7750.000000  8.152954e-11
7770.000000  8.375096e-11
7790.000000  8.371148e-11
7810.000000  8.288623e-11
7830.000000  8.201848e-11
7850.000000  8.123173e-11
7870.000000  8.150699e-11
7890.000000  7.858887e-11
7910.000000  7.606852e-11
7930.000000  7.551782e-11
7950.000000  7.431912e-11
7970.000000  7.748314e-11
7990.000000  7.732703e-11
8010.000000  7.675993e-11
8030.000000  7.695142e-11
8050.000000  7.592636e-11
8070.000000  7.544717e-11
8090.000000  7.287601e-11
8110.000000  7.265215e-11
8130.000000  7.396207e-11
8150.000000  7.357682e-11
8170.000000  7.393179e-11
8190.000000  7.201832e-11
8210.000000  7.189698e-11
8230.000000  7.274252e-11
8250.000000  7.357677e-11
8270.000000  7.438242e-11
8290.000000  7.359813e-11
8310.000000  6.988622e-11
8330.000000  7.067369e-11
8350.000000  7.054509e-11
8370.000000  7.165983e-11
8390.000000  6.922055e-11
8410.000000  7.191318e-11
8430.000000  6.967162e-11
8450.000000  7.108845e-11
8470.000000  7.066790e-11
8490.000000  7.030747e-11
8510.000000  6.637624e-11
8530.000000  6.854801e-11
8550.000000  5.727360e-11
8570.000000  7.095864e-11
8590.000000  6.945604e-11
8610.000000  6.982463e-11
8630.000000  7.056810e-11
8650.000000  6.963688e-11
8670.000000  5.813057e-11
8690.000000  6.699868e-11
8710.000000  6.893912e-11
8730.000000  6.924186e-11
8750.000000  6.840241e-11
8770.000000  6.966107e-11
8790.000000  6.868094e-11
8810.000000  6.639606e-11
8830.000000  6.817537e-11
8850.000000  6.890676e-11
8870.000000  6.715139e-11
8890.000000  6.854857e-11
8910.000000  6.941429e-11
8930.000000  6.695852e-11
8950.000000  6.708198e-11
8970.000000  6.709167e-11
8990.000000  6.727555e-11
9010.000000  6.427534e-11
9030.000000  6.635040e-11
9050.000000  6.816364e-11
9070.000000  6.710215e-11
9090.000000  6.427993e-11
9110.000000  6.385242e-11
9130.000000  6.636950e-11
9150.000000  6.161024e-11
9170.000000  5.995667e-11
9190.000000  6.079853e-11
9210.000000  5.871015e-11
9230.000000  5.977707e-11
9250.000000  5.930831e-11
9270.000000  6.050191e-11
9290.000000  5.961568e-11
9310.000000  6.138368e-11
9330.000000  6.121762e-11
9350.000000  6.056769e-11
9370.000000  6.021968e-11
9390.000000  5.885382e-11
9410.000000  5.679458e-11
9430.000000  5.800721e-11
9450.000000  5.644947e-11
9470.000000  5.851839e-11
9490.000000  5.827923e-11
9510.000000  5.906005e-11
9530.000000  5.844473e-11
9550.000000  5.779847e-11
9570.000000  5.799496e-11
9590.000000  5.900046e-11
9610.000000  5.812571e-11
9630.000000  5.758468e-11
9650.000000  5.660495e-11
9670.000000  5.616899e-11
9690.000000  5.751629e-11
9710.000000  5.692349e-11
9730.000000  5.706926e-11
9750.000000  5.645860e-11
9770.000000  5.666030e-11
9790.000000  5.545210e-11
9810.000000  5.723685e-11
9830.000000  5.668945e-11
9850.000000  5.726068e-11
9870.000000  5.700216e-11
9890.000000  5.729935e-11
9910.000000  5.638127e-11
9930.000000  5.720349e-11
9950.000000  5.667124e-11
9970.000000  5.695893e-11
9990.000000  5.680376e-11
10025.000000  5.630727e-11
10075.000000  5.562441e-11
10125.000000  5.577108e-11
10175.000000  5.467717e-11
10225.000000  5.478155e-11
10275.000000  5.493360e-11
10325.000000  5.378408e-11
10375.000000  5.338967e-11
10425.000000  5.350792e-11
10475.000000  5.282099e-11
10525.000000  5.276276e-11
10575.000000  5.213486e-11
10625.000000  5.180161e-11
10675.000000  5.055495e-11
10725.000000  5.048693e-11
10775.000000  4.999724e-11
10825.000000  4.880678e-11
10875.000000  4.820093e-11
10925.000000  4.740848e-11
10975.000000  4.393364e-11
11025.000000  4.384726e-11
11075.000000  4.447103e-11
11125.000000  4.435279e-11
11175.000000  4.484040e-11
11225.000000  4.458951e-11
11275.000000  4.366282e-11
11325.000000  4.419181e-11
11375.000000  4.310757e-11
11425.000000  4.324833e-11
11475.000000  4.394778e-11
11525.000000  4.371359e-11
11575.000000  4.306772e-11
11625.000000  4.249921e-11
11675.000000  4.248772e-11
11725.000000  4.309148e-11
11775.000000  4.216136e-11
11825.000000  4.172116e-11
11875.000000  4.125284e-11
11925.000000  4.211674e-11
11975.000000  4.005904e-11
12025.000000  4.086780e-11
12075.000000  4.024017e-11
12125.000000  4.037665e-11
12175.000000  4.061073e-11
12225.000000  4.035004e-11
12275.000000  4.003927e-11
12325.000000  3.956799e-11
12375.000000  3.942882e-11
12425.000000  3.890885e-11
12475.000000  3.907395e-11
12525.000000  3.850688e-11
12575.000000  3.844753e-11
12625.000000  3.830594e-11
12675.000000  3.762259e-11
12725.000000  3.771734e-11
12775.000000  3.779563e-11
12825.000000  3.595969e-11
12875.000000  3.677535e-11
12925.000000  3.623423e-11
12975.000000  3.668044e-11
13025.000000  3.592248e-11
13075.000000  3.623584e-11
13125.000000  3.538131e-11
13175.000000  3.525220e-11
13225.000000  3.535696e-11
13275.000000  3.458250e-11
13325.000000  3.487591e-11
13375.000000  3.452373e-11
13425.000000  3.467284e-11
13475.000000  3.435237e-11
13525.000000  3.424453e-11
13575.000000  3.344641e-11
13625.000000  3.334758e-11
13675.000000  3.329285e-11
13725.000000  3.330266e-11
13775.000000  3.303868e-11
13825.000000  3.299086e-11
13875.000000  3.268979e-11
13925.000000  3.260781e-11
13975.000000  3.229224e-11
14025.000000  3.172607e-11
14075.000000  3.118092e-11
14125.000000  2.994913e-11
14175.000000  3.012433e-11
14225.000000  2.963529e-11
14275.000000  2.900761e-11
14325.000000  2.966017e-11
14375.000000  2.988464e-11
14425.000000  2.862577e-11
14475.000000  2.960375e-11
14525.000000  2.867109e-11
14570.000000  2.868142e-11
14620.000000  2.828187e-11
14675.000000  2.802995e-11
14725.000000  2.750072e-11
14775.000000  2.767247e-11
14825.000000  2.758401e-11
14875.000000  2.728594e-11
14925.000000  2.800196e-11
14975.000000  2.759428e-11
15025.000000  2.680323e-11
15075.000000  2.664222e-11
15125.000000  2.683052e-11
15175.000000  2.706278e-11
15225.000000  2.662596e-11
15275.000000  2.683320e-11
15325.000000  2.665570e-11
15375.000000  2.674217e-11
15425.000000  2.652536e-11
15475.000000  2.639968e-11
15525.000000  2.582358e-11
15575.000000  2.556366e-11
15625.000000  2.618084e-11
15675.000000  2.519955e-11
15725.000000  2.560775e-11
15775.000000  2.430773e-11
15825.000000  2.481341e-11
15875.000000  2.368670e-11
15925.000000  2.422744e-11
15975.000000  2.466030e-11
16050.000000  2.433964e-11
16150.000000  2.387305e-11
16250.000000  2.395828e-11
16350.000000  2.362205e-11
16450.000000  2.281628e-11
16550.000000  2.300823e-11
16650.000000  2.249303e-11
16750.000000  2.202399e-11
16850.000000  2.124344e-11
16950.000000  2.163194e-11
17050.000000  2.075837e-11
17150.000000  2.063668e-11
17250.000000  1.993232e-11
17350.000000  1.920049e-11
17450.000000  1.929504e-11
17550.000000  1.896359e-11
17650.000000  1.870285e-11
17750.000000  1.815557e-11
17850.000000  1.802789e-11
17950.000000  1.768515e-11
18050.000000  1.720633e-11
18150.000000  1.678115e-11
18250.000000  1.653177e-11
18350.000000  1.622202e-11
18450.000000  1.578375e-11
18550.000000  1.567771e-11
18650.000000  1.512815e-11
18750.000000  1.467148e-11
18850.000000  1.475302e-11
18950.000000  1.400232e-11
19050.000000  1.435695e-11
19150.000000  1.398672e-11
19250.000000  1.381241e-11
19350.000000  1.333966e-11
19450.000000  1.294267e-11
19550.000000  1.307851e-11
19650.000000  1.272178e-11
19750.000000  1.237394e-11
19850.000000  1.226155e-11
19950.000000  1.204837e-11
20050.000000  1.198474e-11
20150.000000  1.185449e-11
20250.000000  1.143259e-11
20350.000000  1.120479e-11
20450.000000  1.122035e-11
20550.000000  1.089770e-11
20650.000000  1.068527e-11
20750.000000  1.053593e-11
20850.000000  1.033316e-11
20950.000000  1.009401e-11
21050.000000  1.008315e-11
21150.000000  9.877486e-12
21250.000000  9.675012e-12
21350.000000  9.604076e-12
21450.000000  9.422632e-12
21550.000000  9.270622e-12
21650.000000  8.948576e-12
21750.000000  8.851038e-12
21850.000000  8.774421e-12
21950.000000  8.692386e-12
22050.000000  8.427249e-12
22150.000000  8.442215e-12
22250.000000  8.217765e-12
22350.000000  8.090886e-12
22450.000000  7.969620e-12
22550.000000  7.850940e-12
22650.000000  7.674590e-12
22750.000000  7.658943e-12
22850.000000  7.438529e-12
22950.000000  6.700393e-12
23050.000000  6.976163e-12
23150.000000  6.902097e-12
23250.000000  6.219030e-12
23350.000000  6.477124e-12
23450.000000  6.507329e-12
23550.000000  5.802469e-12
23650.000000  6.145897e-12
23750.000000  6.060600e-12
23850.000000  5.495166e-12
23950.000000  5.771914e-12
24050.000000  5.792448e-12
24150.000000  5.305047e-12
24250.000000  5.468481e-12
24350.000000  5.502892e-12
24450.000000  5.189426e-12
24550.000000  5.110120e-12
24650.000000  5.293749e-12
24750.000000  5.081664e-12
24850.000000  4.857342e-12
24950.000000  4.996727e-12
