2505.000000  3.378884e-11
2513.000000  1.893888e-11
2518.000000  1.637041e-11
2525.000000  1.332066e-11
2535.000000  1.392727e-11
2545.000000  1.685482e-11
2555.000000  2.844634e-11
2565.000000  2.300423e-11
2575.000000  2.948841e-11
2585.000000  2.598071e-11
2595.000000  2.303587e-11
2605.000000  1.872985e-11
2615.000000  1.684792e-11
2625.000000  2.481290e-11
2635.000000  3.935809e-11
2645.000000  5.686419e-11
2655.000000  6.702627e-11
2665.000000  4.517758e-11
2675.000000  5.287369e-11
2685.000000  5.571027e-11
2695.000000  4.550032e-11
2705.000000  5.406370e-11
2715.000000  4.141992e-11
2725.000000  4.015951e-11
2735.000000  4.529727e-11
2745.000000  2.176652e-11
2755.000000  2.966437e-11
2765.000000  3.830489e-11
2775.000000  4.619014e-11
2785.000000  2.732544e-11
2795.000000  8.374780e-12
2805.000000  1.117466e-11
2815.000000  4.167696e-11
2825.000000  6.260531e-11
2835.000000  5.973846e-11
2845.000000  5.454631e-11
2855.000000  3.471119e-11
2865.000000  6.222893e-11
2875.000000  6.615327e-11
2885.000000  6.238125e-11
2895.000000  6.294364e-11
2910.000000  8.114770e-11
2930.000000  7.339035e-11
2950.000000  7.189851e-11
2970.000000  8.055723e-11
2990.000000  7.978112e-11
3010.000000  8.526283e-11
3030.000000  8.424525e-11
3050.000000  8.642075e-11
3070.000000  8.653372e-11
3090.000000  9.024682e-11
3110.000000  8.851407e-11
3130.000000  8.719862e-11
3150.000000  8.755842e-11
3170.000000  8.991282e-11
3190.000000  8.109558e-11
3210.000000  8.886019e-11
3230.000000  7.695515e-11
3250.000000  9.057536e-11
3270.000000  9.908451e-11
3290.000000  9.700164e-11
3310.000000  9.952948e-11
3330.000000  9.806040e-11
3350.000000  9.660984e-11
3370.000000  8.901753e-11
3390.000000  9.500576e-11
3410.000000  9.569909e-11
3430.000000  9.694289e-11
3450.000000  9.978075e-11
3470.000000  9.858148e-11
3490.000000  1.004735e-10
3510.000000  1.039217e-10
3530.000000  1.000087e-10
3550.000000  1.106764e-10
3570.000000  9.703691e-11
3590.000000  9.635897e-11
3610.000000  9.920345e-11
3630.000000  1.002116e-10
3640.000000  9.929985e-11
3650.000000  1.095455e-10
3670.000000  1.076174e-10
3690.000000  1.046395e-10
3710.000000  1.130305e-10
3730.000000  1.104379e-10
3750.000000  1.271824e-10
3770.000000  1.382001e-10
3790.000000  1.536221e-10
3810.000000  1.692796e-10
3830.000000  1.336828e-10
3850.000000  1.718588e-10
3870.000000  1.810710e-10
3890.000000  1.448662e-10
3910.000000  1.783248e-10
3930.000000  1.084411e-10
3950.000000  1.634336e-10
3970.000000  1.073199e-10
3990.000000  1.880785e-10
4010.000000  1.997545e-10
4030.000000  1.992917e-10
4050.000000  1.957074e-10
4070.000000  1.930765e-10
4090.000000  1.905708e-10
4110.000000  1.674568e-10
4130.000000  1.986182e-10
4150.000000  2.062156e-10
4170.000000  2.025305e-10
4190.000000  2.008316e-10
4210.000000  2.000258e-10
4230.000000  1.933319e-10
4250.000000  1.982443e-10
4270.000000  1.919878e-10
4290.000000  1.843201e-10
4310.000000  1.677797e-10
4330.000000  1.782958e-10
4350.000000  1.618334e-10
4370.000000  1.992780e-10
4390.000000  1.920410e-10
4410.000000  1.931267e-10
4430.000000  1.928463e-10
4450.000000  1.930528e-10
4470.000000  1.965450e-10
4490.000000  1.958752e-10
4510.000000  2.073790e-10
4530.000000  1.927842e-10
4550.000000  1.943823e-10
4570.000000  2.039761e-10
4590.000000  1.937609e-10
4610.000000  1.984753e-10
4630.000000  1.941720e-10
4650.000000  1.960835e-10
4670.000000  1.986771e-10
4690.000000  1.929912e-10
4710.000000  1.855662e-10
4730.000000  1.944445e-10
4750.000000  1.955197e-10
4770.000000  1.934294e-10
4790.000000  1.924783e-10
4810.000000  1.902490e-10
4830.000000  1.893590e-10
4850.000000  1.690753e-10
4870.000000  1.442675e-10
4890.000000  1.800681e-10
4910.000000  1.814066e-10
4930.000000  1.783748e-10
4950.000000  1.833855e-10
4970.000000  1.846141e-10
4990.000000  1.741581e-10
5010.000000  1.677716e-10
5030.000000  1.755366e-10
5050.000000  1.741234e-10
5070.000000  1.788725e-10
5090.000000  1.741983e-10
5110.000000  1.754498e-10
5130.000000  1.709911e-10
5150.000000  1.670489e-10
5170.000000  1.630354e-10
5190.000000  1.612895e-10
5210.000000  1.646668e-10
5230.000000  1.655647e-10
5250.000000  1.680260e-10
5270.000000  1.542895e-10
5290.000000  1.652796e-10
5310.000000  1.662142e-10
5330.000000  1.566990e-10
5350.000000  1.636236e-10
5370.000000  1.628719e-10
5390.000000  1.609935e-10
5410.000000  1.567885e-10
5430.000000  1.592570e-10
5450.000000  1.614547e-10
5470.000000  1.587490e-10
5490.000000  1.575499e-10
5510.000000  1.571230e-10
5530.000000  1.568631e-10
5550.000000  1.575722e-10
5570.000000  1.543028e-10
5590.000000  1.522414e-10
5610.000000  1.536831e-10
5630.000000  1.540176e-10
5650.000000  1.524029e-10
5670.000000  1.493991e-10
5690.000000  1.506093e-10
5710.000000  1.486830e-10
5730.000000  1.531119e-10
5750.000000  1.495364e-10
5770.000000  1.498003e-10
5790.000000  1.472971e-10
5810.000000  1.480547e-10
5830.000000  1.483128e-10
5850.000000  1.458492e-10
5870.000000  1.454959e-10
5890.000000  1.408131e-10
5910.000000  1.436651e-10
5930.000000  1.427289e-10
5950.000000  1.423212e-10
5970.000000  1.417219e-10
5990.000000  1.401715e-10
6010.000000  1.381587e-10
6030.000000  1.378490e-10
6050.000000  1.385235e-10
6070.000000  1.381681e-10
6090.000000  1.357811e-10
6110.000000  1.342056e-10
6130.000000  1.309895e-10
6150.000000  1.304221e-10
6170.000000  1.285780e-10
6190.000000  1.319359e-10
6210.000000  1.316493e-10
6230.000000  1.291106e-10
6250.000000  1.251282e-10
6270.000000  1.291261e-10
6290.000000  1.286939e-10
6310.000000  1.255415e-10
6330.000000  1.256049e-10
6350.000000  1.248559e-10
6370.000000  1.241003e-10
6390.000000  1.242642e-10
6410.000000  1.218603e-10
6430.000000  1.222519e-10
6450.000000  1.205564e-10
6470.000000  1.204362e-10
6490.000000  1.182769e-10
6510.000000  1.193070e-10
6530.000000  1.181580e-10
6550.000000  1.109080e-10
6570.000000  9.423662e-11
6590.000000  1.141873e-10
6610.000000  1.162866e-10
6630.000000  1.160064e-10
6650.000000  1.153999e-10
6670.000000  1.141649e-10
6690.000000  1.146368e-10
6710.000000  1.132099e-10
6730.000000  1.131555e-10
6750.000000  1.115217e-10
6770.000000  1.116928e-10
6790.000000  1.108807e-10
6810.000000  1.101246e-10
6830.000000  1.096757e-10
6850.000000  1.082630e-10
6870.000000  1.084298e-10
6890.000000  1.079592e-10
6910.000000  1.071519e-10
6930.000000  1.064989e-10
6950.000000  1.059068e-10
6970.000000  1.053543e-10
6990.000000  1.048451e-10
7010.000000  1.024937e-10
7030.000000  1.030896e-10
7050.000000  1.029058e-10
7070.000000  1.021407e-10
7090.000000  1.015141e-10
7110.000000  9.996773e-11
7130.000000  9.970943e-11
7150.000000  9.918358e-11
7170.000000  9.842226e-11
7190.000000  9.694070e-11
7210.000000  9.731968e-11
7230.000000  9.672303e-11
7250.000000  9.653368e-11
7270.000000  9.628522e-11
7290.000000  9.442939e-11
7310.000000  9.471798e-11
7330.000000  9.427060e-11
7350.000000  9.413772e-11
7370.000000  9.379059e-11
7390.000000  9.206787e-11
7410.000000  9.080090e-11
7430.000000  9.089261e-11
7450.000000  9.068441e-11
7470.000000  9.047277e-11
7490.000000  8.981608e-11
7510.000000  8.964266e-11
7530.000000  8.927660e-11
7550.000000  8.921062e-11
7570.000000  8.827090e-11
7590.000000  8.790082e-11
7610.000000  8.726224e-11
7630.000000  8.709640e-11
7650.000000  8.639793e-11
7670.000000  8.483809e-11
7690.000000  8.522779e-11
7710.000000  8.447187e-11
7730.000000  8.432004e-11
7750.000000  8.340363e-11
7770.000000  8.263543e-11
7790.000000  8.340217e-11
7810.000000  8.274622e-11
7830.000000  8.179594e-11
7850.000000  8.126098e-11
7870.000000  8.134287e-11
7890.000000  8.079231e-11
7910.000000  8.004468e-11
7930.000000  7.881241e-11
7950.000000  7.877623e-11
7970.000000  7.927005e-11
7990.000000  7.871576e-11
8010.000000  7.801450e-11
8030.000000  7.748422e-11
8050.000000  7.702192e-11
8070.000000  7.694059e-11
8090.000000  7.603238e-11
8110.000000  7.624786e-11
8130.000000  7.603174e-11
8150.000000  7.546575e-11
8170.000000  7.504494e-11
8190.000000  7.320558e-11
8210.000000  7.314765e-11
8230.000000  7.278919e-11
8250.000000  7.261181e-11
8270.000000  7.307205e-11
8290.000000  7.255976e-11
8310.000000  7.157675e-11
8330.000000  7.071763e-11
8350.000000  7.104900e-11
8370.000000  7.094656e-11
8390.000000  7.000507e-11
8410.000000  7.013293e-11
8430.000000  6.923222e-11
8450.000000  6.844993e-11
8470.000000  6.810929e-11
8490.000000  6.783132e-11
8510.000000  6.437032e-11
8530.000000  6.702783e-11
8550.000000  5.775346e-11
8570.000000  6.775710e-11
8590.000000  6.558613e-11
8610.000000  6.460571e-11
8630.000000  6.684934e-11
8650.000000  6.559159e-11
8670.000000  5.580744e-11
8690.000000  6.429600e-11
8710.000000  6.566567e-11
8730.000000  6.482957e-11
8750.000000  5.906265e-11
8770.000000  6.390672e-11
8790.000000  6.453478e-11
8810.000000  6.387739e-11
8830.000000  6.336804e-11
8850.000000  6.152235e-11
8870.000000  5.676119e-11
8890.000000  6.241654e-11
8910.000000  6.280188e-11
8930.000000  6.204228e-11
8950.000000  6.224297e-11
8970.000000  6.181029e-11
8990.000000  6.112484e-11
9010.000000  5.475911e-11
9030.000000  5.819314e-11
9050.000000  6.066454e-11
9070.000000  5.942834e-11
9090.000000  5.815814e-11
9110.000000  5.910122e-11
9130.000000  5.973975e-11
9150.000000  5.950370e-11
9170.000000  5.901384e-11
9190.000000  5.863230e-11
9210.000000  5.660350e-11
9230.000000  5.055763e-11
9250.000000  5.526767e-11
9270.000000  5.649461e-11
9290.000000  5.723975e-11
9310.000000  5.716991e-11
9330.000000  5.677088e-11
9350.000000  5.654341e-11
9370.000000  5.629680e-11
9390.000000  5.591228e-11
9410.000000  5.370907e-11
9430.000000  5.490645e-11
9450.000000  5.451603e-11
9470.000000  5.482835e-11
9490.000000  5.459214e-11
9510.000000  5.387232e-11
9530.000000  5.240501e-11
9550.000000  4.688435e-11
9570.000000  5.205841e-11
9590.000000  5.291839e-11
9610.000000  5.235962e-11
9630.000000  5.181838e-11
9650.000000  5.195418e-11
9670.000000  5.132248e-11
9690.000000  5.135475e-11
9710.000000  5.163210e-11
9730.000000  5.138219e-11
9750.000000  5.060495e-11
9770.000000  5.077129e-11
9790.000000  5.045611e-11
9810.000000  5.038192e-11
9830.000000  5.005203e-11
9850.000000  4.967627e-11
9870.000000  4.932514e-11
9890.000000  4.892847e-11
9910.000000  4.866025e-11
9930.000000  4.881159e-11
9950.000000  4.856755e-11
9970.000000  4.834208e-11
9990.000000  4.802208e-11
10025.000000  4.627269e-11
10075.000000  4.466519e-11
10125.000000  4.622282e-11
10175.000000  4.568450e-11
10225.000000  4.536574e-11
10275.000000  4.499753e-11
10325.000000  4.413552e-11
10375.000000  4.371532e-11
10425.000000  4.329839e-11
10475.000000  4.226110e-11
10525.000000  4.210386e-11
10575.000000  4.158492e-11
10625.000000  4.106530e-11
10675.000000  3.986322e-11
10725.000000  3.985910e-11
10775.000000  3.940843e-11
10825.000000  3.870802e-11
10875.000000  3.827360e-11
10925.000000  3.549278e-11
10975.000000  3.673559e-11
11025.000000  3.737092e-11
11075.000000  3.716258e-11
11125.000000  3.658786e-11
11175.000000  3.613830e-11
11225.000000  3.588555e-11
11275.000000  3.491658e-11
11325.000000  3.461836e-11
11375.000000  3.445070e-11
11425.000000  3.378497e-11
11475.000000  3.394143e-11
11525.000000  3.357699e-11
11575.000000  3.307492e-11
11625.000000  3.232019e-11
11675.000000  3.189103e-11
11725.000000  3.213574e-11
11775.000000  3.115813e-11
11825.000000  3.103090e-11
11875.000000  3.050632e-11
11925.000000  3.082160e-11
11975.000000  2.988802e-11
12025.000000  2.990831e-11
12075.000000  2.948446e-11
12125.000000  2.924435e-11
12175.000000  2.913827e-11
12225.000000  2.879491e-11
12275.000000  2.840630e-11
12325.000000  2.814791e-11
12375.000000  2.786116e-11
12425.000000  2.759181e-11
12475.000000  2.732535e-11
12525.000000  2.693852e-11
12575.000000  2.657258e-11
12625.000000  2.637124e-11
12675.000000  2.612109e-11
12725.000000  2.588038e-11
12775.000000  2.529337e-11
12825.000000  2.275038e-11
12875.000000  2.480489e-11
12925.000000  2.474357e-11
12975.000000  2.461040e-11
13025.000000  2.431470e-11
13075.000000  2.415635e-11
13125.000000  2.377532e-11
13175.000000  2.348260e-11
13225.000000  2.342007e-11
13275.000000  2.307203e-11
13325.000000  2.292000e-11
13375.000000  2.266405e-11
13425.000000  2.249415e-11
13475.000000  2.226454e-11
13525.000000  2.200266e-11
13575.000000  2.167672e-11
13625.000000  2.157148e-11
13675.000000  2.131980e-11
13725.000000  2.095087e-11
13775.000000  2.085610e-11
13825.000000  2.068654e-11
13875.000000  2.058359e-11
13925.000000  2.028409e-11
13975.000000  2.011653e-11
14025.000000  1.987129e-11
14075.000000  1.976406e-11
14125.000000  1.946643e-11
14175.000000  1.938778e-11
14225.000000  1.905146e-11
14275.000000  1.878465e-11
14325.000000  1.878827e-11
14375.000000  1.868285e-11
14425.000000  1.798074e-11
14475.000000  1.826909e-11
14525.000000  1.783064e-11
14570.000000  1.787833e-11
14620.000000  1.766249e-11
14675.000000  1.755479e-11
14725.000000  1.724222e-11
14775.000000  1.706272e-11
14825.000000  1.696878e-11
14875.000000  1.665385e-11
14925.000000  1.680714e-11
14975.000000  1.653305e-11
15025.000000  1.625958e-11
15075.000000  1.606962e-11
15125.000000  1.610876e-11
15175.000000  1.599419e-11
15225.000000  1.573775e-11
15275.000000  1.566050e-11
15325.000000  1.547025e-11
15375.000000  1.535128e-11
15425.000000  1.507686e-11
15475.000000  1.503041e-11
15525.000000  1.488623e-11
15575.000000  1.457731e-11
15625.000000  1.474293e-11
15675.000000  1.434235e-11
15725.000000  1.410254e-11
15775.000000  1.406664e-11
15825.000000  1.406529e-11
15875.000000  1.319213e-11
15925.000000  1.370823e-11
15975.000000  1.377083e-11
16050.000000  1.343372e-11
16150.000000  1.282562e-11
16250.000000  1.316139e-11
16350.000000  1.262264e-11
16450.000000  1.195445e-11
16550.000000  1.239263e-11
16650.000000  1.216611e-11
16750.000000  1.159162e-11
16850.000000  1.092549e-11
16950.000000  1.144299e-11
17050.000000  1.114035e-11
17150.000000  1.096125e-11
17250.000000  1.059652e-11
17350.000000  9.628525e-12
17450.000000  1.007690e-11
17550.000000  1.003650e-11
17650.000000  9.833979e-12
17750.000000  9.659028e-12
17850.000000  9.473878e-12
17950.000000  9.322431e-12
18050.000000  9.054117e-12
18150.000000  8.287184e-12
18250.000000  8.558722e-12
18350.000000  8.561377e-12
18450.000000  8.380055e-12
18550.000000  8.220735e-12
18650.000000  8.005245e-12
18750.000000  7.264011e-12
18850.000000  7.682484e-12
18950.000000  7.492499e-12
19050.000000  7.498416e-12
19150.000000  7.342045e-12
19250.000000  7.199372e-12
19350.000000  6.992838e-12
19450.000000  6.382393e-12
19550.000000  6.755484e-12
19650.000000  6.672934e-12
19750.000000  6.534416e-12
19850.000000  6.441911e-12
19950.000000  6.324449e-12
20050.000000  6.225305e-12
20150.000000  6.127310e-12
20250.000000  5.989767e-12
20350.000000  5.858031e-12
20450.000000  5.802645e-12
20550.000000  5.690153e-12
20650.000000  5.569056e-12
20750.000000  5.481039e-12
20850.000000  5.387358e-12
20950.000000  5.277841e-12
21050.000000  5.203112e-12
21150.000000  5.099172e-12
21250.000000  5.010486e-12
21350.000000  4.930982e-12
21450.000000  4.857216e-12
21550.000000  4.747703e-12
21650.000000  4.346067e-12
21750.000000  4.551160e-12
21850.000000  4.518203e-12
21950.000000  4.467635e-12
22050.000000  4.366511e-12
22150.000000  4.304148e-12
22250.000000  4.244149e-12
22350.000000  4.173385e-12
22450.000000  4.105463e-12
22550.000000  4.014234e-12
22650.000000  3.960591e-12
22750.000000  3.905427e-12
22850.000000  3.832996e-12
22950.000000  3.772615e-12
23050.000000  3.724805e-12
23150.000000  3.659192e-12
23250.000000  3.606600e-12
23350.000000  3.543421e-12
23450.000000  3.495471e-12
23550.000000  3.437405e-12
23650.000000  3.388047e-12
23750.000000  3.320807e-12
23850.000000  3.271498e-12
23950.000000  3.229024e-12
24050.000000  3.175216e-12
24150.000000  3.120828e-12
24250.000000  3.079375e-12
24350.000000  3.024810e-12
24450.000000  2.985209e-12
24550.000000  2.927246e-12
24650.000000  2.895847e-12
24750.000000  2.845757e-12
24850.000000  2.797313e-12
24950.000000  2.753563e-12
