2505.000000  3.565970e-11
2513.000000  3.191510e-11
2518.000000  3.239726e-11
2525.000000  3.020435e-11
2535.000000  2.948876e-11
2545.000000  2.931352e-11
2555.000000  3.157488e-11
2565.000000  3.164280e-11
2575.000000  3.397810e-11
2585.000000  3.419231e-11
2595.000000  3.363125e-11
2605.000000  3.220653e-11
2615.000000  3.164387e-11
2625.000000  3.398669e-11
2635.000000  3.413572e-11
2645.000000  3.796958e-11
2655.000000  3.763911e-11
2665.000000  3.462550e-11
2675.000000  3.601285e-11
2685.000000  3.616516e-11
2695.000000  3.425234e-11
2705.000000  3.496846e-11
2715.000000  3.318768e-11
2725.000000  3.346272e-11
2735.000000  3.589613e-11
2745.000000  3.061896e-11
2755.000000  3.139582e-11
2765.000000  3.256516e-11
2775.000000  3.479357e-11
2785.000000  3.388733e-11
2795.000000  2.527838e-11
2805.000000  2.851125e-11
2815.000000  3.580280e-11
2825.000000  3.605862e-11
2835.000000  3.482517e-11
2845.000000  3.362901e-11
2855.000000  3.240442e-11
2865.000000  3.455500e-11
2875.000000  3.372101e-11
2885.000000  3.448212e-11
2895.000000  3.329642e-11
2910.000000  3.639768e-11
2930.000000  3.506833e-11
2950.000000  3.488423e-11
2970.000000  3.532088e-11
2990.000000  3.544689e-11
3010.000000  3.579649e-11
3030.000000  3.554058e-11
3050.000000  3.533779e-11
3070.000000  3.508294e-11
3090.000000  3.540128e-11
3110.000000  3.471854e-11
3130.000000  3.458810e-11
3150.000000  3.502475e-11
3170.000000  3.483295e-11
3190.000000  3.357436e-11
3210.000000  3.413817e-11
3230.000000  3.339628e-11
3250.000000  3.386250e-11
3270.000000  3.404164e-11
3290.000000  3.427011e-11
3310.000000  3.434405e-11
3330.000000  3.370240e-11
3350.000000  3.320429e-11
3370.000000  3.317746e-11
3390.000000  3.297139e-11
3410.000000  3.336536e-11
3430.000000  3.331108e-11
3450.000000  3.306012e-11
3470.000000  3.271601e-11
3490.000000  3.261736e-11
3510.000000  3.288744e-11
3530.000000  3.284361e-11
3550.000000  3.287150e-11
3570.000000  3.223702e-11
3590.000000  3.208250e-11
3610.000000  3.200466e-11
3630.000000  3.199147e-11
3640.000000  3.180135e-11
3650.000000  3.222870e-11
3670.000000  3.212677e-11
3690.000000  3.086375e-11
3710.000000  3.175414e-11
3730.000000  3.260016e-11
3750.000000  4.096968e-11
3770.000000  4.367273e-11
3790.000000  5.404415e-11
3810.000000  6.404950e-11
3830.000000  5.031424e-11
3850.000000  7.186124e-11
3870.000000  8.265073e-11
3890.000000  4.417677e-11
3910.000000  8.293446e-11
3930.000000  8.647220e-11
3950.000000  8.301876e-11
3970.000000  4.226935e-11
3990.000000  7.908198e-11
4010.000000  9.219371e-11
4030.000000  9.284017e-11
4050.000000  9.129492e-11
4070.000000  8.546266e-11
4090.000000  6.271308e-11
4110.000000  4.710936e-11
4130.000000  8.003678e-11
4150.000000  8.575774e-11
4170.000000  8.579317e-11
4190.000000  8.491049e-11
4210.000000  8.410271e-11
4230.000000  8.227641e-11
4250.000000  8.154045e-11
4270.000000  7.951641e-11
4290.000000  7.830375e-11
4310.000000  7.186394e-11
4330.000000  5.158002e-11
4350.000000  4.365927e-11
4370.000000  6.970475e-11
4390.000000  7.306570e-11
4410.000000  7.306518e-11
4430.000000  7.282406e-11
4450.000000  7.269300e-11
4470.000000  7.188035e-11
4490.000000  7.057013e-11
4510.000000  7.045607e-11
4530.000000  6.921997e-11
4550.000000  6.780845e-11
4570.000000  6.804780e-11
4590.000000  6.680125e-11
4610.000000  6.689706e-11
4630.000000  6.538804e-11
4650.000000  6.526690e-11
4670.000000  6.449481e-11
4690.000000  6.298145e-11
4710.000000  6.098478e-11
4730.000000  6.205421e-11
4750.000000  6.136377e-11
4770.000000  6.041803e-11
4790.000000  5.939994e-11
4810.000000  5.776215e-11
4830.000000  5.404329e-11
4850.000000  4.057181e-11
4870.000000  3.266762e-11
4890.000000  5.043779e-11
4910.000000  5.413744e-11
4930.000000  5.404208e-11
4950.000000  5.427709e-11
4970.000000  5.409839e-11
4990.000000  5.330940e-11
5010.000000  5.218231e-11
5030.000000  5.225509e-11
5050.000000  5.147645e-11
5070.000000  5.129394e-11
5090.000000  5.071038e-11
5110.000000  5.019474e-11
5130.000000  4.953777e-11
5150.000000  4.887806e-11
5170.000000  4.766055e-11
5190.000000  4.728792e-11
5210.000000  4.726817e-11
5230.000000  4.642215e-11
5250.000000  4.650042e-11
5270.000000  4.528079e-11
5290.000000  4.545329e-11
5310.000000  4.471521e-11
5330.000000  4.410375e-11
5350.000000  4.406806e-11
5370.000000  4.344616e-11
5390.000000  4.304998e-11
5410.000000  4.242205e-11
5430.000000  4.212558e-11
5450.000000  4.177597e-11
5470.000000  4.135623e-11
5490.000000  4.098635e-11
5510.000000  4.056935e-11
5530.000000  4.005265e-11
5550.000000  3.977043e-11
5570.000000  3.930633e-11
5590.000000  3.888332e-11
5610.000000  3.854248e-11
5630.000000  3.820766e-11
5650.000000  3.779616e-11
5670.000000  3.739068e-11
5690.000000  3.705258e-11
5710.000000  3.668217e-11
5730.000000  3.636488e-11
5750.000000  3.596489e-11
5770.000000  3.562680e-11
5790.000000  3.526515e-11
5810.000000  3.492706e-11
5830.000000  3.459445e-11
5850.000000  3.424432e-11
5870.000000  3.389746e-11
5890.000000  3.329858e-11
5910.000000  3.324978e-11
5930.000000  3.293197e-11
5950.000000  3.259662e-11
5970.000000  3.229634e-11
5990.000000  3.195497e-11
6010.000000  3.163388e-11
6030.000000  3.136264e-11
6050.000000  3.106838e-11
6070.000000  3.079440e-11
6090.000000  3.049084e-11
6110.000000  3.019331e-11
6130.000000  2.987222e-11
6150.000000  2.945195e-11
6170.000000  2.928866e-11
6190.000000  2.909083e-11
6210.000000  2.881959e-11
6230.000000  2.852480e-11
6250.000000  2.814509e-11
6270.000000  2.803218e-11
6290.000000  2.776971e-11
6310.000000  2.747767e-11
6330.000000  2.724150e-11
6350.000000  2.686232e-11
6370.000000  2.666396e-11
6390.000000  2.649465e-11
6410.000000  2.619986e-11
6430.000000  2.595492e-11
6450.000000  2.558123e-11
6470.000000  2.540643e-11
6490.000000  2.502397e-11
6510.000000  2.458342e-11
6530.000000  2.359986e-11
6550.000000  2.013958e-11
6570.000000  1.618510e-11
6590.000000  2.210014e-11
6610.000000  2.331437e-11
6630.000000  2.349573e-11
6650.000000  2.342887e-11
6670.000000  2.327435e-11
6690.000000  2.311106e-11
6710.000000  2.295051e-11
6730.000000  2.275818e-11
6750.000000  2.255380e-11
6770.000000  2.238502e-11
6790.000000  2.218940e-11
6810.000000  2.199981e-11
6830.000000  2.179543e-11
6850.000000  2.161461e-11
6870.000000  2.143378e-11
6890.000000  2.125296e-11
6910.000000  2.106611e-11
6930.000000  2.088529e-11
6950.000000  2.070447e-11
6970.000000  2.053241e-11
6990.000000  2.036035e-11
7010.000000  2.015872e-11
7030.000000  2.000419e-11
7050.000000  1.984090e-11
7070.000000  1.968036e-11
7090.000000  1.951707e-11
7110.000000  1.922777e-11
7130.000000  1.916693e-11
7150.000000  1.901515e-11
7170.000000  1.886063e-11
7190.000000  1.870008e-11
7210.000000  1.855432e-11
7230.000000  1.839980e-11
7250.000000  1.823925e-11
7270.000000  1.810501e-11
7290.000000  1.794446e-11
7310.000000  1.779870e-11
7330.000000  1.765569e-11
7350.000000  1.752145e-11
7370.000000  1.738446e-11
7390.000000  1.723268e-11
7410.000000  1.708090e-11
7430.000000  1.692912e-11
7450.000000  1.680364e-11
7470.000000  1.663433e-11
7490.000000  1.651762e-11
7510.000000  1.640692e-11
7530.000000  1.628145e-11
7550.000000  1.616473e-11
7570.000000  1.603049e-11
7590.000000  1.591103e-11
7610.000000  1.578555e-11
7630.000000  1.565405e-11
7650.000000  1.552583e-11
7670.000000  1.539433e-11
7690.000000  1.528364e-11
7710.000000  1.515816e-11
7730.000000  1.505021e-11
7750.000000  1.493350e-11
7770.000000  1.458611e-11
7790.000000  1.470008e-11
7810.000000  1.458611e-11
7830.000000  1.446063e-11
7850.000000  1.434117e-11
7870.000000  1.420967e-11
7890.000000  1.409021e-11
7910.000000  1.401131e-11
7930.000000  1.390611e-11
7950.000000  1.378063e-11
7970.000000  1.371378e-11
7990.000000  1.354447e-11
8010.000000  1.350063e-11
8030.000000  1.339269e-11
8050.000000  1.329953e-11
8070.000000  1.319433e-11
8090.000000  1.309515e-11
8110.000000  1.300474e-11
8130.000000  1.290556e-11
8150.000000  1.280912e-11
8170.000000  1.270995e-11
8190.000000  1.256091e-11
8210.000000  1.250557e-11
8230.000000  1.241516e-11
8250.000000  1.232749e-11
8270.000000  1.229844e-11
8290.000000  1.220803e-11
8310.000000  1.212913e-11
8330.000000  1.198010e-11
8350.000000  1.195707e-11
8370.000000  1.186666e-11
8390.000000  1.175544e-11
8410.000000  1.166228e-11
8430.000000  1.156310e-11
8450.000000  1.138502e-11
8470.000000  1.123050e-11
8490.000000  1.135872e-11
8510.000000  1.083325e-11
8530.000000  1.128859e-11
8550.000000  1.023163e-11
8570.000000  1.132640e-11
8590.000000  1.053572e-11
8610.000000  1.027599e-11
8630.000000  1.134942e-11
8650.000000  1.084202e-11
8670.000000  9.046973e-12
8690.000000  1.102231e-11
8710.000000  1.144532e-11
8730.000000  1.092038e-11
8750.000000  8.615791e-12
8770.000000  1.035161e-11
8790.000000  1.133136e-11
8810.000000  1.142726e-11
8830.000000  1.107438e-11
8850.000000  9.753263e-12
8870.000000  8.259800e-12
8890.000000  1.046505e-11
8910.000000  1.104808e-11
8930.000000  1.116479e-11
8950.000000  1.116479e-11
8970.000000  1.090232e-11
8990.000000  1.022560e-11
9010.000000  8.074981e-12
9030.000000  8.839241e-12
9050.000000  1.024588e-11
9070.000000  1.047877e-11
9090.000000  1.047001e-11
9110.000000  1.060753e-11
9130.000000  1.060478e-11
9150.000000  1.050835e-11
9170.000000  1.032753e-11
9190.000000  9.977388e-12
9210.000000  9.096291e-12
9230.000000  7.086062e-12
9250.000000  8.732235e-12
9270.000000  9.510541e-12
9290.000000  9.889722e-12
9310.000000  9.942322e-12
9330.000000  9.916023e-12
9350.000000  9.875466e-12
9370.000000  9.816844e-12
9390.000000  9.723687e-12
9410.000000  9.533565e-12
9430.000000  9.574653e-12
9450.000000  9.501774e-12
9470.000000  9.393828e-12
9490.000000  9.215749e-12
9510.000000  8.871368e-12
9530.000000  7.984399e-12
9550.000000  6.418836e-12
9570.000000  8.061059e-12
9590.000000  8.695095e-12
9610.000000  8.835700e-12
9630.000000  8.818167e-12
9650.000000  8.874982e-12
9670.000000  8.777947e-12
9690.000000  8.773997e-12
9710.000000  8.746156e-12
9730.000000  8.691749e-12
9750.000000  8.633393e-12
9770.000000  8.588019e-12
9790.000000  8.529663e-12
9810.000000  8.472405e-12
9830.000000  8.409063e-12
9850.000000  8.337177e-12
9870.000000  8.273560e-12
9890.000000  8.182493e-12
9910.000000  8.151863e-12
9930.000000  8.082712e-12
9950.000000  8.016740e-12
9970.000000  7.931535e-12
9990.000000  7.795810e-12
10025.000000  6.959210e-12
10075.000000  6.601901e-12
10125.000000  7.466005e-12
10175.000000  7.463482e-12
10225.000000  7.372742e-12
10275.000000  7.263920e-12
10325.000000  7.142772e-12
10375.000000  7.029841e-12
10425.000000  6.917786e-12
10475.000000  6.777847e-12
10525.000000  6.687488e-12
10575.000000  6.586502e-12
10625.000000  6.483162e-12
10675.000000  6.307607e-12
10725.000000  6.249905e-12
10775.000000  6.158564e-12
10825.000000  6.037415e-12
10875.000000  5.834841e-12
10925.000000  4.859621e-12
10975.000000  5.315064e-12
11025.000000  5.645198e-12
11075.000000  5.619278e-12
11125.000000  5.548047e-12
11175.000000  5.473636e-12
11225.000000  5.394568e-12
11275.000000  5.270409e-12
11325.000000  5.192164e-12
11375.000000  5.147560e-12
11425.000000  5.065808e-12
11475.000000  5.005477e-12
11525.000000  4.933369e-12
11575.000000  4.860109e-12
11625.000000  4.768059e-12
11675.000000  4.678692e-12
11725.000000  4.652276e-12
11775.000000  4.535077e-12
11825.000000  4.496335e-12
11875.000000  4.423900e-12
11925.000000  4.391896e-12
11975.000000  4.309215e-12
12025.000000  4.262256e-12
12075.000000  4.195956e-12
12125.000000  4.140230e-12
12175.000000  4.088011e-12
12225.000000  4.028725e-12
12275.000000  3.969164e-12
12325.000000  3.915466e-12
12375.000000  3.863796e-12
12425.000000  3.813604e-12
12475.000000  3.756674e-12
12525.000000  3.706155e-12
12575.000000  3.644513e-12
12625.000000  3.592568e-12
12675.000000  3.543253e-12
12725.000000  3.470543e-12
12775.000000  3.290657e-12
12825.000000  2.802945e-12
12875.000000  3.239863e-12
12925.000000  3.293615e-12
12975.000000  3.269998e-12
13025.000000  3.235259e-12
13075.000000  3.196738e-12
13125.000000  3.154109e-12
13175.000000  3.107973e-12
13225.000000  3.072357e-12
13275.000000  3.032358e-12
13325.000000  2.992961e-12
13375.000000  2.954113e-12
13425.000000  2.915867e-12
13475.000000  2.878224e-12
13525.000000  2.838225e-12
13575.000000  2.802281e-12
13625.000000  2.768419e-12
13675.000000  2.732528e-12
13725.000000  2.688695e-12
13775.000000  2.662722e-12
13825.000000  2.629736e-12
13875.000000  2.598504e-12
13925.000000  2.563163e-12
13975.000000  2.532807e-12
14025.000000  2.501574e-12
14075.000000  2.471219e-12
14125.000000  2.439658e-12
14175.000000  2.410179e-12
14225.000000  2.379824e-12
14275.000000  2.350619e-12
14325.000000  2.322291e-12
14375.000000  2.294565e-12
14425.000000  2.246897e-12
14475.000000  2.237909e-12
14525.000000  2.201966e-12
14570.000000  2.187115e-12
14620.000000  2.159062e-12
14675.000000  2.134843e-12
14725.000000  2.108543e-12
14775.000000  2.080215e-12
14825.000000  2.058900e-12
14875.000000  2.029970e-12
14925.000000  2.014518e-12
14975.000000  1.990299e-12
15025.000000  1.962245e-12
15075.000000  1.941807e-12
15125.000000  1.921369e-12
15175.000000  1.898903e-12
15225.000000  1.876987e-12
15275.000000  1.851891e-12
15325.000000  1.828823e-12
15375.000000  1.811892e-12
15425.000000  1.775948e-12
15475.000000  1.768660e-12
15525.000000  1.747346e-12
15575.000000  1.699731e-12
15625.000000  1.725154e-12
15675.000000  1.670252e-12
15725.000000  1.627021e-12
15775.000000  1.671678e-12
15825.000000  1.650088e-12
15875.000000  1.518092e-12
15925.000000  1.589049e-12
15975.000000  1.615349e-12
16050.000000  1.558091e-12
16150.000000  1.464341e-12
16250.000000  1.537653e-12
16350.000000  1.451793e-12
16450.000000  1.357714e-12
16550.000000  1.447135e-12
16650.000000  1.418807e-12
16750.000000  1.325331e-12
16850.000000  1.237115e-12
16950.000000  1.326810e-12
17050.000000  1.305495e-12
17150.000000  1.278044e-12
17250.000000  1.235087e-12
17350.000000  1.083476e-12
17450.000000  1.165281e-12
17550.000000  1.169992e-12
17650.000000  1.149828e-12
17750.000000  1.127637e-12
17850.000000  1.103967e-12
17950.000000  1.080625e-12
18050.000000  1.047913e-12
18150.000000  9.290136e-13
18250.000000  9.772305e-13
18350.000000  9.921340e-13
18450.000000  9.754773e-13
18550.000000  9.541627e-13
18650.000000  9.243559e-13
18750.000000  8.164421e-13
18850.000000  8.839351e-13
18950.000000  8.800336e-13
19050.000000  8.676061e-13
19150.000000  8.509219e-13
19250.000000  8.319690e-13
19350.000000  8.037783e-13
19450.000000  7.120448e-13
19550.000000  7.734339e-13
19650.000000  7.709572e-13
19750.000000  7.584863e-13
19850.000000  7.449963e-13
19950.000000  7.311829e-13
20050.000000  7.177203e-13
20150.000000  7.045481e-13
20250.000000  6.915512e-13
20350.000000  6.788448e-13
20450.000000  6.666972e-13
20550.000000  6.546647e-13
20650.000000  6.425994e-13
20750.000000  6.312407e-13
20850.000000  6.200849e-13
20950.000000  6.089565e-13
21050.000000  5.981513e-13
21150.000000  5.870504e-13
21250.000000  5.766233e-13
21350.000000  5.667222e-13
21450.000000  5.555389e-13
21550.000000  5.393258e-13
21650.000000  4.815364e-13
21750.000000  5.161649e-13
21850.000000  5.178031e-13
21950.000000  5.111732e-13
22050.000000  5.025597e-13
22150.000000  4.937656e-13
22250.000000  4.860287e-13
22350.000000  4.778810e-13
22450.000000  4.699963e-13
22550.000000  4.619035e-13
22650.000000  4.545447e-13
22750.000000  4.470381e-13
22850.000000  4.398822e-13
22950.000000  4.326988e-13
23050.000000  4.258935e-13
23150.000000  4.190006e-13
23250.000000  4.124309e-13
23350.000000  4.058284e-13
23450.000000  3.994615e-13
23550.000000  3.931822e-13
23650.000000  3.869906e-13
23750.000000  3.808867e-13
23850.000000  3.748979e-13
23950.000000  3.690570e-13
24050.000000  3.633037e-13
24150.000000  3.576107e-13
24250.000000  3.521479e-13
24350.000000  3.465974e-13
24450.000000  3.410797e-13
24550.000000  3.360827e-13
24650.000000  3.305047e-13
24750.000000  3.255405e-13
24850.000000  3.213050e-13
24950.000000  3.138586e-13
