2505.000000  4.519807e-16
2513.000000  2.529304e-16
2518.000000  2.764199e-16
2525.000000  3.837556e-16
2535.000000  1.560385e-15
2545.000000  1.965514e-15
2555.000000  2.370387e-15
2565.000000  8.626551e-16
2575.000000  2.343219e-15
2585.000000  9.983634e-16
2595.000000  1.696886e-15
2605.000000  2.694494e-15
2615.000000  2.013663e-15
2625.000000  4.708544e-15
2635.000000  1.009981e-14
2645.000000  6.938524e-15
2655.000000  1.537021e-14
2665.000000  8.301569e-15
2675.000000  9.125834e-15
2685.000000  1.226819e-14
2695.000000  5.477855e-15
2705.000000  1.638070e-14
2715.000000  1.147638e-14
2725.000000  7.571552e-15
2735.000000  8.940031e-15
2745.000000  1.329407e-14
2755.000000  1.350261e-14
2765.000000  2.508648e-14
2775.000000  3.535857e-14
2785.000000  1.764294e-14
2795.000000  1.548227e-14
2805.000000  1.599722e-14
2815.000000  2.927505e-14
2825.000000  2.883090e-14
2835.000000  1.938882e-14
2845.000000  9.488639e-15
2855.000000  3.094723e-15
2865.000000  1.904660e-14
2875.000000  2.872754e-14
2885.000000  6.396693e-14
2895.000000  8.889529e-14
2910.000000  1.302533e-13
2930.000000  1.360945e-13
2950.000000  1.204722e-13
2970.000000  1.193930e-13
2990.000000  1.375615e-13
3010.000000  1.350947e-13
3030.000000  2.017220e-13
3050.000000  2.411826e-13
3070.000000  4.130376e-13
3090.000000  5.275109e-13
3110.000000  9.315644e-13
3130.000000  7.657336e-13
3150.000000  1.207690e-12
3170.000000  1.691274e-12
3190.000000  1.353480e-12
3210.000000  1.564249e-12
3230.000000  1.215199e-12
3250.000000  2.150800e-12
3270.000000  3.122302e-12
3290.000000  3.770580e-12
3310.000000  2.995120e-12
3330.000000  3.189082e-12
3350.000000  2.900304e-12
3370.000000  1.845432e-12
3390.000000  2.195780e-12
3410.000000  2.856584e-12
3430.000000  3.692212e-12
3450.000000  3.329081e-12
3470.000000  3.665100e-12
3490.000000  4.766515e-12
3510.000000  5.806654e-12
3530.000000  4.786271e-12
3550.000000  6.739229e-12
3570.000000  3.013410e-12
3590.000000  3.054822e-12
3610.000000  5.271812e-12
3630.000000  7.506906e-12
3640.000000  8.602953e-12
3650.000000  8.985907e-12
3670.000000  1.115647e-11
3690.000000  9.908584e-12
3710.000000  9.198631e-12
3730.000000  3.628664e-12
3750.000000  4.678069e-12
3770.000000  8.607764e-12
3790.000000  9.479890e-12
3810.000000  7.995801e-12
3830.000000  3.149392e-12
3850.000000  4.810504e-12
3870.000000  5.077318e-12
3890.000000  8.231918e-12
3910.000000  1.002576e-11
3930.000000  2.660364e-12
3950.000000  6.569752e-12
3970.000000  3.712669e-12
3990.000000  1.608884e-11
4010.000000  2.277733e-11
4030.000000  2.099243e-11
4050.000000  2.075394e-11
4070.000000  1.970201e-11
4090.000000  2.636036e-11
4110.000000  2.114986e-11
4130.000000  2.071481e-11
4150.000000  1.885089e-11
4170.000000  1.871748e-11
4190.000000  2.059132e-11
4210.000000  2.147621e-11
4230.000000  2.077412e-11
4250.000000  2.677537e-11
4270.000000  2.541996e-11
4290.000000  2.396786e-11
4310.000000  2.260511e-11
4330.000000  3.494551e-11
4350.000000  3.605849e-11
4370.000000  3.840096e-11
4390.000000  3.401018e-11
4410.000000  3.618838e-11
4430.000000  4.055494e-11
4450.000000  4.211783e-11
4470.000000  4.599569e-11
4490.000000  4.924163e-11
4510.000000  5.832393e-11
4530.000000  4.941728e-11
4550.000000  5.238884e-11
4570.000000  5.811277e-11
4590.000000  5.725723e-11
4610.000000  6.044029e-11
4630.000000  5.968631e-11
4650.000000  6.035955e-11
4670.000000  6.437327e-11
4690.000000  6.389519e-11
4710.000000  6.279545e-11
4730.000000  6.449983e-11
4750.000000  6.738478e-11
4770.000000  6.677000e-11
4790.000000  6.646591e-11
4810.000000  6.902242e-11
4830.000000  7.132898e-11
4850.000000  7.023208e-11
4870.000000  6.740921e-11
4890.000000  7.306552e-11
4910.000000  7.334729e-11
4930.000000  7.133882e-11
4950.000000  7.639341e-11
4970.000000  7.355288e-11
4990.000000  6.844916e-11
5010.000000  6.398979e-11
5030.000000  6.849197e-11
5050.000000  6.724313e-11
5070.000000  6.953842e-11
5090.000000  6.365871e-11
5110.000000  6.628251e-11
5130.000000  6.265920e-11
5150.000000  6.097353e-11
5170.000000  5.743304e-11
5190.000000  6.218070e-11
5210.000000  6.514424e-11
5230.000000  7.814116e-11
5250.000000  8.081946e-11
5270.000000  7.303100e-11
5290.000000  8.442113e-11
5310.000000  9.215048e-11
5330.000000  8.106409e-11
5350.000000  8.966269e-11
5370.000000  9.088004e-11
5390.000000  8.598174e-11
5410.000000  8.703992e-11
5430.000000  8.713237e-11
5450.000000  9.255086e-11
5470.000000  8.951588e-11
5490.000000  8.945141e-11
5510.000000  8.845642e-11
5530.000000  9.417932e-11
5550.000000  9.681017e-11
5570.000000  9.489944e-11
5590.000000  9.196565e-11
5610.000000  9.690887e-11
5630.000000  9.583023e-11
5650.000000  9.759267e-11
5670.000000  9.475555e-11
5690.000000  9.942306e-11
5710.000000  9.326924e-11
5730.000000  1.033969e-10
5750.000000  1.007210e-10
5770.000000  1.032343e-10
5790.000000  9.677886e-11
5810.000000  1.036216e-10
5830.000000  1.079864e-10
5850.000000  1.040970e-10
5870.000000  1.046218e-10
5890.000000  8.705664e-11
5910.000000  1.027114e-10
5930.000000  1.036862e-10
5950.000000  1.035135e-10
5970.000000  1.077071e-10
5990.000000  1.051406e-10
6010.000000  1.033480e-10
6030.000000  1.073708e-10
6050.000000  1.097978e-10
6070.000000  1.089094e-10
6090.000000  1.048158e-10
6110.000000  1.062669e-10
6130.000000  9.911793e-11
6150.000000  1.041666e-10
6170.000000  9.886361e-11
6190.000000  1.052149e-10
6210.000000  1.033654e-10
6230.000000  1.003469e-10
6250.000000  9.595178e-11
6270.000000  1.010327e-10
6290.000000  1.047763e-10
6310.000000  1.022958e-10
6330.000000  1.053107e-10
6350.000000  1.065246e-10
6370.000000  1.059827e-10
6390.000000  1.075670e-10
6410.000000  1.059751e-10
6430.000000  1.068865e-10
6450.000000  1.071643e-10
6470.000000  1.076284e-10
6490.000000  1.041409e-10
6510.000000  1.079750e-10
6530.000000  1.096616e-10
6550.000000  1.073506e-10
6570.000000  1.071236e-10
6590.000000  1.091019e-10
6610.000000  1.092935e-10
6630.000000  1.099928e-10
6650.000000  1.094653e-10
6670.000000  1.075130e-10
6690.000000  1.107025e-10
6710.000000  1.062301e-10
6730.000000  1.108743e-10
6750.000000  1.079255e-10
6770.000000  1.097945e-10
6790.000000  1.091347e-10
6810.000000  1.094453e-10
6830.000000  1.114449e-10
6850.000000  1.087701e-10
6870.000000  1.100378e-10
6890.000000  1.121790e-10
6910.000000  1.114079e-10
6930.000000  1.097037e-10
6950.000000  1.077554e-10
6970.000000  1.098171e-10
6990.000000  1.075486e-10
7010.000000  1.065249e-10
7030.000000  1.090681e-10
7050.000000  1.101946e-10
7070.000000  1.064851e-10
7090.000000  1.054488e-10
7110.000000  1.040946e-10
7130.000000  1.019395e-10
7150.000000  1.020533e-10
7170.000000  1.050061e-10
7190.000000  1.022682e-10
7210.000000  1.041956e-10
7230.000000  1.079396e-10
7250.000000  1.069158e-10
7270.000000  1.073292e-10
7290.000000  1.055284e-10
7310.000000  1.068816e-10
7330.000000  1.067415e-10
7350.000000  1.063593e-10
7370.000000  1.096372e-10
7390.000000  1.079458e-10
7410.000000  1.070274e-10
7430.000000  1.086697e-10
7450.000000  1.088636e-10
7470.000000  1.087412e-10
7490.000000  1.082381e-10
7510.000000  1.102155e-10
7530.000000  1.108679e-10
7550.000000  1.114703e-10
7570.000000  1.108502e-10
7590.000000  1.098240e-10
7610.000000  1.103038e-10
7630.000000  1.106298e-10
7650.000000  1.110266e-10
7670.000000  1.070807e-10
7690.000000  1.110033e-10
7710.000000  1.081066e-10
7730.000000  1.089042e-10
7750.000000  1.083021e-10
7770.000000  1.109060e-10
7790.000000  1.102815e-10
7810.000000  1.108642e-10
7830.000000  1.094659e-10
7850.000000  1.084883e-10
7870.000000  1.090996e-10
7890.000000  1.051654e-10
7910.000000  1.022787e-10
7930.000000  1.031362e-10
7950.000000  1.008176e-10
7970.000000  1.055709e-10
7990.000000  1.048898e-10
8010.000000  1.052264e-10
8030.000000  1.054484e-10
8050.000000  1.045403e-10
8070.000000  1.028831e-10
8090.000000  1.011107e-10
8110.000000  1.007531e-10
8130.000000  1.026036e-10
8150.000000  1.030202e-10
8170.000000  1.033749e-10
8190.000000  1.013490e-10
8210.000000  1.009856e-10
8230.000000  1.031559e-10
8250.000000  1.032370e-10
8270.000000  1.049283e-10
8290.000000  1.038914e-10
8310.000000  1.000888e-10
8330.000000  1.006995e-10
8350.000000  1.008399e-10
8370.000000  1.016089e-10
8390.000000  9.717152e-11
8410.000000  1.021543e-10
8430.000000  9.902035e-11
8450.000000  1.019082e-10
8470.000000  1.020404e-10
8490.000000  1.011564e-10
8510.000000  9.617414e-11
8530.000000  1.001663e-10
8550.000000  8.414442e-11
8570.000000  1.030263e-10
8590.000000  1.022513e-10
8610.000000  1.023035e-10
8630.000000  1.029204e-10
8650.000000  1.026328e-10
8670.000000  8.648785e-11
8690.000000  9.876741e-11
8710.000000  1.023464e-10
8730.000000  1.025804e-10
8750.000000  1.022027e-10
8770.000000  1.025243e-10
8790.000000  1.025964e-10
8810.000000  1.000000e-10
8830.000000  1.013407e-10
8850.000000  1.025831e-10
8870.000000  1.008037e-10
8890.000000  1.024775e-10
8910.000000  1.032508e-10
8930.000000  1.008855e-10
8950.000000  1.001509e-10
8970.000000  1.008214e-10
8990.000000  1.014322e-10
9010.000000  9.740832e-11
9030.000000  9.996927e-11
9050.000000  1.021051e-10
9070.000000  1.019366e-10
9090.000000  9.812194e-11
9110.000000  9.821169e-11
9130.000000  1.002177e-10
9150.000000  9.412944e-11
9170.000000  9.188994e-11
9190.000000  9.307987e-11
9210.000000  9.128247e-11
9230.000000  9.300370e-11
9250.000000  9.222504e-11
9270.000000  9.339943e-11
9290.000000  9.232647e-11
9310.000000  9.504165e-11
9330.000000  9.531836e-11
9350.000000  9.410676e-11
9370.000000  9.288669e-11
9390.000000  9.225243e-11
9410.000000  9.082263e-11
9430.000000  9.157556e-11
9450.000000  8.970820e-11
9470.000000  9.229796e-11
9490.000000  9.183698e-11
9510.000000  9.350260e-11
9530.000000  9.272477e-11
9550.000000  9.173476e-11
9570.000000  9.210318e-11
9590.000000  9.358397e-11
9610.000000  9.228671e-11
9630.000000  9.252555e-11
9650.000000  8.981939e-11
9670.000000  8.966089e-11
9690.000000  9.158990e-11
9710.000000  9.108201e-11
9730.000000  9.049374e-11
9750.000000  9.052911e-11
9770.000000  9.114501e-11
9790.000000  8.894288e-11
9810.000000  9.243811e-11
9830.000000  9.161142e-11
9850.000000  9.271681e-11
9870.000000  9.239469e-11
9890.000000  9.271646e-11
9910.000000  9.191574e-11
9930.000000  9.248880e-11
9950.000000  9.204474e-11
9970.000000  9.255774e-11
9990.000000  9.262341e-11
10025.000000  9.148478e-11
10075.000000  9.088030e-11
10125.000000  9.130396e-11
10175.000000  9.027613e-11
10225.000000  9.062465e-11
10275.000000  9.081760e-11
10325.000000  8.923756e-11
10375.000000  8.888625e-11
10425.000000  8.937592e-11
10475.000000  8.858803e-11
10525.000000  8.880205e-11
10575.000000  8.778018e-11
10625.000000  8.757899e-11
10675.000000  8.625244e-11
10725.000000  8.633760e-11
10775.000000  8.566205e-11
10825.000000  8.465846e-11
10875.000000  8.375135e-11
10925.000000  8.222811e-11
10975.000000  7.735373e-11
11025.000000  7.702466e-11
11075.000000  7.830447e-11
11125.000000  7.827133e-11
11175.000000  7.916853e-11
11225.000000  7.916326e-11
11275.000000  7.813116e-11
11325.000000  7.881653e-11
11375.000000  7.722800e-11
11425.000000  7.778185e-11
11475.000000  7.865549e-11
11525.000000  7.875155e-11
11575.000000  7.798967e-11
11625.000000  7.700285e-11
11675.000000  7.728111e-11
11725.000000  7.836959e-11
11775.000000  7.694729e-11
11825.000000  7.678941e-11
11875.000000  7.585107e-11
11925.000000  7.724047e-11
11975.000000  7.446467e-11
12025.000000  7.595282e-11
12075.000000  7.543297e-11
12125.000000  7.563460e-11
12175.000000  7.570512e-11
12225.000000  7.546442e-11
12275.000000  7.508737e-11
12325.000000  7.471499e-11
12375.000000  7.448485e-11
12425.000000  7.408779e-11
12475.000000  7.411505e-11
12525.000000  7.350026e-11
12575.000000  7.348094e-11
12625.000000  7.323373e-11
12675.000000  7.273151e-11
12725.000000  7.281207e-11
12775.000000  7.285179e-11
12825.000000  7.083028e-11
12875.000000  7.169038e-11
12925.000000  7.085342e-11
12975.000000  7.170154e-11
13025.000000  7.122079e-11
13075.000000  7.143701e-11
13125.000000  7.038956e-11
13175.000000  7.029443e-11
13225.000000  7.048299e-11
13275.000000  6.945134e-11
13325.000000  6.994517e-11
13375.000000  6.977349e-11
13425.000000  6.996280e-11
13475.000000  6.981772e-11
13525.000000  6.965128e-11
13575.000000  6.878914e-11
13625.000000  6.833926e-11
13675.000000  6.880857e-11
13725.000000  6.907669e-11
13775.000000  6.869851e-11
13825.000000  6.885701e-11
13875.000000  6.802973e-11
13925.000000  6.691404e-11
13975.000000  6.719379e-11
14025.000000  6.668886e-11
14075.000000  6.563282e-11
14125.000000  6.379668e-11
14175.000000  6.377391e-11
14225.000000  6.371518e-11
14275.000000  6.307573e-11
14325.000000  6.417142e-11
14375.000000  6.461987e-11
14425.000000  6.339945e-11
14475.000000  6.529975e-11
14525.000000  6.357883e-11
14570.000000  6.345475e-11
14620.000000  6.226830e-11
14675.000000  6.211579e-11
14725.000000  6.201760e-11
14775.000000  6.276037e-11
14825.000000  6.300784e-11
14875.000000  6.296104e-11
14925.000000  6.415895e-11
14975.000000  6.416647e-11
15025.000000  6.285928e-11
15075.000000  6.264950e-11
15125.000000  6.300531e-11
15175.000000  6.369095e-11
15225.000000  6.380016e-11
15275.000000  6.351949e-11
15325.000000  6.415249e-11
15375.000000  6.418524e-11
15425.000000  6.378847e-11
15475.000000  6.483704e-11
15525.000000  6.370242e-11
15575.000000  6.232065e-11
15625.000000  6.404592e-11
15675.000000  6.376817e-11
15725.000000  6.381378e-11
15775.000000  6.075099e-11
15825.000000  6.249247e-11
15875.000000  6.137171e-11
15925.000000  6.326101e-11
15975.000000  6.250914e-11
16050.000000  6.229961e-11
16150.000000  6.251267e-11
16250.000000  6.165021e-11
16350.000000  6.259051e-11
16450.000000  5.955063e-11
16550.000000  6.105549e-11
16650.000000  5.855426e-11
16750.000000  5.852913e-11
16850.000000  5.650426e-11
16950.000000  5.724685e-11
17050.000000  5.524899e-11
17150.000000  5.463784e-11
17250.000000  5.364249e-11
17350.000000  5.193311e-11
17450.000000  5.192991e-11
17550.000000  5.076545e-11
17650.000000  5.012236e-11
17750.000000  4.902010e-11
17850.000000  4.834534e-11
17950.000000  4.774719e-11
18050.000000  4.623922e-11
18150.000000  4.568400e-11
18250.000000  4.467680e-11
18350.000000  4.409834e-11
18450.000000  4.297458e-11
18550.000000  4.239978e-11
18650.000000  4.141792e-11
18750.000000  4.042749e-11
18850.000000  4.010007e-11
18950.000000  3.863913e-11
19050.000000  3.892994e-11
19150.000000  3.809463e-11
19250.000000  3.765271e-11
19350.000000  3.645230e-11
19450.000000  3.566477e-11
19550.000000  3.546474e-11
19650.000000  3.460663e-11
19750.000000  3.358678e-11
19850.000000  3.320313e-11
19950.000000  3.258520e-11
20050.000000  3.247491e-11
20150.000000  3.202301e-11
20250.000000  3.108300e-11
20350.000000  3.061817e-11
20450.000000  3.040005e-11
20550.000000  2.962967e-11
20650.000000  2.906136e-11
20750.000000  2.863253e-11
20850.000000  2.817170e-11
20950.000000  2.756627e-11
21050.000000  2.736859e-11
21150.000000  2.691267e-11
21250.000000  2.644089e-11
21350.000000  2.611365e-11
21450.000000  2.563873e-11
21550.000000  2.526398e-11
21650.000000  2.469454e-11
21750.000000  2.426716e-11
21850.000000  2.397806e-11
21950.000000  2.369012e-11
22050.000000  2.300958e-11
22150.000000  2.306766e-11
22250.000000  2.234714e-11
22350.000000  2.211586e-11
22450.000000  2.180492e-11
22550.000000  2.151775e-11
22650.000000  2.104589e-11
22750.000000  2.094599e-11
22850.000000  2.047231e-11
22950.000000  1.727271e-11
23050.000000  1.860062e-11
23150.000000  1.843318e-11
23250.000000  1.573235e-11
23350.000000  1.697213e-11
23450.000000  1.674618e-11
23550.000000  1.430632e-11
23650.000000  1.578733e-11
23750.000000  1.545678e-11
23850.000000  1.354868e-11
23950.000000  1.470242e-11
24050.000000  1.471236e-11
24150.000000  1.314200e-11
24250.000000  1.397453e-11
24350.000000  1.403707e-11
24450.000000  1.299281e-11
24550.000000  1.302098e-11
24650.000000  1.356447e-11
24750.000000  1.296449e-11
24850.000000  1.226084e-11
24950.000000  1.279669e-11
