2505.000000  2.401226e-10
2513.000000  2.114345e-10
2518.000000  2.207308e-10
2525.000000  2.035140e-10
2535.000000  2.084770e-10
2545.000000  2.000778e-10
2555.000000  2.145267e-10
2565.000000  2.091632e-10
2575.000000  2.280980e-10
2585.000000  2.222379e-10
2595.000000  2.203874e-10
2605.000000  2.083430e-10
2615.000000  2.073122e-10
2625.000000  2.167978e-10
2635.000000  2.179050e-10
2645.000000  2.372774e-10
2655.000000  2.323720e-10
2665.000000  2.096015e-10
2675.000000  2.229624e-10
2685.000000  2.159194e-10
2695.000000  2.104412e-10
2705.000000  2.183432e-10
2715.000000  2.065283e-10
2725.000000  2.086659e-10
2735.000000  2.235916e-10
2745.000000  1.889301e-10
2755.000000  1.878802e-10
2765.000000  1.937401e-10
2775.000000  2.076731e-10
2785.000000  2.074254e-10
2795.000000  1.731669e-10
2805.000000  1.917185e-10
2815.000000  2.102687e-10
2825.000000  2.123483e-10
2835.000000  1.981855e-10
2845.000000  1.915051e-10
2855.000000  1.900935e-10
2865.000000  2.009343e-10
2875.000000  1.934904e-10
2885.000000  1.962579e-10
2895.000000  1.890055e-10
2910.000000  2.064309e-10
2930.000000  1.976893e-10
2950.000000  1.964482e-10
2970.000000  1.966769e-10
2990.000000  1.957032e-10
3010.000000  1.996922e-10
3030.000000  1.955314e-10
3050.000000  1.914466e-10
3070.000000  1.881063e-10
3090.000000  1.893658e-10
3110.000000  1.827045e-10
3130.000000  1.807384e-10
3150.000000  1.813679e-10
3170.000000  1.777223e-10
3190.000000  1.707745e-10
3210.000000  1.729884e-10
3230.000000  1.698392e-10
3250.000000  1.685602e-10
3270.000000  1.675865e-10
3290.000000  1.663839e-10
3310.000000  1.656584e-10
3330.000000  1.616503e-10
3350.000000  1.586726e-10
3370.000000  1.570119e-10
3390.000000  1.543587e-10
3410.000000  1.550838e-10
3430.000000  1.529842e-10
3450.000000  1.511708e-10
3470.000000  1.483841e-10
3490.000000  1.467426e-10
3510.000000  1.465324e-10
3530.000000  1.456543e-10
3550.000000  1.442417e-10
3570.000000  1.417605e-10
3590.000000  1.397944e-10
3610.000000  1.384010e-10
3630.000000  1.365113e-10
3640.000000  1.362059e-10
3650.000000  1.367019e-10
3670.000000  1.352130e-10
3690.000000  1.306511e-10
3710.000000  1.301935e-10
3730.000000  1.297931e-10
3750.000000  1.568391e-10
3770.000000  1.628128e-10
3790.000000  1.896279e-10
3810.000000  2.110419e-10
3830.000000  1.726214e-10
3850.000000  2.202217e-10
3870.000000  2.374740e-10
3890.000000  1.557116e-10
3910.000000  2.333514e-10
3930.000000  2.349152e-10
3950.000000  2.291138e-10
3970.000000  1.463969e-10
3990.000000  2.189026e-10
4010.000000  2.262306e-10
4030.000000  2.184618e-10
4050.000000  2.220697e-10
4070.000000  2.144545e-10
4090.000000  1.846248e-10
4110.000000  1.477317e-10
4130.000000  2.001589e-10
4150.000000  2.043953e-10
4170.000000  2.017233e-10
4190.000000  1.994139e-10
4210.000000  1.972572e-10
4230.000000  1.939362e-10
4250.000000  1.901763e-10
4270.000000  1.857481e-10
4290.000000  1.852137e-10
4310.000000  1.790494e-10
4330.000000  1.482650e-10
4350.000000  1.287208e-10
4370.000000  1.709565e-10
4390.000000  1.682269e-10
4410.000000  1.696393e-10
4430.000000  1.656884e-10
4450.000000  1.656120e-10
4470.000000  1.602673e-10
4490.000000  1.578440e-10
4510.000000  1.579774e-10
4530.000000  1.551908e-10
4550.000000  1.519081e-10
4570.000000  1.523278e-10
4590.000000  1.484915e-10
4610.000000  1.486059e-10
4630.000000  1.437772e-10
4650.000000  1.442924e-10
4670.000000  1.416013e-10
4690.000000  1.397499e-10
4710.000000  1.354364e-10
4730.000000  1.360087e-10
4750.000000  1.337949e-10
4770.000000  1.331078e-10
4790.000000  1.309319e-10
4810.000000  1.281644e-10
4830.000000  1.245573e-10
4850.000000  1.061214e-10
4870.000000  8.905847e-11
4890.000000  1.188698e-10
4910.000000  1.196138e-10
4930.000000  1.171325e-10
4950.000000  1.172280e-10
4970.000000  1.161972e-10
4990.000000  1.142123e-10
5010.000000  1.102614e-10
5030.000000  1.099752e-10
5050.000000  1.071886e-10
5070.000000  1.077229e-10
5090.000000  1.062532e-10
5110.000000  1.043255e-10
5130.000000  1.037911e-10
5150.000000  1.012335e-10
5170.000000  1.001076e-10
5190.000000  9.924865e-11
5210.000000  9.714904e-11
5230.000000  9.617580e-11
5250.000000  9.592759e-11
5270.000000  9.363737e-11
5290.000000  9.422890e-11
5310.000000  9.191948e-11
5330.000000  9.146144e-11
5350.000000  9.065964e-11
5370.000000  8.959087e-11
5390.000000  8.844575e-11
5410.000000  8.697609e-11
5430.000000  8.613632e-11
5450.000000  8.537291e-11
5470.000000  8.411309e-11
5490.000000  8.336885e-11
5510.000000  8.228088e-11
5530.000000  8.165097e-11
5550.000000  8.065853e-11
5570.000000  7.966609e-11
5590.000000  7.880716e-11
5610.000000  7.817723e-11
5630.000000  7.733749e-11
5650.000000  7.566736e-11
5670.000000  7.503948e-11
5690.000000  7.451653e-11
5710.000000  7.375308e-11
5730.000000  7.292855e-11
5750.000000  7.205822e-11
5770.000000  7.124896e-11
5790.000000  7.023166e-11
5810.000000  6.952736e-11
5830.000000  6.879828e-11
5850.000000  6.804818e-11
5870.000000  6.657271e-11
5890.000000  6.617582e-11
5910.000000  6.572728e-11
5930.000000  6.515089e-11
5950.000000  6.386063e-11
5970.000000  6.347701e-11
5990.000000  6.262958e-11
6010.000000  6.224596e-11
6030.000000  6.157411e-11
6050.000000  6.083548e-11
6070.000000  6.017127e-11
6090.000000  5.951469e-11
6110.000000  5.895548e-11
6130.000000  5.827601e-11
6150.000000  5.695527e-11
6170.000000  5.697241e-11
6190.000000  5.643990e-11
6210.000000  5.583296e-11
6230.000000  5.509812e-11
6250.000000  5.403886e-11
6270.000000  5.405029e-11
6290.000000  5.344907e-11
6310.000000  5.273334e-11
6330.000000  5.229244e-11
6350.000000  5.092589e-11
6370.000000  5.070066e-11
6390.000000  5.060521e-11
6410.000000  5.000399e-11
6430.000000  4.963564e-11
6450.000000  4.877106e-11
6470.000000  4.861071e-11
6490.000000  4.782056e-11
6510.000000  4.720979e-11
6530.000000  4.627653e-11
6550.000000  4.207214e-11
6570.000000  3.510582e-11
6590.000000  4.423817e-11
6610.000000  4.489274e-11
6630.000000  4.459879e-11
6650.000000  4.429914e-11
6670.000000  4.371506e-11
6690.000000  4.332188e-11
6710.000000  4.300125e-11
6730.000000  4.253936e-11
6750.000000  4.213855e-11
6770.000000  4.176064e-11
6790.000000  4.128349e-11
6810.000000  4.089602e-11
6830.000000  4.040168e-11
6850.000000  4.007341e-11
6870.000000  3.969550e-11
6890.000000  3.932523e-11
6910.000000  3.891870e-11
6930.000000  3.844534e-11
6950.000000  3.818578e-11
6970.000000  3.782506e-11
6990.000000  3.749295e-11
7010.000000  3.703107e-11
7030.000000  3.675240e-11
7050.000000  3.626569e-11
7070.000000  3.592403e-11
7090.000000  3.572939e-11
7110.000000  3.525987e-11
7130.000000  3.497357e-11
7150.000000  3.467392e-11
7170.000000  3.436280e-11
7190.000000  3.405743e-11
7210.000000  3.374823e-11
7230.000000  3.332067e-11
7250.000000  3.304776e-11
7270.000000  3.280919e-11
7290.000000  3.246945e-11
7310.000000  3.217743e-11
7330.000000  3.189876e-11
7350.000000  3.163729e-11
7370.000000  3.133764e-11
7390.000000  3.104562e-11
7410.000000  3.075168e-11
7430.000000  3.034516e-11
7450.000000  3.012948e-11
7470.000000  2.975921e-11
7490.000000  2.956643e-11
7510.000000  2.928968e-11
7530.000000  2.909500e-11
7550.000000  2.883352e-11
7570.000000  2.858730e-11
7590.000000  2.830292e-11
7610.000000  2.810060e-11
7630.000000  2.782577e-11
7650.000000  2.754902e-11
7670.000000  2.732379e-11
7690.000000  2.706231e-11
7710.000000  2.682374e-11
7730.000000  2.660043e-11
7750.000000  2.636185e-11
7770.000000  2.568621e-11
7790.000000  2.589996e-11
7810.000000  2.570719e-11
7830.000000  2.546670e-11
7850.000000  2.510405e-11
7870.000000  2.486740e-11
7890.000000  2.456775e-11
7910.000000  2.455819e-11
7930.000000  2.438261e-11
7950.000000  2.399707e-11
7970.000000  2.396461e-11
7990.000000  2.346647e-11
8010.000000  2.355045e-11
8030.000000  2.334049e-11
8050.000000  2.313436e-11
8070.000000  2.294923e-11
8090.000000  2.274119e-11
8110.000000  2.254078e-11
8130.000000  2.236328e-11
8150.000000  2.218577e-11
8170.000000  2.200827e-11
8190.000000  2.174871e-11
8210.000000  2.150821e-11
8230.000000  2.123910e-11
8250.000000  2.127727e-11
8270.000000  2.117418e-11
8290.000000  2.090507e-11
8310.000000  2.081346e-11
8330.000000  2.061305e-11
8350.000000  2.046608e-11
8370.000000  2.031340e-11
8390.000000  2.015879e-11
8410.000000  1.993548e-11
8430.000000  1.973508e-11
8450.000000  1.935338e-11
8470.000000  1.919303e-11
8490.000000  1.931139e-11
8510.000000  1.858802e-11
8530.000000  1.923123e-11
8550.000000  1.776733e-11
8570.000000  1.925222e-11
8590.000000  1.802882e-11
8610.000000  1.763184e-11
8630.000000  1.920259e-11
8650.000000  1.844298e-11
8670.000000  1.587595e-11
8690.000000  1.867964e-11
8710.000000  1.921402e-11
8730.000000  1.848495e-11
8750.000000  1.508390e-11
8770.000000  1.763373e-11
8790.000000  1.887806e-11
8810.000000  1.891621e-11
8830.000000  1.838184e-11
8850.000000  1.669853e-11
8870.000000  1.443497e-11
8890.000000  1.760697e-11
8910.000000  1.813177e-11
8930.000000  1.806877e-11
8950.000000  1.805922e-11
8970.000000  1.779203e-11
8990.000000  1.708209e-11
9010.000000  1.399216e-11
9030.000000  1.510104e-11
9050.000000  1.691792e-11
9070.000000  1.694080e-11
9090.000000  1.688543e-11
9110.000000  1.690642e-11
9130.000000  1.680717e-11
9150.000000  1.673083e-11
9170.000000  1.648462e-11
9190.000000  1.608766e-11
9210.000000  1.515441e-11
9230.000000  1.219425e-11
9250.000000  1.461048e-11
9270.000000  1.530514e-11
9290.000000  1.570782e-11
9310.000000  1.570781e-11
9330.000000  1.556277e-11
9350.000000  1.552267e-11
9370.000000  1.541579e-11
9390.000000  1.524592e-11
9410.000000  1.492529e-11
9430.000000  1.503217e-11
9450.000000  1.493101e-11
9470.000000  1.477641e-11
9490.000000  1.460083e-11
9510.000000  1.427829e-11
9530.000000  1.324771e-11
9550.000000  1.093073e-11
9570.000000  1.330115e-11
9590.000000  1.392711e-11
9610.000000  1.395572e-11
9630.000000  1.370951e-11
9650.000000  1.384692e-11
9670.000000  1.370187e-11
9690.000000  1.364843e-11
9710.000000  1.357780e-11
9730.000000  1.347092e-11
9750.000000  1.335641e-11
9770.000000  1.327815e-11
9790.000000  1.317127e-11
9810.000000  1.307011e-11
9830.000000  1.294033e-11
9850.000000  1.286399e-11
9870.000000  1.277046e-11
9890.000000  1.263305e-11
9910.000000  1.257961e-11
9930.000000  1.249371e-11
9950.000000  1.237920e-11
9970.000000  1.227233e-11
9990.000000  1.214255e-11
10025.000000  1.118639e-11
10075.000000  1.060427e-11
10125.000000  1.145735e-11
10175.000000  1.140391e-11
10225.000000  1.124739e-11
10275.000000  1.104890e-11
10325.000000  1.084849e-11
10375.000000  1.066527e-11
10425.000000  1.048777e-11
10475.000000  1.028165e-11
10525.000000  1.009651e-11
10575.000000  9.941909e-12
10625.000000  9.781591e-12
10675.000000  9.543015e-12
10725.000000  9.428502e-12
10775.000000  9.281535e-12
10825.000000  9.088763e-12
10875.000000  8.897914e-12
10925.000000  7.705089e-12
10975.000000  8.270009e-12
11025.000000  8.499017e-12
11075.000000  8.405486e-12
11125.000000  8.268071e-12
11175.000000  8.134453e-12
11225.000000  8.004673e-12
11275.000000  7.798551e-12
11325.000000  7.691673e-12
11375.000000  7.620475e-12
11425.000000  7.498328e-12
11475.000000  7.385906e-12
11525.000000  7.269863e-12
11575.000000  7.153820e-12
11625.000000  7.011250e-12
11675.000000  6.903033e-12
11725.000000  6.818669e-12
11775.000000  6.670563e-12
11825.000000  6.604717e-12
11875.000000  6.494210e-12
11925.000000  6.414618e-12
11975.000000  6.306401e-12
12025.000000  6.218033e-12
12075.000000  6.122602e-12
12125.000000  6.028126e-12
12175.000000  5.939758e-12
12225.000000  5.849100e-12
12275.000000  5.759204e-12
12325.000000  5.675416e-12
12375.000000  5.593155e-12
12425.000000  5.513948e-12
12475.000000  5.414321e-12
12525.000000  5.351145e-12
12575.000000  5.260678e-12
12625.000000  5.191967e-12
12675.000000  5.119822e-12
12725.000000  5.029357e-12
12775.000000  4.859308e-12
12825.000000  4.277590e-12
12875.000000  4.754906e-12
12925.000000  4.751082e-12
12975.000000  4.697066e-12
13025.000000  4.633318e-12
13075.000000  4.567473e-12
13125.000000  4.503534e-12
13175.000000  4.429099e-12
13225.000000  4.379093e-12
13275.000000  4.318399e-12
13325.000000  4.258469e-12
13375.000000  4.200066e-12
13425.000000  4.140136e-12
13475.000000  4.083259e-12
13525.000000  4.025048e-12
13575.000000  3.971989e-12
13625.000000  3.918166e-12
13675.000000  3.861290e-12
13725.000000  3.809757e-12
13775.000000  3.764332e-12
13825.000000  3.714518e-12
13875.000000  3.665276e-12
13925.000000  3.615270e-12
13975.000000  3.567746e-12
14025.000000  3.521558e-12
14075.000000  3.475369e-12
14125.000000  3.428609e-12
14175.000000  3.385666e-12
14225.000000  3.341196e-12
14275.000000  3.298061e-12
14325.000000  3.255117e-12
14375.000000  3.212746e-12
14425.000000  3.160642e-12
14475.000000  3.129722e-12
14525.000000  3.086207e-12
14570.000000  3.056050e-12
14620.000000  3.018259e-12
14675.000000  2.979133e-12
14725.000000  2.941342e-12
14775.000000  2.900881e-12
14825.000000  2.869960e-12
14875.000000  2.832553e-12
14925.000000  2.800869e-12
14975.000000  2.764033e-12
15025.000000  2.731778e-12
15075.000000  2.696277e-12
15125.000000  2.664021e-12
15175.000000  2.631003e-12
15225.000000  2.599511e-12
15275.000000  2.564393e-12
15325.000000  2.531183e-12
15375.000000  2.505036e-12
15425.000000  2.459992e-12
15475.000000  2.444534e-12
15525.000000  2.413806e-12
15575.000000  2.354065e-12
15625.000000  2.377542e-12
15675.000000  2.310933e-12
15725.000000  2.255965e-12
15775.000000  2.302916e-12
15825.000000  2.271996e-12
15875.000000  2.121791e-12
15925.000000  2.193936e-12
15975.000000  2.212065e-12
16050.000000  2.146220e-12
16150.000000  2.033806e-12
16250.000000  2.091249e-12
16350.000000  1.998877e-12
16450.000000  1.889325e-12
16550.000000  1.956884e-12
16650.000000  1.915467e-12
16750.000000  1.821377e-12
16850.000000  1.719651e-12
16950.000000  1.787209e-12
17050.000000  1.752471e-12
17150.000000  1.714872e-12
17250.000000  1.668876e-12
17350.000000  1.512378e-12
17450.000000  1.582990e-12
17550.000000  1.569056e-12
17650.000000  1.536992e-12
17750.000000  1.503782e-12
17850.000000  1.473053e-12
17950.000000  1.443280e-12
18050.000000  1.404154e-12
18150.000000  1.284680e-12
18250.000000  1.325903e-12
18350.000000  1.325710e-12
18450.000000  1.300325e-12
18550.000000  1.271316e-12
18650.000000  1.239824e-12
18750.000000  1.134475e-12
18850.000000  1.189247e-12
18950.000000  1.173594e-12
19050.000000  1.150692e-12
19150.000000  1.128361e-12
19250.000000  1.105459e-12
19350.000000  1.076257e-12
19450.000000  9.806403e-13
19550.000000  1.034841e-12
19650.000000  1.023197e-12
19750.000000  1.003349e-12
19850.000000  9.846429e-13
19950.000000  9.657493e-13
20050.000000  9.478071e-13
20150.000000  9.296770e-13
20250.000000  9.126899e-13
20350.000000  8.951314e-13
20450.000000  8.789078e-13
20550.000000  8.626842e-13
20650.000000  8.466525e-13
20750.000000  8.311924e-13
20850.000000  8.159241e-13
20950.000000  8.012272e-13
21050.000000  7.867223e-13
21150.000000  7.722174e-13
21250.000000  7.585902e-13
21350.000000  7.446190e-13
21450.000000  7.316405e-13
21550.000000  7.145591e-13
21650.000000  6.539637e-13
21750.000000  6.861785e-13
21850.000000  6.815401e-13
21950.000000  6.703174e-13
22050.000000  6.588657e-13
22150.000000  6.474904e-13
22250.000000  6.365160e-13
22350.000000  6.256943e-13
22450.000000  6.151016e-13
22550.000000  6.046616e-13
22650.000000  5.945270e-13
22750.000000  5.846213e-13
22850.000000  5.750974e-13
22950.000000  5.655927e-13
23050.000000  5.563549e-13
23150.000000  5.472319e-13
23250.000000  5.383379e-13
23350.000000  5.295582e-13
23450.000000  5.209888e-13
23550.000000  5.126100e-13
23650.000000  5.043839e-13
23750.000000  4.963296e-13
23850.000000  4.884281e-13
23950.000000  4.806029e-13
24050.000000  4.726250e-13
24150.000000  4.651814e-13
24250.000000  4.581197e-13
24350.000000  4.508096e-13
24450.000000  4.435188e-13
24550.000000  4.369343e-13
24650.000000  4.296434e-13
24750.000000  4.230397e-13
24850.000000  4.174285e-13
24950.000000  4.081525e-13
