2505.000000  2.955140e-15
2513.000000  1.334449e-15
2518.000000  7.898378e-16
2525.000000  1.142657e-15
2535.000000  8.329004e-15
2545.000000  1.027302e-14
2555.000000  2.426007e-14
2565.000000  9.639464e-15
2575.000000  2.136839e-14
2585.000000  1.200015e-14
2595.000000  1.463882e-14
2605.000000  1.919509e-14
2615.000000  1.561784e-14
2625.000000  3.032127e-14
2635.000000  7.898872e-14
2645.000000  8.645879e-14
2655.000000  1.883466e-13
2665.000000  1.069822e-13
2675.000000  8.924705e-14
2685.000000  1.462026e-13
2695.000000  6.646906e-14
2705.000000  1.418218e-13
2715.000000  8.301951e-14
2725.000000  4.345793e-14
2735.000000  6.529591e-14
2745.000000  6.496223e-14
2755.000000  7.937261e-14
2765.000000  1.297273e-13
2775.000000  1.566167e-13
2785.000000  7.436534e-14
2795.000000  3.179244e-14
2805.000000  3.979309e-14
2815.000000  1.188202e-13
2825.000000  1.433724e-13
2835.000000  9.897247e-14
2845.000000  3.423845e-14
2855.000000  6.658899e-15
2865.000000  7.156887e-14
2875.000000  1.499462e-13
2885.000000  2.741816e-13
2895.000000  4.481075e-13
2910.000000  6.899637e-13
2930.000000  6.982709e-13
2950.000000  5.764631e-13
2970.000000  6.079070e-13
2990.000000  5.828351e-13
3010.000000  4.884306e-13
3030.000000  7.734929e-13
3050.000000  8.476237e-13
3070.000000  1.359174e-12
3090.000000  1.654663e-12
3110.000000  2.537305e-12
3130.000000  2.093302e-12
3150.000000  2.748808e-12
3170.000000  3.443356e-12
3190.000000  2.833665e-12
3210.000000  3.160138e-12
3230.000000  2.269719e-12
3250.000000  3.988803e-12
3270.000000  5.496357e-12
3290.000000  5.939348e-12
3310.000000  4.951338e-12
3330.000000  5.067795e-12
3350.000000  4.530555e-12
3370.000000  3.118975e-12
3390.000000  3.579370e-12
3410.000000  4.417112e-12
3430.000000  5.365916e-12
3450.000000  5.096166e-12
3470.000000  5.530005e-12
3490.000000  6.724318e-12
3510.000000  7.341548e-12
3530.000000  5.810130e-12
3550.000000  7.217847e-12
3570.000000  3.419336e-12
3590.000000  4.181071e-12
3610.000000  6.858440e-12
3630.000000  8.882459e-12
3640.000000  9.598170e-12
3650.000000  1.046107e-11
3670.000000  1.212391e-11
3690.000000  1.107720e-11
3710.000000  1.123992e-11
3730.000000  5.063258e-12
3750.000000  6.089179e-12
3770.000000  9.257173e-12
3790.000000  9.413063e-12
3810.000000  7.850301e-12
3830.000000  3.431368e-12
3850.000000  4.272951e-12
3870.000000  4.915403e-12
3890.000000  9.481969e-12
3910.000000  1.112593e-11
3930.000000  3.265809e-12
3950.000000  7.559026e-12
3970.000000  4.423064e-12
3990.000000  1.687733e-11
4010.000000  2.223503e-11
4030.000000  2.147574e-11
4050.000000  2.019808e-11
4070.000000  1.854783e-11
4090.000000  2.469354e-11
4110.000000  2.319060e-11
4130.000000  1.991406e-11
4150.000000  1.756994e-11
4170.000000  1.809611e-11
4190.000000  1.946171e-11
4210.000000  2.201730e-11
4230.000000  2.349342e-11
4250.000000  2.668751e-11
4270.000000  2.508078e-11
4290.000000  2.284918e-11
4310.000000  1.972061e-11
4330.000000  3.128275e-11
4350.000000  3.156381e-11
4370.000000  3.403572e-11
4390.000000  3.005168e-11
4410.000000  3.257923e-11
4430.000000  3.601983e-11
4450.000000  3.691976e-11
4470.000000  4.048495e-11
4490.000000  4.239758e-11
4510.000000  4.976598e-11
4530.000000  4.261894e-11
4550.000000  4.440652e-11
4570.000000  4.901119e-11
4590.000000  4.817544e-11
4610.000000  5.036849e-11
4630.000000  4.887410e-11
4650.000000  4.997108e-11
4670.000000  5.230596e-11
4690.000000  5.144123e-11
4710.000000  5.043150e-11
4730.000000  5.285897e-11
4750.000000  5.648746e-11
4770.000000  5.742084e-11
4790.000000  5.684831e-11
4810.000000  5.687813e-11
4830.000000  5.926694e-11
4850.000000  5.631382e-11
4870.000000  5.300123e-11
4890.000000  5.852000e-11
4910.000000  5.830275e-11
4930.000000  5.711794e-11
4950.000000  6.184257e-11
4970.000000  5.974405e-11
4990.000000  5.505032e-11
5010.000000  5.204779e-11
5030.000000  5.555145e-11
5050.000000  5.594702e-11
5070.000000  5.862619e-11
5090.000000  5.352597e-11
5110.000000  5.564249e-11
5130.000000  5.264499e-11
5150.000000  5.136458e-11
5170.000000  4.783301e-11
5190.000000  5.157406e-11
5210.000000  5.476468e-11
5230.000000  5.949371e-11
5250.000000  6.159664e-11
5270.000000  5.469132e-11
5290.000000  6.344166e-11
5310.000000  6.866436e-11
5330.000000  5.964561e-11
5350.000000  6.654300e-11
5370.000000  6.765536e-11
5390.000000  6.405005e-11
5410.000000  6.386266e-11
5430.000000  6.456617e-11
5450.000000  6.946794e-11
5470.000000  6.611122e-11
5490.000000  6.512142e-11
5510.000000  6.489001e-11
5530.000000  6.797257e-11
5550.000000  7.007111e-11
5570.000000  6.868623e-11
5590.000000  6.636897e-11
5610.000000  7.064445e-11
5630.000000  6.872591e-11
5650.000000  6.976232e-11
5670.000000  6.780566e-11
5690.000000  7.094303e-11
5710.000000  6.732159e-11
5730.000000  7.491502e-11
5750.000000  7.134030e-11
5770.000000  7.320527e-11
5790.000000  6.864872e-11
5810.000000  7.347124e-11
5830.000000  7.660921e-11
5850.000000  7.375651e-11
5870.000000  7.413484e-11
5890.000000  6.345081e-11
5910.000000  7.287884e-11
5930.000000  7.337903e-11
5950.000000  7.334422e-11
5970.000000  7.568926e-11
5990.000000  7.369941e-11
6010.000000  7.212057e-11
6030.000000  7.464565e-11
6050.000000  7.624205e-11
6070.000000  7.586493e-11
6090.000000  7.193314e-11
6110.000000  7.264836e-11
6130.000000  6.791355e-11
6150.000000  7.099783e-11
6170.000000  6.805349e-11
6190.000000  7.283055e-11
6210.000000  7.184937e-11
6230.000000  6.919104e-11
6250.000000  6.603329e-11
6270.000000  6.985663e-11
6290.000000  7.180645e-11
6310.000000  6.938212e-11
6330.000000  7.079495e-11
6350.000000  7.061659e-11
6370.000000  7.005985e-11
6390.000000  7.179952e-11
6410.000000  7.064777e-11
6430.000000  7.136626e-11
6450.000000  7.148919e-11
6470.000000  7.152218e-11
6490.000000  6.899576e-11
6510.000000  7.131046e-11
6530.000000  7.186445e-11
6550.000000  7.080569e-11
6570.000000  6.955662e-11
6590.000000  7.171604e-11
6610.000000  7.213062e-11
6630.000000  7.189393e-11
6650.000000  7.171500e-11
6670.000000  7.020824e-11
6690.000000  7.282742e-11
6710.000000  6.972395e-11
6730.000000  7.307565e-11
6750.000000  7.122968e-11
6770.000000  7.205198e-11
6790.000000  7.142336e-11
6810.000000  7.127814e-11
6830.000000  7.238918e-11
6850.000000  7.007274e-11
6870.000000  7.122150e-11
6890.000000  7.238468e-11
6910.000000  7.150561e-11
6930.000000  6.998348e-11
6950.000000  6.806829e-11
6970.000000  6.897836e-11
6990.000000  6.799476e-11
7010.000000  6.630138e-11
7030.000000  6.818463e-11
7050.000000  6.956504e-11
7070.000000  6.770390e-11
7090.000000  6.711444e-11
7110.000000  6.609611e-11
7130.000000  6.455276e-11
7150.000000  6.472849e-11
7170.000000  6.605121e-11
7190.000000  6.373349e-11
7210.000000  6.561899e-11
7230.000000  6.726390e-11
7250.000000  6.685411e-11
7270.000000  6.627946e-11
7290.000000  6.403323e-11
7310.000000  6.546858e-11
7330.000000  6.543269e-11
7350.000000  6.510978e-11
7370.000000  6.705969e-11
7390.000000  6.553286e-11
7410.000000  6.515503e-11
7430.000000  6.601574e-11
7450.000000  6.606976e-11
7470.000000  6.603607e-11
7490.000000  6.542448e-11
7510.000000  6.662298e-11
7530.000000  6.717712e-11
7550.000000  6.766070e-11
7570.000000  6.695999e-11
7590.000000  6.653116e-11
7610.000000  6.679815e-11
7630.000000  6.713890e-11
7650.000000  6.728081e-11
7670.000000  6.473458e-11
7690.000000  6.722565e-11
7710.000000  6.555869e-11
7730.000000  6.573718e-11
7750.000000  6.539488e-11
7770.000000  6.713448e-11
7790.000000  6.688362e-11
7810.000000  6.677339e-11
7830.000000  6.605615e-11
7850.000000  6.523371e-11
7870.000000  6.508966e-11
7890.000000  6.190280e-11
7910.000000  5.978577e-11
7930.000000  6.010424e-11
7950.000000  5.897645e-11
7970.000000  6.184218e-11
7990.000000  6.168089e-11
8010.000000  6.166054e-11
8030.000000  6.192910e-11
8050.000000  6.108600e-11
8070.000000  6.022924e-11
8090.000000  5.821918e-11
8110.000000  5.771866e-11
8130.000000  5.895448e-11
8150.000000  5.905977e-11
8170.000000  5.943493e-11
8190.000000  5.853543e-11
8210.000000  5.828649e-11
8230.000000  5.930397e-11
8250.000000  5.982639e-11
8270.000000  6.050608e-11
8290.000000  5.982549e-11
8310.000000  5.697601e-11
8330.000000  5.760044e-11
8350.000000  5.760226e-11
8370.000000  5.842601e-11
8390.000000  5.632800e-11
8410.000000  5.881841e-11
8430.000000  5.700692e-11
8450.000000  5.860204e-11
8470.000000  5.840275e-11
8490.000000  5.783021e-11
8510.000000  5.456483e-11
8530.000000  5.657468e-11
8550.000000  4.674935e-11
8570.000000  5.875976e-11
8590.000000  5.802266e-11
8610.000000  5.830844e-11
8630.000000  5.877558e-11
8650.000000  5.805732e-11
8670.000000  4.807105e-11
8690.000000  5.619172e-11
8710.000000  5.805393e-11
8730.000000  5.832277e-11
8750.000000  5.778332e-11
8770.000000  5.855577e-11
8790.000000  5.806989e-11
8810.000000  5.650866e-11
8830.000000  5.756710e-11
8850.000000  5.826606e-11
8870.000000  5.715306e-11
8890.000000  5.812187e-11
8910.000000  5.878441e-11
8930.000000  5.709865e-11
8950.000000  5.688414e-11
8970.000000  5.708011e-11
8990.000000  5.734871e-11
9010.000000  5.508912e-11
9030.000000  5.659569e-11
9050.000000  5.792169e-11
9070.000000  5.741674e-11
9090.000000  5.508715e-11
9110.000000  5.465767e-11
9130.000000  5.641521e-11
9150.000000  5.163074e-11
9170.000000  4.996385e-11
9190.000000  5.075109e-11
9210.000000  4.944102e-11
9230.000000  5.067582e-11
9250.000000  5.026477e-11
9270.000000  5.125027e-11
9290.000000  5.047920e-11
9310.000000  5.221643e-11
9330.000000  5.232329e-11
9350.000000  5.151703e-11
9370.000000  5.114147e-11
9390.000000  4.986954e-11
9410.000000  4.873793e-11
9430.000000  4.925844e-11
9450.000000  4.811112e-11
9470.000000  4.986689e-11
9490.000000  4.945492e-11
9510.000000  5.079669e-11
9530.000000  5.025796e-11
9550.000000  4.993676e-11
9570.000000  5.002587e-11
9590.000000  5.083066e-11
9610.000000  5.009747e-11
9630.000000  4.986214e-11
9650.000000  4.873459e-11
9670.000000  4.844802e-11
9690.000000  4.954126e-11
9710.000000  4.918197e-11
9730.000000  4.925370e-11
9750.000000  4.891180e-11
9770.000000  4.921566e-11
9790.000000  4.808739e-11
9810.000000  4.987725e-11
9830.000000  4.959103e-11
9850.000000  5.001965e-11
9870.000000  4.991117e-11
9890.000000  5.021553e-11
9910.000000  4.949838e-11
9930.000000  5.014367e-11
9950.000000  4.969610e-11
9970.000000  5.003551e-11
9990.000000  5.005222e-11
10025.000000  4.951528e-11
10075.000000  4.915572e-11
10125.000000  4.931513e-11
10175.000000  4.856111e-11
10225.000000  4.875678e-11
10275.000000  4.886418e-11
10325.000000  4.791311e-11
10375.000000  4.767976e-11
10425.000000  4.787627e-11
10475.000000  4.740910e-11
10525.000000  4.742585e-11
10575.000000  4.692440e-11
10625.000000  4.670808e-11
10675.000000  4.582887e-11
10725.000000  4.581086e-11
10775.000000  4.541527e-11
10825.000000  4.471475e-11
10875.000000  4.387380e-11
10925.000000  4.285278e-11
10975.000000  3.945972e-11
11025.000000  3.929811e-11
11075.000000  4.014494e-11
11125.000000  4.012613e-11
11175.000000  4.082344e-11
11225.000000  4.067974e-11
11275.000000  4.003437e-11
11325.000000  4.050047e-11
11375.000000  3.945888e-11
11425.000000  3.985301e-11
11475.000000  4.040823e-11
11525.000000  4.033586e-11
11575.000000  3.986923e-11
11625.000000  3.938251e-11
11675.000000  3.947937e-11
11725.000000  4.009966e-11
11775.000000  3.930390e-11
11825.000000  3.912700e-11
11875.000000  3.861787e-11
11925.000000  3.938115e-11
11975.000000  3.774635e-11
12025.000000  3.850194e-11
12075.000000  3.807473e-11
12125.000000  3.816911e-11
12175.000000  3.827104e-11
12225.000000  3.811271e-11
12275.000000  3.791679e-11
12325.000000  3.757258e-11
12375.000000  3.743038e-11
12425.000000  3.711090e-11
12475.000000  3.719288e-11
12525.000000  3.680709e-11
12575.000000  3.676179e-11
12625.000000  3.666620e-11
12675.000000  3.622500e-11
12725.000000  3.626951e-11
12775.000000  3.631892e-11
12825.000000  3.503163e-11
12875.000000  3.558006e-11
12925.000000  3.508553e-11
12975.000000  3.552159e-11
13025.000000  3.507661e-11
13075.000000  3.526068e-11
13125.000000  3.464753e-11
13175.000000  3.452673e-11
13225.000000  3.460541e-11
13275.000000  3.395656e-11
13325.000000  3.427113e-11
13375.000000  3.403392e-11
13425.000000  3.417898e-11
13475.000000  3.397221e-11
13525.000000  3.390905e-11
13575.000000  3.326887e-11
13625.000000  3.311326e-11
13675.000000  3.320171e-11
13725.000000  3.325837e-11
13775.000000  3.305207e-11
13825.000000  3.306034e-11
13875.000000  3.271134e-11
13925.000000  3.261680e-11
13975.000000  3.234260e-11
14025.000000  3.191551e-11
14075.000000  3.109676e-11
14125.000000  2.990584e-11
14175.000000  2.987945e-11
14225.000000  2.973548e-11
14275.000000  2.934419e-11
14325.000000  2.994069e-11
14375.000000  3.020527e-11
14425.000000  2.921567e-11
14475.000000  3.031792e-11
14525.000000  2.926037e-11
14570.000000  2.920859e-11
14620.000000  2.876172e-11
14675.000000  2.853930e-11
14725.000000  2.824228e-11
14775.000000  2.855307e-11
14825.000000  2.855747e-11
14875.000000  2.855966e-11
14925.000000  2.907048e-11
14975.000000  2.886134e-11
15025.000000  2.832324e-11
15075.000000  2.804623e-11
15125.000000  2.810633e-11
15175.000000  2.839207e-11
15225.000000  2.824184e-11
15275.000000  2.826763e-11
15325.000000  2.831258e-11
15375.000000  2.848543e-11
15425.000000  2.827078e-11
15475.000000  2.835914e-11
15525.000000  2.783262e-11
15575.000000  2.732580e-11
15625.000000  2.808620e-11
15675.000000  2.749961e-11
15725.000000  2.769429e-11
15775.000000  2.642040e-11
15825.000000  2.697448e-11
15875.000000  2.607035e-11
15925.000000  2.681929e-11
15975.000000  2.691477e-11
16050.000000  2.668101e-11
16150.000000  2.643622e-11
16250.000000  2.635923e-11
16350.000000  2.641626e-11
16450.000000  2.523307e-11
16550.000000  2.569946e-11
16650.000000  2.485304e-11
16750.000000  2.469905e-11
16850.000000  2.375387e-11
16950.000000  2.418997e-11
17050.000000  2.323536e-11
17150.000000  2.313591e-11
17250.000000  2.249049e-11
17350.000000  2.173955e-11
17450.000000  2.178936e-11
17550.000000  2.133336e-11
17650.000000  2.106562e-11
17750.000000  2.050693e-11
17850.000000  2.031321e-11
17950.000000  1.998857e-11
18050.000000  1.941937e-11
18150.000000  1.909542e-11
18250.000000  1.874512e-11
18350.000000  1.842448e-11
18450.000000  1.796200e-11
18550.000000  1.777933e-11
18650.000000  1.724903e-11
18750.000000  1.681992e-11
18850.000000  1.677245e-11
18950.000000  1.602735e-11
19050.000000  1.631172e-11
19150.000000  1.592304e-11
19250.000000  1.573827e-11
19350.000000  1.522440e-11
19450.000000  1.485123e-11
19550.000000  1.486057e-11
19650.000000  1.445444e-11
19750.000000  1.403402e-11
19850.000000  1.388694e-11
19950.000000  1.363612e-11
20050.000000  1.358027e-11
20150.000000  1.342082e-11
20250.000000  1.297851e-11
20350.000000  1.275242e-11
20450.000000  1.270784e-11
20550.000000  1.237131e-11
20650.000000  1.212399e-11
20750.000000  1.193774e-11
20850.000000  1.175310e-11
20950.000000  1.147897e-11
21050.000000  1.143589e-11
21150.000000  1.122803e-11
21250.000000  1.101846e-11
21350.000000  1.090368e-11
21450.000000  1.069074e-11
21550.000000  1.053840e-11
21650.000000  1.024597e-11
21750.000000  1.009414e-11
21850.000000  9.990095e-12
21950.000000  9.884397e-12
22050.000000  9.596179e-12
22150.000000  9.613671e-12
22250.000000  9.336448e-12
22350.000000  9.210847e-12
22450.000000  9.078342e-12
22550.000000  8.943834e-12
22650.000000  8.755821e-12
22750.000000  8.726977e-12
22850.000000  8.506700e-12
22950.000000  7.317949e-12
23050.000000  7.798427e-12
23150.000000  7.730408e-12
23250.000000  6.705754e-12
23350.000000  7.163180e-12
23450.000000  7.133675e-12
23550.000000  6.154963e-12
23650.000000  6.708835e-12
23750.000000  6.609273e-12
23850.000000  5.828965e-12
23950.000000  6.263111e-12
24050.000000  6.286757e-12
24150.000000  5.654940e-12
24250.000000  5.947749e-12
24350.000000  5.987310e-12
24450.000000  5.573909e-12
24550.000000  5.560868e-12
24650.000000  5.782793e-12
24750.000000  5.537430e-12
24850.000000  5.249377e-12
24950.000000  5.451387e-12
