2505.000000  2.174796e-12
2513.000000  1.082280e-12
2518.000000  8.160182e-13
2525.000000  7.828897e-13
2535.000000  1.225399e-12
2545.000000  1.659620e-12
2555.000000  3.182734e-12
2565.000000  1.702268e-12
2575.000000  2.224537e-12
2585.000000  1.409445e-12
2595.000000  1.107774e-12
2605.000000  8.262003e-13
2615.000000  7.890992e-13
2625.000000  1.120641e-12
2635.000000  2.835301e-12
2645.000000  6.254910e-12
2655.000000  8.733579e-12
2665.000000  5.196406e-12
2675.000000  6.055736e-12
2685.000000  7.087912e-12
2695.000000  5.470661e-12
2705.000000  6.959328e-12
2715.000000  3.969097e-12
2725.000000  3.403613e-12
2735.000000  3.713817e-12
2745.000000  1.547613e-12
2755.000000  2.237982e-12
2765.000000  3.145491e-12
2775.000000  3.317924e-12
2785.000000  1.929174e-12
2795.000000  5.594094e-13
2805.000000  7.470214e-13
2815.000000  2.764058e-12
2825.000000  5.022064e-12
2835.000000  6.010189e-12
2845.000000  5.751915e-12
2855.000000  3.281783e-12
2865.000000  7.421545e-12
2875.000000  9.810704e-12
2885.000000  9.421646e-12
2895.000000  1.052489e-11
2910.000000  1.461602e-11
2930.000000  1.334526e-11
2950.000000  1.270967e-11
2970.000000  1.559091e-11
2990.000000  1.556712e-11
3010.000000  1.720887e-11
3030.000000  1.791318e-11
3050.000000  1.910876e-11
3070.000000  1.736208e-11
3090.000000  1.981954e-11
3110.000000  2.045038e-11
3130.000000  1.947812e-11
3150.000000  1.973980e-11
3170.000000  2.080765e-11
3190.000000  1.866996e-11
3210.000000  2.190735e-11
3230.000000  1.634493e-11
3250.000000  2.350006e-11
3270.000000  2.823935e-11
3290.000000  2.729525e-11
3310.000000  2.750466e-11
3330.000000  2.684547e-11
3350.000000  2.571651e-11
3370.000000  2.253156e-11
3390.000000  2.564918e-11
3410.000000  2.856195e-11
3430.000000  3.028170e-11
3450.000000  3.234623e-11
3470.000000  3.173179e-11
3490.000000  3.287139e-11
3510.000000  3.529765e-11
3530.000000  3.339176e-11
3550.000000  3.832314e-11
3570.000000  3.060812e-11
3590.000000  3.148771e-11
3610.000000  3.396509e-11
3630.000000  3.594347e-11
3640.000000  3.572434e-11
3650.000000  3.913910e-11
3670.000000  3.984617e-11
3690.000000  4.191171e-11
3710.000000  4.945467e-11
3730.000000  4.839754e-11
3750.000000  5.409683e-11
3770.000000  5.730450e-11
3790.000000  6.082246e-11
3810.000000  6.322586e-11
3830.000000  4.764678e-11
3850.000000  5.232848e-11
3870.000000  5.234731e-11
3890.000000  5.670416e-11
3910.000000  5.689841e-11
3930.000000  2.010848e-11
3950.000000  3.915415e-11
3970.000000  2.378528e-11
3990.000000  6.707411e-11
4010.000000  8.051038e-11
4030.000000  8.246896e-11
4050.000000  8.064678e-11
4070.000000  7.925193e-11
4090.000000  9.096545e-11
4110.000000  8.880876e-11
4130.000000  8.805279e-11
4150.000000  9.157392e-11
4170.000000  8.798967e-11
4190.000000  8.748200e-11
4210.000000  8.876202e-11
4230.000000  8.779021e-11
4250.000000  8.959485e-11
4270.000000  8.681969e-11
4290.000000  7.932568e-11
4310.000000  6.591400e-11
4330.000000  9.271833e-11
4350.000000  8.889143e-11
4370.000000  9.784286e-11
4390.000000  9.129451e-11
4410.000000  9.540578e-11
4430.000000  9.858932e-11
4450.000000  9.926384e-11
4470.000000  1.043713e-10
4490.000000  1.059564e-10
4510.000000  1.165828e-10
4530.000000  1.053403e-10
4550.000000  1.066302e-10
4570.000000  1.146184e-10
4590.000000  1.080744e-10
4610.000000  1.136244e-10
4630.000000  1.112290e-10
4650.000000  1.134519e-10
4670.000000  1.153058e-10
4690.000000  1.131985e-10
4710.000000  1.091898e-10
4730.000000  1.150089e-10
4750.000000  1.181568e-10
4770.000000  1.180794e-10
4790.000000  1.179404e-10
4810.000000  1.160413e-10
4830.000000  1.180183e-10
4850.000000  1.110213e-10
4870.000000  9.962501e-11
4890.000000  1.145060e-10
4910.000000  1.139504e-10
4930.000000  1.113314e-10
4950.000000  1.173245e-10
4970.000000  1.168961e-10
4990.000000  1.081856e-10
5010.000000  1.036497e-10
5030.000000  1.100210e-10
5050.000000  1.115665e-10
5070.000000  1.151889e-10
5090.000000  1.108096e-10
5110.000000  1.121235e-10
5130.000000  1.074922e-10
5150.000000  1.059930e-10
5170.000000  1.047430e-10
5190.000000  1.044091e-10
5210.000000  1.069885e-10
5230.000000  1.080855e-10
5250.000000  1.096216e-10
5270.000000  1.000777e-10
5290.000000  1.096818e-10
5310.000000  1.113464e-10
5330.000000  1.041935e-10
5350.000000  1.111750e-10
5370.000000  1.122711e-10
5390.000000  1.095964e-10
5410.000000  1.069156e-10
5430.000000  1.084343e-10
5450.000000  1.129132e-10
5470.000000  1.096071e-10
5490.000000  1.083655e-10
5510.000000  1.081951e-10
5530.000000  1.097452e-10
5550.000000  1.109419e-10
5570.000000  1.093318e-10
5590.000000  1.070035e-10
5610.000000  1.101717e-10
5630.000000  1.096297e-10
5650.000000  1.088162e-10
5670.000000  1.060112e-10
5690.000000  1.083869e-10
5710.000000  1.057875e-10
5730.000000  1.124569e-10
5750.000000  1.087840e-10
5770.000000  1.100820e-10
5790.000000  1.066497e-10
5810.000000  1.088152e-10
5830.000000  1.104035e-10
5850.000000  1.082360e-10
5870.000000  1.085855e-10
5890.000000  1.040872e-10
5910.000000  1.073139e-10
5930.000000  1.068916e-10
5950.000000  1.068755e-10
5970.000000  1.075003e-10
5990.000000  1.058850e-10
6010.000000  1.042495e-10
6030.000000  1.049246e-10
6050.000000  1.060716e-10
6070.000000  1.060679e-10
6090.000000  1.028313e-10
6110.000000  1.016709e-10
6130.000000  9.895863e-11
6150.000000  9.938206e-11
6170.000000  9.742124e-11
6190.000000  1.016912e-10
6210.000000  1.019339e-10
6230.000000  9.869795e-11
6250.000000  9.478929e-11
6270.000000  9.980352e-11
6290.000000  1.000333e-10
6310.000000  9.661839e-11
6330.000000  9.768126e-11
6350.000000  9.787114e-11
6370.000000  9.705588e-11
6390.000000  9.774295e-11
6410.000000  9.577463e-11
6430.000000  9.644894e-11
6450.000000  9.558528e-11
6470.000000  9.572578e-11
6490.000000  9.352942e-11
6510.000000  9.548528e-11
6530.000000  9.572953e-11
6550.000000  9.353853e-11
6570.000000  8.358803e-11
6590.000000  9.366021e-11
6610.000000  9.382339e-11
6630.000000  9.396201e-11
6650.000000  9.336806e-11
6670.000000  9.237107e-11
6690.000000  9.357217e-11
6710.000000  9.166833e-11
6730.000000  9.265264e-11
6750.000000  9.101081e-11
6770.000000  9.141227e-11
6790.000000  9.049129e-11
6810.000000  9.035383e-11
6830.000000  9.035530e-11
6850.000000  8.866912e-11
6870.000000  8.944838e-11
6890.000000  8.957482e-11
6910.000000  8.880487e-11
6930.000000  8.836648e-11
6950.000000  8.775491e-11
6970.000000  8.782685e-11
6990.000000  8.731575e-11
7010.000000  8.467065e-11
7030.000000  8.591082e-11
7050.000000  8.626138e-11
7070.000000  8.533116e-11
7090.000000  8.506919e-11
7110.000000  8.431108e-11
7130.000000  8.367851e-11
7150.000000  8.339675e-11
7170.000000  8.302887e-11
7190.000000  8.066072e-11
7210.000000  8.198149e-11
7230.000000  8.169321e-11
7250.000000  8.214126e-11
7270.000000  8.182052e-11
7290.000000  7.968859e-11
7310.000000  8.024622e-11
7330.000000  8.038262e-11
7350.000000  8.019170e-11
7370.000000  8.055418e-11
7390.000000  7.863166e-11
7410.000000  7.748994e-11
7430.000000  7.784676e-11
7450.000000  7.804385e-11
7470.000000  7.831865e-11
7490.000000  7.762214e-11
7510.000000  7.768887e-11
7530.000000  7.755938e-11
7550.000000  7.788428e-11
7570.000000  7.690478e-11
7590.000000  7.676629e-11
7610.000000  7.642182e-11
7630.000000  7.649822e-11
7650.000000  7.594513e-11
7670.000000  7.424801e-11
7690.000000  7.534910e-11
7710.000000  7.413023e-11
7730.000000  7.412834e-11
7750.000000  7.352200e-11
7770.000000  7.367933e-11
7790.000000  7.410852e-11
7810.000000  7.370456e-11
7830.000000  7.284592e-11
7850.000000  7.233395e-11
7870.000000  7.278733e-11
7890.000000  7.207347e-11
7910.000000  7.101719e-11
7930.000000  7.016502e-11
7950.000000  6.995985e-11
7970.000000  7.101909e-11
7990.000000  7.073525e-11
8010.000000  6.998655e-11
8030.000000  6.959686e-11
8050.000000  6.917781e-11
8070.000000  6.924335e-11
8090.000000  6.808792e-11
8110.000000  6.868379e-11
8130.000000  6.871034e-11
8150.000000  6.819340e-11
8170.000000  6.797753e-11
8190.000000  6.617748e-11
8210.000000  6.613994e-11
8230.000000  6.605261e-11
8250.000000  6.601854e-11
8270.000000  6.669990e-11
8290.000000  6.624116e-11
8310.000000  6.494720e-11
8330.000000  6.436762e-11
8350.000000  6.483840e-11
8370.000000  6.463881e-11
8390.000000  6.364451e-11
8410.000000  6.421822e-11
8430.000000  6.319443e-11
8450.000000  6.313675e-11
8470.000000  6.255281e-11
8490.000000  6.115483e-11
8510.000000  5.717691e-11
8530.000000  5.943612e-11
8550.000000  4.684336e-11
8570.000000  6.255542e-11
8590.000000  6.151861e-11
8610.000000  6.084577e-11
8630.000000  6.217814e-11
8650.000000  6.007166e-11
8670.000000  4.773023e-11
8690.000000  5.963168e-11
8710.000000  6.106594e-11
8730.000000  6.088465e-11
8750.000000  5.842422e-11
8770.000000  6.082906e-11
8790.000000  6.031307e-11
8810.000000  5.936320e-11
8830.000000  5.951588e-11
8850.000000  5.923447e-11
8870.000000  5.684395e-11
8890.000000  5.919320e-11
8910.000000  5.929883e-11
8930.000000  5.815033e-11
8950.000000  5.820597e-11
8970.000000  5.813533e-11
8990.000000  5.800682e-11
9010.000000  5.486263e-11
9030.000000  5.690854e-11
9050.000000  5.791943e-11
9070.000000  5.641579e-11
9090.000000  5.486192e-11
9110.000000  5.559352e-11
9130.000000  5.661135e-11
9150.000000  5.593387e-11
9170.000000  5.542575e-11
9190.000000  5.550267e-11
9210.000000  5.399443e-11
9230.000000  5.203315e-11
9250.000000  5.314651e-11
9270.000000  5.392215e-11
9290.000000  5.407827e-11
9310.000000  5.421547e-11
9330.000000  5.387820e-11
9350.000000  5.362107e-11
9370.000000  5.330560e-11
9390.000000  5.308848e-11
9410.000000  5.101462e-11
9430.000000  5.216599e-11
9450.000000  5.163606e-11
9470.000000  5.234623e-11
9490.000000  5.232164e-11
9510.000000  5.196173e-11
9530.000000  5.148629e-11
9550.000000  4.939717e-11
9570.000000  5.092544e-11
9590.000000  5.127785e-11
9610.000000  5.057574e-11
9630.000000  5.002749e-11
9650.000000  4.993198e-11
9670.000000  4.940346e-11
9690.000000  4.968962e-11
9710.000000  4.988660e-11
9730.000000  4.970473e-11
9750.000000  4.885070e-11
9770.000000  4.918731e-11
9790.000000  4.870622e-11
9810.000000  4.907633e-11
9830.000000  4.882322e-11
9850.000000  4.852873e-11
9870.000000  4.823661e-11
9890.000000  4.797082e-11
9910.000000  4.772255e-11
9930.000000  4.796032e-11
9950.000000  4.775272e-11
9970.000000  4.764610e-11
9990.000000  4.747571e-11
10025.000000  4.677611e-11
10075.000000  4.583431e-11
10125.000000  4.592216e-11
10175.000000  4.528026e-11
10225.000000  4.507785e-11
10275.000000  4.493228e-11
10325.000000  4.397782e-11
10375.000000  4.370150e-11
10425.000000  4.350389e-11
10475.000000  4.249863e-11
10525.000000  4.247630e-11
10575.000000  4.205544e-11
10625.000000  4.158468e-11
10675.000000  4.052082e-11
10725.000000  4.054553e-11
10775.000000  4.010995e-11
10825.000000  3.945239e-11
10875.000000  3.918369e-11
10925.000000  3.819070e-11
10975.000000  3.789006e-11
11025.000000  3.795440e-11
11075.000000  3.782055e-11
11125.000000  3.731065e-11
11175.000000  3.701223e-11
11225.000000  3.688684e-11
11275.000000  3.603072e-11
11325.000000  3.586560e-11
11375.000000  3.559944e-11
11425.000000  3.504300e-11
11475.000000  3.538792e-11
11525.000000  3.509491e-11
11575.000000  3.455364e-11
11625.000000  3.383823e-11
11675.000000  3.357096e-11
11725.000000  3.393091e-11
11775.000000  3.299146e-11
11825.000000  3.287452e-11
11875.000000  3.230461e-11
11925.000000  3.282727e-11
11975.000000  3.174983e-11
12025.000000  3.196249e-11
12075.000000  3.154503e-11
12125.000000  3.133964e-11
12175.000000  3.133023e-11
12225.000000  3.102462e-11
12275.000000  3.068335e-11
12325.000000  3.045005e-11
12375.000000  3.018114e-11
12425.000000  2.992920e-11
12475.000000  2.974989e-11
12525.000000  2.934246e-11
12575.000000  2.903658e-11
12625.000000  2.886830e-11
12675.000000  2.861170e-11
12725.000000  2.852067e-11
12775.000000  2.830784e-11
12825.000000  2.676035e-11
12875.000000  2.770101e-11
12925.000000  2.737318e-11
12975.000000  2.730809e-11
13025.000000  2.699139e-11
13075.000000  2.689061e-11
13125.000000  2.648408e-11
13175.000000  2.620911e-11
13225.000000  2.619973e-11
13275.000000  2.575345e-11
13325.000000  2.571307e-11
13375.000000  2.547337e-11
13425.000000  2.537918e-11
13475.000000  2.516401e-11
13525.000000  2.493189e-11
13575.000000  2.451534e-11
13625.000000  2.442482e-11
13675.000000  2.423607e-11
13725.000000  2.388135e-11
13775.000000  2.381617e-11
13825.000000  2.368111e-11
13875.000000  2.356189e-11
13925.000000  2.333919e-11
13975.000000  2.318088e-11
14025.000000  2.286567e-11
14075.000000  2.279105e-11
14125.000000  2.240610e-11
14175.000000  2.238134e-11
14225.000000  2.197220e-11
14275.000000  2.168858e-11
14325.000000  2.180330e-11
14375.000000  2.177068e-11
14425.000000  2.091100e-11
14475.000000  2.136761e-11
14525.000000  2.084403e-11
14570.000000  2.093981e-11
14620.000000  2.069595e-11
14675.000000  2.063302e-11
14725.000000  2.024388e-11
14775.000000  2.012472e-11
14825.000000  2.002908e-11
14875.000000  1.975904e-11
14925.000000  1.996540e-11
14975.000000  1.965021e-11
15025.000000  1.938150e-11
15075.000000  1.910707e-11
15125.000000  1.919223e-11
15175.000000  1.912995e-11
15225.000000  1.890714e-11
15275.000000  1.876682e-11
15325.000000  1.857152e-11
15375.000000  1.861337e-11
15425.000000  1.813401e-11
15475.000000  1.831804e-11
15525.000000  1.817324e-11
15575.000000  1.758118e-11
15625.000000  1.813820e-11
15675.000000  1.762502e-11
15725.000000  1.721024e-11
15775.000000  1.731256e-11
15825.000000  1.738474e-11
15875.000000  1.619055e-11
15925.000000  1.705834e-11
15975.000000  1.713023e-11
16050.000000  1.682225e-11
16150.000000  1.616571e-11
16250.000000  1.643055e-11
16350.000000  1.599226e-11
16450.000000  1.528137e-11
16550.000000  1.550787e-11
16650.000000  1.523064e-11
16750.000000  1.479681e-11
16850.000000  1.411108e-11
16950.000000  1.440566e-11
17050.000000  1.393536e-11
17150.000000  1.376566e-11
17250.000000  1.335125e-11
17350.000000  1.263594e-11
17450.000000  1.280417e-11
17550.000000  1.262987e-11
17650.000000  1.237008e-11
17750.000000  1.213288e-11
17850.000000  1.192445e-11
17950.000000  1.174918e-11
18050.000000  1.145085e-11
18150.000000  1.091890e-11
18250.000000  1.096637e-11
18350.000000  1.082685e-11
18450.000000  1.056961e-11
18550.000000  1.039777e-11
18650.000000  1.015329e-11
18750.000000  9.597647e-12
18850.000000  9.793606e-12
18950.000000  9.436421e-12
19050.000000  9.497615e-12
19150.000000  9.294093e-12
19250.000000  9.136576e-12
19350.000000  8.907905e-12
19450.000000  8.474936e-12
19550.000000  8.629011e-12
19650.000000  8.467966e-12
19750.000000  8.280439e-12
19850.000000  8.169092e-12
19950.000000  8.021458e-12
20050.000000  7.917592e-12
20150.000000  7.806202e-12
20250.000000  7.610707e-12
20350.000000  7.438530e-12
20450.000000  7.397949e-12
20550.000000  7.249762e-12
20650.000000  7.095799e-12
20750.000000  6.984252e-12
20850.000000  6.867516e-12
20950.000000  6.725070e-12
21050.000000  6.646518e-12
21150.000000  6.513190e-12
21250.000000  6.402829e-12
21350.000000  6.308312e-12
21450.000000  6.219021e-12
21550.000000  6.115197e-12
21650.000000  5.814270e-12
21750.000000  5.875608e-12
21850.000000  5.791189e-12
21950.000000  5.725157e-12
22050.000000  5.588494e-12
22150.000000  5.518565e-12
22250.000000  5.435602e-12
22350.000000  5.346814e-12
22450.000000  5.264470e-12
22550.000000  5.144012e-12
22650.000000  5.073635e-12
22750.000000  5.016457e-12
22850.000000  4.918617e-12
22950.000000  4.749552e-12
23050.000000  4.744421e-12
23150.000000  4.671718e-12
23250.000000  4.494518e-12
23350.000000  4.490495e-12
23450.000000  4.457899e-12
23550.000000  4.268713e-12
23650.000000  4.289028e-12
23750.000000  4.234976e-12
23850.000000  4.071171e-12
23950.000000  4.081923e-12
24050.000000  4.033390e-12
24150.000000  3.905529e-12
24250.000000  3.893255e-12
24350.000000  3.835268e-12
24450.000000  3.751415e-12
24550.000000  3.697391e-12
24650.000000  3.687994e-12
24750.000000  3.608499e-12
24850.000000  3.539626e-12
24950.000000  3.491086e-12
