2505.000000  2.413760e-11
2513.000000  2.167063e-11
2518.000000  2.201190e-11
2525.000000  2.051725e-11
2535.000000  1.999948e-11
2545.000000  2.004213e-11
2555.000000  2.160447e-11
2565.000000  2.160616e-11
2575.000000  2.315473e-11
2585.000000  2.323778e-11
2595.000000  2.282611e-11
2605.000000  2.186683e-11
2615.000000  2.146652e-11
2625.000000  2.315925e-11
2635.000000  2.337631e-11
2645.000000  2.614196e-11
2655.000000  2.597050e-11
2665.000000  2.398884e-11
2675.000000  2.491171e-11
2685.000000  2.507339e-11
2695.000000  2.377165e-11
2705.000000  2.424741e-11
2715.000000  2.304549e-11
2725.000000  2.325630e-11
2735.000000  2.490708e-11
2745.000000  2.114251e-11
2755.000000  2.185821e-11
2765.000000  2.276885e-11
2775.000000  2.437865e-11
2785.000000  2.381537e-11
2795.000000  1.762480e-11
2805.000000  1.982610e-11
2815.000000  2.519059e-11
2825.000000  2.535032e-11
2835.000000  2.454843e-11
2845.000000  2.382369e-11
2855.000000  2.293315e-11
2865.000000  2.437514e-11
2875.000000  2.386536e-11
2885.000000  2.443881e-11
2895.000000  2.367660e-11
2910.000000  2.582007e-11
2930.000000  2.499054e-11
2950.000000  2.487221e-11
2970.000000  2.524289e-11
2990.000000  2.538759e-11
3010.000000  2.567604e-11
3030.000000  2.558466e-11
3050.000000  2.548069e-11
3070.000000  2.534380e-11
3090.000000  2.566391e-11
3110.000000  2.521880e-11
3130.000000  2.513775e-11
3150.000000  2.553162e-11
3170.000000  2.545627e-11
3190.000000  2.458855e-11
3210.000000  2.504330e-11
3230.000000  2.455032e-11
3250.000000  2.494379e-11
3270.000000  2.511763e-11
3290.000000  2.535799e-11
3310.000000  2.546206e-11
3330.000000  2.503045e-11
3350.000000  2.469169e-11
3370.000000  2.472667e-11
3390.000000  2.463112e-11
3410.000000  2.498723e-11
3430.000000  2.500634e-11
3450.000000  2.485941e-11
3470.000000  2.463280e-11
3490.000000  2.459507e-11
3510.000000  2.485132e-11
3530.000000  2.488083e-11
3550.000000  2.495819e-11
3570.000000  2.450074e-11
3590.000000  2.443131e-11
3610.000000  2.442131e-11
3630.000000  2.446475e-11
3640.000000  2.432266e-11
3650.000000  2.468496e-11
3670.000000  2.450199e-11
3690.000000  2.367264e-11
3710.000000  2.649534e-11
3730.000000  2.933101e-11
3750.000000  3.939153e-11
3770.000000  4.232633e-11
3790.000000  5.268851e-11
3810.000000  6.210764e-11
3830.000000  4.850506e-11
3850.000000  6.877430e-11
3870.000000  7.765419e-11
3890.000000  4.267494e-11
3910.000000  7.714006e-11
3930.000000  7.769397e-11
3950.000000  7.705181e-11
3970.000000  4.057854e-11
3990.000000  7.383693e-11
4010.000000  8.210366e-11
4030.000000  8.199685e-11
4050.000000  8.081586e-11
4070.000000  7.690317e-11
4090.000000  5.978796e-11
4110.000000  4.508391e-11
4130.000000  7.297764e-11
4150.000000  7.608870e-11
4170.000000  7.557228e-11
4190.000000  7.473837e-11
4210.000000  7.393971e-11
4230.000000  7.246314e-11
4250.000000  7.182530e-11
4270.000000  7.039881e-11
4290.000000  6.949036e-11
4310.000000  6.504788e-11
4330.000000  4.923818e-11
4350.000000  4.167508e-11
4370.000000  6.362781e-11
4390.000000  6.508285e-11
4410.000000  6.466624e-11
4430.000000  6.461100e-11
4450.000000  6.418479e-11
4470.000000  6.349153e-11
4490.000000  6.245807e-11
4510.000000  6.219039e-11
4530.000000  6.112446e-11
4550.000000  5.987699e-11
4570.000000  6.011259e-11
4590.000000  5.906885e-11
4610.000000  5.918410e-11
4630.000000  5.790782e-11
4650.000000  5.779505e-11
4670.000000  5.712307e-11
4690.000000  5.602941e-11
4710.000000  5.445856e-11
4730.000000  5.513085e-11
4750.000000  5.456114e-11
4770.000000  5.378943e-11
4790.000000  5.301453e-11
4810.000000  5.191264e-11
4830.000000  4.952614e-11
4850.000000  3.879617e-11
4870.000000  3.115215e-11
4890.000000  4.671827e-11
4910.000000  4.888252e-11
4930.000000  4.843312e-11
4950.000000  4.852605e-11
4970.000000  4.831770e-11
4990.000000  4.762979e-11
5010.000000  4.666055e-11
5030.000000  4.669150e-11
5050.000000  4.606940e-11
5070.000000  4.582203e-11
5090.000000  4.531601e-11
5110.000000  4.486860e-11
5130.000000  4.429144e-11
5150.000000  4.374344e-11
5170.000000  4.267379e-11
5190.000000  4.233748e-11
5210.000000  4.233106e-11
5230.000000  4.161261e-11
5250.000000  4.167041e-11
5270.000000  4.064695e-11
5290.000000  4.076560e-11
5310.000000  4.013535e-11
5330.000000  3.963715e-11
5350.000000  3.958359e-11
5370.000000  3.904639e-11
5390.000000  3.869715e-11
5410.000000  3.818007e-11
5430.000000  3.788648e-11
5450.000000  3.758487e-11
5470.000000  3.723324e-11
5490.000000  3.691024e-11
5510.000000  3.654577e-11
5530.000000  3.609036e-11
5550.000000  3.585473e-11
5570.000000  3.545432e-11
5590.000000  3.508220e-11
5610.000000  3.478019e-11
5630.000000  3.448279e-11
5650.000000  3.412618e-11
5670.000000  3.377692e-11
5690.000000  3.348401e-11
5710.000000  3.316209e-11
5730.000000  3.287942e-11
5750.000000  3.254076e-11
5770.000000  3.224064e-11
5790.000000  3.192729e-11
5810.000000  3.163345e-11
5830.000000  3.133603e-11
5850.000000  3.103308e-11
5870.000000  3.073557e-11
5890.000000  3.021345e-11
5910.000000  3.017031e-11
5930.000000  2.988992e-11
5950.000000  2.960422e-11
5970.000000  2.933827e-11
5990.000000  2.904276e-11
6010.000000  2.876390e-11
6030.000000  2.851811e-11
6050.000000  2.826413e-11
6070.000000  2.801640e-11
6090.000000  2.775618e-11
6110.000000  2.749309e-11
6130.000000  2.720702e-11
6150.000000  2.687403e-11
6170.000000  2.670631e-11
6190.000000  2.651900e-11
6210.000000  2.628650e-11
6230.000000  2.603498e-11
6250.000000  2.569865e-11
6270.000000  2.559048e-11
6290.000000  2.536493e-11
6310.000000  2.510621e-11
6330.000000  2.490353e-11
6350.000000  2.460270e-11
6370.000000  2.441412e-11
6390.000000  2.424738e-11
6410.000000  2.399911e-11
6430.000000  2.380885e-11
6450.000000  2.348776e-11
6470.000000  2.332867e-11
6490.000000  2.302625e-11
6510.000000  2.271653e-11
6530.000000  2.205491e-11
6550.000000  1.929324e-11
6570.000000  1.541457e-11
6590.000000  2.088226e-11
6610.000000  2.164739e-11
6630.000000  2.169113e-11
6650.000000  2.158242e-11
6670.000000  2.143543e-11
6690.000000  2.129309e-11
6710.000000  2.112489e-11
6730.000000  2.094521e-11
6750.000000  2.076216e-11
6770.000000  2.060617e-11
6790.000000  2.043090e-11
6810.000000  2.026254e-11
6830.000000  2.008638e-11
6850.000000  1.992185e-11
6870.000000  1.976152e-11
6890.000000  1.959836e-11
6910.000000  1.943611e-11
6930.000000  1.927385e-11
6950.000000  1.911762e-11
6970.000000  1.895880e-11
6990.000000  1.880746e-11
7010.000000  1.863421e-11
7030.000000  1.849481e-11
7050.000000  1.834810e-11
7070.000000  1.820259e-11
7090.000000  1.805618e-11
7110.000000  1.782207e-11
7130.000000  1.775072e-11
7150.000000  1.761300e-11
7170.000000  1.747608e-11
7190.000000  1.732886e-11
7210.000000  1.719370e-11
7230.000000  1.705476e-11
7250.000000  1.691768e-11
7270.000000  1.679611e-11
7290.000000  1.664832e-11
7310.000000  1.651917e-11
7330.000000  1.639274e-11
7350.000000  1.627117e-11
7370.000000  1.614594e-11
7390.000000  1.601080e-11
7410.000000  1.587651e-11
7430.000000  1.574570e-11
7450.000000  1.563082e-11
7470.000000  1.548724e-11
7490.000000  1.537822e-11
7510.000000  1.527016e-11
7530.000000  1.516129e-11
7550.000000  1.505214e-11
7570.000000  1.493319e-11
7590.000000  1.482034e-11
7610.000000  1.470711e-11
7630.000000  1.459511e-11
7650.000000  1.448022e-11
7670.000000  1.436156e-11
7690.000000  1.425991e-11
7710.000000  1.414555e-11
7730.000000  1.405029e-11
7750.000000  1.394116e-11
7770.000000  1.365315e-11
7790.000000  1.373700e-11
7810.000000  1.362936e-11
7830.000000  1.351993e-11
7850.000000  1.341134e-11
7870.000000  1.330078e-11
7890.000000  1.319301e-11
7910.000000  1.311654e-11
7930.000000  1.302019e-11
7950.000000  1.291046e-11
7970.000000  1.283862e-11
7990.000000  1.270998e-11
8010.000000  1.264973e-11
8030.000000  1.255132e-11
8050.000000  1.246326e-11
8070.000000  1.237111e-11
8090.000000  1.227939e-11
8110.000000  1.219499e-11
8130.000000  1.210899e-11
8150.000000  1.202001e-11
8170.000000  1.193206e-11
8190.000000  1.180182e-11
8210.000000  1.175652e-11
8230.000000  1.167566e-11
8250.000000  1.158976e-11
8270.000000  1.155738e-11
8290.000000  1.147793e-11
8310.000000  1.139571e-11
8330.000000  1.126086e-11
8350.000000  1.122576e-11
8370.000000  1.111691e-11
8390.000000  1.100805e-11
8410.000000  1.089265e-11
8430.000000  1.085216e-11
8450.000000  1.072082e-11
8470.000000  1.040740e-11
8490.000000  1.082166e-11
8510.000000  1.003490e-11
8530.000000  1.084975e-11
8550.000000  9.473351e-12
8570.000000  1.096266e-11
8590.000000  1.009186e-11
8610.000000  9.779045e-12
8630.000000  1.108101e-11
8650.000000  1.063486e-11
8670.000000  8.654581e-12
8690.000000  1.084661e-11
8710.000000  1.122581e-11
8730.000000  1.078398e-11
8750.000000  8.412376e-12
8770.000000  1.025535e-11
8790.000000  1.109316e-11
8810.000000  1.113703e-11
8830.000000  1.086721e-11
8850.000000  9.726809e-12
8870.000000  8.152206e-12
8890.000000  1.034591e-11
8910.000000  1.075306e-11
8930.000000  1.079030e-11
8950.000000  1.077672e-11
8970.000000  1.059460e-11
8990.000000  1.009974e-11
9010.000000  8.024248e-12
9030.000000  8.845635e-12
9050.000000  1.007309e-11
9070.000000  1.016627e-11
9090.000000  1.010087e-11
9110.000000  1.020146e-11
9130.000000  1.019275e-11
9150.000000  1.011261e-11
9170.000000  9.984644e-12
9190.000000  9.745288e-12
9210.000000  9.059430e-12
9230.000000  7.059911e-12
9250.000000  8.729609e-12
9270.000000  9.337318e-12
9290.000000  9.576132e-12
9310.000000  9.574875e-12
9330.000000  9.532390e-12
9350.000000  9.482040e-12
9370.000000  9.428311e-12
9390.000000  9.350005e-12
9410.000000  9.180793e-12
9430.000000  9.209388e-12
9450.000000  9.144727e-12
9470.000000  9.061357e-12
9490.000000  8.941161e-12
9510.000000  8.703516e-12
9530.000000  7.995094e-12
9550.000000  6.412897e-12
9570.000000  8.049268e-12
9590.000000  8.515492e-12
9610.000000  8.572560e-12
9630.000000  8.528960e-12
9650.000000  8.552958e-12
9670.000000  8.458496e-12
9690.000000  8.453090e-12
9710.000000  8.422019e-12
9730.000000  8.364496e-12
9750.000000  8.302508e-12
9770.000000  8.257213e-12
9790.000000  8.202370e-12
9810.000000  8.147697e-12
9830.000000  8.091676e-12
9850.000000  8.028925e-12
9870.000000  7.978640e-12
9890.000000  7.901901e-12
9910.000000  7.867003e-12
9930.000000  7.805339e-12
9950.000000  7.747938e-12
9970.000000  7.681908e-12
9990.000000  7.586240e-12
10025.000000  6.917882e-12
10075.000000  6.569675e-12
10125.000000  7.264818e-12
10175.000000  7.219075e-12
10225.000000  7.122479e-12
10275.000000  7.012778e-12
10325.000000  6.898204e-12
10375.000000  6.792662e-12
10425.000000  6.687188e-12
10475.000000  6.559929e-12
10525.000000  6.473782e-12
10575.000000  6.376545e-12
10625.000000  6.277774e-12
10675.000000  6.119690e-12
10725.000000  6.061693e-12
10775.000000  5.985244e-12
10825.000000  5.876753e-12
10875.000000  5.726070e-12
10925.000000  4.870981e-12
10975.000000  5.301132e-12
11025.000000  5.519883e-12
11075.000000  5.472831e-12
11125.000000  5.399955e-12
11175.000000  5.322256e-12
11225.000000  5.245872e-12
11275.000000  5.140271e-12
11325.000000  5.062619e-12
11375.000000  5.013633e-12
11425.000000  4.936665e-12
11475.000000  4.876128e-12
11525.000000  4.807243e-12
11575.000000  4.737456e-12
11625.000000  4.654318e-12
11675.000000  4.571439e-12
11725.000000  4.539142e-12
11775.000000  4.434136e-12
11825.000000  4.393066e-12
11875.000000  4.326818e-12
11925.000000  4.290481e-12
11975.000000  4.213305e-12
12025.000000  4.168449e-12
12075.000000  4.106272e-12
12125.000000  4.051986e-12
12175.000000  4.000533e-12
12225.000000  3.945102e-12
12275.000000  3.888379e-12
12325.000000  3.836666e-12
12375.000000  3.786639e-12
12425.000000  3.737157e-12
12475.000000  3.684371e-12
12525.000000  3.635284e-12
12575.000000  3.578927e-12
12625.000000  3.532919e-12
12675.000000  3.486517e-12
12725.000000  3.425385e-12
12775.000000  3.291375e-12
12825.000000  2.833644e-12
12875.000000  3.232404e-12
12925.000000  3.251946e-12
12975.000000  3.222238e-12
13025.000000  3.185107e-12
13075.000000  3.144335e-12
13125.000000  3.102996e-12
13175.000000  3.060134e-12
13225.000000  3.024251e-12
13275.000000  2.985563e-12
13325.000000  2.947634e-12
13375.000000  2.909994e-12
13425.000000  2.873101e-12
13475.000000  2.836440e-12
13525.000000  2.798973e-12
13575.000000  2.763960e-12
13625.000000  2.730755e-12
13675.000000  2.696147e-12
13725.000000  2.654671e-12
13775.000000  2.628431e-12
13825.000000  2.596506e-12
13875.000000  2.565901e-12
13925.000000  2.532301e-12
13975.000000  2.502253e-12
14025.000000  2.471919e-12
14075.000000  2.442008e-12
14125.000000  2.411934e-12
14175.000000  2.382892e-12
14225.000000  2.353485e-12
14275.000000  2.324852e-12
14325.000000  2.297449e-12
14375.000000  2.270230e-12
14425.000000  2.226548e-12
14475.000000  2.216052e-12
14525.000000  2.181569e-12
14570.000000  2.165920e-12
14620.000000  2.139167e-12
14675.000000  2.115269e-12
14725.000000  2.090039e-12
14775.000000  2.063313e-12
14825.000000  2.041607e-12
14875.000000  2.014403e-12
14925.000000  1.997547e-12
14975.000000  1.973567e-12
15025.000000  1.945997e-12
15075.000000  1.925176e-12
15125.000000  1.903716e-12
15175.000000  1.880994e-12
15225.000000  1.862737e-12
15275.000000  1.830887e-12
15325.000000  1.808204e-12
15375.000000  1.799596e-12
15425.000000  1.750514e-12
15475.000000  1.759938e-12
15525.000000  1.742363e-12
15575.000000  1.668066e-12
15625.000000  1.729175e-12
15675.000000  1.663875e-12
15725.000000  1.600889e-12
15775.000000  1.680141e-12
15825.000000  1.659768e-12
15875.000000  1.490686e-12
15925.000000  1.598652e-12
15975.000000  1.626086e-12
16050.000000  1.572698e-12
16150.000000  1.468127e-12
16250.000000  1.548372e-12
16350.000000  1.470404e-12
16450.000000  1.371193e-12
16550.000000  1.454496e-12
16650.000000  1.424419e-12
16750.000000  1.345346e-12
16850.000000  1.254350e-12
16950.000000  1.333505e-12
17050.000000  1.309409e-12
17150.000000  1.281945e-12
17250.000000  1.244685e-12
17350.000000  1.104237e-12
17450.000000  1.179701e-12
17550.000000  1.175150e-12
17650.000000  1.152385e-12
17750.000000  1.130193e-12
17850.000000  1.106581e-12
17950.000000  1.084539e-12
18050.000000  1.055562e-12
18150.000000  9.467181e-13
18250.000000  9.924803e-13
18350.000000  9.971964e-13
18450.000000  9.797140e-13
18550.000000  9.586803e-13
18650.000000  9.328603e-13
18750.000000  8.332584e-13
18850.000000  8.932699e-13
18950.000000  8.848844e-13
19050.000000  8.708871e-13
19150.000000  8.540932e-13
19250.000000  8.365421e-13
19350.000000  8.126953e-13
19450.000000  7.285408e-13
19550.000000  7.822051e-13
19650.000000  7.753977e-13
19750.000000  7.613350e-13
19850.000000  7.476766e-13
19950.000000  7.338373e-13
20050.000000  7.203903e-13
20150.000000  7.072445e-13
20250.000000  6.942599e-13
20350.000000  6.815554e-13
20450.000000  6.694240e-13
20550.000000  6.573689e-13
20650.000000  6.453829e-13
20750.000000  6.340054e-13
20850.000000  6.228153e-13
20950.000000  6.117443e-13
21050.000000  6.009327e-13
21150.000000  5.899916e-13
21250.000000  5.795874e-13
21350.000000  5.697430e-13
21450.000000  5.596231e-13
21550.000000  5.456626e-13
21650.000000  4.927277e-13
21750.000000  5.238303e-13
21850.000000  5.218750e-13
21950.000000  5.141521e-13
22050.000000  5.052840e-13
22150.000000  4.965381e-13
22250.000000  4.887053e-13
22350.000000  4.805689e-13
22450.000000  4.726060e-13
22550.000000  4.645227e-13
22650.000000  4.571417e-13
22750.000000  4.496578e-13
22850.000000  4.425039e-13
22950.000000  4.353314e-13
23050.000000  4.284998e-13
23150.000000  4.216429e-13
23250.000000  4.149844e-13
23350.000000  4.083984e-13
23450.000000  4.019675e-13
23550.000000  3.956642e-13
23650.000000  3.894645e-13
23750.000000  3.833194e-13
23850.000000  3.773358e-13
23950.000000  3.714394e-13
24050.000000  3.655038e-13
24150.000000  3.596442e-13
24250.000000  3.545218e-13
24350.000000  3.485608e-13
24450.000000  3.428241e-13
24550.000000  3.384986e-13
24650.000000  3.323550e-13
24750.000000  3.273882e-13
24850.000000  3.242884e-13
24950.000000  3.141002e-13
