2505.000000  3.231717e-15
2513.000000  1.512435e-15
2518.000000  8.516474e-16
2525.000000  1.204776e-15
2535.000000  7.892761e-15
2545.000000  9.711024e-15
2555.000000  2.469129e-14
2565.000000  1.044781e-14
2575.000000  2.101554e-14
2585.000000  1.253354e-14
2595.000000  1.389161e-14
2605.000000  1.727965e-14
2615.000000  1.448291e-14
2625.000000  2.699633e-14
2635.000000  7.077953e-14
2645.000000  8.257867e-14
2655.000000  1.729796e-13
2665.000000  1.010926e-13
2675.000000  8.544117e-14
2685.000000  1.370005e-13
2695.000000  6.688808e-14
2705.000000  1.326262e-13
2715.000000  7.698560e-14
2725.000000  4.017637e-14
2735.000000  6.136077e-14
2745.000000  5.670702e-14
2755.000000  7.075964e-14
2765.000000  1.146435e-13
2775.000000  1.352160e-13
2785.000000  6.509572e-14
2795.000000  2.698614e-14
2805.000000  3.388999e-14
2815.000000  1.025539e-13
2825.000000  1.272181e-13
2835.000000  9.032893e-14
2845.000000  3.245825e-14
2855.000000  6.556688e-15
2865.000000  6.614706e-14
2875.000000  1.409512e-13
2885.000000  2.452438e-13
2895.000000  3.972503e-13
2910.000000  6.075280e-13
2930.000000  6.103474e-13
2950.000000  5.067899e-13
2970.000000  5.325414e-13
2990.000000  5.188954e-13
3010.000000  4.387565e-13
3030.000000  6.772691e-13
3050.000000  7.461630e-13
3070.000000  1.165066e-12
3090.000000  1.404546e-12
3110.000000  2.135146e-12
3130.000000  1.763123e-12
3150.000000  2.288948e-12
3170.000000  2.871751e-12
3190.000000  2.381273e-12
3210.000000  2.651882e-12
3230.000000  1.918595e-12
3250.000000  3.361078e-12
3270.000000  4.630028e-12
3290.000000  5.006174e-12
3310.000000  4.177732e-12
3330.000000  4.272065e-12
3350.000000  3.819122e-12
3370.000000  2.625534e-12
3390.000000  3.026939e-12
3410.000000  3.739683e-12
3430.000000  4.569026e-12
3450.000000  4.338028e-12
3470.000000  4.704120e-12
3490.000000  5.713147e-12
3510.000000  6.264685e-12
3530.000000  4.990807e-12
3550.000000  6.226976e-12
3570.000000  2.991935e-12
3590.000000  3.601625e-12
3610.000000  5.874077e-12
3630.000000  7.551226e-12
3640.000000  8.181952e-12
3650.000000  8.885446e-12
3670.000000  1.029964e-11
3690.000000  9.448348e-12
3710.000000  9.591905e-12
3730.000000  4.385046e-12
3750.000000  5.281105e-12
3770.000000  7.983103e-12
3790.000000  8.132171e-12
3810.000000  6.821472e-12
3830.000000  3.015044e-12
3850.000000  3.746682e-12
3870.000000  4.253312e-12
3890.000000  8.083325e-12
3910.000000  9.460675e-12
3930.000000  2.787630e-12
3950.000000  6.461399e-12
3970.000000  3.784055e-12
3990.000000  1.432919e-11
4010.000000  1.895170e-11
4030.000000  1.832114e-11
4050.000000  1.731700e-11
4070.000000  1.596393e-11
4090.000000  2.118173e-11
4110.000000  1.983670e-11
4130.000000  1.718674e-11
4150.000000  1.522135e-11
4170.000000  1.566207e-11
4190.000000  1.675663e-11
4210.000000  1.885739e-11
4230.000000  2.009301e-11
4250.000000  2.276201e-11
4270.000000  2.142537e-11
4290.000000  1.951302e-11
4310.000000  1.681438e-11
4330.000000  2.671774e-11
4350.000000  2.693698e-11
4370.000000  2.900563e-11
4390.000000  2.566939e-11
4410.000000  2.783056e-11
4430.000000  3.088787e-11
4450.000000  3.164334e-11
4470.000000  3.468488e-11
4490.000000  3.637299e-11
4510.000000  4.260114e-11
4530.000000  3.654847e-11
4550.000000  3.808623e-11
4570.000000  4.201179e-11
4590.000000  4.127598e-11
4610.000000  4.320772e-11
4630.000000  4.203504e-11
4650.000000  4.292503e-11
4670.000000  4.492569e-11
4690.000000  4.421573e-11
4710.000000  4.338481e-11
4730.000000  4.542345e-11
4750.000000  4.847434e-11
4770.000000  4.924850e-11
4790.000000  4.875680e-11
4810.000000  4.883277e-11
4830.000000  5.076876e-11
4850.000000  4.838108e-11
4870.000000  4.559709e-11
4890.000000  5.027445e-11
4910.000000  5.011915e-11
4930.000000  4.909534e-11
4950.000000  5.310610e-11
4970.000000  5.139600e-11
4990.000000  4.741616e-11
5010.000000  4.487041e-11
5030.000000  4.788760e-11
5050.000000  4.819877e-11
5070.000000  5.047443e-11
5090.000000  4.616979e-11
5110.000000  4.796355e-11
5130.000000  4.542019e-11
5150.000000  4.431692e-11
5170.000000  4.141558e-11
5190.000000  4.461009e-11
5210.000000  4.721892e-11
5230.000000  5.129613e-11
5250.000000  5.306884e-11
5270.000000  4.724738e-11
5290.000000  5.466254e-11
5310.000000  5.908324e-11
5330.000000  5.150638e-11
5350.000000  5.736001e-11
5370.000000  5.828178e-11
5390.000000  5.524298e-11
5410.000000  5.510026e-11
5430.000000  5.565701e-11
5450.000000  5.981647e-11
5470.000000  5.702052e-11
5490.000000  5.623306e-11
5510.000000  5.602648e-11
5530.000000  5.866641e-11
5550.000000  6.044668e-11
5570.000000  5.925775e-11
5590.000000  5.730179e-11
5610.000000  6.089493e-11
5630.000000  5.933514e-11
5650.000000  6.022670e-11
5670.000000  5.855323e-11
5690.000000  6.122759e-11
5710.000000  5.809769e-11
5730.000000  6.454103e-11
5750.000000  6.156391e-11
5770.000000  6.315739e-11
5790.000000  5.932287e-11
5810.000000  6.337839e-11
5830.000000  6.603568e-11
5850.000000  6.362643e-11
5870.000000  6.394681e-11
5890.000000  5.489895e-11
5910.000000  6.289113e-11
5930.000000  6.331673e-11
5950.000000  6.328207e-11
5970.000000  6.530618e-11
5990.000000  6.363015e-11
6010.000000  6.227752e-11
6030.000000  6.442203e-11
6050.000000  6.579156e-11
6070.000000  6.546119e-11
6090.000000  6.218035e-11
6110.000000  6.278204e-11
6130.000000  5.875768e-11
6150.000000  6.139859e-11
6170.000000  5.887715e-11
6190.000000  6.290813e-11
6210.000000  6.205567e-11
6230.000000  5.981332e-11
6250.000000  5.711374e-11
6270.000000  6.038128e-11
6290.000000  6.204810e-11
6310.000000  6.001995e-11
6330.000000  6.125130e-11
6350.000000  6.114712e-11
6370.000000  6.068945e-11
6390.000000  6.209808e-11
6410.000000  6.112147e-11
6430.000000  6.173676e-11
6450.000000  6.186713e-11
6470.000000  6.188947e-11
6490.000000  5.971254e-11
6510.000000  6.171310e-11
6530.000000  6.222029e-11
6550.000000  6.129076e-11
6570.000000  6.022032e-11
6590.000000  6.207637e-11
6610.000000  6.242565e-11
6630.000000  6.227192e-11
6650.000000  6.209720e-11
6670.000000  6.083274e-11
6690.000000  6.306710e-11
6710.000000  6.043169e-11
6730.000000  6.327923e-11
6750.000000  6.169252e-11
6770.000000  6.240472e-11
6790.000000  6.189821e-11
6810.000000  6.176787e-11
6830.000000  6.271662e-11
6850.000000  6.076680e-11
6870.000000  6.172869e-11
6890.000000  6.273941e-11
6910.000000  6.198600e-11
6930.000000  6.069223e-11
6950.000000  5.902229e-11
6970.000000  5.982696e-11
6990.000000  5.898025e-11
7010.000000  5.758677e-11
7030.000000  5.918056e-11
7050.000000  6.034283e-11
7070.000000  5.874733e-11
7090.000000  5.824927e-11
7110.000000  5.735485e-11
7130.000000  5.605740e-11
7150.000000  5.621647e-11
7170.000000  5.736576e-11
7190.000000  5.539575e-11
7210.000000  5.697050e-11
7230.000000  5.841153e-11
7250.000000  5.804671e-11
7270.000000  5.756969e-11
7290.000000  5.568148e-11
7310.000000  5.688969e-11
7330.000000  5.686702e-11
7350.000000  5.659204e-11
7370.000000  5.827110e-11
7390.000000  5.697885e-11
7410.000000  5.662630e-11
7430.000000  5.738189e-11
7450.000000  5.743517e-11
7470.000000  5.739370e-11
7490.000000  5.687930e-11
7510.000000  5.790425e-11
7530.000000  5.837146e-11
7550.000000  5.878859e-11
7570.000000  5.819801e-11
7590.000000  5.782902e-11
7610.000000  5.806763e-11
7630.000000  5.834220e-11
7650.000000  5.846543e-11
7670.000000  5.629734e-11
7690.000000  5.842824e-11
7710.000000  5.698242e-11
7730.000000  5.715918e-11
7750.000000  5.686366e-11
7770.000000  5.834607e-11
7790.000000  5.811338e-11
7810.000000  5.805103e-11
7830.000000  5.742662e-11
7850.000000  5.672346e-11
7870.000000  5.659435e-11
7890.000000  5.385867e-11
7910.000000  5.204419e-11
7930.000000  5.233438e-11
7950.000000  5.136599e-11
7970.000000  5.382622e-11
7990.000000  5.368563e-11
8010.000000  5.367707e-11
8030.000000  5.391085e-11
8050.000000  5.318135e-11
8070.000000  5.243938e-11
8090.000000  5.073062e-11
8110.000000  5.031270e-11
8130.000000  5.136234e-11
8150.000000  5.147259e-11
8170.000000  5.178120e-11
8190.000000  5.101435e-11
8210.000000  5.080233e-11
8230.000000  5.168147e-11
8250.000000  5.211853e-11
8270.000000  5.270375e-11
8290.000000  5.212241e-11
8310.000000  4.970357e-11
8330.000000  5.021604e-11
8350.000000  5.023512e-11
8370.000000  5.092013e-11
8390.000000  4.909969e-11
8410.000000  5.125945e-11
8430.000000  4.970139e-11
8450.000000  5.109341e-11
8470.000000  5.091831e-11
8490.000000  5.039690e-11
8510.000000  4.757096e-11
8530.000000  4.932419e-11
8550.000000  4.079633e-11
8570.000000  5.121549e-11
8590.000000  5.060325e-11
8610.000000  5.083966e-11
8630.000000  5.123101e-11
8650.000000  5.060416e-11
8670.000000  4.194790e-11
8690.000000  4.902378e-11
8710.000000  5.063848e-11
8730.000000  5.086383e-11
8750.000000  5.039617e-11
8770.000000  5.105187e-11
8790.000000  5.064854e-11
8810.000000  4.931802e-11
8830.000000  5.019884e-11
8850.000000  5.079654e-11
8870.000000  4.985255e-11
8890.000000  5.069070e-11
8910.000000  5.124157e-11
8930.000000  4.982484e-11
8950.000000  4.961668e-11
8970.000000  4.979686e-11
8990.000000  5.002752e-11
9010.000000  4.807618e-11
9030.000000  4.937749e-11
9050.000000  5.050236e-11
9070.000000  5.008191e-11
9090.000000  4.807697e-11
9110.000000  4.772947e-11
9130.000000  4.919581e-11
9150.000000  4.510062e-11
9170.000000  4.365910e-11
9190.000000  4.433321e-11
9210.000000  4.322377e-11
9230.000000  4.427216e-11
9250.000000  4.391837e-11
9270.000000  4.476671e-11
9290.000000  4.410484e-11
9310.000000  4.559740e-11
9330.000000  4.569844e-11
9350.000000  4.499253e-11
9370.000000  4.465858e-11
9390.000000  4.359277e-11
9410.000000  4.263158e-11
9430.000000  4.306268e-11
9450.000000  4.209174e-11
9470.000000  4.359013e-11
9490.000000  4.323421e-11
9510.000000  4.439426e-11
9530.000000  4.392650e-11
9550.000000  4.364880e-11
9570.000000  4.373582e-11
9590.000000  4.441857e-11
9610.000000  4.378715e-11
9630.000000  4.359757e-11
9650.000000  4.260641e-11
9670.000000  4.237242e-11
9690.000000  4.330310e-11
9710.000000  4.300095e-11
9730.000000  4.305018e-11
9750.000000  4.277399e-11
9770.000000  4.303735e-11
9790.000000  4.205258e-11
9810.000000  4.360623e-11
9830.000000  4.336765e-11
9850.000000  4.373071e-11
9870.000000  4.363164e-11
9890.000000  4.388979e-11
9910.000000  4.327823e-11
9930.000000  4.382770e-11
9950.000000  4.344844e-11
9970.000000  4.373540e-11
9990.000000  4.375254e-11
10025.000000  4.328486e-11
10075.000000  4.297742e-11
10125.000000  4.310494e-11
10175.000000  4.246317e-11
10225.000000  4.262792e-11
10275.000000  4.271813e-11
10325.000000  4.189586e-11
10375.000000  4.169700e-11
10425.000000  4.186862e-11
10475.000000  4.146107e-11
10525.000000  4.147899e-11
10575.000000  4.103850e-11
10625.000000  4.085086e-11
10675.000000  4.009825e-11
10725.000000  4.009046e-11
10775.000000  3.974272e-11
10825.000000  3.914544e-11
10875.000000  3.841890e-11
10925.000000  3.751833e-11
10975.000000  3.459945e-11
11025.000000  3.445228e-11
11075.000000  3.518219e-11
11125.000000  3.516762e-11
11175.000000  3.577224e-11
11225.000000  3.565144e-11
11275.000000  3.509594e-11
11325.000000  3.549285e-11
11375.000000  3.459783e-11
11425.000000  3.493940e-11
11475.000000  3.541126e-11
11525.000000  3.535467e-11
11575.000000  3.495413e-11
11625.000000  3.452513e-11
11675.000000  3.460937e-11
11725.000000  3.514751e-11
11775.000000  3.445717e-11
11825.000000  3.431214e-11
11875.000000  3.386354e-11
11925.000000  3.452191e-11
11975.000000  3.311544e-11
12025.000000  3.376629e-11
12075.000000  3.340301e-11
12125.000000  3.347883e-11
12175.000000  3.356554e-11
12225.000000  3.342833e-11
12275.000000  3.325361e-11
12325.000000  3.296682e-11
12375.000000  3.283668e-11
12425.000000  3.256806e-11
12475.000000  3.263371e-11
12525.000000  3.230559e-11
12575.000000  3.225840e-11
12625.000000  3.217331e-11
12675.000000  3.180273e-11
12725.000000  3.183819e-11
12775.000000  3.187257e-11
12825.000000  3.077753e-11
12875.000000  3.124077e-11
12925.000000  3.081801e-11
12975.000000  3.118772e-11
13025.000000  3.081562e-11
13075.000000  3.096509e-11
13125.000000  3.043874e-11
13175.000000  3.033566e-11
13225.000000  3.040159e-11
13275.000000  2.984317e-11
13325.000000  3.010961e-11
13375.000000  2.991164e-11
13425.000000  3.003407e-11
13475.000000  2.986039e-11
13525.000000  2.980198e-11
13575.000000  2.925520e-11
13625.000000  2.911462e-11
13675.000000  2.919705e-11
13725.000000  2.924460e-11
13775.000000  2.906823e-11
13825.000000  2.907541e-11
13875.000000  2.876663e-11
13925.000000  2.867932e-11
13975.000000  2.844515e-11
14025.000000  2.808223e-11
14075.000000  2.737134e-11
14125.000000  2.634778e-11
14175.000000  2.631644e-11
14225.000000  2.620020e-11
14275.000000  2.587097e-11
14325.000000  2.638095e-11
14375.000000  2.661022e-11
14425.000000  2.576829e-11
14475.000000  2.671899e-11
14525.000000  2.580263e-11
14570.000000  2.575426e-11
14620.000000  2.536929e-11
14675.000000  2.517767e-11
14725.000000  2.493208e-11
14775.000000  2.520450e-11
14825.000000  2.521171e-11
14875.000000  2.521356e-11
14925.000000  2.565475e-11
14975.000000  2.548319e-11
15025.000000  2.501321e-11
15075.000000  2.477546e-11
15125.000000  2.483542e-11
15175.000000  2.508264e-11
15225.000000  2.496022e-11
15275.000000  2.497252e-11
15325.000000  2.502309e-11
15375.000000  2.517102e-11
15425.000000  2.498558e-11
15475.000000  2.507763e-11
15525.000000  2.462455e-11
15575.000000  2.416617e-11
15625.000000  2.482498e-11
15675.000000  2.434723e-11
15725.000000  2.449497e-11
15775.000000  2.338480e-11
15825.000000  2.387462e-11
15875.000000  2.310674e-11
15925.000000  2.377413e-11
15975.000000  2.381906e-11
16050.000000  2.362359e-11
16150.000000  2.341911e-11
16250.000000  2.333755e-11
16350.000000  2.339859e-11
16450.000000  2.234640e-11
16550.000000  2.276235e-11
16650.000000  2.200229e-11
16750.000000  2.187386e-11
16850.000000  2.104067e-11
16950.000000  2.141352e-11
17050.000000  2.058018e-11
17150.000000  2.047977e-11
17250.000000  1.992543e-11
17350.000000  1.926138e-11
17450.000000  1.929840e-11
17550.000000  1.889610e-11
17650.000000  1.865509e-11
17750.000000  1.816840e-11
17850.000000  1.798861e-11
17950.000000  1.770502e-11
18050.000000  1.720196e-11
18150.000000  1.691500e-11
18250.000000  1.660530e-11
18350.000000  1.632456e-11
18450.000000  1.591655e-11
18550.000000  1.574928e-11
18650.000000  1.528907e-11
18750.000000  1.490615e-11
18850.000000  1.486016e-11
18950.000000  1.421365e-11
19050.000000  1.444860e-11
19150.000000  1.410747e-11
19250.000000  1.394143e-11
19350.000000  1.349193e-11
19450.000000  1.316076e-11
19550.000000  1.316217e-11
19650.000000  1.280657e-11
19750.000000  1.243542e-11
19850.000000  1.230298e-11
19950.000000  1.208027e-11
20050.000000  1.202816e-11
20150.000000  1.188519e-11
20250.000000  1.150018e-11
20350.000000  1.130029e-11
20450.000000  1.125499e-11
20550.000000  1.095967e-11
20650.000000  1.074093e-11
20750.000000  1.057580e-11
20850.000000  1.041338e-11
20950.000000  1.017234e-11
21050.000000  1.012948e-11
21150.000000  9.947091e-12
21250.000000  9.762569e-12
21350.000000  9.657786e-12
21450.000000  9.470265e-12
21550.000000  9.335839e-12
21650.000000  9.078696e-12
21750.000000  8.944891e-12
21850.000000  8.850369e-12
21950.000000  8.755737e-12
22050.000000  8.502745e-12
22150.000000  8.515129e-12
22250.000000  8.271358e-12
22350.000000  8.160885e-12
22450.000000  8.043854e-12
22550.000000  7.923774e-12
22650.000000  7.759124e-12
22750.000000  7.730128e-12
22850.000000  7.538442e-12
22950.000000  6.478403e-12
23050.000000  6.906648e-12
23150.000000  6.847324e-12
23250.000000  5.934383e-12
23350.000000  6.344019e-12
23450.000000  6.313351e-12
23550.000000  5.445033e-12
23650.000000  5.937772e-12
23750.000000  5.849136e-12
23850.000000  5.157674e-12
23950.000000  5.543277e-12
24050.000000  5.563208e-12
24150.000000  5.003678e-12
24250.000000  5.265911e-12
24350.000000  5.299707e-12
24450.000000  4.933013e-12
24550.000000  4.923536e-12
24650.000000  5.119649e-12
24750.000000  4.901887e-12
24850.000000  4.649074e-12
24950.000000  4.827390e-12
