2505.000000  8.091586e-10
2513.000000  6.684245e-10
2518.000000  6.947412e-10
2525.000000  6.181493e-10
2535.000000  6.071258e-10
2545.000000  5.872512e-10
2555.000000  6.582161e-10
2565.000000  6.411486e-10
2575.000000  7.246548e-10
2585.000000  7.234530e-10
2595.000000  6.884459e-10
2605.000000  6.476290e-10
2615.000000  6.260604e-10
2625.000000  7.226957e-10
2635.000000  7.315187e-10
2645.000000  8.801047e-10
2655.000000  8.742899e-10
2665.000000  7.429900e-10
2675.000000  8.066048e-10
2685.000000  7.829928e-10
2695.000000  7.481596e-10
2705.000000  7.814016e-10
2715.000000  7.209421e-10
2725.000000  7.351331e-10
2735.000000  8.094810e-10
2745.000000  6.122339e-10
2755.000000  6.402811e-10
2765.000000  6.703004e-10
2775.000000  7.644149e-10
2785.000000  7.148210e-10
2795.000000  4.146698e-10
2805.000000  5.088339e-10
2815.000000  7.809235e-10
2825.000000  8.330150e-10
2835.000000  7.841033e-10
2845.000000  7.459717e-10
2855.000000  7.023101e-10
2865.000000  7.914156e-10
2875.000000  7.587132e-10
2885.000000  7.735516e-10
2895.000000  7.243645e-10
2910.000000  8.441694e-10
2930.000000  7.969007e-10
2950.000000  7.938560e-10
2970.000000  8.235375e-10
2990.000000  8.297285e-10
3010.000000  8.468921e-10
3030.000000  8.303539e-10
3050.000000  8.198357e-10
3070.000000  8.179143e-10
3090.000000  8.341083e-10
3110.000000  8.027124e-10
3130.000000  7.980688e-10
3150.000000  8.210614e-10
3170.000000  8.135883e-10
3190.000000  7.681761e-10
3210.000000  7.912921e-10
3230.000000  7.646760e-10
3250.000000  7.828975e-10
3270.000000  7.879712e-10
3290.000000  7.942388e-10
3310.000000  8.017409e-10
3330.000000  7.793220e-10
3350.000000  7.669518e-10
3370.000000  7.607823e-10
3390.000000  7.593859e-10
3410.000000  7.722196e-10
3430.000000  7.712869e-10
3450.000000  7.631002e-10
3470.000000  7.510578e-10
3490.000000  7.450914e-10
3510.000000  7.594901e-10
3530.000000  7.588480e-10
3550.000000  7.645588e-10
3570.000000  7.392518e-10
3590.000000  7.341294e-10
3610.000000  7.326881e-10
3630.000000  7.336709e-10
3640.000000  7.243588e-10
3650.000000  7.455822e-10
3670.000000  7.413054e-10
3690.000000  7.119299e-10
3710.000000  7.194588e-10
3730.000000  7.256402e-10
3750.000000  9.056957e-10
3770.000000  9.743063e-10
3790.000000  1.240522e-09
3810.000000  1.472972e-09
3830.000000  1.140391e-09
3850.000000  1.631596e-09
3870.000000  1.882787e-09
3890.000000  9.955185e-10
3910.000000  1.863706e-09
3930.000000  1.806030e-09
3950.000000  1.862220e-09
3970.000000  9.357938e-10
3990.000000  1.800626e-09
4010.000000  2.025215e-09
4030.000000  2.012131e-09
4050.000000  1.992325e-09
4070.000000  1.887865e-09
4090.000000  1.430389e-09
4110.000000  1.061904e-09
4130.000000  1.764981e-09
4150.000000  1.874819e-09
4170.000000  1.856909e-09
4190.000000  1.833008e-09
4210.000000  1.821756e-09
4230.000000  1.773408e-09
4250.000000  1.757232e-09
4270.000000  1.685585e-09
4290.000000  1.703613e-09
4310.000000  1.565423e-09
4330.000000  1.148617e-09
4350.000000  9.672864e-10
4370.000000  1.536383e-09
4390.000000  1.574400e-09
4410.000000  1.561815e-09
4430.000000  1.540512e-09
4450.000000  1.561413e-09
4470.000000  1.539922e-09
4490.000000  1.502329e-09
4510.000000  1.524621e-09
4530.000000  1.482243e-09
4550.000000  1.445815e-09
4570.000000  1.471768e-09
4590.000000  1.424591e-09
4610.000000  1.444694e-09
4630.000000  1.393441e-09
4650.000000  1.404502e-09
4670.000000  1.384255e-09
4690.000000  1.336076e-09
4710.000000  1.286947e-09
4730.000000  1.330960e-09
4750.000000  1.318166e-09
4770.000000  1.297320e-09
4790.000000  1.278894e-09
4810.000000  1.241891e-09
4830.000000  1.176036e-09
4850.000000  8.816061e-10
4870.000000  6.997473e-10
4890.000000  1.097192e-09
4910.000000  1.162347e-09
4930.000000  1.150417e-09
4950.000000  1.157204e-09
4970.000000  1.157365e-09
4990.000000  1.127750e-09
5010.000000  1.089507e-09
5030.000000  1.096403e-09
5050.000000  1.074720e-09
5070.000000  1.083397e-09
5090.000000  1.070333e-09
5110.000000  1.058960e-09
5130.000000  1.042596e-09
5150.000000  1.019604e-09
5170.000000  9.955893e-10
5190.000000  9.875629e-10
5210.000000  9.863416e-10
5230.000000  9.652069e-10
5250.000000  9.749983e-10
5270.000000  9.308387e-10
5290.000000  9.523056e-10
5310.000000  9.285688e-10
5330.000000  9.074887e-10
5350.000000  9.234550e-10
5370.000000  9.085900e-10
5390.000000  8.979871e-10
5410.000000  8.788155e-10
5430.000000  8.762188e-10
5450.000000  8.748509e-10
5470.000000  8.637887e-10
5490.000000  8.566156e-10
5510.000000  8.467439e-10
5530.000000  8.353760e-10
5550.000000  8.307715e-10
5570.000000  8.199027e-10
5590.000000  8.117080e-10
5610.000000  8.064261e-10
5630.000000  7.994279e-10
5650.000000  7.879165e-10
5670.000000  7.785278e-10
5690.000000  7.733781e-10
5710.000000  7.660370e-10
5730.000000  7.611198e-10
5750.000000  7.496435e-10
5770.000000  7.430887e-10
5790.000000  7.340877e-10
5810.000000  7.276550e-10
5830.000000  7.206227e-10
5850.000000  7.134305e-10
5870.000000  7.054733e-10
5890.000000  6.905446e-10
5910.000000  6.910278e-10
5930.000000  6.846168e-10
5950.000000  6.748511e-10
5970.000000  6.698144e-10
5990.000000  6.604139e-10
6010.000000  6.529218e-10
6030.000000  6.496173e-10
6050.000000  6.421210e-10
6070.000000  6.376340e-10
6090.000000  6.306534e-10
6110.000000  6.235358e-10
6130.000000  6.152954e-10
6150.000000  5.980938e-10
6170.000000  6.020361e-10
6190.000000  6.004438e-10
6210.000000  5.943699e-10
6230.000000  5.871103e-10
6250.000000  5.733121e-10
6270.000000  5.777238e-10
6290.000000  5.721948e-10
6310.000000  5.634986e-10
6330.000000  5.597931e-10
6350.000000  5.469934e-10
6370.000000  5.446588e-10
6390.000000  5.433057e-10
6410.000000  5.356053e-10
6430.000000  5.321081e-10
6450.000000  5.192426e-10
6470.000000  5.212089e-10
6490.000000  5.105240e-10
6510.000000  5.040796e-10
6530.000000  4.857035e-10
6550.000000  4.123079e-10
6570.000000  3.283080e-10
6590.000000  4.543685e-10
6610.000000  4.782840e-10
6630.000000  4.805976e-10
6650.000000  4.784796e-10
6670.000000  4.743106e-10
6690.000000  4.713882e-10
6710.000000  4.678431e-10
6730.000000  4.623954e-10
6750.000000  4.581569e-10
6770.000000  4.558289e-10
6790.000000  4.513820e-10
6810.000000  4.474423e-10
6830.000000  4.423020e-10
6850.000000  4.387784e-10
6870.000000  4.353902e-10
6890.000000  4.316009e-10
6910.000000  4.274844e-10
6930.000000  4.232442e-10
6950.000000  4.198776e-10
6970.000000  4.159032e-10
6990.000000  4.127217e-10
7010.000000  4.059364e-10
7030.000000  4.045303e-10
7050.000000  4.009935e-10
7070.000000  3.981126e-10
7090.000000  3.948831e-10
7110.000000  3.844365e-10
7130.000000  3.859685e-10
7150.000000  3.829091e-10
7170.000000  3.802890e-10
7190.000000  3.768302e-10
7210.000000  3.739278e-10
7230.000000  3.702639e-10
7250.000000  3.658868e-10
7270.000000  3.646111e-10
7290.000000  3.604157e-10
7310.000000  3.575232e-10
7330.000000  3.548999e-10
7350.000000  3.524368e-10
7370.000000  3.496997e-10
7390.000000  3.460475e-10
7410.000000  3.421610e-10
7430.000000  3.371413e-10
7450.000000  3.357368e-10
7470.000000  3.307966e-10
7490.000000  3.299570e-10
7510.000000  3.281083e-10
7530.000000  3.261177e-10
7550.000000  3.241105e-10
7570.000000  3.210745e-10
7590.000000  3.186396e-10
7610.000000  3.161964e-10
7630.000000  3.133190e-10
7650.000000  3.102746e-10
7670.000000  3.071032e-10
7690.000000  3.049690e-10
7710.000000  3.023689e-10
7730.000000  3.006490e-10
7750.000000  2.979716e-10
7770.000000  2.882740e-10
7790.000000  2.935312e-10
7810.000000  2.910881e-10
7830.000000  2.879168e-10
7850.000000  2.844663e-10
7870.000000  2.816993e-10
7890.000000  2.786202e-10
7910.000000  2.774757e-10
7930.000000  2.760863e-10
7950.000000  2.716744e-10
7970.000000  2.728698e-10
7990.000000  2.661602e-10
8010.000000  2.681721e-10
8030.000000  2.657224e-10
8050.000000  2.640473e-10
8070.000000  2.616191e-10
8090.000000  2.597706e-10
8110.000000  2.579237e-10
8130.000000  2.562403e-10
8150.000000  2.542846e-10
8170.000000  2.523007e-10
8190.000000  2.470467e-10
8210.000000  2.456542e-10
8230.000000  2.432211e-10
8250.000000  2.429120e-10
8270.000000  2.440695e-10
8290.000000  2.416712e-10
8310.000000  2.401532e-10
8330.000000  2.365457e-10
8350.000000  2.366461e-10
8370.000000  2.352419e-10
8390.000000  2.329888e-10
8410.000000  2.310263e-10
8430.000000  2.286214e-10
8450.000000  2.230235e-10
8470.000000  2.223028e-10
8490.000000  2.237121e-10
8510.000000  2.128812e-10
8530.000000  2.224337e-10
8550.000000  1.990032e-10
8570.000000  2.233934e-10
8590.000000  2.071984e-10
8610.000000  2.021322e-10
8630.000000  2.237771e-10
8650.000000  2.131951e-10
8670.000000  1.758125e-10
8690.000000  2.148891e-10
8710.000000  2.260306e-10
8730.000000  2.147499e-10
8750.000000  1.679858e-10
8770.000000  2.035186e-10
8790.000000  2.253715e-10
8810.000000  2.272166e-10
8830.000000  2.174068e-10
8850.000000  1.900963e-10
8870.000000  1.605410e-10
8890.000000  2.063751e-10
8910.000000  2.187310e-10
8930.000000  2.205693e-10
8950.000000  2.215798e-10
8970.000000  2.159788e-10
8990.000000  2.018425e-10
9010.000000  1.568195e-10
9030.000000  1.722906e-10
9050.000000  2.022916e-10
9070.000000  2.051329e-10
9090.000000  2.045763e-10
9110.000000  2.087465e-10
9130.000000  2.085812e-10
9150.000000  2.077848e-10
9170.000000  2.037117e-10
9190.000000  1.957782e-10
9210.000000  1.775601e-10
9230.000000  1.363290e-10
9250.000000  1.695504e-10
9270.000000  1.843888e-10
9290.000000  1.948824e-10
9310.000000  1.959641e-10
9330.000000  1.947649e-10
9350.000000  1.943088e-10
9370.000000  1.933770e-10
9390.000000  1.900703e-10
9410.000000  1.842566e-10
9430.000000  1.873780e-10
9450.000000  1.864297e-10
9470.000000  1.844292e-10
9490.000000  1.813337e-10
9510.000000  1.743616e-10
9530.000000  1.556541e-10
9550.000000  1.235627e-10
9570.000000  1.572206e-10
9590.000000  1.707490e-10
9610.000000  1.729028e-10
9630.000000  1.705177e-10
9650.000000  1.735137e-10
9670.000000  1.708529e-10
9690.000000  1.705457e-10
9710.000000  1.714257e-10
9730.000000  1.700364e-10
9750.000000  1.683748e-10
9770.000000  1.680591e-10
9790.000000  1.667063e-10
9810.000000  1.653319e-10
9830.000000  1.634917e-10
9850.000000  1.620102e-10
9870.000000  1.608060e-10
9890.000000  1.585431e-10
9910.000000  1.583928e-10
9930.000000  1.574328e-10
9950.000000  1.560701e-10
9970.000000  1.548428e-10
9990.000000  1.523640e-10
10025.000000  1.350395e-10
10075.000000  1.274548e-10
10125.000000  1.441107e-10
10175.000000  1.447717e-10
10225.000000  1.433452e-10
10275.000000  1.410765e-10
10325.000000  1.384362e-10
10375.000000  1.361887e-10
10425.000000  1.339744e-10
10475.000000  1.304171e-10
10525.000000  1.285666e-10
10575.000000  1.269044e-10
10625.000000  1.251276e-10
10675.000000  1.207875e-10
10725.000000  1.202716e-10
10775.000000  1.183842e-10
10825.000000  1.162569e-10
10875.000000  1.124424e-10
10925.000000  9.287607e-11
10975.000000  1.020549e-10
11025.000000  1.088562e-10
11075.000000  1.082651e-10
11125.000000  1.066728e-10
11175.000000  1.051973e-10
11225.000000  1.036646e-10
11275.000000  9.999682e-11
11325.000000  9.874698e-11
11375.000000  9.847628e-11
11425.000000  9.662912e-11
11475.000000  9.595051e-11
11525.000000  9.459281e-11
11575.000000  9.305283e-11
11625.000000  9.065222e-11
11675.000000  8.884052e-11
11725.000000  8.898562e-11
11775.000000  8.608635e-11
11825.000000  8.561186e-11
11875.000000  8.392490e-11
11925.000000  8.393589e-11
11975.000000  8.202863e-11
12025.000000  8.117492e-11
12075.000000  7.978442e-11
12125.000000  7.867536e-11
12175.000000  7.777589e-11
12225.000000  7.653869e-11
12275.000000  7.529336e-11
12325.000000  7.430653e-11
12375.000000  7.336429e-11
12425.000000  7.252726e-11
12475.000000  7.108954e-11
12525.000000  7.030823e-11
12575.000000  6.877985e-11
12625.000000  6.810616e-11
12675.000000  6.726252e-11
12725.000000  6.593810e-11
12775.000000  6.250090e-11
12825.000000  5.292057e-11
12875.000000  6.148663e-11
12925.000000  6.242943e-11
12975.000000  6.193317e-11
13025.000000  6.128018e-11
13075.000000  6.052478e-11
13125.000000  5.966501e-11
13175.000000  5.857597e-11
13225.000000  5.811472e-11
13275.000000  5.732928e-11
13325.000000  5.658743e-11
13375.000000  5.582907e-11
13425.000000  5.504147e-11
13475.000000  5.431333e-11
13525.000000  5.343772e-11
13575.000000  5.276032e-11
13625.000000  5.216380e-11
13675.000000  5.139638e-11
13725.000000  5.045274e-11
13775.000000  5.010810e-11
13825.000000  4.948883e-11
13875.000000  4.896747e-11
13925.000000  4.815547e-11
13975.000000  4.765129e-11
14025.000000  4.707711e-11
14075.000000  4.651216e-11
14125.000000  4.586483e-11
14175.000000  4.530568e-11
14225.000000  4.471647e-11
14275.000000  4.415286e-11
14325.000000  4.360940e-11
14375.000000  4.310806e-11
14425.000000  4.188482e-11
14475.000000  4.200331e-11
14525.000000  4.114937e-11
14570.000000  4.102014e-11
14620.000000  4.044382e-11
14675.000000  4.003266e-11
14725.000000  3.949353e-11
14775.000000  3.884636e-11
14825.000000  3.852489e-11
14875.000000  3.790762e-11
14925.000000  3.777441e-11
14975.000000  3.721743e-11
15025.000000  3.670902e-11
15075.000000  3.625444e-11
15125.000000  3.597656e-11
15175.000000  3.553832e-11
15225.000000  3.512817e-11
15275.000000  3.467655e-11
15325.000000  3.422627e-11
15375.000000  3.388730e-11
15425.000000  3.318512e-11
15475.000000  3.304107e-11
15525.000000  3.264777e-11
15575.000000  3.180037e-11
15625.000000  3.222787e-11
15675.000000  3.121347e-11
15725.000000  3.040952e-11
15775.000000  3.112713e-11
15825.000000  3.078896e-11
15875.000000  2.836389e-11
15925.000000  2.964556e-11
15975.000000  3.012113e-11
16050.000000  2.903389e-11
16150.000000  2.734241e-11
16250.000000  2.867972e-11
16350.000000  2.705005e-11
16450.000000  2.530638e-11
16550.000000  2.695785e-11
16650.000000  2.642694e-11
16750.000000  2.468527e-11
16850.000000  2.302009e-11
16950.000000  2.470424e-11
17050.000000  2.423875e-11
17150.000000  2.376962e-11
17250.000000  2.293547e-11
17350.000000  2.011419e-11
17450.000000  2.160196e-11
17550.000000  2.168469e-11
17650.000000  2.129172e-11
17750.000000  2.091095e-11
17850.000000  2.045918e-11
17950.000000  2.009162e-11
18050.000000  1.941391e-11
18150.000000  1.723733e-11
18250.000000  1.812301e-11
18350.000000  1.841536e-11
18450.000000  1.810991e-11
18550.000000  1.766097e-11
18650.000000  1.717203e-11
18750.000000  1.515252e-11
18850.000000  1.640161e-11
18950.000000  1.629836e-11
19050.000000  1.611284e-11
19150.000000  1.579718e-11
19250.000000  1.543626e-11
19350.000000  1.492169e-11
19450.000000  1.318615e-11
19550.000000  1.435815e-11
19650.000000  1.430536e-11
19750.000000  1.405263e-11
19850.000000  1.381606e-11
19950.000000  1.355900e-11
20050.000000  1.331207e-11
20150.000000  1.306855e-11
20250.000000  1.281969e-11
20350.000000  1.257947e-11
20450.000000  1.236272e-11
20550.000000  1.213733e-11
20650.000000  1.190064e-11
20750.000000  1.169172e-11
20850.000000  1.148758e-11
20950.000000  1.128175e-11
21050.000000  1.107604e-11
21150.000000  1.085173e-11
21250.000000  1.066700e-11
21350.000000  1.047267e-11
21450.000000  1.028650e-11
21550.000000  9.989607e-12
21650.000000  8.885801e-12
21750.000000  9.552669e-12
21850.000000  9.584389e-12
21950.000000  9.464891e-12
22050.000000  9.293731e-12
22150.000000  9.127573e-12
22250.000000  8.996958e-12
22350.000000  8.845599e-12
22450.000000  8.698816e-12
22550.000000  8.537950e-12
22650.000000  8.408855e-12
22750.000000  8.269952e-12
22850.000000  8.136549e-12
22950.000000  7.999301e-12
23050.000000  7.877937e-12
23150.000000  7.748286e-12
23250.000000  7.628626e-12
23350.000000  7.504705e-12
23450.000000  7.386847e-12
23550.000000  7.270425e-12
23650.000000  7.156728e-12
23750.000000  7.042092e-12
23850.000000  6.930263e-12
23950.000000  6.822943e-12
24050.000000  6.711048e-12
24150.000000  6.608171e-12
24250.000000  6.508350e-12
24350.000000  6.404319e-12
24450.000000  6.303110e-12
24550.000000  6.207783e-12
24650.000000  6.106425e-12
24750.000000  6.012915e-12
24850.000000  5.926593e-12
24950.000000  5.794659e-12
