2505.000000  2.695404e-11
2513.000000  2.414200e-11
2518.000000  2.452668e-11
2525.000000  2.283558e-11
2535.000000  2.226437e-11
2545.000000  2.224312e-11
2555.000000  2.400344e-11
2565.000000  2.400403e-11
2575.000000  2.575877e-11
2585.000000  2.586932e-11
2595.000000  2.539216e-11
2605.000000  2.432364e-11
2615.000000  2.387172e-11
2625.000000  2.575446e-11
2635.000000  2.595747e-11
2645.000000  2.904550e-11
2655.000000  2.883100e-11
2665.000000  2.653953e-11
2675.000000  2.759790e-11
2685.000000  2.773120e-11
2695.000000  2.629763e-11
2705.000000  2.683756e-11
2715.000000  2.547904e-11
2725.000000  2.571580e-11
2735.000000  2.757261e-11
2745.000000  2.337870e-11
2755.000000  2.411555e-11
2765.000000  2.507715e-11
2775.000000  2.687960e-11
2785.000000  2.621390e-11
2795.000000  1.937879e-11
2805.000000  2.184121e-11
2815.000000  2.773115e-11
2825.000000  2.795347e-11
2835.000000  2.702867e-11
2845.000000  2.617240e-11
2855.000000  2.519786e-11
2865.000000  2.683973e-11
2875.000000  2.623601e-11
2885.000000  2.685220e-11
2895.000000  2.596640e-11
2910.000000  2.838726e-11
2930.000000  2.742265e-11
2950.000000  2.728147e-11
2970.000000  2.768635e-11
2990.000000  2.783001e-11
3010.000000  2.813535e-11
3030.000000  2.798674e-11
3050.000000  2.785696e-11
3070.000000  2.769408e-11
3090.000000  2.802026e-11
3110.000000  2.750106e-11
3130.000000  2.740798e-11
3150.000000  2.782009e-11
3170.000000  2.771769e-11
3190.000000  2.673561e-11
3210.000000  2.722658e-11
3230.000000  2.666456e-11
3250.000000  2.707851e-11
3270.000000  2.725080e-11
3290.000000  2.748601e-11
3310.000000  2.758564e-11
3330.000000  2.709488e-11
3350.000000  2.671220e-11
3370.000000  2.673572e-11
3390.000000  2.660915e-11
3410.000000  2.697733e-11
3430.000000  2.697635e-11
3450.000000  2.680338e-11
3470.000000  2.653951e-11
3490.000000  2.648394e-11
3510.000000  2.674472e-11
3530.000000  2.675917e-11
3550.000000  2.682359e-11
3570.000000  2.631521e-11
3590.000000  2.621994e-11
3610.000000  2.619511e-11
3630.000000  2.622173e-11
3640.000000  2.606364e-11
3650.000000  2.645664e-11
3670.000000  2.630105e-11
3690.000000  2.524309e-11
3710.000000  2.743498e-11
3730.000000  2.959260e-11
3750.000000  3.895451e-11
3770.000000  4.176909e-11
3790.000000  5.205029e-11
3810.000000  6.163726e-11
3830.000000  4.813107e-11
3850.000000  6.867757e-11
3870.000000  7.820038e-11
3890.000000  4.222455e-11
3910.000000  7.791350e-11
3930.000000  7.931795e-11
3950.000000  7.788137e-11
3970.000000  4.023081e-11
3990.000000  7.447189e-11
4010.000000  8.407717e-11
4030.000000  8.412888e-11
4050.000000  8.287810e-11
4070.000000  7.851550e-11
4090.000000  5.974443e-11
4110.000000  4.486608e-11
4130.000000  7.417506e-11
4150.000000  7.795009e-11
4170.000000  7.754608e-11
4190.000000  7.668656e-11
4210.000000  7.590844e-11
4230.000000  7.433813e-11
4250.000000  7.368105e-11
4270.000000  7.207196e-11
4290.000000  7.114970e-11
4310.000000  6.620762e-11
4330.000000  4.909731e-11
4350.000000  4.150242e-11
4370.000000  6.460801e-11
4390.000000  6.654763e-11
4410.000000  6.620069e-11
4430.000000  6.605938e-11
4450.000000  6.573284e-11
4470.000000  6.502930e-11
4490.000000  6.391801e-11
4510.000000  6.372056e-11
4530.000000  6.259828e-11
4550.000000  6.129712e-11
4570.000000  6.155954e-11
4590.000000  6.044791e-11
4610.000000  6.057225e-11
4630.000000  5.922800e-11
4650.000000  5.912688e-11
4670.000000  5.843289e-11
4690.000000  5.720129e-11
4710.000000  5.553270e-11
4730.000000  5.632787e-11
4750.000000  5.573099e-11
4770.000000  5.492772e-11
4790.000000  5.410213e-11
4810.000000  5.287535e-11
4830.000000  5.015625e-11
4850.000000  3.862220e-11
4870.000000  3.097934e-11
4890.000000  4.712932e-11
4910.000000  4.970801e-11
4930.000000  4.934097e-11
4950.000000  4.946120e-11
4970.000000  4.925727e-11
4990.000000  4.854429e-11
5010.000000  4.753222e-11
5030.000000  4.757238e-11
5050.000000  4.690638e-11
5070.000000  4.669214e-11
5090.000000  4.616916e-11
5110.000000  4.570680e-11
5130.000000  4.510831e-11
5150.000000  4.453292e-11
5170.000000  4.342584e-11
5190.000000  4.308800e-11
5210.000000  4.307462e-11
5230.000000  4.232645e-11
5250.000000  4.239464e-11
5270.000000  4.131219e-11
5290.000000  4.145674e-11
5310.000000  4.079732e-11
5330.000000  4.026951e-11
5350.000000  4.023968e-11
5370.000000  3.967726e-11
5390.000000  3.931785e-11
5410.000000  3.876951e-11
5430.000000  3.848030e-11
5450.000000  3.817839e-11
5470.000000  3.780510e-11
5490.000000  3.747839e-11
5510.000000  3.710487e-11
5530.000000  3.663405e-11
5550.000000  3.639115e-11
5570.000000  3.597515e-11
5590.000000  3.559201e-11
5610.000000  3.528329e-11
5630.000000  3.498349e-11
5650.000000  3.460923e-11
5670.000000  3.424808e-11
5690.000000  3.394843e-11
5710.000000  3.361600e-11
5730.000000  3.333412e-11
5750.000000  3.297711e-11
5770.000000  3.266754e-11
5790.000000  3.234318e-11
5810.000000  3.203768e-11
5830.000000  3.173615e-11
5850.000000  3.142574e-11
5870.000000  3.111535e-11
5890.000000  3.058079e-11
5910.000000  3.053527e-11
5930.000000  3.024686e-11
5950.000000  2.994943e-11
5970.000000  2.967584e-11
5990.000000  2.937334e-11
6010.000000  2.908503e-11
6030.000000  2.883832e-11
6050.000000  2.857282e-11
6070.000000  2.832213e-11
6090.000000  2.805167e-11
6110.000000  2.778126e-11
6130.000000  2.748696e-11
6150.000000  2.712714e-11
6170.000000  2.696913e-11
6190.000000  2.678299e-11
6210.000000  2.654436e-11
6230.000000  2.628291e-11
6250.000000  2.593192e-11
6270.000000  2.582958e-11
6290.000000  2.559991e-11
6310.000000  2.532873e-11
6330.000000  2.512686e-11
6350.000000  2.479996e-11
6370.000000  2.461606e-11
6390.000000  2.445207e-11
6410.000000  2.419383e-11
6430.000000  2.399797e-11
6450.000000  2.364363e-11
6470.000000  2.350317e-11
6490.000000  2.318220e-11
6510.000000  2.284329e-11
6530.000000  2.210360e-11
6550.000000  1.915168e-11
6570.000000  1.531493e-11
6590.000000  2.084565e-11
6610.000000  2.173756e-11
6630.000000  2.180851e-11
6650.000000  2.171328e-11
6670.000000  2.155579e-11
6690.000000  2.142065e-11
6710.000000  2.125383e-11
6730.000000  2.106908e-11
6750.000000  2.088442e-11
6770.000000  2.072356e-11
6790.000000  2.054789e-11
6810.000000  2.037709e-11
6830.000000  2.019249e-11
6850.000000  2.002583e-11
6870.000000  1.986408e-11
6890.000000  1.969826e-11
6910.000000  1.953162e-11
6930.000000  1.936498e-11
6950.000000  1.920724e-11
6970.000000  1.904549e-11
6990.000000  1.889266e-11
7010.000000  1.870725e-11
7030.000000  1.856840e-11
7050.000000  1.841572e-11
7070.000000  1.827185e-11
7090.000000  1.812317e-11
7110.000000  1.787215e-11
7130.000000  1.780778e-11
7150.000000  1.766412e-11
7170.000000  1.752918e-11
7190.000000  1.738052e-11
7210.000000  1.724568e-11
7230.000000  1.710195e-11
7250.000000  1.696222e-11
7270.000000  1.684129e-11
7290.000000  1.668774e-11
7310.000000  1.655782e-11
7330.000000  1.642718e-11
7350.000000  1.630625e-11
7370.000000  1.618043e-11
7390.000000  1.604070e-11
7410.000000  1.590504e-11
7430.000000  1.576543e-11
7450.000000  1.564865e-11
7470.000000  1.549901e-11
7490.000000  1.539205e-11
7510.000000  1.528905e-11
7530.000000  1.517718e-11
7550.000000  1.506938e-11
7570.000000  1.494763e-11
7590.000000  1.483081e-11
7610.000000  1.471405e-11
7630.000000  1.460126e-11
7650.000000  1.448442e-11
7670.000000  1.436274e-11
7690.000000  1.425893e-11
7710.000000  1.414212e-11
7730.000000  1.404820e-11
7750.000000  1.393551e-11
7770.000000  1.363134e-11
7790.000000  1.372880e-11
7810.000000  1.362100e-11
7830.000000  1.350824e-11
7850.000000  1.339946e-11
7870.000000  1.328265e-11
7890.000000  1.317392e-11
7910.000000  1.310283e-11
7930.000000  1.300411e-11
7950.000000  1.289128e-11
7970.000000  1.282038e-11
7990.000000  1.267885e-11
8010.000000  1.262676e-11
8030.000000  1.252788e-11
8050.000000  1.243803e-11
8070.000000  1.234811e-11
8090.000000  1.225337e-11
8110.000000  1.216841e-11
8130.000000  1.208260e-11
8150.000000  1.199275e-11
8170.000000  1.190292e-11
8190.000000  1.176633e-11
8210.000000  1.172629e-11
8230.000000  1.164051e-11
8250.000000  1.155078e-11
8270.000000  1.152552e-11
8290.000000  1.144860e-11
8310.000000  1.136770e-11
8330.000000  1.123112e-11
8350.000000  1.120089e-11
8370.000000  1.110173e-11
8390.000000  1.099386e-11
8410.000000  1.088582e-11
8430.000000  1.081864e-11
8450.000000  1.067719e-11
8470.000000  1.042175e-11
8490.000000  1.073040e-11
8510.000000  1.003392e-11
8530.000000  1.072645e-11
8550.000000  9.451665e-12
8570.000000  1.082198e-11
8590.000000  9.966547e-12
8610.000000  9.673523e-12
8630.000000  1.091288e-11
8650.000000  1.044496e-11
8670.000000  8.527530e-12
8690.000000  1.065032e-11
8710.000000  1.105317e-11
8730.000000  1.058533e-11
8750.000000  8.246420e-12
8770.000000  1.004608e-11
8790.000000  1.093604e-11
8810.000000  1.099756e-11
8830.000000  1.070054e-11
8850.000000  9.505213e-12
8870.000000  7.971811e-12
8890.000000  1.015383e-11
8910.000000  1.061961e-11
8930.000000  1.068182e-11
8950.000000  1.067372e-11
8970.000000  1.047154e-11
8990.000000  9.919828e-12
9010.000000  7.837686e-12
9030.000000  8.629808e-12
9050.000000  9.910305e-12
9070.000000  1.004609e-11
9090.000000  9.999694e-12
9110.000000  1.011005e-11
9130.000000  1.010104e-11
9150.000000  1.002112e-11
9170.000000  9.881629e-12
9190.000000  9.611962e-12
9210.000000  8.865230e-12
9230.000000  6.883534e-12
9250.000000  8.527824e-12
9270.000000  9.186913e-12
9290.000000  9.472252e-12
9310.000000  9.480913e-12
9330.000000  9.444769e-12
9350.000000  9.399720e-12
9370.000000  9.341860e-12
9390.000000  9.255179e-12
9410.000000  9.086688e-12
9430.000000  9.120268e-12
9450.000000  9.054988e-12
9470.000000  8.965288e-12
9490.000000  8.835053e-12
9510.000000  8.567692e-12
9530.000000  7.806027e-12
9550.000000  6.247718e-12
9570.000000  7.868470e-12
9590.000000  8.387041e-12
9610.000000  8.467300e-12
9630.000000  8.429173e-12
9650.000000  8.463779e-12
9670.000000  8.366453e-12
9690.000000  8.362851e-12
9710.000000  8.339722e-12
9730.000000  8.282970e-12
9750.000000  8.218840e-12
9770.000000  8.175613e-12
9790.000000  8.120220e-12
9810.000000  8.065292e-12
9830.000000  8.008096e-12
9850.000000  7.943282e-12
9870.000000  7.893050e-12
9890.000000  7.814148e-12
9910.000000  7.775398e-12
9930.000000  7.713303e-12
9950.000000  7.657731e-12
9970.000000  7.588418e-12
9990.000000  7.483444e-12
10025.000000  6.769563e-12
10075.000000  6.424138e-12
10125.000000  7.162983e-12
10175.000000  7.128772e-12
10225.000000  7.039296e-12
10275.000000  6.929545e-12
10325.000000  6.814650e-12
10375.000000  6.709478e-12
10425.000000  6.603351e-12
10475.000000  6.473873e-12
10525.000000  6.388817e-12
10575.000000  6.292727e-12
10625.000000  6.194671e-12
10675.000000  6.033488e-12
10725.000000  5.978523e-12
10775.000000  5.899009e-12
10825.000000  5.788944e-12
10875.000000  5.627500e-12
10925.000000  4.746071e-12
10975.000000  5.179300e-12
11025.000000  5.430608e-12
11075.000000  5.387835e-12
11125.000000  5.319133e-12
11175.000000  5.241831e-12
11225.000000  5.166811e-12
11275.000000  5.055873e-12
11325.000000  4.980046e-12
11375.000000  4.934404e-12
11425.000000  4.856859e-12
11475.000000  4.798845e-12
11525.000000  4.730540e-12
11575.000000  4.660756e-12
11625.000000  4.576067e-12
11675.000000  4.493041e-12
11725.000000  4.463826e-12
11775.000000  4.356344e-12
11825.000000  4.317223e-12
11875.000000  4.249882e-12
11925.000000  4.216978e-12
11975.000000  4.139177e-12
12025.000000  4.094894e-12
12075.000000  4.032710e-12
12125.000000  3.979269e-12
12175.000000  3.929013e-12
12225.000000  3.873213e-12
12275.000000  3.816901e-12
12325.000000  3.765673e-12
12375.000000  3.716723e-12
12425.000000  3.667790e-12
12475.000000  3.614585e-12
12525.000000  3.566545e-12
12575.000000  3.509576e-12
12625.000000  3.464723e-12
12675.000000  3.416532e-12
12725.000000  3.354961e-12
12775.000000  3.210027e-12
12825.000000  2.749163e-12
12875.000000  3.154625e-12
12925.000000  3.183993e-12
12975.000000  3.156084e-12
13025.000000  3.120979e-12
13075.000000  3.080930e-12
13125.000000  3.039993e-12
13175.000000  2.996683e-12
13225.000000  2.962204e-12
13275.000000  2.924444e-12
13325.000000  2.886700e-12
13375.000000  2.849364e-12
13425.000000  2.812917e-12
13475.000000  2.776963e-12
13525.000000  2.739046e-12
13575.000000  2.704886e-12
13625.000000  2.672610e-12
13675.000000  2.637968e-12
13725.000000  2.596767e-12
13775.000000  2.571368e-12
13825.000000  2.539428e-12
13875.000000  2.509846e-12
13925.000000  2.476014e-12
13975.000000  2.446847e-12
14025.000000  2.417180e-12
14075.000000  2.387524e-12
14125.000000  2.358259e-12
14175.000000  2.329499e-12
14225.000000  2.300254e-12
14275.000000  2.272385e-12
14325.000000  2.245423e-12
14375.000000  2.218457e-12
14425.000000  2.173913e-12
14475.000000  2.164938e-12
14525.000000  2.130530e-12
14570.000000  2.115427e-12
14620.000000  2.089269e-12
14675.000000  2.065985e-12
14725.000000  2.041221e-12
14775.000000  2.014094e-12
14825.000000  1.993498e-12
14875.000000  1.966454e-12
14925.000000  1.950446e-12
14975.000000  1.926583e-12
15025.000000  1.899926e-12
15075.000000  1.879740e-12
15125.000000  1.859145e-12
15175.000000  1.837070e-12
15225.000000  1.817346e-12
15275.000000  1.789397e-12
15325.000000  1.766936e-12
15375.000000  1.754851e-12
15425.000000  1.712368e-12
15475.000000  1.714840e-12
15525.000000  1.696486e-12
15575.000000  1.632834e-12
15625.000000  1.681671e-12
15675.000000  1.619998e-12
15725.000000  1.564996e-12
15775.000000  1.632575e-12
15825.000000  1.612009e-12
15875.000000  1.455308e-12
15925.000000  1.551803e-12
15975.000000  1.579634e-12
16050.000000  1.525669e-12
16150.000000  1.425852e-12
16250.000000  1.504516e-12
16350.000000  1.425021e-12
16450.000000  1.329623e-12
16550.000000  1.414096e-12
16650.000000  1.385321e-12
16750.000000  1.303175e-12
16850.000000  1.214988e-12
16950.000000  1.296738e-12
17050.000000  1.273751e-12
17150.000000  1.246798e-12
17250.000000  1.208996e-12
17350.000000  1.067515e-12
17450.000000  1.143828e-12
17550.000000  1.142439e-12
17650.000000  1.120846e-12
17750.000000  1.099279e-12
17850.000000  1.076314e-12
17950.000000  1.054351e-12
18050.000000  1.025117e-12
18150.000000  9.155644e-13
18250.000000  9.613662e-13
18350.000000  9.689663e-13
18450.000000  9.527657e-13
18550.000000  9.316130e-13
18650.000000  9.055753e-13
18750.000000  8.055071e-13
18850.000000  8.666676e-13
18950.000000  8.597156e-13
19050.000000  8.468233e-13
19150.000000  8.304070e-13
19250.000000  8.127964e-13
19350.000000  7.884599e-13
19450.000000  7.035242e-13
19550.000000  7.588274e-13
19650.000000  7.534377e-13
19750.000000  7.401064e-13
19850.000000  7.268132e-13
19950.000000  7.133696e-13
20050.000000  7.002868e-13
20150.000000  6.874338e-13
20250.000000  6.747913e-13
20350.000000  6.624270e-13
20450.000000  6.506511e-13
20550.000000  6.389173e-13
20650.000000  6.271745e-13
20750.000000  6.161182e-13
20850.000000  6.052410e-13
20950.000000  5.944465e-13
21050.000000  5.839208e-13
21150.000000  5.732065e-13
21250.000000  5.631304e-13
21350.000000  5.535128e-13
21450.000000  5.433816e-13
21550.000000  5.291892e-13
21650.000000  4.757875e-13
21750.000000  5.074799e-13
21850.000000  5.065938e-13
21950.000000  4.994416e-13
22050.000000  4.908041e-13
22150.000000  4.822950e-13
22250.000000  4.747139e-13
22350.000000  4.668030e-13
22450.000000  4.590640e-13
22550.000000  4.511854e-13
22650.000000  4.440031e-13
22750.000000  4.367618e-13
22850.000000  4.297918e-13
22950.000000  4.228206e-13
23050.000000  4.161293e-13
23150.000000  4.094690e-13
23250.000000  4.029969e-13
23350.000000  3.966147e-13
23450.000000  3.903633e-13
23550.000000  3.842502e-13
23650.000000  3.782274e-13
23750.000000  3.722852e-13
23850.000000  3.664426e-13
23950.000000  3.607294e-13
24050.000000  3.549761e-13
24150.000000  3.493512e-13
24250.000000  3.442319e-13
24350.000000  3.386049e-13
24450.000000  3.330713e-13
24550.000000  3.285842e-13
24650.000000  3.228257e-13
24750.000000  3.179721e-13
24850.000000  3.145107e-13
24950.000000  3.055443e-13
