2505.000000  9.001387e-12
2513.000000  5.344182e-12
2518.000000  4.951455e-12
2525.000000  3.852547e-12
2535.000000  3.955567e-12
2545.000000  4.733862e-12
2555.000000  7.553944e-12
2565.000000  5.991620e-12
2575.000000  7.539163e-12
2585.000000  6.596392e-12
2595.000000  5.819526e-12
2605.000000  4.738241e-12
2615.000000  4.280270e-12
2625.000000  6.268566e-12
2635.000000  9.749900e-12
2645.000000  1.432141e-11
2655.000000  1.657620e-11
2665.000000  1.136046e-11
2675.000000  1.326877e-11
2685.000000  1.376241e-11
2695.000000  1.147744e-11
2705.000000  1.349631e-11
2715.000000  1.047831e-11
2725.000000  1.027370e-11
2735.000000  1.146314e-11
2745.000000  5.495766e-12
2755.000000  7.410570e-12
2765.000000  9.485371e-12
2775.000000  1.159518e-11
2785.000000  7.123364e-12
2795.000000  2.155618e-12
2805.000000  2.886981e-12
2815.000000  1.051645e-11
2825.000000  1.558533e-11
2835.000000  1.491013e-11
2845.000000  1.401844e-11
2855.000000  9.640988e-12
2865.000000  1.562950e-11
2875.000000  1.627116e-11
2885.000000  1.565489e-11
2895.000000  1.546805e-11
2910.000000  1.988864e-11
2930.000000  1.808248e-11
2950.000000  1.769126e-11
2970.000000  1.988517e-11
2990.000000  1.974048e-11
3010.000000  2.111663e-11
3030.000000  2.082245e-11
3050.000000  2.128661e-11
3070.000000  2.137554e-11
3090.000000  2.249526e-11
3110.000000  2.188170e-11
3130.000000  2.155809e-11
3150.000000  2.196948e-11
3170.000000  2.233784e-11
3190.000000  2.016741e-11
3210.000000  2.201147e-11
3230.000000  1.921217e-11
3250.000000  2.232339e-11
3270.000000  2.422487e-11
3290.000000  2.380858e-11
3310.000000  2.454718e-11
3330.000000  2.411249e-11
3350.000000  2.378153e-11
3370.000000  2.227714e-11
3390.000000  2.356036e-11
3410.000000  2.376316e-11
3430.000000  2.410009e-11
3450.000000  2.468271e-11
3470.000000  2.429830e-11
3490.000000  2.462784e-11
3510.000000  2.551622e-11
3530.000000  2.469246e-11
3550.000000  2.716392e-11
3570.000000  2.409416e-11
3590.000000  2.397581e-11
3610.000000  2.456802e-11
3630.000000  2.486917e-11
3640.000000  2.458568e-11
3650.000000  2.696939e-11
3670.000000  2.642492e-11
3690.000000  2.575924e-11
3710.000000  2.857103e-11
3730.000000  2.888755e-11
3750.000000  3.394855e-11
3770.000000  3.680347e-11
3790.000000  4.137172e-11
3810.000000  4.603084e-11
3830.000000  3.686950e-11
3850.000000  4.720318e-11
3870.000000  5.022727e-11
3890.000000  3.886974e-11
3910.000000  4.873890e-11
3930.000000  2.980252e-11
3950.000000  4.470510e-11
3970.000000  2.879009e-11
3990.000000  5.094169e-11
4010.000000  5.421954e-11
4030.000000  5.398537e-11
4050.000000  5.312706e-11
4070.000000  5.238305e-11
4090.000000  5.107214e-11
4110.000000  4.431348e-11
4130.000000  5.349666e-11
4150.000000  5.570300e-11
4170.000000  5.459100e-11
4190.000000  5.434633e-11
4210.000000  5.409723e-11
4230.000000  5.244219e-11
4250.000000  5.370721e-11
4270.000000  5.207270e-11
4290.000000  5.051775e-11
4310.000000  4.643548e-11
4330.000000  4.753067e-11
4350.000000  4.283304e-11
4370.000000  5.355095e-11
4390.000000  5.190531e-11
4410.000000  5.179827e-11
4430.000000  5.151886e-11
4450.000000  5.170072e-11
4470.000000  5.248092e-11
4490.000000  5.227573e-11
4510.000000  5.520201e-11
4530.000000  5.138506e-11
4550.000000  5.167038e-11
4570.000000  5.420490e-11
4590.000000  5.146842e-11
4610.000000  5.282220e-11
4630.000000  5.158970e-11
4650.000000  5.211909e-11
4670.000000  5.271865e-11
4690.000000  5.112595e-11
4710.000000  4.920294e-11
4730.000000  5.154297e-11
4750.000000  5.182013e-11
4770.000000  5.115940e-11
4790.000000  5.093674e-11
4810.000000  5.032672e-11
4830.000000  4.997337e-11
4850.000000  4.425522e-11
4870.000000  3.749881e-11
4890.000000  4.751623e-11
4910.000000  4.793893e-11
4930.000000  4.710779e-11
4950.000000  4.842554e-11
4970.000000  4.873929e-11
4990.000000  4.597184e-11
5010.000000  4.425216e-11
5030.000000  4.627974e-11
5050.000000  4.585939e-11
5070.000000  4.707630e-11
5090.000000  4.590040e-11
5110.000000  4.617037e-11
5130.000000  4.494379e-11
5150.000000  4.395075e-11
5170.000000  4.315232e-11
5190.000000  4.264836e-11
5210.000000  4.324857e-11
5230.000000  4.345616e-11
5250.000000  4.406207e-11
5270.000000  4.056015e-11
5290.000000  4.331583e-11
5310.000000  4.341588e-11
5330.000000  4.112129e-11
5350.000000  4.285213e-11
5370.000000  4.264865e-11
5390.000000  4.212331e-11
5410.000000  4.107281e-11
5430.000000  4.162498e-11
5450.000000  4.221085e-11
5470.000000  4.150236e-11
5490.000000  4.119857e-11
5510.000000  4.102449e-11
5530.000000  4.095945e-11
5550.000000  4.112262e-11
5570.000000  4.030776e-11
5590.000000  3.978217e-11
5610.000000  4.010551e-11
5630.000000  4.016890e-11
5650.000000  3.971063e-11
5670.000000  3.893417e-11
5690.000000  3.924068e-11
5710.000000  3.875958e-11
5730.000000  3.983175e-11
5750.000000  3.892500e-11
5770.000000  3.896727e-11
5790.000000  3.833165e-11
5810.000000  3.847384e-11
5830.000000  3.851127e-11
5850.000000  3.789051e-11
5870.000000  3.779830e-11
5890.000000  3.665155e-11
5910.000000  3.729667e-11
5930.000000  3.704279e-11
5950.000000  3.692342e-11
5970.000000  3.675847e-11
5990.000000  3.633960e-11
6010.000000  3.581216e-11
6030.000000  3.575063e-11
6050.000000  3.585340e-11
6070.000000  3.578314e-11
6090.000000  3.518072e-11
6110.000000  3.475183e-11
6130.000000  3.395531e-11
6150.000000  3.374389e-11
6170.000000  3.332429e-11
6190.000000  3.414361e-11
6210.000000  3.405441e-11
6230.000000  3.340083e-11
6250.000000  3.234185e-11
6270.000000  3.338884e-11
6290.000000  3.326184e-11
6310.000000  3.244584e-11
6330.000000  3.246417e-11
6350.000000  3.224867e-11
6370.000000  3.204821e-11
6390.000000  3.207416e-11
6410.000000  3.145656e-11
6430.000000  3.154841e-11
6450.000000  3.109307e-11
6470.000000  3.109636e-11
6490.000000  3.049521e-11
6510.000000  3.074812e-11
6530.000000  3.043872e-11
6550.000000  2.846866e-11
6570.000000  2.401039e-11
6590.000000  2.938575e-11
6610.000000  2.991814e-11
6630.000000  2.988229e-11
6650.000000  2.971549e-11
6670.000000  2.939473e-11
6690.000000  2.950172e-11
6710.000000  2.914319e-11
6730.000000  2.911420e-11
6750.000000  2.866819e-11
6770.000000  2.873906e-11
6790.000000  2.851781e-11
6810.000000  2.832977e-11
6830.000000  2.818115e-11
6850.000000  2.784505e-11
6870.000000  2.787221e-11
6890.000000  2.774124e-11
6910.000000  2.753486e-11
6930.000000  2.735514e-11
6950.000000  2.720365e-11
6970.000000  2.704871e-11
6990.000000  2.692209e-11
7010.000000  2.633061e-11
7030.000000  2.646330e-11
7050.000000  2.640686e-11
7070.000000  2.621523e-11
7090.000000  2.605269e-11
7110.000000  2.559386e-11
7130.000000  2.556757e-11
7150.000000  2.544279e-11
7170.000000  2.523980e-11
7190.000000  2.488365e-11
7210.000000  2.494695e-11
7230.000000  2.478681e-11
7250.000000  2.471819e-11
7270.000000  2.466975e-11
7290.000000  2.420944e-11
7310.000000  2.424572e-11
7330.000000  2.413988e-11
7350.000000  2.409648e-11
7370.000000  2.401125e-11
7390.000000  2.358251e-11
7410.000000  2.325697e-11
7430.000000  2.324892e-11
7450.000000  2.319400e-11
7470.000000  2.310951e-11
7490.000000  2.296037e-11
7510.000000  2.291618e-11
7530.000000  2.281957e-11
7550.000000  2.280822e-11
7570.000000  2.256436e-11
7590.000000  2.247115e-11
7610.000000  2.231007e-11
7630.000000  2.225306e-11
7650.000000  2.206661e-11
7670.000000  2.168363e-11
7690.000000  2.176335e-11
7710.000000  2.157087e-11
7730.000000  2.153149e-11
7750.000000  2.130712e-11
7770.000000  2.106089e-11
7790.000000  2.128538e-11
7810.000000  2.111784e-11
7830.000000  2.086886e-11
7850.000000  2.071838e-11
7870.000000  2.073164e-11
7890.000000  2.058375e-11
7910.000000  2.039653e-11
7930.000000  2.010546e-11
7950.000000  2.008252e-11
7970.000000  2.020716e-11
7990.000000  2.004093e-11
8010.000000  1.988415e-11
8030.000000  1.973919e-11
8050.000000  1.963115e-11
8070.000000  1.959265e-11
8090.000000  1.937345e-11
8110.000000  1.942133e-11
8130.000000  1.935792e-11
8150.000000  1.921418e-11
8170.000000  1.910569e-11
8190.000000  1.863632e-11
8210.000000  1.862200e-11
8230.000000  1.852695e-11
8250.000000  1.847068e-11
8270.000000  1.859397e-11
8290.000000  1.846222e-11
8310.000000  1.822278e-11
8330.000000  1.798458e-11
8350.000000  1.807999e-11
8370.000000  1.803381e-11
8390.000000  1.779692e-11
8410.000000  1.781162e-11
8430.000000  1.760344e-11
8450.000000  1.737554e-11
8470.000000  1.725498e-11
8490.000000  1.727819e-11
8510.000000  1.628682e-11
8530.000000  1.710311e-11
8550.000000  1.460563e-11
8570.000000  1.730626e-11
8590.000000  1.665709e-11
8610.000000  1.633984e-11
8630.000000  1.710571e-11
8650.000000  1.675900e-11
8670.000000  1.407485e-11
8690.000000  1.644331e-11
8710.000000  1.684752e-11
8730.000000  1.660644e-11
8750.000000  1.488102e-11
8770.000000  1.633596e-11
8790.000000  1.656566e-11
8810.000000  1.641655e-11
8830.000000  1.623164e-11
8850.000000  1.569242e-11
8870.000000  1.433519e-11
8890.000000  1.597630e-11
8910.000000  1.610387e-11
8930.000000  1.592223e-11
8950.000000  1.597708e-11
8970.000000  1.585140e-11
8990.000000  1.564789e-11
9010.000000  1.388221e-11
9030.000000  1.482252e-11
9050.000000  1.553717e-11
9070.000000  1.521914e-11
9090.000000  1.490046e-11
9110.000000  1.515294e-11
9130.000000  1.530885e-11
9150.000000  1.525675e-11
9170.000000  1.512386e-11
9190.000000  1.500848e-11
9210.000000  1.446907e-11
9230.000000  1.277653e-11
9250.000000  1.410409e-11
9270.000000  1.444057e-11
9290.000000  1.466313e-11
9310.000000  1.464353e-11
9330.000000  1.454269e-11
9350.000000  1.448602e-11
9370.000000  1.442458e-11
9390.000000  1.431339e-11
9410.000000  1.375470e-11
9430.000000  1.405140e-11
9450.000000  1.395982e-11
9470.000000  1.403119e-11
9490.000000  1.396831e-11
9510.000000  1.377679e-11
9530.000000  1.336303e-11
9550.000000  1.184946e-11
9570.000000  1.328209e-11
9590.000000  1.352569e-11
9610.000000  1.338572e-11
9630.000000  1.323802e-11
9650.000000  1.328685e-11
9670.000000  1.311276e-11
9690.000000  1.310955e-11
9710.000000  1.320199e-11
9730.000000  1.313381e-11
9750.000000  1.292617e-11
9770.000000  1.298203e-11
9790.000000  1.289914e-11
9810.000000  1.287428e-11
9830.000000  1.279092e-11
9850.000000  1.268142e-11
9870.000000  1.259828e-11
9890.000000  1.249349e-11
9910.000000  1.242743e-11
9930.000000  1.245922e-11
9950.000000  1.239377e-11
9970.000000  1.233757e-11
9990.000000  1.225687e-11
10025.000000  1.177366e-11
10075.000000  1.134680e-11
10125.000000  1.177989e-11
10175.000000  1.165709e-11
10225.000000  1.157040e-11
10275.000000  1.147322e-11
10325.000000  1.124989e-11
10375.000000  1.114300e-11
10425.000000  1.103021e-11
10475.000000  1.075533e-11
10525.000000  1.071291e-11
10575.000000  1.058543e-11
10625.000000  1.045279e-11
10675.000000  1.014428e-11
10725.000000  1.013887e-11
10775.000000  1.002533e-11
10825.000000  9.852657e-12
10875.000000  9.734992e-12
10925.000000  8.975131e-12
10975.000000  9.327056e-12
11025.000000  9.498887e-12
11075.000000  9.442457e-12
11125.000000  9.292129e-12
11175.000000  9.177915e-12
11225.000000  9.111444e-12
11275.000000  8.856647e-12
11325.000000  8.776272e-12
11375.000000  8.739231e-12
11425.000000  8.565411e-12
11475.000000  8.607105e-12
11525.000000  8.513223e-12
11575.000000  8.385084e-12
11625.000000  8.185767e-12
11675.000000  8.069863e-12
11725.000000  8.138290e-12
11775.000000  7.886251e-12
11825.000000  7.856595e-12
11875.000000  7.717175e-12
11925.000000  7.799247e-12
11975.000000  7.568126e-12
12025.000000  7.568770e-12
12075.000000  7.459160e-12
12125.000000  7.393719e-12
12175.000000  7.362404e-12
12225.000000  7.271675e-12
12275.000000  7.175252e-12
12325.000000  7.105699e-12
12375.000000  7.033751e-12
12425.000000  6.967537e-12
12475.000000  6.894075e-12
12525.000000  6.794557e-12
12575.000000  6.698009e-12
12625.000000  6.649309e-12
12675.000000  6.588243e-12
12725.000000  6.524666e-12
12775.000000  6.373105e-12
12825.000000  5.717529e-12
12875.000000  6.248975e-12
12925.000000  6.232563e-12
12975.000000  6.195854e-12
13025.000000  6.122913e-12
13075.000000  6.079621e-12
13125.000000  5.984832e-12
13175.000000  5.908312e-12
13225.000000  5.889460e-12
13275.000000  5.803501e-12
13325.000000  5.761884e-12
13375.000000  5.697314e-12
13425.000000  5.651375e-12
13475.000000  5.592391e-12
13525.000000  5.523365e-12
13575.000000  5.442412e-12
13625.000000  5.415422e-12
13675.000000  5.350469e-12
13725.000000  5.251385e-12
13775.000000  5.229864e-12
13825.000000  5.185885e-12
13875.000000  5.160041e-12
13925.000000  5.082007e-12
13975.000000  5.040295e-12
14025.000000  4.980005e-12
14075.000000  4.951394e-12
14125.000000  4.876651e-12
14175.000000  4.852045e-12
14225.000000  4.770854e-12
14275.000000  4.705757e-12
14325.000000  4.700457e-12
14375.000000  4.672319e-12
14425.000000  4.496426e-12
14475.000000  4.566290e-12
14525.000000  4.455912e-12
14570.000000  4.468876e-12
14620.000000  4.411881e-12
14675.000000  4.385143e-12
14725.000000  4.309107e-12
14775.000000  4.260425e-12
14825.000000  4.235729e-12
14875.000000  4.161890e-12
14925.000000  4.193461e-12
14975.000000  4.125096e-12
15025.000000  4.061218e-12
15075.000000  4.009942e-12
15125.000000  4.015818e-12
15175.000000  3.984901e-12
15225.000000  3.925206e-12
15275.000000  3.896996e-12
15325.000000  3.850031e-12
15375.000000  3.824561e-12
15425.000000  3.742729e-12
15475.000000  3.742026e-12
15525.000000  3.709661e-12
15575.000000  3.612048e-12
15625.000000  3.676516e-12
15675.000000  3.568454e-12
15725.000000  3.487152e-12
15775.000000  3.515958e-12
15825.000000  3.511896e-12
15875.000000  3.254832e-12
15925.000000  3.418041e-12
15975.000000  3.440188e-12
16050.000000  3.351951e-12
16150.000000  3.181725e-12
16250.000000  3.288407e-12
16350.000000  3.149790e-12
16450.000000  2.969304e-12
16550.000000  3.093870e-12
16650.000000  3.037013e-12
16750.000000  2.893775e-12
16850.000000  2.719117e-12
16950.000000  2.855049e-12
17050.000000  2.779217e-12
17150.000000  2.735710e-12
17250.000000  2.645997e-12
17350.000000  2.398523e-12
17450.000000  2.515338e-12
17550.000000  2.503329e-12
17650.000000  2.452491e-12
17750.000000  2.409426e-12
17850.000000  2.361963e-12
17950.000000  2.325685e-12
18050.000000  2.258385e-12
18150.000000  2.066057e-12
18250.000000  2.136696e-12
18350.000000  2.136440e-12
18450.000000  2.092109e-12
18550.000000  2.050654e-12
18650.000000  1.999013e-12
18750.000000  1.813890e-12
18850.000000  1.917465e-12
18950.000000  1.870960e-12
19050.000000  1.870889e-12
19150.000000  1.832041e-12
19250.000000  1.796557e-12
19350.000000  1.746265e-12
19450.000000  1.593267e-12
19550.000000  1.686380e-12
19650.000000  1.665516e-12
19750.000000  1.630526e-12
19850.000000  1.607182e-12
19950.000000  1.577804e-12
20050.000000  1.552757e-12
20150.000000  1.527967e-12
20250.000000  1.494320e-12
20350.000000  1.461950e-12
20450.000000  1.447007e-12
20550.000000  1.419259e-12
20650.000000  1.389363e-12
20750.000000  1.367000e-12
20850.000000  1.343756e-12
20950.000000  1.316963e-12
21050.000000  1.297500e-12
21150.000000  1.271505e-12
21250.000000  1.249572e-12
21350.000000  1.229448e-12
21450.000000  1.211503e-12
21550.000000  1.184634e-12
21650.000000  1.084544e-12
21750.000000  1.136182e-12
21850.000000  1.127452e-12
21950.000000  1.114173e-12
22050.000000  1.089265e-12
22150.000000  1.073050e-12
22250.000000  1.058479e-12
22350.000000  1.040861e-12
22450.000000  1.023937e-12
22550.000000  1.001006e-12
22650.000000  9.878566e-13
22750.000000  9.739563e-13
22850.000000  9.564141e-13
22950.000000  9.409325e-13
23050.000000  9.290075e-13
23150.000000  9.127524e-13
23250.000000  8.997352e-13
23350.000000  8.841563e-13
23450.000000  8.718665e-13
23550.000000  8.576067e-13
23650.000000  8.451286e-13
23750.000000  8.288877e-13
23850.000000  8.164842e-13
23950.000000  8.054265e-13
24050.000000  7.920539e-13
24150.000000  7.788343e-13
24250.000000  7.683590e-13
24350.000000  7.545473e-13
24450.000000  7.444649e-13
24550.000000  7.308478e-13
24650.000000  7.222307e-13
24750.000000  7.099253e-13
24850.000000  6.986340e-13
24950.000000  6.856506e-13
