2505.000000  1.579950e-13
2513.000000  9.801879e-14
2518.000000  6.485383e-14
2525.000000  7.148878e-14
2535.000000  1.787848e-13
2545.000000  2.338137e-13
2555.000000  8.519917e-13
2565.000000  4.560558e-13
2575.000000  7.191278e-13
2585.000000  5.412866e-13
2595.000000  4.536696e-13
2605.000000  4.056663e-13
2615.000000  3.735771e-13
2625.000000  5.501844e-13
2635.000000  1.586995e-12
2645.000000  2.251142e-12
2655.000000  4.058853e-12
2665.000000  2.370627e-12
2675.000000  2.230401e-12
2685.000000  3.138093e-12
2695.000000  1.870542e-12
2705.000000  2.839592e-12
2715.000000  1.657215e-12
2725.000000  8.285048e-13
2735.000000  1.362665e-12
2745.000000  8.046236e-13
2755.000000  1.201696e-12
2765.000000  1.820500e-12
2775.000000  1.842392e-12
2785.000000  9.312560e-13
2795.000000  3.346114e-13
2805.000000  4.325448e-13
2815.000000  1.346468e-12
2825.000000  2.087254e-12
2835.000000  1.605678e-12
2845.000000  7.268337e-13
2855.000000  2.568273e-13
2865.000000  1.211081e-12
2875.000000  2.685787e-12
2885.000000  3.291708e-12
2895.000000  4.994541e-12
2910.000000  7.348442e-12
2930.000000  6.896568e-12
2950.000000  5.995112e-12
2970.000000  6.005224e-12
2990.000000  6.268823e-12
3010.000000  5.437225e-12
3030.000000  7.091918e-12
3050.000000  7.666577e-12
3070.000000  9.417201e-12
3090.000000  9.118432e-12
3110.000000  1.212505e-11
3130.000000  9.900921e-12
3150.000000  1.067560e-11
3170.000000  1.282061e-11
3190.000000  1.096813e-11
3210.000000  1.179427e-11
3230.000000  9.698911e-12
3250.000000  1.593264e-11
3270.000000  1.979584e-11
3290.000000  1.995207e-11
3310.000000  1.681695e-11
3330.000000  1.755465e-11
3350.000000  1.578840e-11
3370.000000  1.018619e-11
3390.000000  1.239174e-11
3410.000000  1.391197e-11
3430.000000  1.651665e-11
3450.000000  1.683441e-11
3470.000000  1.784658e-11
3490.000000  2.121583e-11
3510.000000  2.352781e-11
3530.000000  2.032820e-11
3550.000000  2.424813e-11
3570.000000  1.427766e-11
3590.000000  1.586900e-11
3610.000000  2.258954e-11
3630.000000  2.407720e-11
3640.000000  2.554047e-11
3650.000000  2.840131e-11
3670.000000  3.070636e-11
3690.000000  2.874594e-11
3710.000000  3.066260e-11
3730.000000  1.743229e-11
3750.000000  2.097032e-11
3770.000000  2.818131e-11
3790.000000  2.783500e-11
3810.000000  2.487084e-11
3830.000000  1.324964e-11
3850.000000  1.546111e-11
3870.000000  1.576592e-11
3890.000000  2.567761e-11
3910.000000  3.255229e-11
3930.000000  1.339584e-11
3950.000000  2.789508e-11
3970.000000  1.796595e-11
3990.000000  4.457374e-11
4010.000000  5.048756e-11
4030.000000  4.778591e-11
4050.000000  4.653626e-11
4070.000000  4.442922e-11
4090.000000  5.476062e-11
4110.000000  5.160504e-11
4130.000000  4.831467e-11
4150.000000  4.452137e-11
4170.000000  4.587080e-11
4190.000000  4.500415e-11
4210.000000  4.782797e-11
4230.000000  4.998440e-11
4250.000000  5.053942e-11
4270.000000  4.695924e-11
4290.000000  4.217348e-11
4310.000000  3.518191e-11
4330.000000  5.624953e-11
4350.000000  5.448404e-11
4370.000000  5.831884e-11
4390.000000  5.256151e-11
4410.000000  5.819302e-11
4430.000000  6.563470e-11
4450.000000  6.609073e-11
4470.000000  7.129905e-11
4490.000000  7.389045e-11
4510.000000  8.313344e-11
4530.000000  7.406664e-11
4550.000000  7.745563e-11
4570.000000  8.306639e-11
4590.000000  7.972535e-11
4610.000000  8.296067e-11
4630.000000  8.221715e-11
4650.000000  8.297764e-11
4670.000000  8.620024e-11
4690.000000  8.505137e-11
4710.000000  8.337452e-11
4730.000000  8.587355e-11
4750.000000  8.829728e-11
4770.000000  8.839869e-11
4790.000000  8.828032e-11
4810.000000  8.833970e-11
4830.000000  8.942493e-11
4850.000000  8.674563e-11
4870.000000  8.183996e-11
4890.000000  8.801279e-11
4910.000000  8.789663e-11
4930.000000  8.642139e-11
4950.000000  9.113190e-11
4970.000000  9.073807e-11
4990.000000  8.474526e-11
5010.000000  8.079271e-11
5030.000000  8.545425e-11
5050.000000  8.494442e-11
5070.000000  8.842798e-11
5090.000000  8.375635e-11
5110.000000  8.530340e-11
5130.000000  8.282190e-11
5150.000000  7.976782e-11
5170.000000  7.393623e-11
5190.000000  7.791072e-11
5210.000000  8.300988e-11
5230.000000  8.827520e-11
5250.000000  9.114279e-11
5270.000000  8.224397e-11
5290.000000  9.227462e-11
5310.000000  9.723220e-11
5330.000000  8.774666e-11
5350.000000  9.498588e-11
5370.000000  9.506088e-11
5390.000000  9.269932e-11
5410.000000  9.142226e-11
5430.000000  9.216349e-11
5450.000000  9.629997e-11
5470.000000  9.443186e-11
5490.000000  9.419951e-11
5510.000000  9.370515e-11
5530.000000  9.616878e-11
5550.000000  9.780094e-11
5570.000000  9.543256e-11
5590.000000  9.334396e-11
5610.000000  9.705012e-11
5630.000000  9.689774e-11
5650.000000  9.719351e-11
5670.000000  9.506439e-11
5690.000000  9.729389e-11
5710.000000  9.393770e-11
5730.000000  1.007626e-10
5750.000000  9.822241e-11
5770.000000  9.945085e-11
5790.000000  9.588965e-11
5810.000000  9.918699e-11
5830.000000  1.012577e-10
5850.000000  9.881862e-11
5870.000000  9.928269e-11
5890.000000  9.041501e-11
5910.000000  9.824191e-11
5930.000000  9.837243e-11
5950.000000  9.843628e-11
5970.000000  9.978066e-11
5990.000000  9.855389e-11
6010.000000  9.695253e-11
6030.000000  9.843039e-11
6050.000000  1.000145e-10
6070.000000  9.922164e-11
6090.000000  9.651389e-11
6110.000000  9.669661e-11
6130.000000  9.272722e-11
6150.000000  9.533014e-11
6170.000000  9.186605e-11
6190.000000  9.649732e-11
6210.000000  9.626167e-11
6230.000000  9.387222e-11
6250.000000  9.119428e-11
6270.000000  9.473654e-11
6290.000000  9.557075e-11
6310.000000  9.346691e-11
6330.000000  9.431598e-11
6350.000000  9.504544e-11
6370.000000  9.469409e-11
6390.000000  9.517791e-11
6410.000000  9.339007e-11
6430.000000  9.423179e-11
6450.000000  9.389665e-11
6470.000000  9.345222e-11
6490.000000  9.165477e-11
6510.000000  9.412742e-11
6530.000000  9.471412e-11
6550.000000  9.336050e-11
6570.000000  8.997647e-11
6590.000000  9.330497e-11
6610.000000  9.386403e-11
6630.000000  9.367054e-11
6650.000000  9.337328e-11
6670.000000  9.229469e-11
6690.000000  9.421245e-11
6710.000000  9.174185e-11
6730.000000  9.378529e-11
6750.000000  9.241383e-11
6770.000000  9.271596e-11
6790.000000  9.245042e-11
6810.000000  9.197386e-11
6830.000000  9.278596e-11
6850.000000  9.069667e-11
6870.000000  9.147385e-11
6890.000000  9.211575e-11
6910.000000  9.141347e-11
6930.000000  9.076662e-11
6950.000000  8.981172e-11
6970.000000  9.024902e-11
6990.000000  8.943060e-11
7010.000000  8.778468e-11
7030.000000  8.902856e-11
7050.000000  8.957707e-11
7070.000000  8.853778e-11
7090.000000  8.830742e-11
7110.000000  8.811838e-11
7130.000000  8.674737e-11
7150.000000  8.635467e-11
7170.000000  8.702996e-11
7190.000000  8.460065e-11
7210.000000  8.593693e-11
7230.000000  8.693955e-11
7250.000000  8.676489e-11
7270.000000  8.648681e-11
7290.000000  8.457561e-11
7310.000000  8.556687e-11
7330.000000  8.533667e-11
7350.000000  8.520946e-11
7370.000000  8.609762e-11
7390.000000  8.441530e-11
7410.000000  8.356352e-11
7430.000000  8.451216e-11
7450.000000  8.455204e-11
7470.000000  8.472998e-11
7490.000000  8.414690e-11
7510.000000  8.449029e-11
7530.000000  8.455376e-11
7550.000000  8.482056e-11
7570.000000  8.414230e-11
7590.000000  8.381676e-11
7610.000000  8.378189e-11
7630.000000  8.383914e-11
7650.000000  8.380564e-11
7670.000000  8.162681e-11
7690.000000  8.354178e-11
7710.000000  8.203693e-11
7730.000000  8.226428e-11
7750.000000  8.157970e-11
7770.000000  8.305420e-11
7790.000000  8.244242e-11
7810.000000  8.240891e-11
7830.000000  8.157989e-11
7850.000000  8.137309e-11
7870.000000  8.145127e-11
7890.000000  8.004510e-11
7910.000000  7.833219e-11
7930.000000  7.787305e-11
7950.000000  7.718164e-11
7970.000000  7.904740e-11
7990.000000  7.873730e-11
8010.000000  7.829581e-11
8030.000000  7.831651e-11
8050.000000  7.760307e-11
8070.000000  7.745348e-11
8090.000000  7.595237e-11
8110.000000  7.617799e-11
8130.000000  7.670237e-11
8150.000000  7.651162e-11
8170.000000  7.645605e-11
8190.000000  7.491279e-11
8210.000000  7.500202e-11
8230.000000  7.517231e-11
8250.000000  7.572188e-11
8270.000000  7.619228e-11
8290.000000  7.569333e-11
8310.000000  7.404732e-11
8330.000000  7.368622e-11
8350.000000  7.407744e-11
8370.000000  7.423942e-11
8390.000000  7.212413e-11
8410.000000  7.416661e-11
8430.000000  7.248020e-11
8450.000000  7.383269e-11
8470.000000  7.327817e-11
8490.000000  7.293472e-11
8510.000000  6.968019e-11
8530.000000  7.215300e-11
8550.000000  6.310179e-11
8570.000000  7.327189e-11
8590.000000  7.234879e-11
8610.000000  7.220424e-11
8630.000000  7.255696e-11
8650.000000  7.217074e-11
8670.000000  6.339635e-11
8690.000000  7.015410e-11
8710.000000  7.146862e-11
8730.000000  7.157334e-11
8750.000000  7.080763e-11
8770.000000  7.145913e-11
8790.000000  7.097303e-11
8810.000000  6.949690e-11
8830.000000  7.021171e-11
8850.000000  7.061220e-11
8870.000000  6.948577e-11
8890.000000  7.054888e-11
8910.000000  7.072355e-11
8930.000000  6.954466e-11
8950.000000  6.910945e-11
8970.000000  6.929361e-11
8990.000000  6.948909e-11
9010.000000  6.711993e-11
9030.000000  6.866281e-11
9050.000000  6.940180e-11
9070.000000  6.879280e-11
9090.000000  6.699592e-11
9110.000000  6.713742e-11
9130.000000  6.798760e-11
9150.000000  6.556138e-11
9170.000000  6.447611e-11
9190.000000  6.467464e-11
9210.000000  6.349427e-11
9230.000000  6.383244e-11
9250.000000  6.355131e-11
9270.000000  6.419016e-11
9290.000000  6.366567e-11
9310.000000  6.454761e-11
9330.000000  6.447618e-11
9350.000000  6.394067e-11
9370.000000  6.348476e-11
9390.000000  6.313985e-11
9410.000000  6.191317e-11
9430.000000  6.248366e-11
9450.000000  6.161461e-11
9470.000000  6.262219e-11
9490.000000  6.246464e-11
9510.000000  6.283647e-11
9530.000000  6.226441e-11
9550.000000  6.193876e-11
9570.000000  6.198938e-11
9590.000000  6.239151e-11
9610.000000  6.190041e-11
9630.000000  6.157461e-11
9650.000000  6.070373e-11
9670.000000  6.067517e-11
9690.000000  6.134589e-11
9710.000000  6.094724e-11
9730.000000  6.075950e-11
9750.000000  6.043369e-11
9770.000000  6.057676e-11
9790.000000  5.971705e-11
9810.000000  6.076301e-11
9830.000000  6.054051e-11
9850.000000  6.065502e-11
9870.000000  6.029735e-11
9890.000000  6.033559e-11
9910.000000  5.992699e-11
9930.000000  6.023861e-11
9950.000000  5.997181e-11
9970.000000  5.997487e-11
9990.000000  5.983169e-11
10025.000000  5.938379e-11
10075.000000  5.884817e-11
10125.000000  5.861782e-11
10175.000000  5.786782e-11
10225.000000  5.775667e-11
10275.000000  5.762977e-11
10325.000000  5.671589e-11
10375.000000  5.634068e-11
10425.000000  5.636001e-11
10475.000000  5.571789e-11
10525.000000  5.559099e-11
10575.000000  5.497921e-11
10625.000000  5.460568e-11
10675.000000  5.380327e-11
10725.000000  5.373015e-11
10775.000000  5.313907e-11
10825.000000  5.237970e-11
10875.000000  5.195840e-11
10925.000000  5.126724e-11
10975.000000  4.895063e-11
11025.000000  4.865996e-11
11075.000000  4.902047e-11
11125.000000  4.874902e-11
11175.000000  4.891089e-11
11225.000000  4.876645e-11
11275.000000  4.808461e-11
11325.000000  4.833735e-11
11375.000000  4.750939e-11
11425.000000  4.743479e-11
11475.000000  4.770960e-11
11525.000000  4.756822e-11
11575.000000  4.701369e-11
11625.000000  4.639707e-11
11675.000000  4.643531e-11
11725.000000  4.672460e-11
11775.000000  4.593762e-11
11825.000000  4.558822e-11
11875.000000  4.512099e-11
11925.000000  4.563278e-11
11975.000000  4.418367e-11
12025.000000  4.466512e-11
12075.000000  4.426647e-11
12125.000000  4.423792e-11
12175.000000  4.423613e-11
12225.000000  4.396922e-11
12275.000000  4.359263e-11
12325.000000  4.339399e-11
12375.000000  4.312708e-11
12425.000000  4.280291e-11
12475.000000  4.271394e-11
12525.000000  4.235322e-11
12575.000000  4.216079e-11
12625.000000  4.190974e-11
12675.000000  4.154764e-11
12725.000000  4.149523e-11
12775.000000  4.135384e-11
12825.000000  4.026203e-11
12875.000000  4.066895e-11
12925.000000  4.023649e-11
12975.000000  4.038439e-11
13025.000000  4.004753e-11
13075.000000  3.999512e-11
13125.000000  3.941189e-11
13175.000000  3.919918e-11
13225.000000  3.927230e-11
13275.000000  3.870141e-11
13325.000000  3.875499e-11
13375.000000  3.854570e-11
13425.000000  3.856793e-11
13475.000000  3.834309e-11
13525.000000  3.819324e-11
13575.000000  3.764548e-11
13625.000000  3.746819e-11
13675.000000  3.744979e-11
13725.000000  3.738964e-11
13775.000000  3.715805e-11
13825.000000  3.706959e-11
13875.000000  3.672266e-11
13925.000000  3.661725e-11
13975.000000  3.644368e-11
14025.000000  3.603038e-11
14075.000000  3.574622e-11
14125.000000  3.501543e-11
14175.000000  3.502616e-11
14225.000000  3.456401e-11
14275.000000  3.415304e-11
14325.000000  3.457932e-11
14375.000000  3.469240e-11
14425.000000  3.389393e-11
14475.000000  3.452684e-11
14525.000000  3.385145e-11
14570.000000  3.378727e-11
14620.000000  3.360681e-11
14675.000000  3.340192e-11
14725.000000  3.304173e-11
14775.000000  3.316408e-11
14825.000000  3.305940e-11
14875.000000  3.272533e-11
14925.000000  3.325067e-11
14975.000000  3.294560e-11
15025.000000  3.226601e-11
15075.000000  3.218087e-11
15125.000000  3.250083e-11
15175.000000  3.257620e-11
15225.000000  3.227086e-11
15275.000000  3.228698e-11
15325.000000  3.221446e-11
15375.000000  3.215167e-11
15425.000000  3.206860e-11
15475.000000  3.206997e-11
15525.000000  3.164850e-11
15575.000000  3.136569e-11
15625.000000  3.174637e-11
15675.000000  3.119128e-11
15725.000000  3.111810e-11
15775.000000  3.033465e-11
15825.000000  3.074532e-11
15875.000000  2.976468e-11
15925.000000  3.050457e-11
15975.000000  3.053806e-11
16050.000000  3.026040e-11
16150.000000  2.970620e-11
16250.000000  2.969768e-11
16350.000000  2.928389e-11
16450.000000  2.838168e-11
16550.000000  2.846878e-11
16650.000000  2.781303e-11
16750.000000  2.718394e-11
16850.000000  2.633169e-11
16950.000000  2.649070e-11
17050.000000  2.564729e-11
17150.000000  2.522334e-11
17250.000000  2.466859e-11
17350.000000  2.379313e-11
17450.000000  2.375348e-11
17550.000000  2.337088e-11
17650.000000  2.294259e-11
17750.000000  2.245278e-11
17850.000000  2.211689e-11
17950.000000  2.172951e-11
18050.000000  2.120036e-11
18150.000000  2.060149e-11
18250.000000  2.036141e-11
18350.000000  2.004243e-11
18450.000000  1.952779e-11
18550.000000  1.928751e-11
18650.000000  1.880611e-11
18750.000000  1.814079e-11
18850.000000  1.818945e-11
18950.000000  1.756025e-11
19050.000000  1.759602e-11
19150.000000  1.721953e-11
19250.000000  1.696174e-11
19350.000000  1.650368e-11
19450.000000  1.598771e-11
19550.000000  1.600435e-11
19650.000000  1.568443e-11
19750.000000  1.530852e-11
19850.000000  1.510449e-11
19950.000000  1.483416e-11
20050.000000  1.469573e-11
20150.000000  1.448946e-11
20250.000000  1.410929e-11
20350.000000  1.382322e-11
20450.000000  1.373341e-11
20550.000000  1.344148e-11
20650.000000  1.315585e-11
20750.000000  1.296595e-11
20850.000000  1.275250e-11
20950.000000  1.246642e-11
21050.000000  1.235786e-11
21150.000000  1.213425e-11
21250.000000  1.192861e-11
21350.000000  1.175234e-11
21450.000000  1.156132e-11
21550.000000  1.137933e-11
21650.000000  1.101990e-11
21750.000000  1.093179e-11
21850.000000  1.077525e-11
21950.000000  1.064955e-11
22050.000000  1.038457e-11
22150.000000  1.032292e-11
22250.000000  1.009010e-11
22350.000000  9.941810e-12
22450.000000  9.797821e-12
22550.000000  9.639057e-12
22650.000000  9.457848e-12
22750.000000  9.365534e-12
22850.000000  9.164461e-12
22950.000000  8.339165e-12
23050.000000  8.599899e-12
23150.000000  8.523603e-12
23250.000000  7.749558e-12
23350.000000  8.038843e-12
23450.000000  8.061124e-12
23550.000000  7.289454e-12
23650.000000  7.626578e-12
23750.000000  7.592771e-12
23850.000000  6.937107e-12
23950.000000  7.202715e-12
24050.000000  7.226285e-12
24150.000000  6.704311e-12
24250.000000  6.857047e-12
24350.000000  6.879169e-12
24450.000000  6.535374e-12
24550.000000  6.463687e-12
24650.000000  6.611371e-12
24750.000000  6.380248e-12
24850.000000  6.163484e-12
24950.000000  6.275370e-12
