2505.000000  1.390238e-15
2513.000000  7.654000e-16
2518.000000  7.366500e-16
2525.000000  1.038410e-15
2535.000000  3.981947e-15
2545.000000  5.194529e-15
2555.000000  6.158682e-15
2565.000000  2.698302e-15
2575.000000  5.927691e-15
2585.000000  3.343743e-15
2595.000000  4.829297e-15
2605.000000  7.099857e-15
2615.000000  5.455186e-15
2625.000000  1.042282e-14
2635.000000  1.912240e-14
2645.000000  1.528675e-14
2655.000000  2.422401e-14
2665.000000  1.960319e-14
2675.000000  1.591786e-14
2685.000000  2.321445e-14
2695.000000  1.401001e-14
2705.000000  2.921914e-14
2715.000000  2.537642e-14
2725.000000  2.014191e-14
2735.000000  2.287954e-14
2745.000000  3.321428e-14
2755.000000  3.125633e-14
2765.000000  4.881842e-14
2775.000000  6.468434e-14
2785.000000  3.980888e-14
2795.000000  3.569281e-14
2805.000000  4.076224e-14
2815.000000  5.544308e-14
2825.000000  6.105034e-14
2835.000000  4.816433e-14
2845.000000  2.577325e-14
2855.000000  7.848129e-15
2865.000000  5.184368e-14
2875.000000  6.653547e-14
2885.000000  1.098578e-13
2895.000000  1.365042e-13
2910.000000  1.749187e-13
2930.000000  2.001652e-13
2950.000000  1.934878e-13
2970.000000  1.914718e-13
2990.000000  2.367923e-13
3010.000000  2.444399e-13
3030.000000  2.982137e-13
3050.000000  3.657718e-13
3070.000000  4.352257e-13
3090.000000  4.807956e-13
3110.000000  6.895714e-13
3130.000000  6.095223e-13
3150.000000  7.932815e-13
3170.000000  1.076166e-12
3190.000000  9.975751e-13
3210.000000  1.127590e-12
3230.000000  1.131531e-12
3250.000000  1.675231e-12
3270.000000  2.119239e-12
3290.000000  2.443211e-12
3310.000000  2.202953e-12
3330.000000  2.312818e-12
3350.000000  2.192618e-12
3370.000000  1.525496e-12
3390.000000  1.989586e-12
3410.000000  2.360822e-12
3430.000000  3.039327e-12
3450.000000  2.979065e-12
3470.000000  3.288643e-12
3490.000000  3.954397e-12
3510.000000  4.992289e-12
3530.000000  4.713214e-12
3550.000000  6.438491e-12
3570.000000  4.422799e-12
3590.000000  4.314893e-12
3610.000000  5.879443e-12
3630.000000  7.026673e-12
3640.000000  7.962053e-12
3650.000000  8.094297e-12
3670.000000  9.523827e-12
3690.000000  9.150870e-12
3710.000000  8.939083e-12
3730.000000  5.237527e-12
3750.000000  6.703582e-12
3770.000000  1.055526e-11
3790.000000  1.124736e-11
3810.000000  1.108500e-11
3830.000000  6.774607e-12
3850.000000  9.304270e-12
3870.000000  8.943927e-12
3890.000000  1.067392e-11
3910.000000  1.336327e-11
3930.000000  5.833412e-12
3950.000000  1.223276e-11
3970.000000  8.302961e-12
3990.000000  1.976480e-11
4010.000000  2.396454e-11
4030.000000  2.192035e-11
4050.000000  2.333370e-11
4070.000000  2.323187e-11
4090.000000  2.665614e-11
4110.000000  1.981670e-11
4130.000000  2.287222e-11
4150.000000  2.152220e-11
4170.000000  2.140347e-11
4190.000000  2.408782e-11
4210.000000  2.392124e-11
4230.000000  2.438355e-11
4250.000000  2.801300e-11
4270.000000  2.748381e-11
4290.000000  2.690066e-11
4310.000000  2.630323e-11
4330.000000  3.766808e-11
4350.000000  3.838801e-11
4370.000000  4.022634e-11
4390.000000  3.886250e-11
4410.000000  4.182648e-11
4430.000000  4.676078e-11
4450.000000  4.869741e-11
4470.000000  5.262161e-11
4490.000000  5.693394e-11
4510.000000  6.277073e-11
4530.000000  5.732058e-11
4550.000000  6.165852e-11
4570.000000  6.607079e-11
4590.000000  6.612014e-11
4610.000000  6.951875e-11
4630.000000  7.093324e-11
4650.000000  7.106309e-11
4670.000000  7.607895e-11
4690.000000  7.635660e-11
4710.000000  7.679627e-11
4730.000000  7.859748e-11
4750.000000  7.971389e-11
4770.000000  7.727675e-11
4790.000000  7.874779e-11
4810.000000  8.465120e-11
4830.000000  8.495897e-11
4850.000000  8.784543e-11
4870.000000  8.736442e-11
4890.000000  9.128856e-11
4910.000000  9.343865e-11
4930.000000  9.195606e-11
4950.000000  9.493154e-11
4970.000000  9.452086e-11
4990.000000  9.099933e-11
5010.000000  8.617856e-11
5030.000000  9.096011e-11
5050.000000  8.794735e-11
5070.000000  8.933946e-11
5090.000000  8.589715e-11
5110.000000  8.696662e-11
5130.000000  8.447951e-11
5150.000000  8.159583e-11
5170.000000  8.232064e-11
5190.000000  8.948814e-11
5210.000000  9.180009e-11
5230.000000  1.134737e-10
5250.000000  1.167943e-10
5270.000000  1.111581e-10
5290.000000  1.216616e-10
5310.000000  1.293274e-10
5330.000000  1.214680e-10
5350.000000  1.290629e-10
5370.000000  1.303762e-10
5390.000000  1.283676e-10
5410.000000  1.304167e-10
5430.000000  1.296404e-10
5450.000000  1.337207e-10
5470.000000  1.351068e-10
5490.000000  1.372339e-10
5510.000000  1.353983e-10
5530.000000  1.428504e-10
5550.000000  1.461794e-10
5570.000000  1.441752e-10
5590.000000  1.426184e-10
5610.000000  1.461881e-10
5630.000000  1.498724e-10
5650.000000  1.531065e-10
5670.000000  1.510239e-10
5690.000000  1.563771e-10
5710.000000  1.505196e-10
5730.000000  1.592322e-10
5750.000000  1.607042e-10
5770.000000  1.630200e-10
5790.000000  1.602444e-10
5810.000000  1.645353e-10
5830.000000  1.681478e-10
5850.000000  1.659847e-10
5870.000000  1.668527e-10
5890.000000  1.527838e-10
5910.000000  1.666448e-10
5930.000000  1.680455e-10
5950.000000  1.681904e-10
5970.000000  1.730378e-10
5990.000000  1.734992e-10
6010.000000  1.729224e-10
6030.000000  1.767687e-10
6050.000000  1.793773e-10
6070.000000  1.785977e-10
6090.000000  1.776668e-10
6110.000000  1.798280e-10
6130.000000  1.723414e-10
6150.000000  1.795259e-10
6170.000000  1.733466e-10
6190.000000  1.792494e-10
6210.000000  1.781423e-10
6230.000000  1.764055e-10
6250.000000  1.723180e-10
6270.000000  1.787797e-10
6290.000000  1.826295e-10
6310.000000  1.833162e-10
6330.000000  1.866720e-10
6350.000000  1.904052e-10
6370.000000  1.907142e-10
6390.000000  1.917751e-10
6410.000000  1.899767e-10
6430.000000  1.918062e-10
6450.000000  1.925470e-10
6470.000000  1.927653e-10
6490.000000  1.905549e-10
6510.000000  1.964856e-10
6530.000000  1.995473e-10
6550.000000  1.965117e-10
6570.000000  1.963192e-10
6590.000000  1.991526e-10
6610.000000  1.998794e-10
6630.000000  2.020149e-10
6650.000000  2.010835e-10
6670.000000  1.999730e-10
6690.000000  2.025303e-10
6710.000000  1.999494e-10
6730.000000  2.025645e-10
6750.000000  2.002485e-10
6770.000000  2.034802e-10
6790.000000  2.041047e-10
6810.000000  2.048474e-10
6830.000000  2.079529e-10
6850.000000  2.072871e-10
6870.000000  2.076155e-10
6890.000000  2.107860e-10
6910.000000  2.109955e-10
6930.000000  2.112979e-10
6950.000000  2.107813e-10
6970.000000  2.136328e-10
6990.000000  2.119886e-10
7010.000000  2.125592e-10
7030.000000  2.146452e-10
7050.000000  2.140941e-10
7070.000000  2.098548e-10
7090.000000  2.082817e-10
7110.000000  2.086837e-10
7130.000000  2.056983e-10
7150.000000  2.058861e-10
7170.000000  2.103271e-10
7190.000000  2.090399e-10
7210.000000  2.099312e-10
7230.000000  2.155758e-10
7250.000000  2.144788e-10
7270.000000  2.175982e-10
7290.000000  2.179155e-10
7310.000000  2.190547e-10
7330.000000  2.188844e-10
7350.000000  2.183028e-10
7370.000000  2.216890e-10
7390.000000  2.211288e-10
7410.000000  2.196015e-10
7430.000000  2.219323e-10
7450.000000  2.224281e-10
7470.000000  2.223351e-10
7490.000000  2.225885e-10
7510.000000  2.240301e-10
7530.000000  2.248101e-10
7550.000000  2.255310e-10
7570.000000  2.255905e-10
7590.000000  2.242937e-10
7610.000000  2.251204e-10
7630.000000  2.253665e-10
7650.000000  2.257914e-10
7670.000000  2.213459e-10
7690.000000  2.255147e-10
7710.000000  2.222810e-10
7730.000000  2.243977e-10
7750.000000  2.238430e-10
7770.000000  2.264276e-10
7790.000000  2.256652e-10
7810.000000  2.274848e-10
7830.000000  2.263754e-10
7850.000000  2.260393e-10
7870.000000  2.275809e-10
7890.000000  2.266088e-10
7910.000000  2.242651e-10
7930.000000  2.252488e-10
7950.000000  2.234162e-10
7970.000000  2.275156e-10
7990.000000  2.267760e-10
8010.000000  2.268860e-10
8030.000000  2.272542e-10
8050.000000  2.259340e-10
8070.000000  2.251377e-10
8090.000000  2.259659e-10
8110.000000  2.265469e-10
8130.000000  2.276497e-10
8150.000000  2.280009e-10
8170.000000  2.281284e-10
8190.000000  2.246880e-10
8210.000000  2.245180e-10
8230.000000  2.270127e-10
8250.000000  2.269365e-10
8270.000000  2.289434e-10
8290.000000  2.282665e-10
8310.000000  2.253126e-10
8330.000000  2.244733e-10
8350.000000  2.260862e-10
8370.000000  2.257418e-10
8390.000000  2.168789e-10
8410.000000  2.258334e-10
8430.000000  2.199134e-10
8450.000000  2.269426e-10
8470.000000  2.254700e-10
8490.000000  2.263531e-10
8510.000000  2.180844e-10
8530.000000  2.263673e-10
8550.000000  2.069606e-10
8570.000000  2.283172e-10
8590.000000  2.273180e-10
8610.000000  2.269181e-10
8630.000000  2.276587e-10
8650.000000  2.281888e-10
8670.000000  2.081090e-10
8690.000000  2.220627e-10
8710.000000  2.280429e-10
8730.000000  2.278339e-10
8750.000000  2.268072e-10
8770.000000  2.275706e-10
8790.000000  2.279435e-10
8810.000000  2.248386e-10
8830.000000  2.249945e-10
8850.000000  2.266085e-10
8870.000000  2.252938e-10
8890.000000  2.269435e-10
8910.000000  2.272634e-10
8930.000000  2.260468e-10
8950.000000  2.246764e-10
8970.000000  2.257596e-10
8990.000000  2.264181e-10
9010.000000  2.212449e-10
9030.000000  2.251531e-10
9050.000000  2.266052e-10
9070.000000  2.267226e-10
9090.000000  2.224405e-10
9110.000000  2.245784e-10
9130.000000  2.249589e-10
9150.000000  2.227820e-10
9170.000000  2.215734e-10
9190.000000  2.219975e-10
9210.000000  2.205464e-10
9230.000000  2.214128e-10
9250.000000  2.202899e-10
9270.000000  2.208762e-10
9290.000000  2.196805e-10
9310.000000  2.216901e-10
9330.000000  2.218036e-10
9350.000000  2.211682e-10
9370.000000  2.188611e-10
9390.000000  2.205793e-10
9410.000000  2.197896e-10
9430.000000  2.201987e-10
9450.000000  2.185682e-10
9470.000000  2.202548e-10
9490.000000  2.200836e-10
9510.000000  2.205492e-10
9530.000000  2.199432e-10
9550.000000  2.174598e-10
9570.000000  2.188110e-10
9590.000000  2.199876e-10
9610.000000  2.176828e-10
9630.000000  2.193654e-10
9650.000000  2.132405e-10
9670.000000  2.139024e-10
9690.000000  2.165434e-10
9710.000000  2.157036e-10
9730.000000  2.144655e-10
9750.000000  2.152436e-10
9770.000000  2.162121e-10
9790.000000  2.116086e-10
9810.000000  2.177687e-10
9830.000000  2.166369e-10
9850.000000  2.176931e-10
9870.000000  2.172120e-10
9890.000000  2.172059e-10
9910.000000  2.167924e-10
9930.000000  2.168594e-10
9950.000000  2.165542e-10
9970.000000  2.165385e-10
9990.000000  2.165974e-10
10025.000000  2.152611e-10
10075.000000  2.145126e-10
10125.000000  2.142227e-10
10175.000000  2.129122e-10
10225.000000  2.131430e-10
10275.000000  2.129560e-10
10325.000000  2.108126e-10
10375.000000  2.102062e-10
10425.000000  2.110521e-10
10475.000000  2.096293e-10
10525.000000  2.098455e-10
10575.000000  2.083540e-10
10625.000000  2.080283e-10
10675.000000  2.064116e-10
10725.000000  2.060387e-10
10775.000000  2.056237e-10
10825.000000  2.039899e-10
10875.000000  2.039848e-10
10925.000000  2.024170e-10
10975.000000  1.988150e-10
11025.000000  1.978656e-10
11075.000000  1.980699e-10
11125.000000  1.972243e-10
11175.000000  1.971630e-10
11225.000000  1.974543e-10
11275.000000  1.957942e-10
11325.000000  1.959086e-10
11375.000000  1.941505e-10
11425.000000  1.935300e-10
11475.000000  1.949320e-10
11525.000000  1.946475e-10
11575.000000  1.932888e-10
11625.000000  1.912850e-10
11675.000000  1.916962e-10
11725.000000  1.929042e-10
11775.000000  1.905198e-10
11825.000000  1.904320e-10
11875.000000  1.883821e-10
11925.000000  1.904885e-10
11975.000000  1.867597e-10
12025.000000  1.889329e-10
12075.000000  1.883430e-10
12125.000000  1.884669e-10
12175.000000  1.882269e-10
12225.000000  1.877555e-10
12275.000000  1.871185e-10
12325.000000  1.867357e-10
12375.000000  1.862710e-10
12425.000000  1.859023e-10
12475.000000  1.854494e-10
12525.000000  1.849134e-10
12575.000000  1.844836e-10
12625.000000  1.839442e-10
12675.000000  1.835840e-10
12725.000000  1.833209e-10
12775.000000  1.829613e-10
12825.000000  1.806837e-10
12875.000000  1.813820e-10
12925.000000  1.804494e-10
12975.000000  1.813164e-10
13025.000000  1.810121e-10
13075.000000  1.805427e-10
13125.000000  1.792762e-10
13175.000000  1.790679e-10
13225.000000  1.791170e-10
13275.000000  1.771322e-10
13325.000000  1.741902e-10
13375.000000  1.704390e-10
13425.000000  1.688738e-10
13475.000000  1.708050e-10
13525.000000  1.687297e-10
13575.000000  1.689555e-10
13625.000000  1.676437e-10
13675.000000  1.701338e-10
13725.000000  1.703960e-10
13775.000000  1.707068e-10
13825.000000  1.703151e-10
13875.000000  1.680387e-10
13925.000000  1.583939e-10
13975.000000  1.619395e-10
14025.000000  1.635425e-10
14075.000000  1.640013e-10
14125.000000  1.615228e-10
14175.000000  1.620312e-10
14225.000000  1.625846e-10
14275.000000  1.619400e-10
14325.000000  1.626318e-10
14375.000000  1.623230e-10
14425.000000  1.634770e-10
14475.000000  1.640045e-10
14525.000000  1.632064e-10
14570.000000  1.633808e-10
14620.000000  1.577905e-10
14675.000000  1.587794e-10
14725.000000  1.620392e-10
14775.000000  1.616235e-10
14825.000000  1.629474e-10
14875.000000  1.630359e-10
14925.000000  1.654717e-10
14975.000000  1.678213e-10
15025.000000  1.637168e-10
15075.000000  1.656380e-10
15125.000000  1.669102e-10
15175.000000  1.685050e-10
15225.000000  1.706039e-10
15275.000000  1.675322e-10
15325.000000  1.712510e-10
15375.000000  1.685564e-10
15425.000000  1.664626e-10
15475.000000  1.736443e-10
15525.000000  1.707978e-10
15575.000000  1.699238e-10
15625.000000  1.743885e-10
15675.000000  1.752287e-10
15725.000000  1.740520e-10
15775.000000  1.724406e-10
15825.000000  1.764903e-10
15875.000000  1.745744e-10
15925.000000  1.783077e-10
15975.000000  1.785431e-10
16050.000000  1.771013e-10
16150.000000  1.801848e-10
16250.000000  1.765396e-10
16350.000000  1.784885e-10
16450.000000  1.746401e-10
16550.000000  1.755480e-10
16650.000000  1.713662e-10
16750.000000  1.688659e-10
16850.000000  1.655730e-10
16950.000000  1.635676e-10
17050.000000  1.595625e-10
17150.000000  1.538236e-10
17250.000000  1.516624e-10
17350.000000  1.464726e-10
17450.000000  1.444558e-10
17550.000000  1.388542e-10
17650.000000  1.356013e-10
17750.000000  1.316198e-10
17850.000000  1.273991e-10
17950.000000  1.256180e-10
18050.000000  1.207068e-10
18150.000000  1.188659e-10
18250.000000  1.162708e-10
18350.000000  1.151020e-10
18450.000000  1.106425e-10
18550.000000  1.067104e-10
18650.000000  1.058650e-10
18750.000000  1.031666e-10
18850.000000  1.044184e-10
18950.000000  1.023229e-10
19050.000000  1.019287e-10
19150.000000  1.002864e-10
19250.000000  9.906499e-11
19350.000000  9.640676e-11
19450.000000  9.498075e-11
19550.000000  9.415990e-11
19650.000000  9.213801e-11
19750.000000  9.003757e-11
19850.000000  8.790102e-11
19950.000000  8.591986e-11
20050.000000  8.513107e-11
20150.000000  8.332483e-11
20250.000000  8.187138e-11
20350.000000  8.114516e-11
20450.000000  8.001900e-11
20550.000000  7.917285e-11
20650.000000  7.753116e-11
20750.000000  7.712474e-11
20850.000000  7.569243e-11
20950.000000  7.531571e-11
21050.000000  7.448785e-11
21150.000000  7.381882e-11
21250.000000  7.289772e-11
21350.000000  7.230787e-11
21450.000000  7.157672e-11
21550.000000  7.082773e-11
21650.000000  7.012958e-11
21750.000000  6.915349e-11
21850.000000  6.852035e-11
21950.000000  6.779792e-11
22050.000000  6.669441e-11
22150.000000  6.643252e-11
22250.000000  6.505749e-11
22350.000000  6.455538e-11
22450.000000  6.382445e-11
22550.000000  6.294839e-11
22650.000000  6.196172e-11
22750.000000  6.122575e-11
22850.000000  6.038107e-11
22950.000000  5.227356e-11
23050.000000  5.507048e-11
23150.000000  5.470502e-11
23250.000000  4.799844e-11
23350.000000  5.078795e-11
23450.000000  5.057798e-11
23550.000000  4.427865e-11
23650.000000  4.731169e-11
23750.000000  4.730296e-11
23850.000000  4.174008e-11
23950.000000  4.392055e-11
24050.000000  4.307008e-11
24150.000000  3.943290e-11
24250.000000  4.041660e-11
24350.000000  3.994383e-11
24450.000000  3.731966e-11
24550.000000  3.660295e-11
24650.000000  3.680835e-11
24750.000000  3.508577e-11
24850.000000  3.380467e-11
24950.000000  3.417202e-11
