2505.000000  8.020988e-10
2513.000000  7.916812e-10
2518.000000  7.922634e-10
2525.000000  7.806826e-10
2535.000000  7.673206e-10
2545.000000  7.655950e-10
2555.000000  7.649769e-10
2565.000000  7.533721e-10
2575.000000  7.506651e-10
2585.000000  7.428914e-10
2595.000000  7.350530e-10
2605.000000  7.279620e-10
2615.000000  7.215333e-10
2625.000000  7.152973e-10
2635.000000  7.082413e-10
2645.000000  7.103987e-10
2655.000000  7.033806e-10
2665.000000  6.942098e-10
2675.000000  6.897595e-10
2685.000000  6.851596e-10
2695.000000  6.762713e-10
2705.000000  6.722374e-10
2715.000000  6.644764e-10
2725.000000  6.558454e-10
2735.000000  6.535213e-10
2745.000000  6.377549e-10
2755.000000  6.343501e-10
2765.000000  6.324872e-10
2775.000000  6.318354e-10
2785.000000  6.253114e-10
2795.000000  6.080288e-10
2805.000000  6.101052e-10
2815.000000  6.105227e-10
2825.000000  6.021808e-10
2835.000000  5.970992e-10
2845.000000  5.931769e-10
2855.000000  5.888413e-10
2865.000000  5.844498e-10
2875.000000  5.790150e-10
2885.000000  5.743103e-10
2895.000000  5.696584e-10
2910.000000  5.626403e-10
2930.000000  5.521337e-10
2950.000000  5.415913e-10
2970.000000  5.347207e-10
2990.000000  5.256075e-10
3010.000000  5.174100e-10
3030.000000  5.090817e-10
3050.000000  5.007444e-10
3070.000000  4.926170e-10
3090.000000  4.847634e-10
3110.000000  4.769219e-10
3130.000000  4.694668e-10
3150.000000  4.620677e-10
3170.000000  4.548134e-10
3190.000000  4.460011e-10
3210.000000  4.405635e-10
3230.000000  4.337839e-10
3250.000000  4.270336e-10
3270.000000  4.206882e-10
3290.000000  4.141265e-10
3310.000000  4.079991e-10
3330.000000  4.017915e-10
3350.000000  3.955960e-10
3370.000000  3.897747e-10
3390.000000  3.840337e-10
3410.000000  3.783129e-10
3430.000000  3.725640e-10
3450.000000  3.668584e-10
3470.000000  3.618763e-10
3490.000000  3.565927e-10
3510.000000  3.514917e-10
3530.000000  3.463581e-10
3550.000000  3.413218e-10
3570.000000  3.368049e-10
3590.000000  3.315180e-10
3610.000000  3.270415e-10
3630.000000  3.221888e-10
3640.000000  3.203919e-10
3650.000000  3.179871e-10
3670.000000  3.143990e-10
3690.000000  3.062908e-10
3710.000000  2.999872e-10
3730.000000  2.928666e-10
3750.000000  3.317759e-10
3770.000000  3.417958e-10
3790.000000  3.790364e-10
3810.000000  4.100586e-10
3830.000000  3.450015e-10
3850.000000  4.322343e-10
3870.000000  4.514301e-10
3890.000000  3.175947e-10
3910.000000  4.445297e-10
3930.000000  4.474234e-10
3950.000000  4.325369e-10
3970.000000  2.987688e-10
3990.000000  4.135305e-10
4010.000000  4.216055e-10
4030.000000  4.006648e-10
4050.000000  4.129962e-10
4070.000000  4.032408e-10
4090.000000  3.518579e-10
4110.000000  2.925598e-10
4130.000000  3.784536e-10
4150.000000  3.787505e-10
4170.000000  3.761683e-10
4190.000000  3.714199e-10
4210.000000  3.657499e-10
4230.000000  3.600455e-10
4250.000000  3.544477e-10
4270.000000  3.485034e-10
4290.000000  3.423095e-10
4310.000000  3.335825e-10
4330.000000  2.839848e-10
4350.000000  2.529399e-10
4370.000000  3.171291e-10
4390.000000  3.102859e-10
4410.000000  3.133625e-10
4430.000000  3.080957e-10
4450.000000  3.045952e-10
4470.000000  2.891201e-10
4490.000000  2.950920e-10
4510.000000  2.914584e-10
4530.000000  2.871494e-10
4550.000000  2.829936e-10
4570.000000  2.789331e-10
4590.000000  2.748929e-10
4610.000000  2.709379e-10
4630.000000  2.670832e-10
4650.000000  2.632438e-10
4670.000000  2.595697e-10
4690.000000  2.559159e-10
4710.000000  2.500472e-10
4730.000000  2.487086e-10
4750.000000  2.451552e-10
4770.000000  2.418271e-10
4790.000000  2.381156e-10
4810.000000  2.340288e-10
4830.000000  2.283003e-10
4850.000000  1.998101e-10
4870.000000  1.728856e-10
4890.000000  2.172389e-10
4910.000000  2.180538e-10
4930.000000  2.122434e-10
4950.000000  2.135770e-10
4970.000000  2.107749e-10
4990.000000  2.079211e-10
5010.000000  2.033241e-10
5030.000000  2.023902e-10
5050.000000  1.988550e-10
5070.000000  1.971281e-10
5090.000000  1.945634e-10
5110.000000  1.919835e-10
5130.000000  1.894512e-10
5150.000000  1.869838e-10
5170.000000  1.845876e-10
5190.000000  1.821435e-10
5210.000000  1.797765e-10
5230.000000  1.774807e-10
5250.000000  1.752051e-10
5270.000000  1.730237e-10
5290.000000  1.707602e-10
5310.000000  1.685971e-10
5330.000000  1.665040e-10
5350.000000  1.644089e-10
5370.000000  1.623634e-10
5390.000000  1.602855e-10
5410.000000  1.583080e-10
5430.000000  1.563305e-10
5450.000000  1.543651e-10
5470.000000  1.524758e-10
5490.000000  1.506108e-10
5510.000000  1.487337e-10
5530.000000  1.469449e-10
5550.000000  1.451682e-10
5570.000000  1.433884e-10
5590.000000  1.416828e-10
5610.000000  1.399353e-10
5630.000000  1.382469e-10
5650.000000  1.365706e-10
5670.000000  1.349623e-10
5690.000000  1.333833e-10
5710.000000  1.317393e-10
5730.000000  1.302193e-10
5750.000000  1.286605e-10
5770.000000  1.271648e-10
5790.000000  1.256740e-10
5810.000000  1.241985e-10
5830.000000  1.227230e-10
5850.000000  1.213326e-10
5870.000000  1.173753e-10
5890.000000  1.184668e-10
5910.000000  1.171768e-10
5930.000000  1.158017e-10
5950.000000  1.144285e-10
5970.000000  1.131538e-10
5990.000000  1.118467e-10
6010.000000  1.105739e-10
6030.000000  1.093672e-10
6050.000000  1.081044e-10
6070.000000  1.068977e-10
6090.000000  1.057082e-10
6110.000000  1.045232e-10
6130.000000  1.033394e-10
6150.000000  1.021746e-10
6170.000000  1.010638e-10
6190.000000  9.997159e-11
6210.000000  9.883818e-11
6230.000000  9.775056e-11
6250.000000  9.667266e-11
6270.000000  9.561686e-11
6290.000000  9.457620e-11
6310.000000  9.354729e-11
6330.000000  9.253845e-11
6350.000000  9.147942e-11
6370.000000  9.052079e-11
6390.000000  8.957219e-11
6410.000000  8.861204e-11
6430.000000  8.766344e-11
6450.000000  8.673310e-11
6470.000000  8.580336e-11
6490.000000  8.482093e-11
6510.000000  8.368218e-11
6530.000000  8.218590e-11
6550.000000  7.627736e-11
6570.000000  6.602935e-11
6590.000000  7.868090e-11
6610.000000  7.923335e-11
6630.000000  7.871174e-11
6650.000000  7.803851e-11
6670.000000  7.678824e-11
6690.000000  7.601751e-11
6710.000000  7.566423e-11
6730.000000  7.488499e-11
6750.000000  7.412087e-11
6770.000000  7.336170e-11
6790.000000  7.261644e-11
6810.000000  7.187705e-11
6830.000000  7.114628e-11
6850.000000  7.043256e-11
6870.000000  6.972035e-11
6890.000000  6.901818e-11
6910.000000  6.832606e-11
6930.000000  6.764245e-11
6950.000000  6.697040e-11
6970.000000  6.630687e-11
6990.000000  6.564658e-11
7010.000000  6.499990e-11
7030.000000  6.435796e-11
7050.000000  6.371623e-11
7070.000000  6.256210e-11
7090.000000  6.247953e-11
7110.000000  6.186620e-11
7130.000000  6.126291e-11
7150.000000  6.066814e-11
7170.000000  6.008492e-11
7190.000000  5.950019e-11
7210.000000  5.892702e-11
7230.000000  5.835556e-11
7250.000000  5.780095e-11
7270.000000  5.724634e-11
7290.000000  5.651888e-11
7310.000000  5.615719e-11
7330.000000  5.563098e-11
7350.000000  5.509816e-11
7370.000000  5.458370e-11
7390.000000  5.406773e-11
7410.000000  5.355479e-11
7430.000000  5.305038e-11
7450.000000  5.255448e-11
7470.000000  5.206863e-11
7490.000000  5.158429e-11
7510.000000  5.109995e-11
7530.000000  5.062737e-11
7550.000000  5.015988e-11
7570.000000  4.969581e-11
7590.000000  4.924008e-11
7610.000000  4.878586e-11
7630.000000  4.834016e-11
7650.000000  4.789446e-11
7670.000000  4.745880e-11
7690.000000  4.703318e-11
7710.000000  4.660604e-11
7730.000000  4.618194e-11
7750.000000  4.576484e-11
7770.000000  4.532919e-11
7790.000000  4.494372e-11
7810.000000  4.453818e-11
7830.000000  4.414268e-11
7850.000000  4.375540e-11
7870.000000  4.336192e-11
7890.000000  4.297322e-11
7910.000000  4.259951e-11
7930.000000  4.222257e-11
7950.000000  4.184715e-11
7970.000000  4.148025e-11
7990.000000  4.111335e-11
8010.000000  4.075648e-11
8030.000000  4.039993e-11
8050.000000  4.004428e-11
8070.000000  3.969745e-11
8090.000000  3.935063e-11
8110.000000  3.901385e-11
8130.000000  3.867026e-11
8150.000000  3.833348e-11
8170.000000  3.800673e-11
8190.000000  3.767999e-11
8210.000000  3.733051e-11
8230.000000  3.704038e-11
8250.000000  3.674376e-11
8270.000000  3.640371e-11
8290.000000  3.614218e-11
8310.000000  3.585236e-11
8330.000000  3.555065e-11
8350.000000  3.521943e-11
8370.000000  3.494136e-11
8390.000000  3.465235e-11
8410.000000  3.432012e-11
8430.000000  3.399509e-11
8450.000000  3.367461e-11
8470.000000  3.318445e-11
8490.000000  3.317056e-11
8510.000000  3.241757e-11
8530.000000  3.278192e-11
8550.000000  3.122682e-11
8570.000000  3.267461e-11
8590.000000  3.103309e-11
8610.000000  3.056263e-11
8630.000000  3.241353e-11
8650.000000  3.129193e-11
8670.000000  2.811393e-11
8690.000000  3.161254e-11
8710.000000  3.215251e-11
8730.000000  3.106443e-11
8750.000000  2.659806e-11
8770.000000  2.972948e-11
8790.000000  3.143742e-11
8810.000000  3.145640e-11
8830.000000  3.088129e-11
8850.000000  2.826476e-11
8870.000000  2.531647e-11
8890.000000  2.945405e-11
8910.000000  3.021502e-11
8930.000000  3.015520e-11
8950.000000  2.995442e-11
8970.000000  2.954569e-11
8990.000000  2.845409e-11
9010.000000  2.431835e-11
9030.000000  2.568593e-11
9050.000000  2.818328e-11
9070.000000  2.836887e-11
9090.000000  2.834287e-11
9110.000000  2.818831e-11
9130.000000  2.797900e-11
9150.000000  2.772731e-11
9170.000000  2.740221e-11
9190.000000  2.693968e-11
9210.000000  2.545401e-11
9230.000000  2.155784e-11
9250.000000  2.470760e-11
9270.000000  2.602113e-11
9290.000000  2.614890e-11
9310.000000  2.599694e-11
9330.000000  2.589300e-11
9350.000000  2.569879e-11
9370.000000  2.551674e-11
9390.000000  2.532333e-11
9410.000000  2.510968e-11
9430.000000  2.491449e-11
9450.000000  2.470225e-11
9470.000000  2.440205e-11
9490.000000  2.417555e-11
9510.000000  2.363329e-11
9530.000000  2.212683e-11
9550.000000  1.914090e-11
9570.000000  2.219640e-11
9590.000000  2.305668e-11
9610.000000  2.309095e-11
9630.000000  2.297187e-11
9650.000000  2.289604e-11
9670.000000  2.272938e-11
9690.000000  2.255454e-11
9710.000000  2.237007e-11
9730.000000  2.222628e-11
9750.000000  2.205865e-11
9770.000000  2.188950e-11
9790.000000  2.173039e-11
9810.000000  2.156956e-11
9830.000000  2.140364e-11
9850.000000  2.124453e-11
9870.000000  2.108542e-11
9890.000000  2.093432e-11
9910.000000  2.077724e-11
9930.000000  2.062179e-11
9950.000000  2.044890e-11
9970.000000  2.025115e-11
9990.000000  2.003375e-11
10025.000000  1.866964e-11
10075.000000  1.795937e-11
10125.000000  1.908788e-11
10175.000000  1.884802e-11
10225.000000  1.851407e-11
10275.000000  1.818702e-11
10325.000000  1.784050e-11
10375.000000  1.755088e-11
10425.000000  1.724270e-11
10475.000000  1.693603e-11
10525.000000  1.664762e-11
10575.000000  1.635780e-11
10625.000000  1.607172e-11
10675.000000  1.578685e-11
10725.000000  1.552563e-11
10775.000000  1.525881e-11
10825.000000  1.488137e-11
10875.000000  1.462677e-11
10925.000000  1.301852e-11
10975.000000  1.369126e-11
11025.000000  1.393950e-11
11075.000000  1.377611e-11
11125.000000  1.356030e-11
11175.000000  1.333924e-11
11225.000000  1.311339e-11
11275.000000  1.290408e-11
11325.000000  1.269599e-11
11375.000000  1.248820e-11
11425.000000  1.228893e-11
11475.000000  1.208966e-11
11525.000000  1.189191e-11
11575.000000  1.170299e-11
11625.000000  1.152349e-11
11675.000000  1.133578e-11
11725.000000  1.115689e-11
11775.000000  1.098744e-11
11825.000000  1.081148e-11
11875.000000  1.064242e-11
11925.000000  1.048111e-11
11975.000000  1.028705e-11
12025.000000  1.016289e-11
12075.000000  1.000453e-11
12125.000000  9.851089e-12
12175.000000  9.701336e-12
12225.000000  9.554272e-12
12275.000000  9.410900e-12
12325.000000  9.269179e-12
12375.000000  9.130146e-12
12425.000000  8.994125e-12
12475.000000  8.860813e-12
12525.000000  8.725297e-12
12575.000000  8.600666e-12
12625.000000  8.474533e-12
12675.000000  8.348900e-12
12725.000000  8.203711e-12
12775.000000  7.934850e-12
12825.000000  7.184544e-12
12875.000000  7.766768e-12
12925.000000  7.744950e-12
12975.000000  7.638490e-12
13025.000000  7.543053e-12
13075.000000  7.435843e-12
13125.000000  7.330488e-12
13175.000000  7.227142e-12
13225.000000  7.125803e-12
13275.000000  7.025640e-12
13325.000000  6.927994e-12
13375.000000  6.830994e-12
13425.000000  6.735679e-12
13475.000000  6.643224e-12
13525.000000  6.551945e-12
13575.000000  6.462330e-12
13625.000000  6.373890e-12
13675.000000  6.287338e-12
13725.000000  6.201910e-12
13775.000000  6.117780e-12
13825.000000  6.035243e-12
13875.000000  5.954511e-12
13925.000000  5.874275e-12
13975.000000  5.795845e-12
14025.000000  5.719179e-12
14075.000000  5.643639e-12
14125.000000  5.568423e-12
14175.000000  5.495693e-12
14225.000000  5.423367e-12
14275.000000  5.352523e-12
14325.000000  5.282326e-12
14375.000000  5.213662e-12
14425.000000  5.146153e-12
14475.000000  5.079820e-12
14525.000000  5.014848e-12
14570.000000  4.956547e-12
14620.000000  4.894058e-12
14675.000000  4.826428e-12
14725.000000  4.765796e-12
14775.000000  4.706167e-12
14825.000000  4.647714e-12
14875.000000  4.589921e-12
14925.000000  4.533304e-12
14975.000000  4.476859e-12
15025.000000  4.421417e-12
15075.000000  4.364831e-12
15125.000000  4.312078e-12
15175.000000  4.258523e-12
15225.000000  4.205921e-12
15275.000000  4.151565e-12
15325.000000  4.098010e-12
15375.000000  4.052682e-12
15425.000000  3.989449e-12
15475.000000  3.953351e-12
15525.000000  3.902525e-12
15575.000000  3.826582e-12
15625.000000  3.831371e-12
15675.000000  3.744751e-12
15725.000000  3.673514e-12
15775.000000  3.706160e-12
15825.000000  3.655893e-12
15875.000000  3.482789e-12
15925.000000  3.541096e-12
15975.000000  3.551014e-12
16050.000000  3.455843e-12
16150.000000  3.305599e-12
16250.000000  3.347889e-12
16350.000000  3.215515e-12
16450.000000  3.068875e-12
16550.000000  3.131966e-12
16650.000000  3.064336e-12
16750.000000  2.929886e-12
16850.000000  2.794545e-12
16950.000000  2.860998e-12
17050.000000  2.798069e-12
17150.000000  2.741596e-12
17250.000000  2.670714e-12
17350.000000  2.466275e-12
17450.000000  2.539048e-12
17550.000000  2.510606e-12
17650.000000  2.457436e-12
17750.000000  2.404855e-12
17850.000000  2.354109e-12
17950.000000  2.304368e-12
18050.000000  2.249398e-12
18150.000000  2.088380e-12
18250.000000  2.128016e-12
18350.000000  2.116843e-12
18450.000000  2.074736e-12
18550.000000  2.032164e-12
18650.000000  1.980266e-12
18750.000000  1.845340e-12
18850.000000  1.902212e-12
18950.000000  1.872931e-12
19050.000000  1.834264e-12
19150.000000  1.799399e-12
19250.000000  1.764039e-12
19350.000000  1.718155e-12
19450.000000  1.595031e-12
19550.000000  1.650818e-12
19650.000000  1.630046e-12
19750.000000  1.599430e-12
19850.000000  1.568611e-12
19950.000000  1.538676e-12
20050.000000  1.509835e-12
20150.000000  1.481024e-12
20250.000000  1.453218e-12
20350.000000  1.426263e-12
20450.000000  1.399461e-12
20550.000000  1.372830e-12
20650.000000  1.347914e-12
20750.000000  1.323119e-12
20850.000000  1.299176e-12
20950.000000  1.275355e-12
21050.000000  1.252447e-12
21150.000000  1.229508e-12
21250.000000  1.207725e-12
21350.000000  1.186643e-12
21450.000000  1.164658e-12
21550.000000  1.138100e-12
21650.000000  1.061836e-12
21750.000000  1.094029e-12
21850.000000  1.084778e-12
21950.000000  1.066381e-12
22050.000000  1.048386e-12
22150.000000  1.029775e-12
22250.000000  1.012579e-12
22350.000000  9.948395e-13
22450.000000  9.780605e-13
22550.000000  9.615349e-13
22650.000000  9.453226e-13
22750.000000  9.294134e-13
22850.000000  9.139241e-13
22950.000000  8.988009e-13
23050.000000  8.838957e-13
23150.000000  8.693749e-13
23250.000000  8.551401e-13
23350.000000  8.412095e-13
23450.000000  8.275059e-13
23550.000000  8.141625e-13
23650.000000  8.009519e-13
23750.000000  7.881195e-13
23850.000000  7.754910e-13
23950.000000  7.630683e-13
24050.000000  7.509144e-13
24150.000000  7.389907e-13
24250.000000  7.273711e-13
24350.000000  7.157606e-13
24450.000000  7.043298e-13
24550.000000  6.936414e-13
24650.000000  6.823452e-13
24750.000000  6.717094e-13
24850.000000  6.622472e-13
24950.000000  6.495500e-13
