2505.000000  3.569007e-11
2513.000000  3.088624e-11
2518.000000  3.168159e-11
2525.000000  2.899754e-11
2535.000000  2.803537e-11
2545.000000  2.780003e-11
2555.000000  3.056033e-11
2565.000000  3.035774e-11
2575.000000  3.324441e-11
2585.000000  3.334356e-11
2595.000000  3.232803e-11
2605.000000  3.073199e-11
2615.000000  2.984577e-11
2625.000000  3.338695e-11
2635.000000  3.383978e-11
2645.000000  3.919491e-11
2655.000000  3.899472e-11
2665.000000  3.480035e-11
2675.000000  3.674335e-11
2685.000000  3.665796e-11
2695.000000  3.455238e-11
2705.000000  3.560011e-11
2715.000000  3.329220e-11
2725.000000  3.376452e-11
2735.000000  3.670930e-11
2745.000000  2.955226e-11
2755.000000  3.093929e-11
2765.000000  3.232835e-11
2775.000000  3.558739e-11
2785.000000  3.413658e-11
2795.000000  2.241165e-11
2805.000000  2.618446e-11
2815.000000  3.679866e-11
2825.000000  3.779828e-11
2835.000000  3.623395e-11
2845.000000  3.481594e-11
2855.000000  3.314577e-11
2865.000000  3.616279e-11
2875.000000  3.513380e-11
2885.000000  3.595810e-11
2895.000000  3.430800e-11
2910.000000  3.860742e-11
2930.000000  3.705743e-11
2950.000000  3.682422e-11
2970.000000  3.771657e-11
2990.000000  3.798451e-11
3010.000000  3.851047e-11
3030.000000  3.818533e-11
3050.000000  3.799653e-11
3070.000000  3.788882e-11
3090.000000  3.846851e-11
3110.000000  3.750358e-11
3130.000000  3.737798e-11
3150.000000  3.821618e-11
3170.000000  3.806535e-11
3190.000000  3.635178e-11
3210.000000  3.724267e-11
3230.000000  3.624127e-11
3250.000000  3.703831e-11
3270.000000  3.734456e-11
3290.000000  3.773704e-11
3310.000000  3.800266e-11
3330.000000  3.720417e-11
3350.000000  3.667086e-11
3370.000000  3.658986e-11
3390.000000  3.650676e-11
3410.000000  3.706947e-11
3430.000000  3.714458e-11
3450.000000  3.685663e-11
3470.000000  3.641935e-11
3490.000000  3.629998e-11
3510.000000  3.684607e-11
3530.000000  3.686518e-11
3550.000000  3.710857e-11
3570.000000  3.616467e-11
3590.000000  3.600491e-11
3610.000000  3.600865e-11
3630.000000  3.612974e-11
3640.000000  3.580113e-11
3650.000000  3.659461e-11
3670.000000  3.634850e-11
3690.000000  3.483733e-11
3710.000000  3.765916e-11
3730.000000  4.038243e-11
3750.000000  5.290072e-11
3770.000000  5.685439e-11
3790.000000  7.125176e-11
3810.000000  8.437943e-11
3830.000000  6.567730e-11
3850.000000  9.388060e-11
3870.000000  1.069825e-10
3890.000000  5.790859e-11
3910.000000  1.064012e-10
3930.000000  1.046606e-10
3950.000000  1.063159e-10
3970.000000  5.471505e-11
3990.000000  1.024166e-10
4010.000000  1.153488e-10
4030.000000  1.151444e-10
4050.000000  1.136009e-10
4070.000000  1.077108e-10
4090.000000  8.244870e-11
4110.000000  6.177647e-11
4130.000000  1.016976e-10
4150.000000  1.070943e-10
4170.000000  1.063495e-10
4190.000000  1.050859e-10
4210.000000  1.043034e-10
4230.000000  1.018822e-10
4250.000000  1.011261e-10
4270.000000  9.836658e-11
4290.000000  9.766999e-11
4310.000000  9.036599e-11
4330.000000  6.754933e-11
4350.000000  5.708553e-11
4370.000000  8.897494e-11
4390.000000  9.144027e-11
4410.000000  9.059756e-11
4430.000000  9.025991e-11
4450.000000  9.028381e-11
4470.000000  8.929555e-11
4490.000000  8.782356e-11
4510.000000  8.800785e-11
4530.000000  8.603105e-11
4550.000000  8.409278e-11
4570.000000  8.500061e-11
4590.000000  8.306502e-11
4610.000000  8.366564e-11
4630.000000  8.146846e-11
4650.000000  8.161465e-11
4670.000000  8.066446e-11
4690.000000  7.852822e-11
4710.000000  7.598915e-11
4730.000000  7.772885e-11
4750.000000  7.702481e-11
4770.000000  7.583311e-11
4790.000000  7.472560e-11
4810.000000  7.297204e-11
4830.000000  6.924524e-11
4850.000000  5.322180e-11
4870.000000  4.251585e-11
4890.000000  6.495563e-11
4910.000000  6.854633e-11
4930.000000  6.789795e-11
4950.000000  6.819501e-11
4970.000000  6.808262e-11
4990.000000  6.679075e-11
5010.000000  6.511698e-11
5030.000000  6.546380e-11
5050.000000  6.443139e-11
5070.000000  6.441216e-11
5090.000000  6.365853e-11
5110.000000  6.305811e-11
5130.000000  6.211025e-11
5150.000000  6.118267e-11
5170.000000  5.959879e-11
5190.000000  5.912340e-11
5210.000000  5.916345e-11
5230.000000  5.806921e-11
5250.000000  5.843732e-11
5270.000000  5.644953e-11
5290.000000  5.708641e-11
5310.000000  5.605670e-11
5330.000000  5.512124e-11
5350.000000  5.544823e-11
5370.000000  5.460062e-11
5390.000000  5.408817e-11
5410.000000  5.321919e-11
5430.000000  5.291258e-11
5450.000000  5.260767e-11
5470.000000  5.207395e-11
5490.000000  5.166709e-11
5510.000000  5.114664e-11
5530.000000  5.044518e-11
5550.000000  5.019726e-11
5570.000000  4.956767e-11
5590.000000  4.902470e-11
5610.000000  4.864585e-11
5630.000000  4.827607e-11
5650.000000  4.772416e-11
5670.000000  4.718941e-11
5690.000000  4.682872e-11
5710.000000  4.637475e-11
5730.000000  4.604203e-11
5750.000000  4.549826e-11
5770.000000  4.509071e-11
5790.000000  4.462721e-11
5810.000000  4.421647e-11
5830.000000  4.380580e-11
5850.000000  4.336937e-11
5870.000000  4.294334e-11
5890.000000  4.212481e-11
5910.000000  4.213879e-11
5930.000000  4.173688e-11
5950.000000  4.130708e-11
5970.000000  4.094789e-11
5990.000000  4.049603e-11
6010.000000  4.007434e-11
6030.000000  3.976795e-11
6050.000000  3.939974e-11
6070.000000  3.908045e-11
6090.000000  3.868989e-11
6110.000000  3.829940e-11
6130.000000  3.784682e-11
6150.000000  3.723882e-11
6170.000000  3.711196e-11
6190.000000  3.693538e-11
6210.000000  3.660631e-11
6230.000000  3.621828e-11
6250.000000  3.561520e-11
6270.000000  3.562551e-11
6290.000000  3.530240e-11
6310.000000  3.488368e-11
6330.000000  3.462517e-11
6350.000000  3.410937e-11
6370.000000  3.386876e-11
6390.000000  3.369292e-11
6410.000000  3.328604e-11
6430.000000  3.305774e-11
6450.000000  3.248065e-11
6470.000000  3.237188e-11
6490.000000  3.187635e-11
6510.000000  3.145857e-11
6530.000000  3.044623e-11
6550.000000  2.633392e-11
6570.000000  2.099020e-11
6590.000000  2.869144e-11
6610.000000  2.994344e-11
6630.000000  3.004687e-11
6650.000000  2.991071e-11
6670.000000  2.968243e-11
6690.000000  2.950604e-11
6710.000000  2.927168e-11
6730.000000  2.900987e-11
6750.000000  2.874400e-11
6770.000000  2.855333e-11
6790.000000  2.830327e-11
6810.000000  2.806849e-11
6830.000000  2.780301e-11
6850.000000  2.757479e-11
6870.000000  2.735877e-11
6890.000000  2.713618e-11
6910.000000  2.690146e-11
6930.000000  2.666672e-11
6950.000000  2.644753e-11
6970.000000  2.622181e-11
6990.000000  2.601783e-11
7010.000000  2.572732e-11
7030.000000  2.555407e-11
7050.000000  2.535351e-11
7070.000000  2.515856e-11
7090.000000  2.494828e-11
7110.000000  2.450354e-11
7130.000000  2.449018e-11
7150.000000  2.429849e-11
7170.000000  2.411565e-11
7190.000000  2.390517e-11
7210.000000  2.372269e-11
7230.000000  2.352455e-11
7250.000000  2.331975e-11
7270.000000  2.317428e-11
7290.000000  2.294211e-11
7310.000000  2.277160e-11
7330.000000  2.259196e-11
7350.000000  2.243677e-11
7370.000000  2.226615e-11
7390.000000  2.206459e-11
7410.000000  2.185666e-11
7430.000000  2.165235e-11
7450.000000  2.150368e-11
7470.000000  2.126834e-11
7490.000000  2.114363e-11
7510.000000  2.101623e-11
7530.000000  2.087311e-11
7550.000000  2.073337e-11
7570.000000  2.055635e-11
7590.000000  2.040109e-11
7610.000000  2.023954e-11
7630.000000  2.008124e-11
7650.000000  1.991619e-11
7670.000000  1.973590e-11
7690.000000  1.959626e-11
7710.000000  1.943467e-11
7730.000000  1.931919e-11
7750.000000  1.915750e-11
7770.000000  1.868112e-11
7790.000000  1.888051e-11
7810.000000  1.873101e-11
7830.000000  1.856292e-11
7850.000000  1.839496e-11
7870.000000  1.823656e-11
7890.000000  1.807498e-11
7910.000000  1.798620e-11
7930.000000  1.785520e-11
7950.000000  1.768726e-11
7970.000000  1.762458e-11
7990.000000  1.737994e-11
8010.000000  1.735007e-11
8030.000000  1.720957e-11
8050.000000  1.709403e-11
8070.000000  1.696569e-11
8090.000000  1.683490e-11
8110.000000  1.672530e-11
8130.000000  1.660662e-11
8150.000000  1.648157e-11
8170.000000  1.635965e-11
8190.000000  1.612664e-11
8210.000000  1.607467e-11
8230.000000  1.595281e-11
8250.000000  1.584048e-11
8270.000000  1.584119e-11
8290.000000  1.572820e-11
8310.000000  1.561526e-11
8330.000000  1.540159e-11
8350.000000  1.538713e-11
8370.000000  1.525667e-11
8390.000000  1.510401e-11
8410.000000  1.496149e-11
8430.000000  1.486036e-11
8450.000000  1.461842e-11
8470.000000  1.431988e-11
8490.000000  1.472674e-11
8510.000000  1.374931e-11
8530.000000  1.471302e-11
8550.000000  1.288574e-11
8570.000000  1.484854e-11
8590.000000  1.367247e-11
8610.000000  1.326831e-11
8630.000000  1.496487e-11
8650.000000  1.431668e-11
8670.000000  1.163349e-11
8690.000000  1.454200e-11
8710.000000  1.515746e-11
8730.000000  1.450581e-11
8750.000000  1.128406e-11
8770.000000  1.377547e-11
8790.000000  1.500821e-11
8810.000000  1.507837e-11
8830.000000  1.463531e-11
8850.000000  1.300048e-11
8870.000000  1.089686e-11
8890.000000  1.392045e-11
8910.000000  1.456084e-11
8930.000000  1.464376e-11
8950.000000  1.465672e-11
8970.000000  1.436607e-11
8990.000000  1.360674e-11
9010.000000  1.071383e-11
9030.000000  1.181475e-11
9050.000000  1.359496e-11
9070.000000  1.373533e-11
9090.000000  1.365655e-11
9110.000000  1.386210e-11
9130.000000  1.385353e-11
9150.000000  1.376207e-11
9170.000000  1.356020e-11
9190.000000  1.317182e-11
9210.000000  1.213053e-11
9230.000000  9.388679e-12
9250.000000  1.165327e-11
9270.000000  1.254073e-11
9290.000000  1.299981e-11
9310.000000  1.301608e-11
9330.000000  1.296134e-11
9350.000000  1.290381e-11
9370.000000  1.283074e-11
9390.000000  1.268729e-11
9410.000000  1.240201e-11
9430.000000  1.250098e-11
9450.000000  1.241889e-11
9470.000000  1.230317e-11
9490.000000  1.212595e-11
9510.000000  1.175306e-11
9530.000000  1.069328e-11
9550.000000  8.532622e-12
9570.000000  1.078008e-11
9590.000000  1.150474e-11
9610.000000  1.159960e-11
9630.000000  1.152258e-11
9650.000000  1.160422e-11
9670.000000  1.145536e-11
9690.000000  1.144856e-11
9710.000000  1.144517e-11
9730.000000  1.136438e-11
9750.000000  1.126612e-11
9770.000000  1.122064e-11
9790.000000  1.114294e-11
9810.000000  1.106616e-11
9830.000000  1.098278e-11
9850.000000  1.088224e-11
9870.000000  1.081499e-11
9890.000000  1.069441e-11
9910.000000  1.065289e-11
9930.000000  1.057116e-11
9950.000000  1.049722e-11
9970.000000  1.040938e-11
9990.000000  1.026445e-11
10025.000000  9.270328e-12
10075.000000  8.786998e-12
10125.000000  9.799905e-12
10175.000000  9.770427e-12
10225.000000  9.653697e-12
10275.000000  9.504377e-12
10325.000000  9.340286e-12
10375.000000  9.198032e-12
10425.000000  9.052396e-12
10475.000000  8.854086e-12
10525.000000  8.744921e-12
10575.000000  8.617632e-12
10625.000000  8.484217e-12
10675.000000  8.239531e-12
10725.000000  8.181419e-12
10775.000000  8.070888e-12
10825.000000  7.921797e-12
10875.000000  7.700823e-12
10925.000000  6.481503e-12
10975.000000  7.082318e-12
11025.000000  7.439711e-12
11075.000000  7.383888e-12
11125.000000  7.284458e-12
11175.000000  7.180133e-12
11225.000000  7.079644e-12
11275.000000  6.898604e-12
11325.000000  6.799669e-12
11375.000000  6.751493e-12
11425.000000  6.639127e-12
11475.000000  6.573133e-12
11525.000000  6.480524e-12
11575.000000  6.382979e-12
11625.000000  6.251161e-12
11675.000000  6.132211e-12
11725.000000  6.113575e-12
11775.000000  5.946379e-12
11825.000000  5.902432e-12
11875.000000  5.801628e-12
11925.000000  5.776239e-12
11975.000000  5.659241e-12
12025.000000  5.602939e-12
12075.000000  5.514781e-12
12125.000000  5.442569e-12
12175.000000  5.377501e-12
12225.000000  5.299112e-12
12275.000000  5.219796e-12
12325.000000  5.150659e-12
12375.000000  5.085174e-12
12425.000000  5.020971e-12
12475.000000  4.943761e-12
12525.000000  4.879105e-12
12575.000000  4.793574e-12
12625.000000  4.736599e-12
12675.000000  4.675732e-12
12725.000000  4.591439e-12
12775.000000  4.390531e-12
12825.000000  3.751999e-12
12875.000000  4.314779e-12
12925.000000  4.355852e-12
12975.000000  4.317564e-12
13025.000000  4.270420e-12
13075.000000  4.215983e-12
13125.000000  4.158925e-12
13175.000000  4.096066e-12
13225.000000  4.052896e-12
13275.000000  4.001037e-12
13325.000000  3.949859e-12
13375.000000  3.898657e-12
13425.000000  3.848045e-12
13475.000000  3.798959e-12
13525.000000  3.744045e-12
13575.000000  3.697393e-12
13625.000000  3.655361e-12
13675.000000  3.607173e-12
13725.000000  3.544531e-12
13775.000000  3.514782e-12
13825.000000  3.471225e-12
13875.000000  3.433182e-12
13925.000000  3.383712e-12
13975.000000  3.345657e-12
14025.000000  3.305423e-12
14075.000000  3.265524e-12
14125.000000  3.223994e-12
14175.000000  3.185306e-12
14225.000000  3.144752e-12
14275.000000  3.106301e-12
14325.000000  3.070073e-12
14375.000000  3.033826e-12
14425.000000  2.961911e-12
14475.000000  2.959704e-12
14525.000000  2.907446e-12
14570.000000  2.891432e-12
14620.000000  2.853558e-12
14675.000000  2.823720e-12
14725.000000  2.788621e-12
14775.000000  2.748643e-12
14825.000000  2.722448e-12
14875.000000  2.683352e-12
14925.000000  2.666462e-12
14975.000000  2.632575e-12
15025.000000  2.594444e-12
15075.000000  2.566666e-12
15125.000000  2.541491e-12
15175.000000  2.510704e-12
15225.000000  2.483833e-12
15275.000000  2.446123e-12
15325.000000  2.415331e-12
15375.000000  2.398174e-12
15425.000000  2.338860e-12
15475.000000  2.342299e-12
15525.000000  2.318190e-12
15575.000000  2.232038e-12
15625.000000  2.297316e-12
15675.000000  2.213091e-12
15725.000000  2.138353e-12
15775.000000  2.227026e-12
15825.000000  2.201475e-12
15875.000000  1.987491e-12
15925.000000  2.119520e-12
15975.000000  2.157217e-12
16050.000000  2.082196e-12
16150.000000  1.946721e-12
16250.000000  2.054800e-12
16350.000000  1.945234e-12
16450.000000  1.813869e-12
16550.000000  1.931063e-12
16650.000000  1.892072e-12
16750.000000  1.779035e-12
16850.000000  1.657057e-12
16950.000000  1.771031e-12
17050.000000  1.738390e-12
17150.000000  1.702480e-12
17250.000000  1.648985e-12
17350.000000  1.454842e-12
17450.000000  1.559264e-12
17550.000000  1.558201e-12
17650.000000  1.528956e-12
17750.000000  1.500050e-12
17850.000000  1.468345e-12
17950.000000  1.439684e-12
18050.000000  1.398424e-12
18150.000000  1.248493e-12
18250.000000  1.311397e-12
18350.000000  1.322861e-12
18450.000000  1.300905e-12
18550.000000  1.271016e-12
18650.000000  1.236230e-12
18750.000000  1.098046e-12
18850.000000  1.182438e-12
18950.000000  1.172225e-12
19050.000000  1.156464e-12
19150.000000  1.133905e-12
19250.000000  1.109771e-12
19350.000000  1.076364e-12
19450.000000  9.587788e-13
19550.000000  1.035944e-12
19650.000000  1.028701e-12
19750.000000  1.010116e-12
19850.000000  9.924252e-13
19950.000000  9.741007e-13
20050.000000  9.562677e-13
20150.000000  9.388310e-13
20250.000000  9.213543e-13
20350.000000  9.043620e-13
20450.000000  8.885205e-13
20550.000000  8.724809e-13
20650.000000  8.561578e-13
20750.000000  8.411605e-13
20850.000000  8.264063e-13
20950.000000  8.115870e-13
21050.000000  7.971038e-13
21150.000000  7.820889e-13
21250.000000  7.683727e-13
21350.000000  7.552296e-13
21450.000000  7.418347e-13
21550.000000  7.223408e-13
21650.000000  6.481304e-13
21750.000000  6.924652e-13
21850.000000  6.914023e-13
21950.000000  6.818829e-13
22050.000000  6.698337e-13
22150.000000  6.580636e-13
22250.000000  6.481055e-13
22350.000000  6.373421e-13
22450.000000  6.267029e-13
22550.000000  6.156218e-13
22650.000000  6.061173e-13
22750.000000  5.962082e-13
22850.000000  5.866325e-13
22950.000000  5.770240e-13
23050.000000  5.680981e-13
23150.000000  5.588888e-13
23250.000000  5.501423e-13
23350.000000  5.414174e-13
23450.000000  5.328834e-13
23550.000000  5.245582e-13
23650.000000  5.163561e-13
23750.000000  5.081231e-13
23850.000000  5.001649e-13
23950.000000  4.923621e-13
24050.000000  4.845266e-13
24150.000000  4.768155e-13
24250.000000  4.698604e-13
24350.000000  4.621489e-13
24450.000000  4.545942e-13
24550.000000  4.483924e-13
24650.000000  4.406278e-13
24750.000000  4.340091e-13
24850.000000  4.290191e-13
24950.000000  4.169898e-13
