2505.000000  7.118947e-09
2513.000000  6.781632e-09
2518.000000  7.024263e-09
2525.000000  6.898903e-09
2535.000000  6.793417e-09
2545.000000  6.613262e-09
2555.000000  6.688979e-09
2565.000000  6.589491e-09
2575.000000  6.586518e-09
2585.000000  6.526885e-09
2595.000000  6.456229e-09
2605.000000  6.389365e-09
2615.000000  6.318112e-09
2625.000000  6.256659e-09
2635.000000  6.197417e-09
2645.000000  6.157017e-09
2655.000000  6.114191e-09
2665.000000  5.917186e-09
2675.000000  5.917618e-09
2685.000000  5.888996e-09
2695.000000  5.698832e-09
2705.000000  5.653987e-09
2715.000000  5.613750e-09
2725.000000  5.540891e-09
2735.000000  5.540711e-09
2745.000000  5.353718e-09
2755.000000  5.349717e-09
2765.000000  5.285878e-09
2775.000000  5.327337e-09
2785.000000  5.242662e-09
2795.000000  5.044272e-09
2805.000000  5.091740e-09
2815.000000  5.099352e-09
2825.000000  4.989265e-09
2835.000000  4.814089e-09
2845.000000  4.896552e-09
2855.000000  4.836520e-09
2865.000000  4.822330e-09
2875.000000  4.762473e-09
2885.000000  4.708824e-09
2895.000000  4.653179e-09
2910.000000  4.566514e-09
2930.000000  4.477036e-09
2950.000000  4.339319e-09
2970.000000  4.294883e-09
2990.000000  4.186392e-09
3010.000000  4.081108e-09
3030.000000  4.040279e-09
3050.000000  3.956609e-09
3070.000000  3.881745e-09
3090.000000  3.760847e-09
3110.000000  3.717403e-09
3130.000000  3.639542e-09
3150.000000  3.571284e-09
3170.000000  3.484206e-09
3190.000000  3.391926e-09
3210.000000  3.361107e-09
3230.000000  3.289844e-09
3250.000000  3.230598e-09
3270.000000  3.166144e-09
3290.000000  3.101887e-09
3310.000000  3.048642e-09
3330.000000  2.986592e-09
3350.000000  2.926937e-09
3370.000000  2.873692e-09
3390.000000  2.823053e-09
3410.000000  2.770009e-09
3430.000000  2.705753e-09
3450.000000  2.645900e-09
3470.000000  2.601666e-09
3490.000000  2.552821e-09
3510.000000  2.508587e-09
3530.000000  2.468954e-09
3550.000000  2.426715e-09
3570.000000  2.400093e-09
3590.000000  2.324631e-09
3610.000000  2.293602e-09
3630.000000  2.251767e-09
3640.000000  2.253969e-09
3650.000000  2.209533e-09
3670.000000  2.183711e-09
3690.000000  2.147480e-09
3710.000000  2.072294e-09
3730.000000  1.999004e-09
3750.000000  1.984000e-09
3770.000000  1.931760e-09
3790.000000  2.019936e-09
3810.000000  2.108866e-09
3830.000000  1.827921e-09
3850.000000  2.179360e-09
3870.000000  2.225014e-09
3890.000000  1.711095e-09
3910.000000  2.214613e-09
3930.000000  2.186587e-09
3950.000000  2.140747e-09
3970.000000  1.592292e-09
3990.000000  2.042833e-09
4010.000000  2.077275e-09
4030.000000  1.918601e-09
4050.000000  2.030976e-09
4070.000000  1.943313e-09
4090.000000  1.738390e-09
4110.000000  1.511173e-09
4130.000000  1.830226e-09
4150.000000  1.835676e-09
4170.000000  1.831895e-09
4190.000000  1.813201e-09
4210.000000  1.794024e-09
4230.000000  1.756449e-09
4250.000000  1.714211e-09
4270.000000  1.660538e-09
4290.000000  1.649391e-09
4310.000000  1.594258e-09
4330.000000  1.395039e-09
4350.000000  1.268201e-09
4370.000000  1.505915e-09
4390.000000  1.469282e-09
4410.000000  1.495311e-09
4430.000000  1.477253e-09
4450.000000  1.458419e-09
4470.000000  1.348712e-09
4490.000000  1.405167e-09
4510.000000  1.400106e-09
4530.000000  1.374401e-09
4550.000000  1.354445e-09
4570.000000  1.332085e-09
4590.000000  1.311466e-09
4610.000000  1.283760e-09
4630.000000  1.262299e-09
4650.000000  1.234297e-09
4670.000000  1.228671e-09
4690.000000  1.216219e-09
4710.000000  1.166391e-09
4730.000000  1.168773e-09
4750.000000  1.151138e-09
4770.000000  1.147436e-09
4790.000000  1.125455e-09
4810.000000  1.099670e-09
4830.000000  1.071223e-09
4850.000000  9.583693e-10
4870.000000  8.491664e-10
4890.000000  1.020536e-09
4910.000000  1.021379e-09
4930.000000  9.767361e-10
4950.000000  9.978187e-10
4970.000000  9.886903e-10
4990.000000  9.727158e-10
5010.000000  9.308144e-10
5030.000000  9.430477e-10
5050.000000  9.173214e-10
5070.000000  9.188263e-10
5090.000000  9.048334e-10
5110.000000  8.901794e-10
5130.000000  8.711405e-10
5150.000000  8.599501e-10
5170.000000  8.546675e-10
5190.000000  8.433969e-10
5210.000000  8.276404e-10
5230.000000  8.199755e-10
5250.000000  8.087460e-10
5270.000000  7.967344e-10
5290.000000  7.870861e-10
5310.000000  7.759957e-10
5330.000000  7.649448e-10
5350.000000  7.527533e-10
5370.000000  7.455275e-10
5390.000000  7.351382e-10
5410.000000  7.254293e-10
5430.000000  7.143587e-10
5450.000000  7.050705e-10
5470.000000  6.955616e-10
5490.000000  6.871741e-10
5510.000000  6.786067e-10
5530.000000  6.690575e-10
5550.000000  6.611508e-10
5570.000000  6.520824e-10
5590.000000  6.441555e-10
5610.000000  6.352868e-10
5630.000000  6.278003e-10
5650.000000  6.161878e-10
5670.000000  6.068597e-10
5690.000000  5.991333e-10
5710.000000  5.945696e-10
5730.000000  5.875434e-10
5750.000000  5.793155e-10
5770.000000  5.736506e-10
5790.000000  5.661238e-10
5810.000000  5.590366e-10
5830.000000  5.515098e-10
5850.000000  5.449042e-10
5870.000000  5.166370e-10
5890.000000  5.255650e-10
5910.000000  5.240646e-10
5930.000000  5.172187e-10
5950.000000  5.101314e-10
5970.000000  5.062486e-10
5990.000000  4.986612e-10
6010.000000  4.938570e-10
6030.000000  4.872111e-10
6050.000000  4.817063e-10
6070.000000  4.762011e-10
6090.000000  4.704352e-10
6110.000000  4.647106e-10
6130.000000  4.594256e-10
6150.000000  4.518180e-10
6170.000000  4.478746e-10
6190.000000  4.430506e-10
6210.000000  4.379858e-10
6230.000000  4.329013e-10
6250.000000  4.268950e-10
6270.000000  4.224913e-10
6290.000000  4.176674e-10
6310.000000  4.125622e-10
6330.000000  4.081586e-10
6350.000000  4.019316e-10
6370.000000  3.981886e-10
6390.000000  3.940052e-10
6410.000000  3.895809e-10
6430.000000  3.853974e-10
6450.000000  3.807529e-10
6470.000000  3.752081e-10
6490.000000  3.712440e-10
6510.000000  3.663999e-10
6530.000000  3.595531e-10
6550.000000  3.363691e-10
6570.000000  2.939296e-10
6590.000000  3.416155e-10
6610.000000  3.456204e-10
6630.000000  3.431983e-10
6650.000000  3.400954e-10
6670.000000  3.317074e-10
6690.000000  3.283843e-10
6710.000000  3.292858e-10
6730.000000  3.253024e-10
6750.000000  3.222192e-10
6770.000000  3.188960e-10
6790.000000  3.130902e-10
6810.000000  3.115890e-10
6830.000000  3.082861e-10
6850.000000  3.052033e-10
6870.000000  3.019008e-10
6890.000000  2.985574e-10
6910.000000  2.952545e-10
6930.000000  2.921713e-10
6950.000000  2.892886e-10
6970.000000  2.862058e-10
6990.000000  2.831231e-10
7010.000000  2.802202e-10
7030.000000  2.771576e-10
7050.000000  2.742547e-10
7070.000000  2.660874e-10
7090.000000  2.685095e-10
7110.000000  2.651665e-10
7130.000000  2.625238e-10
7150.000000  2.601219e-10
7170.000000  2.574998e-10
7190.000000  2.550572e-10
7210.000000  2.524149e-10
7230.000000  2.461690e-10
7250.000000  2.470895e-10
7270.000000  2.446876e-10
7290.000000  2.400229e-10
7310.000000  2.398233e-10
7330.000000  2.373806e-10
7350.000000  2.349587e-10
7370.000000  2.327363e-10
7390.000000  2.303143e-10
7410.000000  2.278923e-10
7430.000000  2.256698e-10
7450.000000  2.234679e-10
7470.000000  2.208055e-10
7490.000000  2.189838e-10
7510.000000  2.167818e-10
7530.000000  2.146397e-10
7550.000000  2.126700e-10
7570.000000  2.105941e-10
7590.000000  2.085141e-10
7610.000000  2.064123e-10
7630.000000  2.044524e-10
7650.000000  2.024886e-10
7670.000000  2.005428e-10
7690.000000  1.985990e-10
7710.000000  1.966752e-10
7730.000000  1.947534e-10
7750.000000  1.929237e-10
7770.000000  1.900707e-10
7790.000000  1.892564e-10
7810.000000  1.873566e-10
7830.000000  1.856790e-10
7850.000000  1.838131e-10
7870.000000  1.820436e-10
7890.000000  1.799355e-10
7910.000000  1.788227e-10
7930.000000  1.771671e-10
7950.000000  1.752152e-10
7970.000000  1.735939e-10
7990.000000  1.716179e-10
8010.000000  1.703048e-10
8030.000000  1.687113e-10
8050.000000  1.671219e-10
8070.000000  1.655984e-10
8090.000000  1.639229e-10
8110.000000  1.622474e-10
8130.000000  1.611383e-10
8150.000000  1.595929e-10
8170.000000  1.582697e-10
8190.000000  1.565141e-10
8210.000000  1.547704e-10
8230.000000  1.534290e-10
8250.000000  1.524563e-10
8270.000000  1.501862e-10
8290.000000  1.496917e-10
8310.000000  1.484345e-10
8330.000000  1.470473e-10
8350.000000  1.450574e-10
8370.000000  1.441746e-10
8390.000000  1.432058e-10
8410.000000  1.419205e-10
8430.000000  1.405973e-10
8450.000000  1.380247e-10
8470.000000  1.381471e-10
8490.000000  1.365336e-10
8510.000000  1.355846e-10
8530.000000  1.341293e-10
8550.000000  1.326919e-10
8570.000000  1.324478e-10
8590.000000  1.285620e-10
8610.000000  1.287863e-10
8630.000000  1.295992e-10
8650.000000  1.262419e-10
8670.000000  1.223640e-10
8690.000000  1.260839e-10
8710.000000  1.264784e-10
8730.000000  1.224204e-10
8750.000000  1.146126e-10
8770.000000  1.188029e-10
8790.000000  1.226569e-10
8810.000000  1.225710e-10
8830.000000  1.202927e-10
8850.000000  1.122207e-10
8870.000000  1.059766e-10
8890.000000  1.154420e-10
8910.000000  1.176444e-10
8930.000000  1.173342e-10
8950.000000  1.167838e-10
8970.000000  1.150620e-10
8990.000000  1.103173e-10
9010.000000  9.863796e-11
9030.000000  1.024176e-10
9050.000000  1.094986e-10
9070.000000  1.093627e-10
9090.000000  1.100014e-10
9110.000000  1.097592e-10
9130.000000  1.089665e-10
9150.000000  1.079495e-10
9170.000000  1.063400e-10
9190.000000  1.044421e-10
9210.000000  9.812982e-11
9230.000000  8.692314e-11
9250.000000  9.620388e-11
9270.000000  1.002299e-10
9290.000000  1.014133e-10
9310.000000  1.005506e-10
9330.000000  1.002804e-10
9350.000000  9.971378e-11
9370.000000  9.911531e-11
9390.000000  9.829857e-11
9410.000000  9.720928e-11
9430.000000  9.657690e-11
9450.000000  9.567208e-11
9470.000000  9.397444e-11
9490.000000  9.348594e-11
9510.000000  9.064114e-11
9530.000000  8.499362e-11
9550.000000  7.588503e-11
9570.000000  8.569823e-11
9590.000000  8.887551e-11
9610.000000  8.895969e-11
9630.000000  8.813686e-11
9650.000000  8.840929e-11
9670.000000  8.787873e-11
9690.000000  8.712605e-11
9710.000000  8.622123e-11
9730.000000  8.589094e-11
9750.000000  8.518427e-11
9770.000000  8.456566e-11
9790.000000  8.390305e-11
9810.000000  8.321841e-11
9830.000000  8.257984e-11
9850.000000  8.195921e-11
9870.000000  8.127462e-11
9890.000000  8.058796e-11
9910.000000  7.947282e-11
9930.000000  7.940080e-11
9950.000000  7.862811e-11
9970.000000  7.785336e-11
9990.000000  7.697246e-11
10025.000000  7.149918e-11
10075.000000  6.893269e-11
10125.000000  7.301673e-11
10175.000000  7.231419e-11
10225.000000  7.103297e-11
10275.000000  6.975179e-11
10325.000000  6.809622e-11
10375.000000  6.721342e-11
10425.000000  6.599827e-11
10475.000000  6.478513e-11
10525.000000  6.361401e-11
10575.000000  6.246695e-11
10625.000000  6.136190e-11
10675.000000  6.008063e-11
10725.000000  5.919985e-11
10775.000000  5.813886e-11
10825.000000  5.632912e-11
10875.000000  5.555636e-11
10925.000000  4.919632e-11
10975.000000  5.184877e-11
11025.000000  5.259964e-11
11075.000000  5.220126e-11
11125.000000  5.145060e-11
11175.000000  5.056776e-11
11225.000000  4.968290e-11
11275.000000  4.879804e-11
11325.000000  4.800329e-11
11375.000000  4.723464e-11
11425.000000  4.641585e-11
11475.000000  4.568717e-11
11525.000000  4.491646e-11
11575.000000  4.416373e-11
11625.000000  4.343707e-11
11675.000000  4.273041e-11
11725.000000  4.204573e-11
11775.000000  4.133907e-11
11825.000000  4.069848e-11
11875.000000  4.003789e-11
11925.000000  3.939725e-11
11975.000000  3.816007e-11
12025.000000  3.816008e-11
12075.000000  3.756349e-11
12125.000000  3.696896e-11
12175.000000  3.637443e-11
12225.000000  3.581987e-11
12275.000000  3.524736e-11
12325.000000  3.471684e-11
12375.000000  3.416636e-11
12425.000000  3.363584e-11
12475.000000  3.310532e-11
12525.000000  3.253075e-11
12575.000000  3.211241e-11
12625.000000  3.162593e-11
12675.000000  3.114147e-11
12725.000000  3.054694e-11
12775.000000  2.928770e-11
12825.000000  2.654914e-11
12875.000000  2.882527e-11
12925.000000  2.878126e-11
12975.000000  2.814067e-11
13025.000000  2.805056e-11
13075.000000  2.763218e-11
13125.000000  2.723379e-11
13175.000000  2.683541e-11
13225.000000  2.646102e-11
13275.000000  2.606470e-11
13325.000000  2.568834e-11
13375.000000  2.531400e-11
13425.000000  2.493763e-11
13475.000000  2.460733e-11
13525.000000  2.425300e-11
13575.000000  2.392266e-11
13625.000000  2.357033e-11
13675.000000  2.323803e-11
13725.000000  2.290773e-11
13775.000000  2.259943e-11
13825.000000  2.228912e-11
13875.000000  2.197684e-11
13925.000000  2.166054e-11
13975.000000  2.136706e-11
14025.000000  2.108019e-11
14075.000000  2.079332e-11
14125.000000  2.050845e-11
14175.000000  2.023039e-11
14225.000000  1.995694e-11
14275.000000  1.968748e-11
14325.000000  1.942263e-11
14375.000000  1.916218e-11
14425.000000  1.890613e-11
14475.000000  1.865450e-11
14525.000000  1.840726e-11
14570.000000  1.818886e-11
14620.000000  1.794383e-11
14675.000000  1.768779e-11
14725.000000  1.745817e-11
14775.000000  1.723076e-11
14825.000000  1.701015e-11
14875.000000  1.679154e-11
14925.000000  1.657534e-11
14975.000000  1.636334e-11
15025.000000  1.615374e-11
15075.000000  1.590651e-11
15125.000000  1.574556e-11
15175.000000  1.554677e-11
15225.000000  1.535038e-11
15275.000000  1.515620e-11
15325.000000  1.496422e-11
15375.000000  1.477864e-11
15425.000000  1.458666e-11
15475.000000  1.440809e-11
15525.000000  1.422471e-11
15575.000000  1.403273e-11
15625.000000  1.389140e-11
15675.000000  1.368180e-11
15725.000000  1.349642e-11
15775.000000  1.339273e-11
15825.000000  1.321396e-11
15875.000000  1.292488e-11
15925.000000  1.285862e-11
15975.000000  1.277475e-11
16050.000000  1.248127e-11
16150.000000  1.208829e-11
16250.000000  1.198901e-11
16350.000000  1.157201e-11
16450.000000  1.115941e-11
16550.000000  1.118785e-11
16650.000000  1.093842e-11
16750.000000  1.048377e-11
16850.000000  1.007318e-11
16950.000000  1.018790e-11
17050.000000  9.914045e-12
17150.000000  9.773109e-12
17250.000000  9.503848e-12
17350.000000  8.828405e-12
17450.000000  9.020588e-12
17550.000000  8.927904e-12
17650.000000  8.740333e-12
17750.000000  8.548353e-12
17850.000000  8.355965e-12
17950.000000  8.184205e-12
18050.000000  7.967588e-12
18150.000000  7.391647e-12
18250.000000  7.517564e-12
18350.000000  7.495748e-12
18450.000000  7.349810e-12
18550.000000  7.184051e-12
18650.000000  6.941624e-12
18750.000000  6.462365e-12
18850.000000  6.721213e-12
18950.000000  6.615117e-12
19050.000000  6.447354e-12
19150.000000  6.350463e-12
19250.000000  6.222340e-12
19350.000000  6.047970e-12
19450.000000  5.568718e-12
19550.000000  5.798534e-12
19650.000000  5.741283e-12
19750.000000  5.632977e-12
19850.000000  5.522674e-12
19950.000000  5.414570e-12
20050.000000  5.308873e-12
20150.000000  5.207174e-12
20250.000000  5.107878e-12
20350.000000  5.008789e-12
20450.000000  4.911696e-12
20550.000000  4.809996e-12
20650.000000  4.730521e-12
20750.000000  4.642237e-12
20850.000000  4.554155e-12
20950.000000  4.470275e-12
21050.000000  4.388392e-12
21150.000000  4.286898e-12
21250.000000  4.227441e-12
21350.000000  4.150169e-12
21450.000000  4.070693e-12
21550.000000  3.969397e-12
21650.000000  3.653093e-12
21750.000000  3.808241e-12
21850.000000  3.781616e-12
21950.000000  3.722163e-12
22050.000000  3.658096e-12
22150.000000  3.592040e-12
22250.000000  3.527977e-12
22350.000000  3.468318e-12
22450.000000  3.408659e-12
22550.000000  3.349202e-12
22650.000000  3.291750e-12
22750.000000  3.234495e-12
22850.000000  3.179241e-12
22950.000000  3.126189e-12
23050.000000  3.071141e-12
23150.000000  3.020492e-12
23250.000000  2.969643e-12
23350.000000  2.920995e-12
23450.000000  2.872549e-12
23550.000000  2.824104e-12
23650.000000  2.777659e-12
23750.000000  2.731420e-12
23850.000000  2.687374e-12
23950.000000  2.643135e-12
24050.000000  2.601090e-12
24150.000000  2.559252e-12
24250.000000  2.517413e-12
24350.000000  2.477574e-12
24450.000000  2.437937e-12
24550.000000  2.398301e-12
24650.000000  2.360661e-12
24750.000000  2.318620e-12
24850.000000  2.287790e-12
24950.000000  2.250355e-12
