2505.000000  1.336606e-13
2513.000000  8.510712e-14
2518.000000  5.655174e-14
2525.000000  5.934721e-14
2535.000000  1.300483e-13
2545.000000  1.663597e-13
2555.000000  4.961099e-13
2565.000000  3.087111e-13
2575.000000  4.675545e-13
2585.000000  3.944233e-13
2595.000000  3.541498e-13
2605.000000  3.350130e-13
2615.000000  3.084256e-13
2625.000000  4.357818e-13
2635.000000  1.072486e-12
2645.000000  1.479875e-12
2655.000000  2.758733e-12
2665.000000  1.396975e-12
2675.000000  1.424483e-12
2685.000000  1.999072e-12
2695.000000  1.203347e-12
2705.000000  1.833512e-12
2715.000000  1.107122e-12
2725.000000  5.817830e-13
2735.000000  8.943441e-13
2745.000000  5.694926e-13
2755.000000  8.165198e-13
2765.000000  1.182407e-12
2775.000000  1.249266e-12
2785.000000  6.998532e-13
2795.000000  2.477707e-13
2805.000000  3.252064e-13
2815.000000  1.043529e-12
2825.000000  1.552374e-12
2835.000000  1.234325e-12
2845.000000  5.847474e-13
2855.000000  2.099157e-13
2865.000000  9.402429e-13
2875.000000  2.019274e-12
2885.000000  2.280756e-12
2895.000000  3.344561e-12
2910.000000  4.954620e-12
2930.000000  4.641512e-12
2950.000000  4.150911e-12
2970.000000  4.294528e-12
2990.000000  4.322433e-12
3010.000000  3.756445e-12
3030.000000  4.947242e-12
3050.000000  5.131696e-12
3070.000000  6.297205e-12
3090.000000  6.286043e-12
3110.000000  8.118763e-12
3130.000000  6.847111e-12
3150.000000  7.522584e-12
3170.000000  8.702595e-12
3190.000000  7.275254e-12
3210.000000  7.916097e-12
3230.000000  6.147596e-12
3250.000000  9.976039e-12
3270.000000  1.244971e-11
3290.000000  1.225189e-11
3310.000000  1.068337e-11
3330.000000  1.115106e-11
3350.000000  1.028767e-11
3370.000000  7.203562e-12
3390.000000  8.377070e-12
3410.000000  9.141250e-12
3430.000000  9.983663e-12
3450.000000  1.062424e-11
3470.000000  1.113845e-11
3490.000000  1.292480e-11
3510.000000  1.370168e-11
3530.000000  1.158328e-11
3550.000000  1.315139e-11
3570.000000  7.501206e-12
3590.000000  9.007628e-12
3610.000000  1.282794e-11
3630.000000  1.397064e-11
3640.000000  1.429002e-11
3650.000000  1.662782e-11
3670.000000  1.768157e-11
3690.000000  1.638230e-11
3710.000000  1.774487e-11
3730.000000  1.032596e-11
3750.000000  1.196825e-11
3770.000000  1.540858e-11
3790.000000  1.490832e-11
3810.000000  1.307741e-11
3830.000000  6.793903e-12
3850.000000  7.613272e-12
3870.000000  8.538634e-12
3890.000000  1.526754e-11
3910.000000  1.908279e-11
3930.000000  8.069238e-12
3950.000000  1.573996e-11
3970.000000  1.028275e-11
3990.000000  2.549308e-11
4010.000000  2.836449e-11
4030.000000  2.750662e-11
4050.000000  2.583025e-11
4070.000000  2.444160e-11
4090.000000  3.045924e-11
4110.000000  2.997555e-11
4130.000000  2.645019e-11
4150.000000  2.455705e-11
4170.000000  2.502742e-11
4190.000000  2.504668e-11
4210.000000  2.765079e-11
4230.000000  2.888845e-11
4250.000000  2.981044e-11
4270.000000  2.753200e-11
4290.000000  2.471927e-11
4310.000000  2.063930e-11
4330.000000  3.237049e-11
4350.000000  3.137149e-11
4370.000000  3.433002e-11
4390.000000  3.043055e-11
4410.000000  3.348697e-11
4430.000000  3.615433e-11
4450.000000  3.659036e-11
4470.000000  3.957111e-11
4490.000000  4.041988e-11
4510.000000  4.645529e-11
4530.000000  4.073483e-11
4550.000000  4.223379e-11
4570.000000  4.582030e-11
4590.000000  4.366738e-11
4610.000000  4.507567e-11
4630.000000  4.362578e-11
4650.000000  4.448763e-11
4670.000000  4.604430e-11
4690.000000  4.504896e-11
4710.000000  4.370201e-11
4730.000000  4.594005e-11
4750.000000  4.815151e-11
4770.000000  4.864965e-11
4790.000000  4.849391e-11
4810.000000  4.758744e-11
4830.000000  4.938919e-11
4850.000000  4.616643e-11
4870.000000  4.241600e-11
4890.000000  4.712100e-11
4910.000000  4.683518e-11
4930.000000  4.603865e-11
4950.000000  4.921500e-11
4970.000000  4.817174e-11
4990.000000  4.441370e-11
5010.000000  4.205774e-11
5030.000000  4.477934e-11
5050.000000  4.514088e-11
5070.000000  4.737353e-11
5090.000000  4.419897e-11
5110.000000  4.542522e-11
5130.000000  4.361636e-11
5150.000000  4.206637e-11
5170.000000  3.785726e-11
5190.000000  3.983431e-11
5210.000000  4.397337e-11
5230.000000  4.551144e-11
5250.000000  4.718580e-11
5270.000000  4.132600e-11
5290.000000  4.764308e-11
5310.000000  5.065931e-11
5330.000000  4.418455e-11
5350.000000  4.880532e-11
5370.000000  4.923695e-11
5390.000000  4.762134e-11
5410.000000  4.643161e-11
5430.000000  4.752292e-11
5450.000000  5.024053e-11
5470.000000  4.821816e-11
5490.000000  4.748195e-11
5510.000000  4.739467e-11
5530.000000  4.869769e-11
5550.000000  4.974891e-11
5570.000000  4.851374e-11
5590.000000  4.696771e-11
5610.000000  4.965381e-11
5630.000000  4.882001e-11
5650.000000  4.899204e-11
5670.000000  4.766515e-11
5690.000000  4.915599e-11
5710.000000  4.751222e-11
5730.000000  5.209196e-11
5750.000000  4.964869e-11
5770.000000  5.056681e-11
5790.000000  4.792985e-11
5810.000000  5.035086e-11
5830.000000  5.186185e-11
5850.000000  5.019795e-11
5870.000000  5.040438e-11
5890.000000  4.501559e-11
5910.000000  4.963603e-11
5930.000000  4.968074e-11
5950.000000  4.977049e-11
5970.000000  5.050086e-11
5990.000000  4.952055e-11
6010.000000  4.851739e-11
6030.000000  4.949589e-11
6050.000000  5.045436e-11
6070.000000  5.021515e-11
6090.000000  4.784987e-11
6110.000000  4.791115e-11
6130.000000  4.544065e-11
6150.000000  4.679795e-11
6170.000000  4.486972e-11
6190.000000  4.797371e-11
6210.000000  4.796622e-11
6230.000000  4.621513e-11
6250.000000  4.453952e-11
6270.000000  4.693173e-11
6290.000000  4.749572e-11
6310.000000  4.572041e-11
6330.000000  4.614428e-11
6350.000000  4.601324e-11
6370.000000  4.568661e-11
6390.000000  4.675064e-11
6410.000000  4.562705e-11
6430.000000  4.616482e-11
6450.000000  4.572933e-11
6470.000000  4.558123e-11
6490.000000  4.461532e-11
6510.000000  4.591112e-11
6530.000000  4.594894e-11
6550.000000  4.523211e-11
6570.000000  4.290233e-11
6590.000000  4.532102e-11
6610.000000  4.572062e-11
6630.000000  4.520526e-11
6650.000000  4.517676e-11
6670.000000  4.434843e-11
6690.000000  4.553339e-11
6710.000000  4.392993e-11
6730.000000  4.525102e-11
6750.000000  4.441558e-11
6770.000000  4.456235e-11
6790.000000  4.414869e-11
6810.000000  4.393749e-11
6830.000000  4.447254e-11
6850.000000  4.298905e-11
6870.000000  4.370807e-11
6890.000000  4.395687e-11
6910.000000  4.350895e-11
6930.000000  4.305254e-11
6950.000000  4.262563e-11
6970.000000  4.269767e-11
6990.000000  4.236398e-11
7010.000000  4.082408e-11
7030.000000  4.182852e-11
7050.000000  4.231051e-11
7070.000000  4.158066e-11
7090.000000  4.134837e-11
7110.000000  4.133308e-11
7130.000000  4.038503e-11
7150.000000  4.018300e-11
7170.000000  4.037832e-11
7190.000000  3.887191e-11
7210.000000  4.007396e-11
7230.000000  4.035514e-11
7250.000000  4.045014e-11
7270.000000  4.017557e-11
7290.000000  3.868280e-11
7310.000000  3.956287e-11
7330.000000  3.944264e-11
7350.000000  3.938191e-11
7370.000000  3.981221e-11
7390.000000  3.867247e-11
7410.000000  3.835019e-11
7430.000000  3.877756e-11
7450.000000  3.881443e-11
7470.000000  3.907334e-11
7490.000000  3.859697e-11
7510.000000  3.888874e-11
7530.000000  3.900491e-11
7550.000000  3.912949e-11
7570.000000  3.863507e-11
7590.000000  3.849551e-11
7610.000000  3.832950e-11
7630.000000  3.860716e-11
7650.000000  3.852520e-11
7670.000000  3.718042e-11
7690.000000  3.829623e-11
7710.000000  3.758807e-11
7730.000000  3.752303e-11
7750.000000  3.715395e-11
7770.000000  3.799845e-11
7790.000000  3.789728e-11
7810.000000  3.759667e-11
7830.000000  3.718957e-11
7850.000000  3.700024e-11
7870.000000  3.712447e-11
7890.000000  3.627686e-11
7910.000000  3.528416e-11
7930.000000  3.488790e-11
7950.000000  3.454600e-11
7970.000000  3.563149e-11
7990.000000  3.555680e-11
8010.000000  3.521420e-11
8030.000000  3.521024e-11
8050.000000  3.480159e-11
8070.000000  3.476593e-11
8090.000000  3.376807e-11
8110.000000  3.389466e-11
8130.000000  3.426371e-11
8150.000000  3.404935e-11
8170.000000  3.409028e-11
8190.000000  3.318074e-11
8210.000000  3.315421e-11
8230.000000  3.330613e-11
8250.000000  3.365496e-11
8270.000000  3.395664e-11
8290.000000  3.367224e-11
8310.000000  3.243031e-11
8330.000000  3.254983e-11
8350.000000  3.257093e-11
8370.000000  3.285895e-11
8390.000000  3.190865e-11
8410.000000  3.284094e-11
8430.000000  3.196102e-11
8450.000000  3.246601e-11
8470.000000  3.222722e-11
8490.000000  3.201896e-11
8510.000000  3.030625e-11
8530.000000  3.135505e-11
8550.000000  2.652214e-11
8570.000000  3.224151e-11
8590.000000  3.156865e-11
8610.000000  3.159954e-11
8630.000000  3.193171e-11
8650.000000  3.153093e-11
8670.000000  2.673759e-11
8690.000000  3.051635e-11
8710.000000  3.118412e-11
8730.000000  3.126728e-11
8750.000000  3.075346e-11
8770.000000  3.134085e-11
8790.000000  3.095081e-11
8810.000000  3.007684e-11
8830.000000  3.072726e-11
8850.000000  3.088491e-11
8870.000000  3.004889e-11
8890.000000  3.075790e-11
8910.000000  3.099942e-11
8930.000000  3.011251e-11
8950.000000  3.008483e-11
8970.000000  3.010447e-11
8990.000000  3.019571e-11
9010.000000  2.880258e-11
9030.000000  2.973138e-11
9050.000000  3.035928e-11
9070.000000  2.984576e-11
9090.000000  2.879050e-11
9110.000000  2.878364e-11
9130.000000  2.961368e-11
9150.000000  2.814916e-11
9170.000000  2.757348e-11
9190.000000  2.778369e-11
9210.000000  2.693444e-11
9230.000000  2.707749e-11
9250.000000  2.699902e-11
9270.000000  2.745030e-11
9290.000000  2.716024e-11
9310.000000  2.768955e-11
9330.000000  2.759543e-11
9350.000000  2.735421e-11
9370.000000  2.719010e-11
9390.000000  2.682637e-11
9410.000000  2.593996e-11
9430.000000  2.644131e-11
9450.000000  2.588284e-11
9470.000000  2.657388e-11
9490.000000  2.652742e-11
9510.000000  2.668132e-11
9530.000000  2.638978e-11
9550.000000  2.605892e-11
9570.000000  2.620532e-11
9590.000000  2.651924e-11
9610.000000  2.620652e-11
9630.000000  2.595828e-11
9650.000000  2.564674e-11
9670.000000  2.550664e-11
9690.000000  2.594094e-11
9710.000000  2.573093e-11
9730.000000  2.571844e-11
9750.000000  2.543845e-11
9770.000000  2.550799e-11
9790.000000  2.509695e-11
9810.000000  2.565407e-11
9830.000000  2.547429e-11
9850.000000  2.559479e-11
9870.000000  2.541633e-11
9890.000000  2.547162e-11
9910.000000  2.517179e-11
9930.000000  2.545973e-11
9950.000000  2.528921e-11
9970.000000  2.532928e-11
9990.000000  2.523191e-11
10025.000000  2.501239e-11
10075.000000  2.468378e-11
10125.000000  2.466089e-11
10175.000000  2.420446e-11
10225.000000  2.419537e-11
10275.000000  2.419902e-11
10325.000000  2.370915e-11
10375.000000  2.353290e-11
10425.000000  2.354171e-11
10475.000000  2.319946e-11
10525.000000  2.315940e-11
10575.000000  2.288367e-11
10625.000000  2.269458e-11
10675.000000  2.218707e-11
10725.000000  2.216871e-11
10775.000000  2.190832e-11
10825.000000  2.145372e-11
10875.000000  2.124666e-11
10925.000000  2.093582e-11
10975.000000  1.975435e-11
11025.000000  1.969969e-11
11075.000000  1.986947e-11
11125.000000  1.974714e-11
11175.000000  1.983834e-11
11225.000000  1.975357e-11
11275.000000  1.935812e-11
11325.000000  1.951848e-11
11375.000000  1.912186e-11
11425.000000  1.908250e-11
11475.000000  1.929799e-11
11525.000000  1.919683e-11
11575.000000  1.890871e-11
11625.000000  1.863940e-11
11675.000000  1.862378e-11
11725.000000  1.881984e-11
11775.000000  1.840610e-11
11825.000000  1.822202e-11
11875.000000  1.802887e-11
11925.000000  1.832758e-11
11975.000000  1.753840e-11
12025.000000  1.780530e-11
12075.000000  1.755493e-11
12125.000000  1.757169e-11
12175.000000  1.763557e-11
12225.000000  1.750898e-11
12275.000000  1.734298e-11
12325.000000  1.719501e-11
12375.000000  1.709322e-11
12425.000000  1.690028e-11
12475.000000  1.691042e-11
12525.000000  1.669244e-11
12575.000000  1.661864e-11
12625.000000  1.653118e-11
12675.000000  1.628923e-11
12725.000000  1.630317e-11
12775.000000  1.627241e-11
12825.000000  1.552390e-11
12875.000000  1.587662e-11
12925.000000  1.567777e-11
12975.000000  1.577985e-11
13025.000000  1.551906e-11
13075.000000  1.557888e-11
13125.000000  1.525775e-11
13175.000000  1.516755e-11
13225.000000  1.520808e-11
13275.000000  1.489694e-11
13325.000000  1.496870e-11
13375.000000  1.482382e-11
13425.000000  1.486244e-11
13475.000000  1.472886e-11
13525.000000  1.466356e-11
13575.000000  1.435326e-11
13625.000000  1.430631e-11
13675.000000  1.425208e-11
13725.000000  1.422573e-11
13775.000000  1.411284e-11
13825.000000  1.407483e-11
13875.000000  1.395440e-11
13925.000000  1.390603e-11
13975.000000  1.379431e-11
14025.000000  1.356756e-11
14075.000000  1.342271e-11
14125.000000  1.301863e-11
14175.000000  1.307512e-11
14225.000000  1.282107e-11
14275.000000  1.258664e-11
14325.000000  1.281078e-11
14375.000000  1.287267e-11
14425.000000  1.237613e-11
14475.000000  1.271568e-11
14525.000000  1.237287e-11
14570.000000  1.238686e-11
14620.000000  1.226360e-11
14675.000000  1.217239e-11
14725.000000  1.194253e-11
14775.000000  1.197423e-11
14825.000000  1.192853e-11
14875.000000  1.175064e-11
14925.000000  1.202582e-11
14975.000000  1.184396e-11
15025.000000  1.153453e-11
15075.000000  1.147019e-11
15125.000000  1.157849e-11
15175.000000  1.162805e-11
15225.000000  1.143297e-11
15275.000000  1.150687e-11
15325.000000  1.140440e-11
15375.000000  1.139920e-11
15425.000000  1.133417e-11
15475.000000  1.126728e-11
15525.000000  1.105578e-11
15575.000000  1.094645e-11
15625.000000  1.115099e-11
15675.000000  1.077433e-11
15725.000000  1.087479e-11
15775.000000  1.042906e-11
15825.000000  1.060406e-11
15875.000000  1.012191e-11
15925.000000  1.037799e-11
15975.000000  1.050823e-11
16050.000000  1.036574e-11
16150.000000  1.012272e-11
16250.000000  1.016804e-11
16350.000000  9.970523e-12
16450.000000  9.647330e-12
16550.000000  9.710244e-12
16650.000000  9.517008e-12
16750.000000  9.266553e-12
16850.000000  8.934332e-12
16950.000000  9.088353e-12
17050.000000  8.745727e-12
17150.000000  8.654715e-12
17250.000000  8.384946e-12
17350.000000  8.033508e-12
17450.000000  8.086145e-12
17550.000000  7.968578e-12
17650.000000  7.833334e-12
17750.000000  7.633795e-12
17850.000000  7.552175e-12
17950.000000  7.411508e-12
18050.000000  7.221516e-12
18150.000000  6.979752e-12
18250.000000  6.920565e-12
18350.000000  6.811056e-12
18450.000000  6.623903e-12
18550.000000  6.563337e-12
18650.000000  6.355317e-12
18750.000000  6.106353e-12
18850.000000  6.176527e-12
18950.000000  5.897100e-12
19050.000000  5.995320e-12
19150.000000  5.852085e-12
19250.000000  5.766992e-12
19350.000000  5.588067e-12
19450.000000  5.382575e-12
19550.000000  5.451397e-12
19650.000000  5.322969e-12
19750.000000  5.192846e-12
19850.000000  5.136122e-12
19950.000000  5.044058e-12
20050.000000  5.002865e-12
20150.000000  4.945331e-12
20250.000000  4.786968e-12
20350.000000  4.681996e-12
20450.000000  4.681191e-12
20550.000000  4.564051e-12
20650.000000  4.467776e-12
20750.000000  4.405995e-12
20850.000000  4.323659e-12
20950.000000  4.223161e-12
21050.000000  4.206048e-12
21150.000000  4.121836e-12
21250.000000  4.044319e-12
21350.000000  4.000334e-12
21450.000000  3.931385e-12
21550.000000  3.867338e-12
21650.000000  3.711075e-12
21750.000000  3.698015e-12
21850.000000  3.657763e-12
21950.000000  3.622702e-12
22050.000000  3.520856e-12
22150.000000  3.509867e-12
22250.000000  3.429800e-12
22350.000000  3.374189e-12
22450.000000  3.323899e-12
22550.000000  3.268010e-12
22650.000000  3.202941e-12
22750.000000  3.183580e-12
22850.000000  3.100187e-12
22950.000000  2.855711e-12
23050.000000  2.933489e-12
23150.000000  2.901217e-12
23250.000000  2.658819e-12
23350.000000  2.741766e-12
23450.000000  2.751195e-12
23550.000000  2.498063e-12
23650.000000  2.608553e-12
23750.000000  2.580765e-12
23850.000000  2.372087e-12
23950.000000  2.461188e-12
24050.000000  2.462873e-12
24150.000000  2.287123e-12
24250.000000  2.335063e-12
24350.000000  2.339349e-12
24450.000000  2.226848e-12
24550.000000  2.191152e-12
24650.000000  2.248792e-12
24750.000000  2.167779e-12
24850.000000  2.089435e-12
24950.000000  2.128981e-12
