2505.000000  1.300549e-12
2513.000000  1.095311e-12
2518.000000  1.152877e-12
2525.000000  1.030634e-12
2535.000000  1.023961e-12
2545.000000  1.077182e-12
2555.000000  1.214543e-12
2565.000000  1.145631e-12
2575.000000  1.289300e-12
2585.000000  1.199033e-12
2595.000000  1.126664e-12
2605.000000  1.010191e-12
2615.000000  9.655183e-13
2625.000000  1.215053e-12
2635.000000  1.476051e-12
2645.000000  1.994790e-12
2655.000000  2.056198e-12
2665.000000  1.826849e-12
2675.000000  1.964876e-12
2685.000000  2.024946e-12
2695.000000  1.891270e-12
2705.000000  1.991121e-12
2715.000000  1.791427e-12
2725.000000  1.844809e-12
2735.000000  1.982692e-12
2745.000000  1.354047e-12
2755.000000  1.629356e-12
2765.000000  1.853939e-12
2775.000000  2.123539e-12
2785.000000  1.842037e-12
2795.000000  7.638821e-13
2805.000000  9.671070e-13
2815.000000  2.210951e-12
2825.000000  2.522209e-12
2835.000000  2.498222e-12
2845.000000  2.465933e-12
2855.000000  2.284009e-12
2865.000000  2.600621e-12
2875.000000  2.590642e-12
2885.000000  2.697434e-12
2895.000000  2.634353e-12
2910.000000  3.044379e-12
2930.000000  3.021409e-12
2950.000000  3.041352e-12
2970.000000  3.217947e-12
2990.000000  3.317529e-12
3010.000000  3.455956e-12
3030.000000  3.529876e-12
3050.000000  3.617675e-12
3070.000000  3.674857e-12
3090.000000  3.861912e-12
3110.000000  3.817213e-12
3130.000000  3.859008e-12
3150.000000  4.087197e-12
3170.000000  4.163797e-12
3190.000000  3.963012e-12
3210.000000  4.190900e-12
3230.000000  4.066220e-12
3250.000000  4.330291e-12
3270.000000  4.489432e-12
3290.000000  4.633277e-12
3310.000000  4.778830e-12
3330.000000  4.734696e-12
3350.000000  4.717569e-12
3370.000000  4.739928e-12
3390.000000  4.857595e-12
3410.000000  5.025287e-12
3430.000000  5.207139e-12
3450.000000  5.206834e-12
3470.000000  5.182162e-12
3490.000000  5.210535e-12
3510.000000  5.423851e-12
3530.000000  5.513203e-12
3550.000000  5.721342e-12
3570.000000  5.537115e-12
3590.000000  5.593837e-12
3610.000000  5.705159e-12
3630.000000  5.863447e-12
3640.000000  5.795322e-12
3650.000000  6.018682e-12
3670.000000  6.195655e-12
3690.000000  7.085652e-12
3710.000000  9.470156e-12
3730.000000  1.329161e-11
3750.000000  1.675574e-11
3770.000000  1.721147e-11
3790.000000  1.906605e-11
3810.000000  2.067936e-11
3830.000000  1.780336e-11
3850.000000  2.116199e-11
3870.000000  2.181999e-11
3890.000000  1.787604e-11
3910.000000  2.122020e-11
3930.000000  1.539180e-11
3950.000000  2.085377e-11
3970.000000  1.486741e-11
3990.000000  2.181466e-11
4010.000000  2.226979e-11
4030.000000  2.205674e-11
4050.000000  2.209658e-11
4070.000000  2.174698e-11
4090.000000  2.164326e-11
4110.000000  1.869951e-11
4130.000000  2.181501e-11
4150.000000  2.203392e-11
4170.000000  2.164451e-11
4190.000000  2.162521e-11
4210.000000  2.153517e-11
4230.000000  2.135724e-11
4250.000000  2.144200e-11
4270.000000  2.139175e-11
4290.000000  2.117605e-11
4310.000000  2.029564e-11
4330.000000  1.991254e-11
4350.000000  1.821639e-11
4370.000000  2.118092e-11
4390.000000  2.077356e-11
4410.000000  2.042387e-11
4430.000000  2.085063e-11
4450.000000  2.069728e-11
4470.000000  2.059648e-11
4490.000000  2.070943e-11
4510.000000  2.083195e-11
4530.000000  2.029605e-11
4550.000000  2.001319e-11
4570.000000  2.053349e-11
4590.000000  2.015446e-11
4610.000000  2.057333e-11
4630.000000  2.019955e-11
4650.000000  2.031405e-11
4670.000000  2.024876e-11
4690.000000  2.017628e-11
4710.000000  1.976901e-11
4730.000000  2.003381e-11
4750.000000  2.003662e-11
4770.000000  1.984950e-11
4790.000000  1.972645e-11
4810.000000  1.966310e-11
4830.000000  1.947190e-11
4850.000000  1.843015e-11
4870.000000  1.605061e-11
4890.000000  1.904323e-11
4910.000000  1.911360e-11
4930.000000  1.874819e-11
4950.000000  1.891830e-11
4970.000000  1.899815e-11
4990.000000  1.864487e-11
5010.000000  1.827278e-11
5030.000000  1.856893e-11
5050.000000  1.842366e-11
5070.000000  1.847273e-11
5090.000000  1.829870e-11
5110.000000  1.822183e-11
5130.000000  1.796842e-11
5150.000000  1.782318e-11
5170.000000  1.745156e-11
5190.000000  1.737679e-11
5210.000000  1.740964e-11
5230.000000  1.732018e-11
5250.000000  1.754739e-11
5270.000000  1.699846e-11
5290.000000  1.735608e-11
5310.000000  1.715614e-11
5330.000000  1.690034e-11
5350.000000  1.714546e-11
5370.000000  1.696071e-11
5390.000000  1.686381e-11
5410.000000  1.672060e-11
5430.000000  1.661964e-11
5450.000000  1.663572e-11
5470.000000  1.660704e-11
5490.000000  1.655222e-11
5510.000000  1.644658e-11
5530.000000  1.631480e-11
5550.000000  1.636367e-11
5570.000000  1.621376e-11
5590.000000  1.609936e-11
5610.000000  1.604449e-11
5630.000000  1.601850e-11
5650.000000  1.585991e-11
5670.000000  1.576957e-11
5690.000000  1.576558e-11
5710.000000  1.566653e-11
5730.000000  1.562517e-11
5750.000000  1.552614e-11
5770.000000  1.545932e-11
5790.000000  1.536206e-11
5810.000000  1.528780e-11
5830.000000  1.521441e-11
5850.000000  1.510381e-11
5870.000000  1.504725e-11
5890.000000  1.480081e-11
5910.000000  1.488519e-11
5930.000000  1.480469e-11
5950.000000  1.473129e-11
5970.000000  1.465654e-11
5990.000000  1.456454e-11
6010.000000  1.448536e-11
6030.000000  1.440772e-11
6050.000000  1.434471e-11
6070.000000  1.427369e-11
6090.000000  1.418388e-11
6110.000000  1.409559e-11
6130.000000  1.396747e-11
6150.000000  1.384035e-11
6170.000000  1.382345e-11
6190.000000  1.380819e-11
6210.000000  1.374382e-11
6230.000000  1.363670e-11
6250.000000  1.344440e-11
6270.000000  1.352119e-11
6290.000000  1.344596e-11
6310.000000  1.333618e-11
6330.000000  1.328991e-11
6350.000000  1.322292e-11
6370.000000  1.314787e-11
6390.000000  1.308806e-11
6410.000000  1.297497e-11
6430.000000  1.292028e-11
6450.000000  1.281047e-11
6470.000000  1.280246e-11
6490.000000  1.263558e-11
6510.000000  1.263997e-11
6530.000000  1.255040e-11
6550.000000  1.200074e-11
6570.000000  1.006172e-11
6590.000000  1.226901e-11
6610.000000  1.229947e-11
6630.000000  1.228897e-11
6650.000000  1.222228e-11
6670.000000  1.215117e-11
6690.000000  1.209757e-11
6710.000000  1.202779e-11
6730.000000  1.196975e-11
6750.000000  1.189730e-11
6770.000000  1.184279e-11
6790.000000  1.177478e-11
6810.000000  1.171693e-11
6830.000000  1.164958e-11
6850.000000  1.158730e-11
6870.000000  1.153146e-11
6890.000000  1.147294e-11
6910.000000  1.141220e-11
6930.000000  1.135081e-11
6950.000000  1.129007e-11
6970.000000  1.123156e-11
6990.000000  1.117237e-11
7010.000000  1.109858e-11
7030.000000  1.105023e-11
7050.000000  1.099612e-11
7070.000000  1.093692e-11
7090.000000  1.088080e-11
7110.000000  1.079710e-11
7130.000000  1.075752e-11
7150.000000  1.070120e-11
7170.000000  1.064797e-11
7190.000000  1.057812e-11
7210.000000  1.052200e-11
7230.000000  1.046811e-11
7250.000000  1.042639e-11
7270.000000  1.037248e-11
7290.000000  1.030637e-11
7310.000000  1.024451e-11
7330.000000  1.019634e-11
7350.000000  1.015061e-11
7370.000000  1.010599e-11
7390.000000  1.004364e-11
7410.000000  9.978199e-12
7430.000000  9.931809e-12
7450.000000  9.880975e-12
7470.000000  9.824217e-12
7490.000000  9.774895e-12
7510.000000  9.724723e-12
7530.000000  9.684067e-12
7550.000000  9.640529e-12
7570.000000  9.584807e-12
7590.000000  9.537718e-12
7610.000000  9.489089e-12
7630.000000  9.439798e-12
7650.000000  9.386291e-12
7670.000000  9.328333e-12
7690.000000  9.291450e-12
7710.000000  9.221785e-12
7730.000000  9.190153e-12
7750.000000  9.143935e-12
7770.000000  9.045289e-12
7790.000000  9.055069e-12
7810.000000  9.008852e-12
7830.000000  8.955333e-12
7850.000000  8.904913e-12
7870.000000  8.864454e-12
7890.000000  8.814695e-12
7910.000000  8.772879e-12
7930.000000  8.719556e-12
7950.000000  8.674882e-12
7970.000000  8.643256e-12
7990.000000  8.595706e-12
8010.000000  8.549686e-12
8030.000000  8.506550e-12
8050.000000  8.461858e-12
8070.000000  8.420281e-12
8090.000000  8.374242e-12
8110.000000  8.336191e-12
8130.000000  8.293061e-12
8150.000000  8.250793e-12
8170.000000  8.207650e-12
8190.000000  8.136852e-12
8210.000000  8.125038e-12
8230.000000  8.077000e-12
8250.000000  8.029477e-12
8270.000000  8.002922e-12
8290.000000  7.957569e-12
8310.000000  7.889347e-12
8330.000000  7.798523e-12
8350.000000  7.852079e-12
8370.000000  7.711535e-12
8390.000000  7.742552e-12
8410.000000  7.728076e-12
8430.000000  7.834157e-12
8450.000000  7.756823e-12
8470.000000  7.625086e-12
8490.000000  7.891947e-12
8510.000000  7.428613e-12
8530.000000  7.915327e-12
8550.000000  7.066578e-12
8570.000000  7.967675e-12
8590.000000  7.797934e-12
8610.000000  7.617037e-12
8630.000000  7.983226e-12
8650.000000  7.908131e-12
8670.000000  6.993487e-12
8690.000000  7.837073e-12
8710.000000  7.877698e-12
8730.000000  7.804714e-12
8750.000000  7.191968e-12
8770.000000  7.693636e-12
8790.000000  7.717691e-12
8810.000000  7.652450e-12
8830.000000  7.612832e-12
8850.000000  7.497740e-12
8870.000000  6.989611e-12
8890.000000  7.502953e-12
8910.000000  7.465233e-12
8930.000000  7.419209e-12
8950.000000  7.410661e-12
8970.000000  7.374362e-12
8990.000000  7.319818e-12
9010.000000  6.789363e-12
9030.000000  7.117102e-12
9050.000000  7.224072e-12
9070.000000  7.122463e-12
9090.000000  7.027950e-12
9110.000000  7.080692e-12
9130.000000  7.083397e-12
9150.000000  7.050172e-12
9170.000000  7.014065e-12
9190.000000  6.976442e-12
9210.000000  6.872751e-12
9230.000000  6.322336e-12
9250.000000  6.779842e-12
9270.000000  6.815281e-12
9290.000000  6.806291e-12
9310.000000  6.773930e-12
9330.000000  6.739366e-12
9350.000000  6.705477e-12
9370.000000  6.673110e-12
9390.000000  6.639434e-12
9410.000000  6.538455e-12
9430.000000  6.564549e-12
9450.000000  6.537942e-12
9470.000000  6.510014e-12
9490.000000  6.479857e-12
9510.000000  6.444430e-12
9530.000000  6.366145e-12
9550.000000  5.869117e-12
9570.000000  6.317695e-12
9590.000000  6.319842e-12
9610.000000  6.272235e-12
9630.000000  6.227093e-12
9650.000000  6.224038e-12
9670.000000  6.161491e-12
9690.000000  6.161751e-12
9710.000000  6.138223e-12
9730.000000  6.108288e-12
9750.000000  6.071045e-12
9770.000000  6.049727e-12
9790.000000  6.019781e-12
9810.000000  5.991180e-12
9830.000000  5.962781e-12
9850.000000  5.928428e-12
9870.000000  5.901353e-12
9890.000000  5.863461e-12
9910.000000  5.845211e-12
9930.000000  5.815277e-12
9950.000000  5.790416e-12
9970.000000  5.764214e-12
9990.000000  5.736490e-12
10025.000000  5.629129e-12
10075.000000  5.461225e-12
10125.000000  5.544704e-12
10175.000000  5.485720e-12
10225.000000  5.422554e-12
10275.000000  5.361574e-12
10325.000000  5.282258e-12
10375.000000  5.234762e-12
10425.000000  5.175332e-12
10475.000000  5.094686e-12
10525.000000  5.053132e-12
10575.000000  4.993909e-12
10625.000000  4.930257e-12
10675.000000  4.833328e-12
10725.000000  4.804113e-12
10775.000000  4.760944e-12
10825.000000  4.697277e-12
10875.000000  4.653944e-12
10925.000000  4.420739e-12
10975.000000  4.533776e-12
11025.000000  4.507143e-12
11075.000000  4.457828e-12
11125.000000  4.405636e-12
11175.000000  4.356316e-12
11225.000000  4.309217e-12
11275.000000  4.252153e-12
11325.000000  4.200630e-12
11375.000000  4.163888e-12
11425.000000  4.113436e-12
11475.000000  4.075833e-12
11525.000000  4.032015e-12
11575.000000  3.986650e-12
11625.000000  3.931113e-12
11675.000000  3.879817e-12
11725.000000  3.858728e-12
11775.000000  3.788210e-12
11825.000000  3.757628e-12
11875.000000  3.715756e-12
11925.000000  3.694699e-12
11975.000000  3.634511e-12
12025.000000  3.612542e-12
12075.000000  3.571132e-12
12125.000000  3.534829e-12
12175.000000  3.500710e-12
12225.000000  3.463053e-12
12275.000000  3.424723e-12
12325.000000  3.389944e-12
12375.000000  3.354492e-12
12425.000000  3.319707e-12
12475.000000  3.285135e-12
12525.000000  3.249684e-12
12575.000000  3.212238e-12
12625.000000  3.179863e-12
12675.000000  3.150368e-12
12725.000000  3.118008e-12
12775.000000  3.081678e-12
12825.000000  2.905544e-12
12875.000000  3.020234e-12
12925.000000  2.990943e-12
12975.000000  2.960120e-12
13025.000000  2.930826e-12
13075.000000  2.900884e-12
13125.000000  2.870055e-12
13175.000000  2.840096e-12
13225.000000  2.813019e-12
13275.000000  2.784601e-12
13325.000000  2.755983e-12
13375.000000  2.729114e-12
13425.000000  2.701372e-12
13475.000000  2.674289e-12
13525.000000  2.646754e-12
13575.000000  2.620541e-12
13625.000000  2.595002e-12
13675.000000  2.568807e-12
13725.000000  2.536173e-12
13775.000000  2.516596e-12
13825.000000  2.491931e-12
13875.000000  2.469472e-12
13925.000000  2.443279e-12
13975.000000  2.420151e-12
14025.000000  2.396356e-12
14075.000000  2.373236e-12
14125.000000  2.348573e-12
14175.000000  2.326326e-12
14225.000000  2.303194e-12
14275.000000  2.280073e-12
14325.000000  2.258502e-12
14375.000000  2.236911e-12
14425.000000  2.200526e-12
14475.000000  2.193743e-12
14525.000000  2.163986e-12
14570.000000  2.152119e-12
14620.000000  2.130744e-12
14675.000000  2.111369e-12
14725.000000  2.089781e-12
14775.000000  2.067536e-12
14825.000000  2.048156e-12
14875.000000  2.021484e-12
14925.000000  2.007211e-12
14975.000000  1.991117e-12
15025.000000  1.952103e-12
15075.000000  1.945059e-12
15125.000000  1.927239e-12
15175.000000  1.910264e-12
15225.000000  1.921044e-12
15275.000000  1.865551e-12
15325.000000  1.852330e-12
15375.000000  1.874782e-12
15425.000000  1.809353e-12
15475.000000  1.848569e-12
15525.000000  1.838434e-12
15575.000000  1.756041e-12
15625.000000  1.817722e-12
15675.000000  1.785337e-12
15725.000000  1.715940e-12
15775.000000  1.773193e-12
15825.000000  1.762194e-12
15875.000000  1.649821e-12
15925.000000  1.728270e-12
15975.000000  1.722976e-12
16050.000000  1.693668e-12
16150.000000  1.616560e-12
16250.000000  1.634197e-12
16350.000000  1.594961e-12
16450.000000  1.521546e-12
16550.000000  1.535933e-12
16650.000000  1.504155e-12
16750.000000  1.466667e-12
16850.000000  1.399869e-12
16950.000000  1.413665e-12
17050.000000  1.384193e-12
17150.000000  1.356758e-12
17250.000000  1.328013e-12
17350.000000  1.259302e-12
17450.000000  1.273905e-12
17550.000000  1.250702e-12
17650.000000  1.225510e-12
17750.000000  1.202482e-12
17850.000000  1.178879e-12
17950.000000  1.156776e-12
18050.000000  1.133832e-12
18150.000000  1.079356e-12
18250.000000  1.088562e-12
18350.000000  1.070183e-12
18450.000000  1.049818e-12
18550.000000  1.029851e-12
18650.000000  1.010479e-12
18750.000000  9.511775e-13
18850.000000  9.718862e-13
18950.000000  9.533652e-13
19050.000000  9.378172e-13
19150.000000  9.205380e-13
19250.000000  9.036552e-13
19350.000000  8.870140e-13
19450.000000  8.448347e-13
19550.000000  8.553001e-13
19650.000000  8.400285e-13
19750.000000  8.242659e-13
19850.000000  8.103403e-13
19950.000000  7.959931e-13
20050.000000  7.820213e-13
20150.000000  7.682914e-13
20250.000000  7.548021e-13
20350.000000  7.414678e-13
20450.000000  7.288846e-13
20550.000000  7.162343e-13
20650.000000  7.037585e-13
20750.000000  6.917928e-13
20850.000000  6.800676e-13
20950.000000  6.684295e-13
21050.000000  6.571018e-13
21150.000000  6.457736e-13
21250.000000  6.349070e-13
21350.000000  6.244824e-13
21450.000000  6.142808e-13
21550.000000  6.041856e-13
21650.000000  5.772785e-13
21750.000000  5.841294e-13
21850.000000  5.747187e-13
21950.000000  5.654632e-13
22050.000000  5.561385e-13
22150.000000  5.469039e-13
22250.000000  5.385519e-13
22350.000000  5.299125e-13
22450.000000  5.214279e-13
22550.000000  5.126538e-13
22650.000000  5.048538e-13
22750.000000  4.969852e-13
22850.000000  4.892721e-13
22950.000000  4.816455e-13
23050.000000  4.743071e-13
23150.000000  4.669022e-13
23250.000000  4.597175e-13
23350.000000  4.525550e-13
23450.000000  4.454581e-13
23550.000000  4.388239e-13
23650.000000  4.317283e-13
23750.000000  4.255564e-13
23850.000000  4.190097e-13
23950.000000  4.125307e-13
24050.000000  4.058978e-13
24150.000000  3.992651e-13
24250.000000  3.964825e-13
24350.000000  3.873177e-13
24450.000000  3.811477e-13
24550.000000  3.793580e-13
24650.000000  3.716469e-13
24750.000000  3.664884e-13
24850.000000  3.637955e-13
24950.000000  3.524517e-13
