2505.000000  2.439764e-11
2513.000000  1.519782e-11
2518.000000  1.367587e-11
2525.000000  1.133149e-11
2535.000000  1.107207e-11
2545.000000  1.260076e-11
2555.000000  1.931873e-11
2565.000000  1.661952e-11
2575.000000  2.099209e-11
2585.000000  1.939508e-11
2595.000000  1.780587e-11
2605.000000  1.507386e-11
2615.000000  1.351793e-11
2625.000000  1.929243e-11
2635.000000  2.690653e-11
2645.000000  3.704228e-11
2655.000000  4.245035e-11
2665.000000  3.017321e-11
2675.000000  3.487895e-11
2685.000000  3.637169e-11
2695.000000  3.013083e-11
2705.000000  3.492897e-11
2715.000000  2.788740e-11
2725.000000  2.768246e-11
2735.000000  3.098057e-11
2745.000000  1.666595e-11
2755.000000  2.157997e-11
2765.000000  2.655600e-11
2775.000000  3.179907e-11
2785.000000  2.105234e-11
2795.000000  6.581680e-12
2805.000000  8.944728e-12
2815.000000  3.027117e-11
2825.000000  4.118728e-11
2835.000000  3.893428e-11
2845.000000  3.583437e-11
2855.000000  2.443278e-11
2865.000000  3.997822e-11
2875.000000  4.149553e-11
2885.000000  3.969003e-11
2895.000000  3.942977e-11
2910.000000  4.974938e-11
2930.000000  4.547714e-11
2950.000000  4.469540e-11
2970.000000  4.924192e-11
2990.000000  4.889787e-11
3010.000000  5.163627e-11
3030.000000  5.104933e-11
3050.000000  5.217204e-11
3070.000000  5.270134e-11
3090.000000  5.447751e-11
3110.000000  5.326622e-11
3130.000000  5.262983e-11
3150.000000  5.328338e-11
3170.000000  5.436401e-11
3190.000000  4.934329e-11
3210.000000  5.322199e-11
3230.000000  4.722117e-11
3250.000000  5.385914e-11
3270.000000  5.817567e-11
3290.000000  5.738550e-11
3310.000000  5.893304e-11
3330.000000  5.795788e-11
3350.000000  5.714521e-11
3370.000000  5.361858e-11
3390.000000  5.636040e-11
3410.000000  5.645987e-11
3430.000000  5.726766e-11
3450.000000  5.830274e-11
3470.000000  5.764566e-11
3490.000000  5.853390e-11
3510.000000  6.026466e-11
3530.000000  5.828598e-11
3550.000000  6.362394e-11
3570.000000  5.685727e-11
3590.000000  5.634920e-11
3610.000000  5.770762e-11
3630.000000  5.828157e-11
3640.000000  5.777003e-11
3650.000000  6.317199e-11
3670.000000  6.201396e-11
3690.000000  6.011368e-11
3710.000000  6.411064e-11
3730.000000  6.298791e-11
3750.000000  7.284212e-11
3770.000000  7.869822e-11
3790.000000  8.813515e-11
3810.000000  9.746118e-11
3830.000000  7.798044e-11
3850.000000  1.006249e-10
3870.000000  1.063942e-10
3890.000000  8.248149e-11
3910.000000  1.044758e-10
3930.000000  6.893162e-11
3950.000000  9.809950e-11
3970.000000  6.494931e-11
3990.000000  1.087881e-10
4010.000000  1.153670e-10
4030.000000  1.150398e-10
4050.000000  1.130942e-10
4070.000000  1.113122e-10
4090.000000  1.073442e-10
4110.000000  9.278896e-11
4130.000000  1.131804e-10
4150.000000  1.172019e-10
4170.000000  1.155493e-10
4190.000000  1.144753e-10
4210.000000  1.141874e-10
4230.000000  1.105433e-10
4250.000000  1.130493e-10
4270.000000  1.099369e-10
4290.000000  1.067389e-10
4310.000000  9.832658e-11
4330.000000  9.946475e-11
4350.000000  8.968389e-11
4370.000000  1.121714e-10
4390.000000  1.092125e-10
4410.000000  1.091273e-10
4430.000000  1.088296e-10
4450.000000  1.089261e-10
4470.000000  1.102441e-10
4490.000000  1.098981e-10
4510.000000  1.152143e-10
4530.000000  1.080895e-10
4550.000000  1.085762e-10
4570.000000  1.132944e-10
4590.000000  1.081878e-10
4610.000000  1.104499e-10
4630.000000  1.081449e-10
4650.000000  1.090099e-10
4670.000000  1.101580e-10
4690.000000  1.071553e-10
4710.000000  1.031829e-10
4730.000000  1.077329e-10
4750.000000  1.080568e-10
4770.000000  1.069292e-10
4790.000000  1.062492e-10
4810.000000  1.050828e-10
4830.000000  1.040309e-10
4850.000000  9.231991e-11
4870.000000  7.836290e-11
4890.000000  9.908692e-11
4910.000000  1.001842e-10
4930.000000  9.854861e-11
4950.000000  1.008786e-10
4970.000000  1.015826e-10
4990.000000  9.642317e-11
5010.000000  9.321112e-11
5030.000000  9.704550e-11
5050.000000  9.605066e-11
5070.000000  9.825243e-11
5090.000000  9.598941e-11
5110.000000  9.647741e-11
5130.000000  9.430598e-11
5150.000000  9.218769e-11
5170.000000  9.000422e-11
5190.000000  8.911708e-11
5210.000000  9.060729e-11
5230.000000  9.095963e-11
5250.000000  9.234905e-11
5270.000000  8.540115e-11
5290.000000  9.070764e-11
5310.000000  9.097701e-11
5330.000000  8.627451e-11
5350.000000  8.958095e-11
5370.000000  8.897207e-11
5390.000000  8.811106e-11
5410.000000  8.594965e-11
5430.000000  8.708942e-11
5450.000000  8.794587e-11
5470.000000  8.668245e-11
5490.000000  8.613963e-11
5510.000000  8.586282e-11
5530.000000  8.551529e-11
5550.000000  8.584616e-11
5570.000000  8.412665e-11
5590.000000  8.309553e-11
5610.000000  8.360634e-11
5630.000000  8.380742e-11
5650.000000  8.298668e-11
5670.000000  8.148559e-11
5690.000000  8.193800e-11
5710.000000  8.097601e-11
5730.000000  8.284711e-11
5750.000000  8.114032e-11
5770.000000  8.116270e-11
5790.000000  8.001507e-11
5810.000000  8.017775e-11
5830.000000  8.017400e-11
5850.000000  7.894707e-11
5870.000000  7.869971e-11
5890.000000  7.638919e-11
5910.000000  7.768168e-11
5930.000000  7.716920e-11
5950.000000  7.692938e-11
5970.000000  7.653206e-11
5990.000000  7.574737e-11
6010.000000  7.477299e-11
6030.000000  7.448317e-11
6050.000000  7.471006e-11
6070.000000  7.448334e-11
6090.000000  7.337858e-11
6110.000000  7.255918e-11
6130.000000  7.094001e-11
6150.000000  7.057346e-11
6170.000000  6.967424e-11
6190.000000  7.117883e-11
6210.000000  7.095940e-11
6230.000000  6.972437e-11
6250.000000  6.779011e-11
6270.000000  6.959949e-11
6290.000000  6.932128e-11
6310.000000  6.781665e-11
6330.000000  6.776179e-11
6350.000000  6.734428e-11
6370.000000  6.691602e-11
6390.000000  6.690309e-11
6410.000000  6.569002e-11
6430.000000  6.581292e-11
6450.000000  6.492069e-11
6470.000000  6.480500e-11
6490.000000  6.370805e-11
6510.000000  6.407765e-11
6530.000000  6.333518e-11
6550.000000  5.906220e-11
6570.000000  4.987347e-11
6590.000000  6.111304e-11
6610.000000  6.233698e-11
6630.000000  6.224099e-11
6650.000000  6.193141e-11
6670.000000  6.131268e-11
6690.000000  6.146626e-11
6710.000000  6.078653e-11
6730.000000  6.067285e-11
6750.000000  5.984913e-11
6770.000000  5.989499e-11
6790.000000  5.946888e-11
6810.000000  5.905592e-11
6830.000000  5.876900e-11
6850.000000  5.809301e-11
6870.000000  5.809356e-11
6890.000000  5.780213e-11
6910.000000  5.739717e-11
6930.000000  5.702556e-11
6950.000000  5.671334e-11
6970.000000  5.638661e-11
6990.000000  5.611997e-11
7010.000000  5.500415e-11
7030.000000  5.520194e-11
7050.000000  5.505035e-11
7070.000000  5.465980e-11
7090.000000  5.432470e-11
7110.000000  5.350003e-11
7130.000000  5.336293e-11
7150.000000  5.307120e-11
7170.000000  5.267778e-11
7190.000000  5.198781e-11
7210.000000  5.206844e-11
7230.000000  5.177740e-11
7250.000000  5.160808e-11
7270.000000  5.145483e-11
7290.000000  5.057562e-11
7310.000000  5.064115e-11
7330.000000  5.037425e-11
7350.000000  5.027748e-11
7370.000000  5.005348e-11
7390.000000  4.924236e-11
7410.000000  4.859907e-11
7430.000000  4.858852e-11
7450.000000  4.845224e-11
7470.000000  4.828014e-11
7490.000000  4.793796e-11
7510.000000  4.781522e-11
7530.000000  4.761585e-11
7550.000000  4.753974e-11
7570.000000  4.707680e-11
7590.000000  4.685823e-11
7610.000000  4.652608e-11
7630.000000  4.639297e-11
7650.000000  4.602850e-11
7670.000000  4.527853e-11
7690.000000  4.539853e-11
7710.000000  4.502395e-11
7730.000000  4.493220e-11
7750.000000  4.446262e-11
7770.000000  4.397285e-11
7790.000000  4.436551e-11
7810.000000  4.402584e-11
7830.000000  4.354230e-11
7850.000000  4.326320e-11
7870.000000  4.324053e-11
7890.000000  4.295706e-11
7910.000000  4.259270e-11
7930.000000  4.197484e-11
7950.000000  4.191997e-11
7970.000000  4.212118e-11
7990.000000  4.180794e-11
8010.000000  4.146864e-11
8030.000000  4.119517e-11
8050.000000  4.094751e-11
8070.000000  4.087104e-11
8090.000000  4.043248e-11
8110.000000  4.047614e-11
8130.000000  4.033719e-11
8150.000000  4.005156e-11
8170.000000  3.982043e-11
8190.000000  3.891930e-11
8210.000000  3.889125e-11
8230.000000  3.867092e-11
8250.000000  3.856577e-11
8270.000000  3.875179e-11
8290.000000  3.848645e-11
8310.000000  3.801994e-11
8330.000000  3.754891e-11
8350.000000  3.770832e-11
8370.000000  3.762314e-11
8390.000000  3.715015e-11
8410.000000  3.718049e-11
8430.000000  3.676085e-11
8450.000000  3.631762e-11
8470.000000  3.613551e-11
8490.000000  3.604855e-11
8510.000000  3.431537e-11
8530.000000  3.564855e-11
8550.000000  3.118606e-11
8570.000000  3.589829e-11
8590.000000  3.475645e-11
8610.000000  3.422653e-11
8630.000000  3.542775e-11
8650.000000  3.477144e-11
8670.000000  2.991139e-11
8690.000000  3.413939e-11
8710.000000  3.483132e-11
8730.000000  3.433354e-11
8750.000000  3.110645e-11
8770.000000  3.376933e-11
8790.000000  3.421596e-11
8810.000000  3.390628e-11
8830.000000  3.358468e-11
8850.000000  3.248256e-11
8870.000000  2.983544e-11
8890.000000  3.302388e-11
8910.000000  3.325832e-11
8930.000000  3.292685e-11
8950.000000  3.301687e-11
8970.000000  3.276564e-11
8990.000000  3.232292e-11
9010.000000  2.878392e-11
9030.000000  3.063338e-11
9050.000000  3.206330e-11
9070.000000  3.149200e-11
9090.000000  3.087822e-11
9110.000000  3.136341e-11
9130.000000  3.163672e-11
9150.000000  3.150814e-11
9170.000000  3.124789e-11
9190.000000  3.099462e-11
9210.000000  2.989407e-11
9230.000000  2.644456e-11
9250.000000  2.917636e-11
9270.000000  2.988945e-11
9290.000000  3.028672e-11
9310.000000  3.023785e-11
9330.000000  3.005080e-11
9350.000000  2.992740e-11
9370.000000  2.979771e-11
9390.000000  2.958649e-11
9410.000000  2.849551e-11
9430.000000  2.907023e-11
9450.000000  2.888952e-11
9470.000000  2.898116e-11
9490.000000  2.882923e-11
9510.000000  2.843801e-11
9530.000000  2.756456e-11
9550.000000  2.444863e-11
9570.000000  2.741683e-11
9590.000000  2.791948e-11
9610.000000  2.767484e-11
9630.000000  2.741028e-11
9650.000000  2.748971e-11
9670.000000  2.715778e-11
9690.000000  2.716215e-11
9710.000000  2.727821e-11
9730.000000  2.714446e-11
9750.000000  2.677248e-11
9770.000000  2.682890e-11
9790.000000  2.667051e-11
9810.000000  2.660038e-11
9830.000000  2.643310e-11
9850.000000  2.623297e-11
9870.000000  2.605503e-11
9890.000000  2.584169e-11
9910.000000  2.571019e-11
9930.000000  2.575355e-11
9950.000000  2.562071e-11
9970.000000  2.548908e-11
9990.000000  2.531301e-11
10025.000000  2.429360e-11
10075.000000  2.341167e-11
10125.000000  2.436001e-11
10175.000000  2.410284e-11
10225.000000  2.392110e-11
10275.000000  2.370325e-11
10325.000000  2.326793e-11
10375.000000  2.303787e-11
10425.000000  2.280069e-11
10475.000000  2.227325e-11
10525.000000  2.217225e-11
10575.000000  2.188993e-11
10625.000000  2.161291e-11
10675.000000  2.099106e-11
10725.000000  2.097727e-11
10775.000000  2.074555e-11
10825.000000  2.038249e-11
10875.000000  2.012337e-11
10925.000000  1.850667e-11
10975.000000  1.926149e-11
11025.000000  1.962636e-11
11075.000000  1.951933e-11
11125.000000  1.922634e-11
11175.000000  1.898779e-11
11225.000000  1.884280e-11
11275.000000  1.835371e-11
11325.000000  1.818639e-11
11375.000000  1.809073e-11
11425.000000  1.775373e-11
11475.000000  1.779845e-11
11525.000000  1.760479e-11
11575.000000  1.735090e-11
11625.000000  1.696397e-11
11675.000000  1.672969e-11
11725.000000  1.683126e-11
11775.000000  1.633388e-11
11825.000000  1.626358e-11
11875.000000  1.599382e-11
11925.000000  1.612443e-11
11975.000000  1.566506e-11
12025.000000  1.565232e-11
12075.000000  1.543279e-11
12125.000000  1.530170e-11
12175.000000  1.523316e-11
12225.000000  1.505177e-11
12275.000000  1.484605e-11
12325.000000  1.470787e-11
12375.000000  1.455794e-11
12425.000000  1.441642e-11
12475.000000  1.426790e-11
12525.000000  1.407254e-11
12575.000000  1.387653e-11
12625.000000  1.376423e-11
12675.000000  1.363341e-11
12725.000000  1.348724e-11
12775.000000  1.314722e-11
12825.000000  1.176069e-11
12875.000000  1.290280e-11
12925.000000  1.289722e-11
12975.000000  1.282383e-11
13025.000000  1.267733e-11
13075.000000  1.258413e-11
13125.000000  1.239195e-11
13175.000000  1.223658e-11
13225.000000  1.219513e-11
13275.000000  1.202264e-11
13325.000000  1.193222e-11
13375.000000  1.180022e-11
13425.000000  1.170320e-11
13475.000000  1.158117e-11
13525.000000  1.144319e-11
13575.000000  1.128139e-11
13625.000000  1.121999e-11
13675.000000  1.108708e-11
13725.000000  1.089581e-11
13775.000000  1.084314e-11
13825.000000  1.075005e-11
13875.000000  1.069101e-11
13925.000000  1.053799e-11
13975.000000  1.044760e-11
14025.000000  1.032448e-11
14075.000000  1.026017e-11
14125.000000  1.011092e-11
14175.000000  1.005849e-11
14225.000000  9.893227e-12
14275.000000  9.761347e-12
14325.000000  9.747162e-12
14375.000000  9.683424e-12
14425.000000  9.343070e-12
14475.000000  9.470562e-12
14525.000000  9.254892e-12
14570.000000  9.267596e-12
14620.000000  9.158494e-12
14675.000000  9.095044e-12
14725.000000  8.946435e-12
14775.000000  8.846689e-12
14825.000000  8.794569e-12
14875.000000  8.633641e-12
14925.000000  8.696302e-12
14975.000000  8.563881e-12
15025.000000  8.421545e-12
15075.000000  8.327004e-12
15125.000000  8.337352e-12
15175.000000  8.273518e-12
15225.000000  8.148832e-12
15275.000000  8.096582e-12
15325.000000  8.003220e-12
15375.000000  7.936696e-12
15425.000000  7.797024e-12
15475.000000  7.768992e-12
15525.000000  7.697042e-12
15575.000000  7.539866e-12
15625.000000  7.610386e-12
15675.000000  7.416647e-12
15725.000000  7.285717e-12
15775.000000  7.276367e-12
15825.000000  7.267826e-12
15875.000000  6.833557e-12
15925.000000  7.082037e-12
15975.000000  7.108220e-12
16050.000000  6.932220e-12
16150.000000  6.617431e-12
16250.000000  6.788823e-12
16350.000000  6.503660e-12
16450.000000  6.156387e-12
16550.000000  6.392082e-12
16650.000000  6.272709e-12
16750.000000  5.964653e-12
16850.000000  5.617667e-12
16950.000000  5.893362e-12
17050.000000  5.748331e-12
17150.000000  5.648726e-12
17250.000000  5.465650e-12
17350.000000  4.943286e-12
17450.000000  5.190896e-12
17550.000000  5.174141e-12
17650.000000  5.071475e-12
17750.000000  4.982932e-12
17850.000000  4.885308e-12
17950.000000  4.803828e-12
18050.000000  4.665049e-12
18150.000000  4.249308e-12
18250.000000  4.402502e-12
18350.000000  4.411257e-12
18450.000000  4.321475e-12
18550.000000  4.237034e-12
18650.000000  4.124792e-12
18750.000000  3.723651e-12
18850.000000  3.954704e-12
18950.000000  3.869739e-12
19050.000000  3.863990e-12
19150.000000  3.784182e-12
19250.000000  3.709116e-12
19350.000000  3.601367e-12
19450.000000  3.271176e-12
19550.000000  3.476221e-12
19650.000000  3.438304e-12
19750.000000  3.368276e-12
19850.000000  3.319744e-12
19950.000000  3.258771e-12
20050.000000  3.206180e-12
20150.000000  3.154123e-12
20250.000000  3.086147e-12
20350.000000  3.019926e-12
20450.000000  2.986802e-12
20550.000000  2.929956e-12
20650.000000  2.868345e-12
20750.000000  2.822898e-12
20850.000000  2.774310e-12
20950.000000  2.718919e-12
21050.000000  2.678474e-12
21150.000000  2.625944e-12
21250.000000  2.580116e-12
21350.000000  2.538373e-12
21450.000000  2.498989e-12
21550.000000  2.440586e-12
21650.000000  2.225048e-12
21750.000000  2.339820e-12
21850.000000  2.324860e-12
21950.000000  2.298546e-12
22050.000000  2.248249e-12
22150.000000  2.215311e-12
22250.000000  2.183983e-12
22350.000000  2.147583e-12
22450.000000  2.112551e-12
22550.000000  2.067023e-12
22650.000000  2.039049e-12
22750.000000  2.009421e-12
22850.000000  1.973269e-12
22950.000000  1.942075e-12
23050.000000  1.916439e-12
23150.000000  1.883124e-12
23250.000000  1.855611e-12
23350.000000  1.823716e-12
23450.000000  1.798018e-12
23550.000000  1.768832e-12
23650.000000  1.742801e-12
23750.000000  1.709728e-12
23850.000000  1.684057e-12
23950.000000  1.661216e-12
24050.000000  1.634092e-12
24150.000000  1.606711e-12
24250.000000  1.584597e-12
24350.000000  1.557345e-12
24450.000000  1.536199e-12
24550.000000  1.507669e-12
24650.000000  1.489947e-12
24750.000000  1.464834e-12
24850.000000  1.440077e-12
24950.000000  1.417262e-12
