2505.000000  2.003089e-13
2513.000000  1.207342e-13
2518.000000  7.145516e-14
2525.000000  8.050057e-14
2535.000000  2.041372e-13
2545.000000  2.658443e-13
2555.000000  9.584819e-13
2565.000000  5.030083e-13
2575.000000  7.315881e-13
2585.000000  5.546968e-13
2595.000000  4.667943e-13
2605.000000  4.135526e-13
2615.000000  3.907292e-13
2625.000000  5.525251e-13
2635.000000  1.467017e-12
2645.000000  2.398516e-12
2655.000000  4.348843e-12
2665.000000  2.242991e-12
2675.000000  2.288403e-12
2685.000000  3.192769e-12
2695.000000  2.039160e-12
2705.000000  3.000748e-12
2715.000000  1.698209e-12
2725.000000  8.854734e-13
2735.000000  1.382976e-12
2745.000000  7.817159e-13
2755.000000  1.146964e-12
2765.000000  1.685595e-12
2775.000000  1.749003e-12
2785.000000  9.643142e-13
2795.000000  2.851503e-13
2805.000000  3.833505e-13
2815.000000  1.434049e-12
2825.000000  2.312030e-12
2835.000000  2.079584e-12
2845.000000  9.680282e-13
2855.000000  3.052850e-13
2865.000000  1.667159e-12
2875.000000  3.638242e-12
2885.000000  3.830941e-12
2895.000000  5.415423e-12
2910.000000  7.983080e-12
2930.000000  7.461378e-12
2950.000000  6.681867e-12
2970.000000  7.121968e-12
2990.000000  7.224743e-12
3010.000000  6.411132e-12
3030.000000  8.204915e-12
3050.000000  8.606102e-12
3070.000000  9.917350e-12
3090.000000  1.047119e-11
3110.000000  1.291932e-11
3130.000000  1.091065e-11
3150.000000  1.181514e-11
3170.000000  1.362398e-11
3190.000000  1.164003e-11
3210.000000  1.284032e-11
3230.000000  9.691160e-12
3250.000000  1.589105e-11
3270.000000  1.980768e-11
3290.000000  1.942306e-11
3310.000000  1.729471e-11
3330.000000  1.791593e-11
3350.000000  1.647799e-11
3370.000000  1.203735e-11
3390.000000  1.394043e-11
3410.000000  1.559153e-11
3430.000000  1.728108e-11
3450.000000  1.862182e-11
3470.000000  1.937969e-11
3490.000000  2.180618e-11
3510.000000  2.299229e-11
3530.000000  1.947081e-11
3550.000000  2.201784e-11
3570.000000  1.294879e-11
3590.000000  1.552173e-11
3610.000000  2.192589e-11
3630.000000  2.394324e-11
3640.000000  2.444305e-11
3650.000000  2.777553e-11
3670.000000  2.933427e-11
3690.000000  2.813930e-11
3710.000000  3.143490e-11
3730.000000  1.995693e-11
3750.000000  2.257772e-11
3770.000000  2.729814e-11
3790.000000  2.648948e-11
3810.000000  2.352912e-11
3830.000000  1.281728e-11
3850.000000  1.338145e-11
3870.000000  1.503426e-11
3890.000000  2.747272e-11
3910.000000  3.269774e-11
3930.000000  1.273630e-11
3950.000000  2.544564e-11
3970.000000  1.608505e-11
3990.000000  4.309932e-11
4010.000000  4.931336e-11
4030.000000  4.869470e-11
4050.000000  4.593767e-11
4070.000000  4.365817e-11
4090.000000  5.380182e-11
4110.000000  5.366566e-11
4130.000000  4.709362e-11
4150.000000  4.398501e-11
4170.000000  4.433974e-11
4190.000000  4.458799e-11
4210.000000  4.950409e-11
4230.000000  5.279547e-11
4250.000000  5.356075e-11
4270.000000  4.975196e-11
4290.000000  4.458962e-11
4310.000000  3.628775e-11
4330.000000  5.762615e-11
4350.000000  5.558665e-11
4370.000000  6.060731e-11
4390.000000  5.431994e-11
4410.000000  5.994718e-11
4430.000000  6.493647e-11
4450.000000  6.581753e-11
4470.000000  7.118098e-11
4490.000000  7.276004e-11
4510.000000  8.321653e-11
4530.000000  7.340218e-11
4550.000000  7.561878e-11
4570.000000  8.217708e-11
4590.000000  7.825898e-11
4610.000000  8.128805e-11
4630.000000  7.872396e-11
4650.000000  8.037668e-11
4670.000000  8.268382e-11
4690.000000  8.095685e-11
4710.000000  7.895074e-11
4730.000000  8.305141e-11
4750.000000  8.768142e-11
4770.000000  8.873316e-11
4790.000000  8.824353e-11
4810.000000  8.638994e-11
4830.000000  8.949850e-11
4850.000000  8.388043e-11
4870.000000  7.751755e-11
4890.000000  8.637731e-11
4910.000000  8.562608e-11
4930.000000  8.451437e-11
4950.000000  9.046994e-11
4970.000000  8.832571e-11
4990.000000  8.158368e-11
5010.000000  7.767338e-11
5030.000000  8.257038e-11
5050.000000  8.368081e-11
5070.000000  8.762543e-11
5090.000000  8.177824e-11
5110.000000  8.403105e-11
5130.000000  8.050875e-11
5150.000000  7.829839e-11
5170.000000  7.380690e-11
5190.000000  7.713320e-11
5210.000000  8.239106e-11
5230.000000  8.407527e-11
5250.000000  8.639937e-11
5270.000000  7.703630e-11
5290.000000  8.747395e-11
5310.000000  9.234823e-11
5330.000000  8.185599e-11
5350.000000  8.988568e-11
5370.000000  9.096609e-11
5390.000000  8.782912e-11
5410.000000  8.581470e-11
5430.000000  8.750653e-11
5450.000000  9.281153e-11
5470.000000  8.870796e-11
5490.000000  8.726497e-11
5510.000000  8.726700e-11
5530.000000  8.957616e-11
5550.000000  9.143341e-11
5570.000000  8.955272e-11
5590.000000  8.689406e-11
5610.000000  9.160625e-11
5630.000000  8.987906e-11
5650.000000  9.023312e-11
5670.000000  8.777886e-11
5690.000000  9.064060e-11
5710.000000  8.762165e-11
5730.000000  9.594065e-11
5750.000000  9.149067e-11
5770.000000  9.321377e-11
5790.000000  8.861727e-11
5810.000000  9.283353e-11
5830.000000  9.550456e-11
5850.000000  9.262455e-11
5870.000000  9.307745e-11
5890.000000  8.531611e-11
5910.000000  9.175033e-11
5930.000000  9.173896e-11
5950.000000  9.189701e-11
5970.000000  9.334971e-11
5990.000000  9.146100e-11
6010.000000  8.968287e-11
6030.000000  9.148708e-11
6050.000000  9.316959e-11
6070.000000  9.283552e-11
6090.000000  8.852358e-11
6110.000000  8.855900e-11
6130.000000  8.443050e-11
6150.000000  8.664879e-11
6170.000000  8.363846e-11
6190.000000  8.881584e-11
6210.000000  8.884359e-11
6230.000000  8.557182e-11
6250.000000  8.230375e-11
6270.000000  8.684953e-11
6290.000000  8.780116e-11
6310.000000  8.467787e-11
6330.000000  8.556993e-11
6350.000000  8.552279e-11
6370.000000  8.483297e-11
6390.000000  8.647491e-11
6410.000000  8.454285e-11
6430.000000  8.549860e-11
6450.000000  8.495542e-11
6470.000000  8.472921e-11
6490.000000  8.272164e-11
6510.000000  8.503956e-11
6530.000000  8.518607e-11
6550.000000  8.394995e-11
6570.000000  7.948105e-11
6590.000000  8.403145e-11
6610.000000  8.465777e-11
6630.000000  8.394686e-11
6650.000000  8.380301e-11
6670.000000  8.237446e-11
6690.000000  8.461622e-11
6710.000000  8.167275e-11
6730.000000  8.407632e-11
6750.000000  8.250579e-11
6770.000000  8.285297e-11
6790.000000  8.210737e-11
6810.000000  8.176840e-11
6830.000000  8.264357e-11
6850.000000  8.002365e-11
6870.000000  8.132575e-11
6890.000000  8.192018e-11
6910.000000  8.102748e-11
6930.000000  8.016807e-11
6950.000000  7.916992e-11
6970.000000  7.940989e-11
6990.000000  7.880813e-11
7010.000000  7.596198e-11
7030.000000  7.779980e-11
7050.000000  7.877293e-11
7070.000000  7.743501e-11
7090.000000  7.706108e-11
7110.000000  7.679243e-11
7130.000000  7.517062e-11
7150.000000  7.496750e-11
7170.000000  7.524929e-11
7190.000000  7.247682e-11
7210.000000  7.468680e-11
7230.000000  7.514059e-11
7250.000000  7.541136e-11
7270.000000  7.482515e-11
7290.000000  7.209894e-11
7310.000000  7.363871e-11
7330.000000  7.359161e-11
7350.000000  7.341385e-11
7370.000000  7.432115e-11
7390.000000  7.223784e-11
7410.000000  7.156126e-11
7430.000000  7.232111e-11
7450.000000  7.251535e-11
7470.000000  7.292656e-11
7490.000000  7.208044e-11
7510.000000  7.263719e-11
7530.000000  7.282402e-11
7550.000000  7.316128e-11
7570.000000  7.228400e-11
7590.000000  7.201969e-11
7610.000000  7.184387e-11
7630.000000  7.219165e-11
7650.000000  7.207651e-11
7670.000000  6.969824e-11
7690.000000  7.169943e-11
7710.000000  7.028096e-11
7730.000000  7.022429e-11
7750.000000  6.959825e-11
7770.000000  7.106724e-11
7790.000000  7.091165e-11
7810.000000  7.047066e-11
7830.000000  6.971841e-11
7850.000000  6.928049e-11
7870.000000  6.943658e-11
7890.000000  6.770137e-11
7910.000000  6.575621e-11
7930.000000  6.522033e-11
7950.000000  6.456848e-11
7970.000000  6.659529e-11
7990.000000  6.647553e-11
8010.000000  6.589947e-11
8030.000000  6.588170e-11
8050.000000  6.515496e-11
8070.000000  6.499836e-11
8090.000000  6.310820e-11
8110.000000  6.332167e-11
8130.000000  6.399485e-11
8150.000000  6.364088e-11
8170.000000  6.375105e-11
8190.000000  6.229464e-11
8210.000000  6.212411e-11
8230.000000  6.241116e-11
8250.000000  6.303277e-11
8270.000000  6.359277e-11
8290.000000  6.307265e-11
8310.000000  6.081450e-11
8330.000000  6.104929e-11
8350.000000  6.111145e-11
8370.000000  6.157539e-11
8390.000000  5.998201e-11
8410.000000  6.156841e-11
8430.000000  5.997856e-11
8450.000000  6.094517e-11
8470.000000  6.050752e-11
8490.000000  5.989175e-11
8510.000000  5.655537e-11
8530.000000  5.859364e-11
8550.000000  4.880663e-11
8570.000000  6.049967e-11
8590.000000  5.933221e-11
8610.000000  5.936331e-11
8630.000000  6.004101e-11
8650.000000  5.910893e-11
8670.000000  4.949858e-11
8690.000000  5.756056e-11
8710.000000  5.875343e-11
8730.000000  5.893042e-11
8750.000000  5.782835e-11
8770.000000  5.906930e-11
8790.000000  5.831697e-11
8810.000000  5.691798e-11
8830.000000  5.796399e-11
8850.000000  5.819867e-11
8870.000000  5.662052e-11
8890.000000  5.794302e-11
8910.000000  5.839711e-11
8930.000000  5.679345e-11
8950.000000  5.671014e-11
8970.000000  5.676717e-11
8990.000000  5.693954e-11
9010.000000  5.443789e-11
9030.000000  5.610647e-11
9050.000000  5.721245e-11
9070.000000  5.620019e-11
9090.000000  5.425130e-11
9110.000000  5.428118e-11
9130.000000  5.582007e-11
9150.000000  5.285727e-11
9170.000000  5.169074e-11
9190.000000  5.206816e-11
9210.000000  5.056648e-11
9230.000000  5.084727e-11
9250.000000  5.073929e-11
9270.000000  5.160972e-11
9290.000000  5.108001e-11
9310.000000  5.207715e-11
9330.000000  5.195757e-11
9350.000000  5.146618e-11
9370.000000  5.117271e-11
9390.000000  5.041319e-11
9410.000000  4.886988e-11
9430.000000  4.969723e-11
9450.000000  4.874203e-11
9470.000000  4.999318e-11
9490.000000  4.985968e-11
9510.000000  5.028308e-11
9530.000000  4.972764e-11
9550.000000  4.920280e-11
9570.000000  4.944430e-11
9590.000000  4.996588e-11
9610.000000  4.942240e-11
9630.000000  4.892563e-11
9650.000000  4.840114e-11
9670.000000  4.810255e-11
9690.000000  4.888418e-11
9710.000000  4.857288e-11
9730.000000  4.858099e-11
9750.000000  4.800775e-11
9770.000000  4.815566e-11
9790.000000  4.742451e-11
9810.000000  4.844832e-11
9830.000000  4.820453e-11
9850.000000  4.832015e-11
9870.000000  4.801699e-11
9890.000000  4.811250e-11
9910.000000  4.757399e-11
9930.000000  4.810989e-11
9950.000000  4.780396e-11
9970.000000  4.787952e-11
9990.000000  4.773437e-11
10025.000000  4.728436e-11
10075.000000  4.670571e-11
10125.000000  4.662992e-11
10175.000000  4.579423e-11
10225.000000  4.579591e-11
10275.000000  4.579782e-11
10325.000000  4.487820e-11
10375.000000  4.458164e-11
10425.000000  4.457194e-11
10475.000000  4.393134e-11
10525.000000  4.385823e-11
10575.000000  4.338987e-11
10625.000000  4.301472e-11
10675.000000  4.206559e-11
10725.000000  4.206028e-11
10775.000000  4.158082e-11
10825.000000  4.083341e-11
10875.000000  4.034669e-11
10925.000000  3.965085e-11
10975.000000  3.733324e-11
11025.000000  3.719451e-11
11075.000000  3.756041e-11
11125.000000  3.734918e-11
11175.000000  3.758735e-11
11225.000000  3.743203e-11
11275.000000  3.674051e-11
11325.000000  3.702667e-11
11375.000000  3.628143e-11
11425.000000  3.623493e-11
11475.000000  3.662981e-11
11525.000000  3.644249e-11
11575.000000  3.591965e-11
11625.000000  3.540701e-11
11675.000000  3.537452e-11
11725.000000  3.576734e-11
11775.000000  3.498081e-11
11825.000000  3.472694e-11
11875.000000  3.429074e-11
11925.000000  3.485531e-11
11975.000000  3.348289e-11
12025.000000  3.392664e-11
12075.000000  3.347639e-11
12125.000000  3.342776e-11
12175.000000  3.353137e-11
12225.000000  3.329751e-11
12275.000000  3.300677e-11
12325.000000  3.274770e-11
12375.000000  3.251997e-11
12425.000000  3.219465e-11
12475.000000  3.218949e-11
12525.000000  3.180644e-11
12575.000000  3.164267e-11
12625.000000  3.148500e-11
12675.000000  3.106361e-11
12725.000000  3.107111e-11
12775.000000  3.100607e-11
12825.000000  2.966510e-11
12875.000000  3.029232e-11
12925.000000  2.991902e-11
12975.000000  3.009177e-11
13025.000000  2.964257e-11
13075.000000  2.971249e-11
13125.000000  2.918002e-11
13175.000000  2.897436e-11
13225.000000  2.903254e-11
13275.000000  2.846308e-11
13325.000000  2.859228e-11
13375.000000  2.832500e-11
13425.000000  2.837824e-11
13475.000000  2.814336e-11
13525.000000  2.801569e-11
13575.000000  2.744077e-11
13625.000000  2.734071e-11
13675.000000  2.725056e-11
13725.000000  2.715542e-11
13775.000000  2.698319e-11
13825.000000  2.689949e-11
13875.000000  2.668196e-11
13925.000000  2.659277e-11
13975.000000  2.637754e-11
14025.000000  2.596036e-11
14075.000000  2.564133e-11
14125.000000  2.488715e-11
14175.000000  2.493516e-11
14225.000000  2.449852e-11
14275.000000  2.413498e-11
14325.000000  2.450240e-11
14375.000000  2.461872e-11
14425.000000  2.369794e-11
14475.000000  2.435838e-11
14525.000000  2.369889e-11
14570.000000  2.371862e-11
14620.000000  2.346851e-11
14675.000000  2.331002e-11
14725.000000  2.290139e-11
14775.000000  2.295701e-11
14825.000000  2.287150e-11
14875.000000  2.265502e-11
14925.000000  2.305413e-11
14975.000000  2.272407e-11
15025.000000  2.231671e-11
15075.000000  2.207440e-11
15125.000000  2.221256e-11
15175.000000  2.231113e-11
15225.000000  2.199001e-11
15275.000000  2.206494e-11
15325.000000  2.189335e-11
15375.000000  2.190397e-11
15425.000000  2.172577e-11
15475.000000  2.165953e-11
15525.000000  2.128673e-11
15575.000000  2.098312e-11
15625.000000  2.145585e-11
15675.000000  2.078151e-11
15725.000000  2.084822e-11
15775.000000  2.022489e-11
15825.000000  2.046726e-11
15875.000000  1.944844e-11
15925.000000  2.007671e-11
15975.000000  2.030630e-11
16050.000000  2.001023e-11
16150.000000  1.949835e-11
16250.000000  1.964110e-11
16350.000000  1.928671e-11
16450.000000  1.857323e-11
16550.000000  1.875591e-11
16650.000000  1.837149e-11
16750.000000  1.793552e-11
16850.000000  1.723274e-11
16950.000000  1.755467e-11
17050.000000  1.689812e-11
17150.000000  1.674999e-11
17250.000000  1.622633e-11
17350.000000  1.553058e-11
17450.000000  1.564607e-11
17550.000000  1.540218e-11
17650.000000  1.513554e-11
17750.000000  1.476416e-11
17850.000000  1.458844e-11
17950.000000  1.433150e-11
18050.000000  1.396476e-11
18150.000000  1.349628e-11
18250.000000  1.339528e-11
18350.000000  1.319256e-11
18450.000000  1.284412e-11
18550.000000  1.270331e-11
18650.000000  1.232132e-11
18750.000000  1.183917e-11
18850.000000  1.196146e-11
18950.000000  1.144594e-11
19050.000000  1.161176e-11
19150.000000  1.133926e-11
19250.000000  1.117647e-11
19350.000000  1.083989e-11
19450.000000  1.044458e-11
19550.000000  1.055848e-11
19650.000000  1.031484e-11
19750.000000  1.007120e-11
19850.000000  9.950469e-12
19950.000000  9.768689e-12
20050.000000  9.683151e-12
20150.000000  9.570192e-12
20250.000000  9.274642e-12
20350.000000  9.071603e-12
20450.000000  9.060252e-12
20550.000000  8.843808e-12
20650.000000  8.658956e-12
20750.000000  8.529302e-12
20850.000000  8.381630e-12
20950.000000  8.191049e-12
21050.000000  8.144343e-12
21150.000000  7.983011e-12
21250.000000  7.839212e-12
21350.000000  7.744142e-12
21450.000000  7.614196e-12
21550.000000  7.492326e-12
21650.000000  7.193824e-12
21750.000000  7.174383e-12
21850.000000  7.090206e-12
21950.000000  7.017204e-12
22050.000000  6.829645e-12
22150.000000  6.796528e-12
22250.000000  6.646438e-12
22350.000000  6.539422e-12
22450.000000  6.443757e-12
22550.000000  6.326825e-12
22650.000000  6.209877e-12
22750.000000  6.166594e-12
22850.000000  6.016384e-12
22950.000000  5.476337e-12
23050.000000  5.657122e-12
23150.000000  5.601541e-12
23250.000000  5.088105e-12
23350.000000  5.282095e-12
23450.000000  5.302507e-12
23550.000000  4.772838e-12
23650.000000  5.011371e-12
23750.000000  4.980176e-12
23850.000000  4.531775e-12
23950.000000  4.721036e-12
24050.000000  4.735160e-12
24150.000000  4.376264e-12
24250.000000  4.481081e-12
24350.000000  4.497957e-12
24450.000000  4.263856e-12
24550.000000  4.213156e-12
24650.000000  4.328253e-12
24750.000000  4.168287e-12
24850.000000  4.010804e-12
24950.000000  4.089713e-12
