2505.000000  9.509339e-15
2513.000000  5.138001e-15
2518.000000  3.342678e-15
2525.000000  4.222757e-15
2535.000000  1.954577e-14
2545.000000  2.427727e-14
2555.000000  5.437099e-14
2565.000000  2.521278e-14
2575.000000  4.847221e-14
2585.000000  3.261966e-14
2595.000000  3.627830e-14
2605.000000  4.615042e-14
2615.000000  3.943048e-14
2625.000000  6.694651e-14
2635.000000  1.651325e-13
2645.000000  1.804305e-13
2655.000000  3.932591e-13
2665.000000  2.178718e-13
2675.000000  1.858169e-13
2685.000000  2.925705e-13
2695.000000  1.381869e-13
2705.000000  2.814852e-13
2715.000000  1.660575e-13
2725.000000  9.135712e-14
2735.000000  1.330033e-13
2745.000000  1.284260e-13
2755.000000  1.559073e-13
2765.000000  2.414794e-13
2775.000000  2.854836e-13
2785.000000  1.498236e-13
2795.000000  6.922852e-14
2805.000000  8.710104e-14
2815.000000  2.199661e-13
2825.000000  2.620047e-13
2835.000000  1.886772e-13
2845.000000  8.375650e-14
2855.000000  2.129561e-14
2865.000000  1.481085e-13
2875.000000  2.698665e-13
2885.000000  4.503130e-13
2895.000000  7.241392e-13
2910.000000  1.126863e-12
2930.000000  1.134530e-12
2950.000000  9.538035e-13
2970.000000  9.651223e-13
2990.000000  9.565306e-13
3010.000000  7.952131e-13
3030.000000  1.223661e-12
3050.000000  1.330964e-12
3070.000000  2.037435e-12
3090.000000  2.203144e-12
3110.000000  3.351524e-12
3130.000000  2.692078e-12
3150.000000  3.426507e-12
3170.000000  4.267556e-12
3190.000000  3.444416e-12
3210.000000  3.758412e-12
3230.000000  2.908207e-12
3250.000000  5.010064e-12
3270.000000  6.593180e-12
3290.000000  6.990125e-12
3310.000000  5.720067e-12
3330.000000  5.965534e-12
3350.000000  5.325227e-12
3370.000000  3.451403e-12
3390.000000  4.045297e-12
3410.000000  4.775825e-12
3430.000000  5.688527e-12
3450.000000  5.531769e-12
3470.000000  5.927431e-12
3490.000000  7.353451e-12
3510.000000  8.178245e-12
3530.000000  6.670587e-12
3550.000000  8.073204e-12
3570.000000  4.056569e-12
3590.000000  4.868224e-12
3610.000000  7.685531e-12
3630.000000  9.299221e-12
3640.000000  9.957808e-12
3650.000000  1.110347e-11
3670.000000  1.256125e-11
3690.000000  1.132512e-11
3710.000000  1.145945e-11
3730.000000  5.357363e-12
3750.000000  6.551775e-12
3770.000000  9.904041e-12
3790.000000  9.905133e-12
3810.000000  8.424939e-12
3830.000000  3.943696e-12
3850.000000  4.821563e-12
3870.000000  5.365115e-12
3890.000000  9.681977e-12
3910.000000  1.232719e-11
3930.000000  4.189111e-12
3950.000000  9.380163e-12
3970.000000  5.736172e-12
3990.000000  1.817353e-11
4010.000000  2.200810e-11
4030.000000  2.060245e-11
4050.000000  1.960818e-11
4070.000000  1.815935e-11
4090.000000  2.377720e-11
4110.000000  2.178798e-11
4130.000000  1.937693e-11
4150.000000  1.723008e-11
4170.000000  1.773940e-11
4190.000000  1.859344e-11
4210.000000  2.050175e-11
4230.000000  2.155018e-11
4250.000000  2.397398e-11
4270.000000  2.236445e-11
4290.000000  2.034995e-11
4310.000000  1.778409e-11
4330.000000  2.790267e-11
4350.000000  2.790284e-11
4370.000000  3.008762e-11
4390.000000  2.653464e-11
4410.000000  2.891114e-11
4430.000000  3.181987e-11
4450.000000  3.257270e-11
4470.000000  3.552978e-11
4490.000000  3.701292e-11
4510.000000  4.312016e-11
4530.000000  3.719049e-11
4550.000000  3.898727e-11
4570.000000  4.258093e-11
4590.000000  4.150504e-11
4610.000000  4.319623e-11
4630.000000  4.206902e-11
4650.000000  4.282823e-11
4670.000000  4.496802e-11
4690.000000  4.425707e-11
4710.000000  4.316192e-11
4730.000000  4.486026e-11
4750.000000  4.702933e-11
4770.000000  4.733533e-11
4790.000000  4.718961e-11
4810.000000  4.742280e-11
4830.000000  4.911169e-11
4850.000000  4.690440e-11
4870.000000  4.408449e-11
4890.000000  4.811418e-11
4910.000000  4.799238e-11
4930.000000  4.691610e-11
4950.000000  5.031488e-11
4970.000000  4.899941e-11
4990.000000  4.519849e-11
5010.000000  4.254979e-11
5030.000000  4.528382e-11
5050.000000  4.509541e-11
5070.000000  4.710657e-11
5090.000000  4.342690e-11
5110.000000  4.480748e-11
5130.000000  4.274949e-11
5150.000000  4.131906e-11
5170.000000  3.760381e-11
5190.000000  4.053854e-11
5210.000000  4.376907e-11
5230.000000  4.839405e-11
5250.000000  5.030078e-11
5270.000000  4.449822e-11
5290.000000  5.154220e-11
5310.000000  5.560621e-11
5330.000000  4.837630e-11
5350.000000  5.364696e-11
5370.000000  5.423280e-11
5390.000000  5.180084e-11
5410.000000  5.144810e-11
5430.000000  5.201338e-11
5450.000000  5.539637e-11
5470.000000  5.338231e-11
5490.000000  5.275479e-11
5510.000000  5.248599e-11
5530.000000  5.475958e-11
5550.000000  5.618195e-11
5570.000000  5.489814e-11
5590.000000  5.313831e-11
5610.000000  5.635365e-11
5630.000000  5.535032e-11
5650.000000  5.584632e-11
5670.000000  5.440521e-11
5690.000000  5.647247e-11
5710.000000  5.388455e-11
5730.000000  5.937597e-11
5750.000000  5.699331e-11
5770.000000  5.823074e-11
5790.000000  5.491970e-11
5810.000000  5.826253e-11
5830.000000  6.041012e-11
5850.000000  5.832360e-11
5870.000000  5.866618e-11
5890.000000  5.019953e-11
5910.000000  5.776170e-11
5930.000000  5.808510e-11
5950.000000  5.806546e-11
5970.000000  5.955018e-11
5990.000000  5.826095e-11
6010.000000  5.715160e-11
6030.000000  5.880028e-11
6050.000000  5.993539e-11
6070.000000  5.953372e-11
6090.000000  5.682031e-11
6110.000000  5.729461e-11
6130.000000  5.382899e-11
6150.000000  5.609126e-11
6170.000000  5.364416e-11
6190.000000  5.738915e-11
6210.000000  5.685940e-11
6230.000000  5.499593e-11
6250.000000  5.280495e-11
6270.000000  5.543334e-11
6290.000000  5.666526e-11
6310.000000  5.492005e-11
6330.000000  5.579804e-11
6350.000000  5.582789e-11
6370.000000  5.546394e-11
6390.000000  5.666381e-11
6410.000000  5.563108e-11
6430.000000  5.616948e-11
6450.000000  5.601376e-11
6470.000000  5.595321e-11
6490.000000  5.441026e-11
6510.000000  5.614135e-11
6530.000000  5.652578e-11
6550.000000  5.569122e-11
6570.000000  5.454349e-11
6590.000000  5.613856e-11
6610.000000  5.647692e-11
6630.000000  5.621384e-11
6650.000000  5.613641e-11
6670.000000  5.510522e-11
6690.000000  5.683592e-11
6710.000000  5.466667e-11
6730.000000  5.688535e-11
6750.000000  5.563965e-11
6770.000000  5.612572e-11
6790.000000  5.569291e-11
6810.000000  5.553333e-11
6830.000000  5.632271e-11
6850.000000  5.461955e-11
6870.000000  5.538941e-11
6890.000000  5.604643e-11
6910.000000  5.551967e-11
6930.000000  5.464856e-11
6950.000000  5.368009e-11
6970.000000  5.413940e-11
6990.000000  5.344186e-11
7010.000000  5.216157e-11
7030.000000  5.341772e-11
7050.000000  5.418586e-11
7070.000000  5.304871e-11
7090.000000  5.273208e-11
7110.000000  5.234002e-11
7130.000000  5.123509e-11
7150.000000  5.109394e-11
7170.000000  5.192996e-11
7190.000000  5.017767e-11
7210.000000  5.144770e-11
7230.000000  5.250153e-11
7250.000000  5.223368e-11
7270.000000  5.193787e-11
7290.000000  5.038825e-11
7310.000000  5.132041e-11
7330.000000  5.119099e-11
7350.000000  5.100333e-11
7370.000000  5.211620e-11
7390.000000  5.098058e-11
7410.000000  5.064473e-11
7430.000000  5.129365e-11
7450.000000  5.128318e-11
7470.000000  5.137238e-11
7490.000000  5.092848e-11
7510.000000  5.159693e-11
7530.000000  5.187921e-11
7550.000000  5.214241e-11
7570.000000  5.162433e-11
7590.000000  5.134579e-11
7610.000000  5.140805e-11
7630.000000  5.166188e-11
7650.000000  5.172224e-11
7670.000000  4.990679e-11
7690.000000  5.161155e-11
7710.000000  5.047549e-11
7730.000000  5.060363e-11
7750.000000  5.025943e-11
7770.000000  5.147571e-11
7790.000000  5.125257e-11
7810.000000  5.109988e-11
7830.000000  5.057000e-11
7850.000000  5.018124e-11
7870.000000  5.020130e-11
7890.000000  4.842990e-11
7910.000000  4.700562e-11
7930.000000  4.699669e-11
7950.000000  4.622873e-11
7970.000000  4.806363e-11
7990.000000  4.788937e-11
8010.000000  4.777543e-11
8030.000000  4.790427e-11
8050.000000  4.734358e-11
8070.000000  4.692595e-11
8090.000000  4.564334e-11
8110.000000  4.546798e-11
8130.000000  4.620512e-11
8150.000000  4.617393e-11
8170.000000  4.632046e-11
8190.000000  4.539840e-11
8210.000000  4.538293e-11
8230.000000  4.591739e-11
8250.000000  4.628565e-11
8270.000000  4.674870e-11
8290.000000  4.633942e-11
8310.000000  4.451896e-11
8330.000000  4.472172e-11
8350.000000  4.482042e-11
8370.000000  4.527812e-11
8390.000000  4.362883e-11
8410.000000  4.542721e-11
8430.000000  4.410537e-11
8450.000000  4.520557e-11
8470.000000  4.499080e-11
8490.000000  4.479654e-11
8510.000000  4.250382e-11
8530.000000  4.405989e-11
8550.000000  3.751185e-11
8570.000000  4.524829e-11
8590.000000  4.462649e-11
8610.000000  4.470859e-11
8630.000000  4.503794e-11
8650.000000  4.469915e-11
8670.000000  3.808333e-11
8690.000000  4.310023e-11
8710.000000  4.435529e-11
8730.000000  4.450360e-11
8750.000000  4.414217e-11
8770.000000  4.460403e-11
8790.000000  4.426511e-11
8810.000000  4.305424e-11
8830.000000  4.379487e-11
8850.000000  4.429949e-11
8870.000000  4.351995e-11
8890.000000  4.420325e-11
8910.000000  4.455995e-11
8930.000000  4.341942e-11
8950.000000  4.326666e-11
8970.000000  4.337489e-11
8990.000000  4.354799e-11
9010.000000  4.188863e-11
9030.000000  4.299389e-11
9050.000000  4.386454e-11
9070.000000  4.346268e-11
9090.000000  4.191039e-11
9110.000000  4.172208e-11
9130.000000  4.283332e-11
9150.000000  4.000674e-11
9170.000000  3.895933e-11
9190.000000  3.939559e-11
9210.000000  3.845095e-11
9230.000000  3.915021e-11
9250.000000  3.887740e-11
9270.000000  3.948253e-11
9290.000000  3.894576e-11
9310.000000  4.001038e-11
9330.000000  4.003564e-11
9350.000000  3.955519e-11
9370.000000  3.926816e-11
9390.000000  3.862503e-11
9410.000000  3.775463e-11
9430.000000  3.817308e-11
9450.000000  3.736306e-11
9470.000000  3.847385e-11
9490.000000  3.827477e-11
9510.000000  3.891944e-11
9530.000000  3.853183e-11
9550.000000  3.829928e-11
9570.000000  3.834199e-11
9590.000000  3.885052e-11
9610.000000  3.838431e-11
9630.000000  3.820002e-11
9650.000000  3.740831e-11
9670.000000  3.727509e-11
9690.000000  3.803349e-11
9710.000000  3.772028e-11
9730.000000  3.767613e-11
9750.000000  3.747306e-11
9770.000000  3.763475e-11
9790.000000  3.684746e-11
9810.000000  3.801240e-11
9830.000000  3.776102e-11
9850.000000  3.806580e-11
9870.000000  3.790518e-11
9890.000000  3.806584e-11
9910.000000  3.762998e-11
9930.000000  3.798966e-11
9950.000000  3.771897e-11
9970.000000  3.790136e-11
9990.000000  3.784516e-11
10025.000000  3.749951e-11
10075.000000  3.718159e-11
10125.000000  3.721562e-11
10175.000000  3.667551e-11
10225.000000  3.671833e-11
10275.000000  3.677132e-11
10325.000000  3.608931e-11
10375.000000  3.588230e-11
10425.000000  3.599394e-11
10475.000000  3.562306e-11
10525.000000  3.559342e-11
10575.000000  3.521632e-11
10625.000000  3.502520e-11
10675.000000  3.439777e-11
10725.000000  3.438541e-11
10775.000000  3.404642e-11
10825.000000  3.348639e-11
10875.000000  3.306403e-11
10925.000000  3.245168e-11
10975.000000  3.027203e-11
11025.000000  3.013173e-11
11075.000000  3.060933e-11
11125.000000  3.054508e-11
11175.000000  3.090584e-11
11225.000000  3.080007e-11
11275.000000  3.033783e-11
11325.000000  3.062547e-11
11375.000000  2.993470e-11
11425.000000  3.008334e-11
11475.000000  3.042292e-11
11525.000000  3.036291e-11
11575.000000  3.000973e-11
11625.000000  2.960249e-11
11675.000000  2.967574e-11
11725.000000  3.003864e-11
11775.000000  2.946375e-11
11825.000000  2.926936e-11
11875.000000  2.892540e-11
11925.000000  2.944863e-11
11975.000000  2.827986e-11
12025.000000  2.879396e-11
12075.000000  2.849231e-11
12125.000000  2.854310e-11
12175.000000  2.860890e-11
12225.000000  2.846235e-11
12275.000000  2.827584e-11
12325.000000  2.805159e-11
12375.000000  2.792880e-11
12425.000000  2.768639e-11
12475.000000  2.772908e-11
12525.000000  2.743868e-11
12575.000000  2.738964e-11
12625.000000  2.727683e-11
12675.000000  2.696533e-11
12725.000000  2.698747e-11
12775.000000  2.698512e-11
12825.000000  2.609041e-11
12875.000000  2.645155e-11
12925.000000  2.611854e-11
12975.000000  2.637558e-11
13025.000000  2.605490e-11
13075.000000  2.615923e-11
13125.000000  2.569279e-11
13175.000000  2.559898e-11
13225.000000  2.566240e-11
13275.000000  2.521247e-11
13325.000000  2.539073e-11
13375.000000  2.521455e-11
13425.000000  2.530944e-11
13475.000000  2.515275e-11
13525.000000  2.507984e-11
13575.000000  2.463755e-11
13625.000000  2.452946e-11
13675.000000  2.456851e-11
13725.000000  2.460020e-11
13775.000000  2.443402e-11
13825.000000  2.441854e-11
13875.000000  2.417457e-11
13925.000000  2.410528e-11
13975.000000  2.395292e-11
14025.000000  2.363522e-11
14075.000000  2.321959e-11
14125.000000  2.246206e-11
14175.000000  2.248702e-11
14225.000000  2.226880e-11
14275.000000  2.193631e-11
14325.000000  2.237031e-11
14375.000000  2.251976e-11
14425.000000  2.184497e-11
14475.000000  2.251867e-11
14525.000000  2.188231e-11
14570.000000  2.185030e-11
14620.000000  2.158861e-11
14675.000000  2.143447e-11
14725.000000  2.118227e-11
14775.000000  2.136043e-11
14825.000000  2.133302e-11
14875.000000  2.122753e-11
14925.000000  2.164169e-11
14975.000000  2.145138e-11
15025.000000  2.096855e-11
15075.000000  2.087497e-11
15125.000000  2.099699e-11
15175.000000  2.116444e-11
15225.000000  2.100119e-11
15275.000000  2.104946e-11
15325.000000  2.103725e-11
15375.000000  2.109338e-11
15425.000000  2.098572e-11
15475.000000  2.101249e-11
15525.000000  2.063879e-11
15575.000000  2.039398e-11
15625.000000  2.085742e-11
15675.000000  2.035748e-11
15725.000000  2.049112e-11
15775.000000  1.966876e-11
15825.000000  2.005750e-11
15875.000000  1.934238e-11
15925.000000  1.984945e-11
15975.000000  1.999699e-11
16050.000000  1.981342e-11
16150.000000  1.954594e-11
16250.000000  1.953372e-11
16350.000000  1.942648e-11
16450.000000  1.871429e-11
16550.000000  1.890981e-11
16650.000000  1.839592e-11
16750.000000  1.812145e-11
16850.000000  1.750069e-11
16950.000000  1.773802e-11
17050.000000  1.707122e-11
17150.000000  1.692084e-11
17250.000000  1.645927e-11
17350.000000  1.591447e-11
17450.000000  1.591904e-11
17550.000000  1.562120e-11
17650.000000  1.539343e-11
17750.000000  1.500051e-11
17850.000000  1.484546e-11
17950.000000  1.458999e-11
18050.000000  1.419194e-11
18150.000000  1.390329e-11
18250.000000  1.366848e-11
18350.000000  1.343421e-11
18450.000000  1.308164e-11
18550.000000  1.295554e-11
18650.000000  1.257394e-11
18750.000000  1.222828e-11
18850.000000  1.221606e-11
18950.000000  1.168950e-11
19050.000000  1.185742e-11
19150.000000  1.158087e-11
19250.000000  1.143219e-11
19350.000000  1.107049e-11
19450.000000  1.078014e-11
19550.000000  1.079538e-11
19650.000000  1.052759e-11
19750.000000  1.023917e-11
19850.000000  1.012716e-11
19950.000000  9.944232e-12
20050.000000  9.892308e-12
20150.000000  9.770659e-12
20250.000000  9.459138e-12
20350.000000  9.284792e-12
20450.000000  9.255653e-12
20550.000000  9.020067e-12
20650.000000  8.836764e-12
20750.000000  8.708881e-12
20850.000000  8.561685e-12
20950.000000  8.361603e-12
21050.000000  8.324582e-12
21150.000000  8.171034e-12
21250.000000  8.019625e-12
21350.000000  7.931242e-12
21450.000000  7.786245e-12
21550.000000  7.669964e-12
21650.000000  7.447140e-12
21750.000000  7.347988e-12
21850.000000  7.264963e-12
21950.000000  7.185923e-12
22050.000000  6.981354e-12
22150.000000  6.982438e-12
22250.000000  6.792052e-12
22350.000000  6.696638e-12
22450.000000  6.601139e-12
22550.000000  6.503885e-12
22650.000000  6.365366e-12
22750.000000  6.336142e-12
22850.000000  6.177017e-12
22950.000000  5.439436e-12
23050.000000  5.720942e-12
23150.000000  5.671305e-12
23250.000000  5.017736e-12
23350.000000  5.290947e-12
23450.000000  5.302829e-12
23550.000000  4.661724e-12
23650.000000  4.989791e-12
23750.000000  4.943300e-12
23850.000000  4.422545e-12
23950.000000  4.681658e-12
24050.000000  4.709226e-12
24150.000000  4.283306e-12
24250.000000  4.447836e-12
24350.000000  4.481558e-12
24450.000000  4.202240e-12
24550.000000  4.167735e-12
24650.000000  4.317733e-12
24750.000000  4.141851e-12
24850.000000  3.952489e-12
24950.000000  4.078524e-12
