2505.000000  6.667830e-14
2513.000000  4.106376e-14
2518.000000  2.808266e-14
2525.000000  3.147182e-14
2535.000000  9.563856e-14
2545.000000  1.170383e-13
2555.000000  3.042116e-13
2565.000000  1.671329e-13
2575.000000  2.669130e-13
2585.000000  2.170943e-13
2595.000000  2.102957e-13
2605.000000  2.363912e-13
2615.000000  2.171518e-13
2625.000000  3.182844e-13
2635.000000  7.534852e-13
2645.000000  9.483445e-13
2655.000000  1.958706e-12
2665.000000  1.039392e-12
2675.000000  9.359536e-13
2685.000000  1.425474e-12
2695.000000  7.608680e-13
2705.000000  1.323846e-12
2715.000000  7.806070e-13
2725.000000  4.137469e-13
2735.000000  6.291695e-13
2745.000000  5.023504e-13
2755.000000  6.594203e-13
2765.000000  9.655373e-13
2775.000000  1.070097e-12
2785.000000  6.067914e-13
2795.000000  2.419698e-13
2805.000000  3.103580e-13
2815.000000  8.691887e-13
2825.000000  1.133165e-12
2835.000000  8.269626e-13
2845.000000  3.921568e-13
2855.000000  1.232282e-13
2865.000000  6.229087e-13
2875.000000  1.277300e-12
2885.000000  1.842398e-12
2895.000000  2.894457e-12
2910.000000  4.429880e-12
2930.000000  4.309897e-12
2950.000000  3.717939e-12
2970.000000  3.783593e-12
2990.000000  3.746039e-12
3010.000000  3.089428e-12
3030.000000  4.531882e-12
3050.000000  4.797504e-12
3070.000000  6.620877e-12
3090.000000  6.917399e-12
3110.000000  9.752979e-12
3130.000000  7.919403e-12
3150.000000  9.474884e-12
3170.000000  1.139531e-11
3190.000000  9.295032e-12
3210.000000  1.008402e-11
3230.000000  7.777845e-12
3250.000000  1.319093e-11
3270.000000  1.690041e-11
3290.000000  1.726304e-11
3310.000000  1.444768e-11
3330.000000  1.511772e-11
3350.000000  1.363828e-11
3370.000000  9.095494e-12
3390.000000  1.062377e-11
3410.000000  1.210935e-11
3430.000000  1.386855e-11
3450.000000  1.412284e-11
3470.000000  1.502457e-11
3490.000000  1.808925e-11
3510.000000  1.959725e-11
3530.000000  1.604708e-11
3550.000000  1.863583e-11
3570.000000  9.744441e-12
3590.000000  1.212094e-11
3610.000000  1.846130e-11
3630.000000  2.128463e-11
3640.000000  2.226015e-11
3650.000000  2.539187e-11
3670.000000  2.792013e-11
3690.000000  2.542603e-11
3710.000000  2.674241e-11
3730.000000  1.358659e-11
3750.000000  1.618705e-11
3770.000000  2.259063e-11
3790.000000  2.212261e-11
3810.000000  1.890912e-11
3830.000000  9.142937e-12
3850.000000  1.057110e-11
3870.000000  1.212165e-11
3890.000000  2.260912e-11
3910.000000  2.868320e-11
3930.000000  1.074828e-11
3950.000000  2.271738e-11
3970.000000  1.431553e-11
3990.000000  4.054555e-11
4010.000000  4.698461e-11
4030.000000  4.469529e-11
4050.000000  4.194739e-11
4070.000000  3.907753e-11
4090.000000  5.038168e-11
4110.000000  4.814890e-11
4130.000000  4.184881e-11
4150.000000  3.757729e-11
4170.000000  3.867147e-11
4190.000000  3.987752e-11
4210.000000  4.453860e-11
4230.000000  4.737978e-11
4250.000000  5.053967e-11
4270.000000  4.682001e-11
4290.000000  4.226125e-11
4310.000000  3.606452e-11
4330.000000  5.685884e-11
4350.000000  5.607227e-11
4370.000000  6.090665e-11
4390.000000  5.363574e-11
4410.000000  5.884386e-11
4430.000000  6.423309e-11
4450.000000  6.548169e-11
4470.000000  7.126039e-11
4490.000000  7.351805e-11
4510.000000  8.538246e-11
4530.000000  7.408472e-11
4550.000000  7.724475e-11
4570.000000  8.422594e-11
4590.000000  8.134741e-11
4610.000000  8.433985e-11
4630.000000  8.169347e-11
4650.000000  8.338097e-11
4670.000000  8.693498e-11
4690.000000  8.533428e-11
4710.000000  8.301306e-11
4730.000000  8.681109e-11
4750.000000  9.126653e-11
4770.000000  9.221309e-11
4790.000000  9.195257e-11
4810.000000  9.115687e-11
4830.000000  9.470384e-11
4850.000000  8.938457e-11
4870.000000  8.317992e-11
4890.000000  9.148494e-11
4910.000000  9.102639e-11
4930.000000  8.926043e-11
4950.000000  9.582650e-11
4970.000000  9.332106e-11
4990.000000  8.599268e-11
5010.000000  8.113695e-11
5030.000000  8.638157e-11
5050.000000  8.666687e-11
5070.000000  9.088355e-11
5090.000000  8.404164e-11
5110.000000  8.666669e-11
5130.000000  8.286209e-11
5150.000000  8.004206e-11
5170.000000  7.213692e-11
5190.000000  7.710707e-11
5210.000000  8.439655e-11
5230.000000  9.017929e-11
5250.000000  9.374146e-11
5270.000000  8.240016e-11
5290.000000  9.549280e-11
5310.000000  1.025650e-10
5330.000000  8.898342e-11
5350.000000  9.879750e-11
5370.000000  9.981515e-11
5390.000000  9.570741e-11
5410.000000  9.431292e-11
5430.000000  9.591326e-11
5450.000000  1.020707e-10
5470.000000  9.791944e-11
5490.000000  9.652724e-11
5510.000000  9.622229e-11
5530.000000  9.973547e-11
5550.000000  1.022124e-10
5570.000000  9.981835e-11
5590.000000  9.655135e-11
5610.000000  1.025018e-10
5630.000000  1.004674e-10
5650.000000  1.011309e-10
5670.000000  9.847005e-11
5690.000000  1.019988e-10
5710.000000  9.785857e-11
5730.000000  1.078904e-10
5750.000000  1.029914e-10
5770.000000  1.051208e-10
5790.000000  9.915326e-11
5810.000000  1.050081e-10
5830.000000  1.087339e-10
5850.000000  1.049854e-10
5870.000000  1.055488e-10
5890.000000  9.201931e-11
5910.000000  1.038996e-10
5930.000000  1.042822e-10
5950.000000  1.043885e-10
5970.000000  1.065603e-10
5990.000000  1.042653e-10
6010.000000  1.021854e-10
6030.000000  1.048707e-10
6050.000000  1.069103e-10
6070.000000  1.063290e-10
6090.000000  1.011283e-10
6110.000000  1.017078e-10
6130.000000  9.586982e-11
6150.000000  9.945559e-11
6170.000000  9.517695e-11
6190.000000  1.019964e-10
6210.000000  1.015129e-10
6230.000000  9.787520e-11
6250.000000  9.414948e-11
6270.000000  9.907313e-11
6290.000000  1.008380e-10
6310.000000  9.726457e-11
6330.000000  9.854274e-11
6350.000000  9.834782e-11
6370.000000  9.763230e-11
6390.000000  1.000270e-10
6410.000000  9.793140e-11
6430.000000  9.897494e-11
6450.000000  9.845152e-11
6470.000000  9.822857e-11
6490.000000  9.571425e-11
6510.000000  9.869803e-11
6530.000000  9.906452e-11
6550.000000  9.769260e-11
6570.000000  9.452484e-11
6590.000000  9.816314e-11
6610.000000  9.889330e-11
6630.000000  9.803915e-11
6650.000000  9.796847e-11
6670.000000  9.611159e-11
6690.000000  9.905225e-11
6710.000000  9.527265e-11
6730.000000  9.888665e-11
6750.000000  9.686630e-11
6770.000000  9.747788e-11
6790.000000  9.656835e-11
6810.000000  9.622870e-11
6830.000000  9.754318e-11
6850.000000  9.430573e-11
6870.000000  9.585711e-11
6890.000000  9.676053e-11
6910.000000  9.578285e-11
6930.000000  9.441640e-11
6950.000000  9.302428e-11
6970.000000  9.352755e-11
6990.000000  9.250632e-11
7010.000000  8.965887e-11
7030.000000  9.192166e-11
7050.000000  9.325328e-11
7070.000000  9.142324e-11
7090.000000  9.090142e-11
7110.000000  9.049731e-11
7130.000000  8.841886e-11
7150.000000  8.811216e-11
7170.000000  8.910053e-11
7190.000000  8.585899e-11
7210.000000  8.837584e-11
7230.000000  8.967392e-11
7250.000000  8.953255e-11
7270.000000  8.887941e-11
7290.000000  8.578962e-11
7310.000000  8.760564e-11
7330.000000  8.738832e-11
7350.000000  8.712902e-11
7370.000000  8.869953e-11
7390.000000  8.642164e-11
7410.000000  8.585213e-11
7430.000000  8.688387e-11
7450.000000  8.690002e-11
7470.000000  8.726236e-11
7490.000000  8.631939e-11
7510.000000  8.730708e-11
7530.000000  8.772997e-11
7550.000000  8.813496e-11
7570.000000  8.712693e-11
7590.000000  8.671933e-11
7610.000000  8.663454e-11
7630.000000  8.717634e-11
7650.000000  8.719268e-11
7670.000000  8.406424e-11
7690.000000  8.687566e-11
7710.000000  8.507671e-11
7730.000000  8.509383e-11
7750.000000  8.441816e-11
7770.000000  8.650424e-11
7790.000000  8.617741e-11
7810.000000  8.570915e-11
7830.000000  8.479068e-11
7850.000000  8.422737e-11
7870.000000  8.431865e-11
7890.000000  8.166778e-11
7910.000000  7.921213e-11
7930.000000  7.885087e-11
7950.000000  7.770180e-11
7970.000000  8.064396e-11
7990.000000  8.039725e-11
8010.000000  7.996781e-11
8030.000000  8.010762e-11
8050.000000  7.917755e-11
8070.000000  7.871196e-11
8090.000000  7.634234e-11
8110.000000  7.623126e-11
8130.000000  7.737076e-11
8150.000000  7.713754e-11
8170.000000  7.734618e-11
8190.000000  7.563614e-11
8210.000000  7.557793e-11
8230.000000  7.622338e-11
8250.000000  7.699779e-11
8270.000000  7.773001e-11
8290.000000  7.702850e-11
8310.000000  7.393057e-11
8330.000000  7.430804e-11
8350.000000  7.439679e-11
8370.000000  7.519201e-11
8390.000000  7.271062e-11
8410.000000  7.536995e-11
8430.000000  7.322176e-11
8450.000000  7.477536e-11
8470.000000  7.434151e-11
8490.000000  7.396853e-11
8510.000000  7.009451e-11
8530.000000  7.254399e-11
8550.000000  6.142405e-11
8570.000000  7.461474e-11
8590.000000  7.334375e-11
8610.000000  7.349505e-11
8630.000000  7.414671e-11
8650.000000  7.341470e-11
8670.000000  6.225528e-11
8690.000000  7.085723e-11
8710.000000  7.270691e-11
8730.000000  7.298301e-11
8750.000000  7.218866e-11
8770.000000  7.318461e-11
8790.000000  7.242340e-11
8810.000000  7.036097e-11
8830.000000  7.179187e-11
8850.000000  7.248524e-11
8870.000000  7.093162e-11
8890.000000  7.223106e-11
8910.000000  7.287450e-11
8930.000000  7.080633e-11
8950.000000  7.065119e-11
8970.000000  7.077352e-11
8990.000000  7.103247e-11
9010.000000  6.813802e-11
9030.000000  7.007056e-11
9050.000000  7.156614e-11
9070.000000  7.066663e-11
9090.000000  6.809678e-11
9110.000000  6.782788e-11
9130.000000  6.983355e-11
9150.000000  6.539252e-11
9170.000000  6.376292e-11
9190.000000  6.442931e-11
9210.000000  6.264284e-11
9230.000000  6.362078e-11
9250.000000  6.321110e-11
9270.000000  6.424879e-11
9290.000000  6.340124e-11
9310.000000  6.502480e-11
9330.000000  6.495411e-11
9350.000000  6.424777e-11
9370.000000  6.383059e-11
9390.000000  6.274772e-11
9410.000000  6.102672e-11
9430.000000  6.193029e-11
9450.000000  6.054596e-11
9470.000000  6.237036e-11
9490.000000  6.210677e-11
9510.000000  6.296157e-11
9530.000000  6.229965e-11
9550.000000  6.186301e-11
9570.000000  6.193608e-11
9590.000000  6.276802e-11
9610.000000  6.201891e-11
9630.000000  6.155218e-11
9650.000000  6.051041e-11
9670.000000  6.023850e-11
9690.000000  6.142046e-11
9710.000000  6.090454e-11
9730.000000  6.088098e-11
9750.000000  6.037384e-11
9770.000000  6.059783e-11
9790.000000  5.944024e-11
9810.000000  6.111923e-11
9830.000000  6.071719e-11
9850.000000  6.112325e-11
9870.000000  6.081572e-11
9890.000000  6.106054e-11
9910.000000  6.030745e-11
9930.000000  6.097491e-11
9950.000000  6.052275e-11
9970.000000  6.076271e-11
9990.000000  6.062163e-11
10025.000000  6.008614e-11
10075.000000  5.948227e-11
10125.000000  5.947993e-11
10175.000000  5.850358e-11
10225.000000  5.853708e-11
10275.000000  5.859131e-11
10325.000000  5.746880e-11
10375.000000  5.709487e-11
10425.000000  5.720633e-11
10475.000000  5.653520e-11
10525.000000  5.645659e-11
10575.000000  5.584008e-11
10625.000000  5.545771e-11
10675.000000  5.435453e-11
10725.000000  5.431623e-11
10775.000000  5.373314e-11
10825.000000  5.274044e-11
10875.000000  5.209748e-11
10925.000000  5.122124e-11
10975.000000  4.777978e-11
11025.000000  4.759212e-11
11075.000000  4.826008e-11
11125.000000  4.809080e-11
11175.000000  4.856536e-11
11225.000000  4.837010e-11
11275.000000  4.753899e-11
11325.000000  4.800122e-11
11375.000000  4.691758e-11
11425.000000  4.706371e-11
11475.000000  4.760016e-11
11525.000000  4.744691e-11
11575.000000  4.681430e-11
11625.000000  4.618903e-11
11675.000000  4.623636e-11
11725.000000  4.678966e-11
11775.000000  4.585023e-11
11825.000000  4.545999e-11
11875.000000  4.494177e-11
11925.000000  4.574533e-11
11975.000000  4.382378e-11
12025.000000  4.458360e-11
12075.000000  4.402545e-11
12125.000000  4.410518e-11
12175.000000  4.424708e-11
12225.000000  4.398287e-11
12275.000000  4.364246e-11
12325.000000  4.327712e-11
12375.000000  4.305255e-11
12425.000000  4.261293e-11
12475.000000  4.269576e-11
12525.000000  4.219402e-11
12575.000000  4.206939e-11
12625.000000  4.188390e-11
12675.000000  4.132497e-11
12725.000000  4.136758e-11
12775.000000  4.136902e-11
12825.000000  3.976950e-11
12875.000000  4.043918e-11
12925.000000  3.990142e-11
12975.000000  4.025426e-11
13025.000000  3.967464e-11
13075.000000  3.986000e-11
13125.000000  3.908721e-11
13175.000000  3.890511e-11
13225.000000  3.900447e-11
13275.000000  3.824681e-11
13325.000000  3.850684e-11
13375.000000  3.817362e-11
13425.000000  3.831350e-11
13475.000000  3.802251e-11
13525.000000  3.790196e-11
13575.000000  3.713930e-11
13625.000000  3.700594e-11
13675.000000  3.697217e-11
13725.000000  3.698794e-11
13775.000000  3.671445e-11
13825.000000  3.664740e-11
13875.000000  3.631161e-11
13925.000000  3.622796e-11
13975.000000  3.594394e-11
14025.000000  3.540455e-11
14075.000000  3.486111e-11
14125.000000  3.369991e-11
14175.000000  3.379085e-11
14225.000000  3.330324e-11
14275.000000  3.273702e-11
14325.000000  3.338686e-11
14375.000000  3.359041e-11
14425.000000  3.243867e-11
14475.000000  3.342301e-11
14525.000000  3.247562e-11
14570.000000  3.245250e-11
14620.000000  3.209789e-11
14675.000000  3.184346e-11
14725.000000  3.135206e-11
14775.000000  3.155544e-11
14825.000000  3.146061e-11
14875.000000  3.119637e-11
14925.000000  3.185566e-11
14975.000000  3.146954e-11
15025.000000  3.072323e-11
15075.000000  3.055286e-11
15125.000000  3.077070e-11
15175.000000  3.097317e-11
15225.000000  3.060645e-11
15275.000000  3.074277e-11
15325.000000  3.060670e-11
15375.000000  3.066455e-11
15425.000000  3.049950e-11
15475.000000  3.042078e-11
15525.000000  2.985422e-11
15575.000000  2.953915e-11
15625.000000  3.017403e-11
15675.000000  2.927724e-11
15725.000000  2.952283e-11
15775.000000  2.833027e-11
15825.000000  2.884330e-11
15875.000000  2.765399e-11
15925.000000  2.837036e-11
15975.000000  2.869192e-11
16050.000000  2.836489e-11
16150.000000  2.783786e-11
16250.000000  2.790407e-11
16350.000000  2.757352e-11
16450.000000  2.661991e-11
16550.000000  2.683902e-11
16650.000000  2.620520e-11
16750.000000  2.568763e-11
16850.000000  2.478963e-11
16950.000000  2.516566e-11
17050.000000  2.420695e-11
17150.000000  2.399079e-11
17250.000000  2.328338e-11
17350.000000  2.244277e-11
17450.000000  2.249987e-11
17550.000000  2.211246e-11
17650.000000  2.177288e-11
17750.000000  2.120499e-11
17850.000000  2.099351e-11
17950.000000  2.061321e-11
18050.000000  2.006765e-11
18150.000000  1.956415e-11
18250.000000  1.929278e-11
18350.000000  1.896075e-11
18450.000000  1.845207e-11
18550.000000  1.828582e-11
18650.000000  1.771953e-11
18750.000000  1.716733e-11
18850.000000  1.722709e-11
18950.000000  1.645201e-11
19050.000000  1.672425e-11
19150.000000  1.632521e-11
19250.000000  1.610680e-11
19350.000000  1.559672e-11
19450.000000  1.513274e-11
19550.000000  1.522122e-11
19650.000000  1.484637e-11
19750.000000  1.445591e-11
19850.000000  1.429865e-11
19950.000000  1.404258e-11
20050.000000  1.395429e-11
20150.000000  1.379171e-11
20250.000000  1.334322e-11
20350.000000  1.307705e-11
20450.000000  1.305832e-11
20550.000000  1.272470e-11
20650.000000  1.246189e-11
20750.000000  1.228392e-11
20850.000000  1.206813e-11
20950.000000  1.178329e-11
21050.000000  1.173944e-11
21150.000000  1.151168e-11
21250.000000  1.129739e-11
21350.000000  1.117668e-11
21450.000000  1.097661e-11
21550.000000  1.080663e-11
21650.000000  1.044812e-11
21750.000000  1.034203e-11
21850.000000  1.022834e-11
21950.000000  1.012254e-11
22050.000000  9.834258e-12
22150.000000  9.826895e-12
22250.000000  9.573788e-12
22350.000000  9.430716e-12
22450.000000  9.291886e-12
22550.000000  9.150215e-12
22650.000000  8.957878e-12
22750.000000  8.914924e-12
22850.000000  8.682575e-12
22950.000000  7.782606e-12
23050.000000  8.112170e-12
23150.000000  8.035102e-12
23250.000000  7.211598e-12
23350.000000  7.535015e-12
23450.000000  7.567678e-12
23550.000000  6.734354e-12
23650.000000  7.136148e-12
23750.000000  7.072902e-12
23850.000000  6.385957e-12
23950.000000  6.706033e-12
24050.000000  6.740450e-12
24150.000000  6.173949e-12
24250.000000  6.364454e-12
24350.000000  6.406703e-12
24450.000000  6.036447e-12
24550.000000  5.965640e-12
24650.000000  6.165408e-12
24750.000000  5.921808e-12
24850.000000  5.666877e-12
24950.000000  5.826116e-12
