2505.000000  1.847475e-11
2513.000000  9.695559e-12
2518.000000  8.002429e-12
2525.000000  6.822153e-12
2535.000000  7.024157e-12
2545.000000  8.452676e-12
2555.000000  1.521639e-11
2565.000000  1.270789e-11
2575.000000  1.681103e-11
2585.000000  1.501175e-11
2595.000000  1.334520e-11
2605.000000  1.084903e-11
2615.000000  9.763456e-12
2625.000000  1.442577e-11
2635.000000  2.362076e-11
2645.000000  3.377756e-11
2655.000000  4.096467e-11
2665.000000  2.637313e-11
2675.000000  3.123376e-11
2685.000000  3.336834e-11
2695.000000  2.687296e-11
2705.000000  3.245189e-11
2715.000000  2.437099e-11
2725.000000  2.314396e-11
2735.000000  2.644303e-11
2745.000000  1.258386e-11
2755.000000  1.720721e-11
2765.000000  2.263183e-11
2775.000000  2.689985e-11
2785.000000  1.529964e-11
2795.000000  5.036586e-12
2805.000000  6.622624e-12
2815.000000  2.414136e-11
2825.000000  3.739814e-11
2835.000000  3.575150e-11
2845.000000  3.149693e-11
2855.000000  1.876944e-11
2865.000000  3.712080e-11
2875.000000  4.061596e-11
2885.000000  3.748384e-11
2895.000000  3.878337e-11
2910.000000  5.051947e-11
2930.000000  4.514565e-11
2950.000000  4.428480e-11
2970.000000  4.985538e-11
2990.000000  4.913928e-11
3010.000000  5.266838e-11
3030.000000  5.229014e-11
3050.000000  5.358579e-11
3070.000000  5.385922e-11
3090.000000  5.595857e-11
3110.000000  5.533080e-11
3130.000000  5.443231e-11
3150.000000  5.406768e-11
3170.000000  5.572210e-11
3190.000000  4.995512e-11
3210.000000  5.508789e-11
3230.000000  4.690761e-11
3250.000000  5.629065e-11
3270.000000  6.217609e-11
3290.000000  6.041677e-11
3310.000000  6.182347e-11
3330.000000  6.112247e-11
3350.000000  6.008666e-11
3370.000000  5.462752e-11
3390.000000  5.860853e-11
3410.000000  5.893696e-11
3430.000000  5.916225e-11
3450.000000  6.166453e-11
3470.000000  6.109085e-11
3490.000000  6.263657e-11
3510.000000  6.471274e-11
3530.000000  6.203211e-11
3550.000000  6.916918e-11
3570.000000  5.944629e-11
3590.000000  5.902929e-11
3610.000000  6.110115e-11
3630.000000  6.164543e-11
3640.000000  6.106949e-11
3650.000000  6.812152e-11
3670.000000  6.710444e-11
3690.000000  6.535528e-11
3710.000000  6.858848e-11
3730.000000  6.454055e-11
3750.000000  7.318069e-11
3770.000000  8.008082e-11
3790.000000  8.881793e-11
3810.000000  9.730575e-11
3830.000000  7.430392e-11
3850.000000  9.761911e-11
3870.000000  1.027128e-10
3890.000000  8.357246e-11
3910.000000  1.033847e-10
3930.000000  6.102507e-11
3950.000000  9.322301e-11
3970.000000  6.103346e-11
3990.000000  1.101198e-10
4010.000000  1.174515e-10
4030.000000  1.173857e-10
4050.000000  1.148576e-10
4070.000000  1.133163e-10
4090.000000  1.123874e-10
4110.000000  9.910608e-11
4130.000000  1.175248e-10
4150.000000  1.224097e-10
4170.000000  1.202628e-10
4190.000000  1.189233e-10
4210.000000  1.186579e-10
4230.000000  1.139790e-10
4250.000000  1.175695e-10
4270.000000  1.127621e-10
4290.000000  1.078953e-10
4310.000000  9.709379e-11
4330.000000  1.053631e-10
4350.000000  9.560484e-11
4370.000000  1.186850e-10
4390.000000  1.136599e-10
4410.000000  1.150837e-10
4430.000000  1.145916e-10
4450.000000  1.150669e-10
4470.000000  1.178015e-10
4490.000000  1.171065e-10
4510.000000  1.251880e-10
4530.000000  1.155558e-10
4550.000000  1.168669e-10
4570.000000  1.230652e-10
4590.000000  1.163301e-10
4610.000000  1.191736e-10
4630.000000  1.163697e-10
4650.000000  1.177097e-10
4670.000000  1.195418e-10
4690.000000  1.156323e-10
4710.000000  1.106416e-10
4730.000000  1.167594e-10
4750.000000  1.175272e-10
4770.000000  1.164043e-10
4790.000000  1.158480e-10
4810.000000  1.140897e-10
4830.000000  1.138941e-10
4850.000000  1.006543e-10
4870.000000  8.558578e-11
4890.000000  1.076741e-10
4910.000000  1.085896e-10
4930.000000  1.068766e-10
4950.000000  1.103321e-10
4970.000000  1.110043e-10
4990.000000  1.041229e-10
5010.000000  1.000460e-10
5030.000000  1.049622e-10
5050.000000  1.043148e-10
5070.000000  1.076005e-10
5090.000000  1.045273e-10
5110.000000  1.055487e-10
5130.000000  1.026297e-10
5150.000000  1.000109e-10
5170.000000  9.679205e-11
5190.000000  9.565002e-11
5210.000000  9.886473e-11
5230.000000  9.938808e-11
5250.000000  1.008429e-10
5270.000000  9.149667e-11
5290.000000  9.916751e-11
5310.000000  1.000782e-10
5330.000000  9.326695e-11
5350.000000  9.810359e-11
5370.000000  9.795913e-11
5390.000000  9.678347e-11
5410.000000  9.375416e-11
5430.000000  9.577200e-11
5450.000000  9.739154e-11
5470.000000  9.550664e-11
5490.000000  9.446353e-11
5510.000000  9.428778e-11
5530.000000  9.432607e-11
5550.000000  9.473693e-11
5570.000000  9.271226e-11
5590.000000  9.130571e-11
5610.000000  9.260717e-11
5630.000000  9.265051e-11
5650.000000  9.167417e-11
5670.000000  8.961250e-11
5690.000000  9.046529e-11
5710.000000  8.931015e-11
5730.000000  9.264100e-11
5750.000000  9.001654e-11
5770.000000  9.037871e-11
5790.000000  8.852824e-11
5810.000000  8.925803e-11
5830.000000  8.962047e-11
5850.000000  8.801035e-11
5870.000000  8.780652e-11
5890.000000  8.448215e-11
5910.000000  8.662770e-11
5930.000000  8.605068e-11
5950.000000  8.582258e-11
5970.000000  8.555321e-11
5990.000000  8.452229e-11
6010.000000  8.312538e-11
6030.000000  8.300024e-11
6050.000000  8.356945e-11
6070.000000  8.344232e-11
6090.000000  8.173127e-11
6110.000000  8.069870e-11
6130.000000  7.854348e-11
6150.000000  7.823030e-11
6170.000000  7.693514e-11
6190.000000  7.950020e-11
6210.000000  7.932609e-11
6230.000000  7.758063e-11
6250.000000  7.499719e-11
6270.000000  7.784468e-11
6290.000000  7.766775e-11
6310.000000  7.549623e-11
6330.000000  7.552590e-11
6350.000000  7.498577e-11
6370.000000  7.454840e-11
6390.000000  7.493186e-11
6410.000000  7.326793e-11
6430.000000  7.363804e-11
6450.000000  7.243831e-11
6470.000000  7.240072e-11
6490.000000  7.113176e-11
6510.000000  7.184636e-11
6530.000000  7.096769e-11
6550.000000  6.625344e-11
6570.000000  5.610355e-11
6590.000000  6.848619e-11
6610.000000  7.000037e-11
6630.000000  6.977141e-11
6650.000000  6.947795e-11
6670.000000  6.864796e-11
6690.000000  6.904265e-11
6710.000000  6.806911e-11
6730.000000  6.812004e-11
6750.000000  6.698084e-11
6770.000000  6.719793e-11
6790.000000  6.668125e-11
6810.000000  6.618912e-11
6830.000000  6.598571e-11
6850.000000  6.498258e-11
6870.000000  6.520635e-11
6890.000000  6.488806e-11
6910.000000  6.439902e-11
6930.000000  6.399487e-11
6950.000000  6.367649e-11
6970.000000  6.330205e-11
6990.000000  6.306727e-11
7010.000000  6.128172e-11
7030.000000  6.191717e-11
7050.000000  6.182810e-11
7070.000000  6.132212e-11
7090.000000  6.093775e-11
7110.000000  5.997690e-11
7130.000000  5.980215e-11
7150.000000  5.949699e-11
7170.000000  5.897513e-11
7190.000000  5.793181e-11
7210.000000  5.839137e-11
7230.000000  5.793063e-11
7250.000000  5.786676e-11
7270.000000  5.778080e-11
7290.000000  5.644777e-11
7310.000000  5.681749e-11
7330.000000  5.655067e-11
7350.000000  5.650142e-11
7370.000000  5.624850e-11
7390.000000  5.506638e-11
7410.000000  5.430396e-11
7430.000000  5.436101e-11
7450.000000  5.428264e-11
7470.000000  5.422984e-11
7490.000000  5.381538e-11
7510.000000  5.375891e-11
7530.000000  5.353150e-11
7550.000000  5.351134e-11
7570.000000  5.288065e-11
7590.000000  5.270303e-11
7610.000000  5.224006e-11
7630.000000  5.224435e-11
7650.000000  5.177200e-11
7670.000000  5.070772e-11
7690.000000  5.100790e-11
7710.000000  5.061255e-11
7730.000000  5.048795e-11
7750.000000  4.988886e-11
7770.000000  4.948661e-11
7790.000000  5.002082e-11
7810.000000  4.953636e-11
7830.000000  4.894836e-11
7850.000000  4.861801e-11
7870.000000  4.872837e-11
7890.000000  4.837869e-11
7910.000000  4.785190e-11
7930.000000  4.700195e-11
7950.000000  4.705996e-11
7970.000000  4.746451e-11
7990.000000  4.713138e-11
8010.000000  4.668007e-11
8030.000000  4.631474e-11
8050.000000  4.603552e-11
8070.000000  4.602887e-11
8090.000000  4.542722e-11
8110.000000  4.562375e-11
8130.000000  4.553979e-11
8150.000000  4.516928e-11
8170.000000  4.491471e-11
8190.000000  4.367295e-11
8210.000000  4.359052e-11
8230.000000  4.344844e-11
8250.000000  4.336960e-11
8270.000000  4.372902e-11
8290.000000  4.339251e-11
8310.000000  4.268639e-11
8330.000000  4.224008e-11
8350.000000  4.241411e-11
8370.000000  4.244550e-11
8390.000000  4.185444e-11
8410.000000  4.197417e-11
8430.000000  4.132470e-11
8450.000000  4.084789e-11
8470.000000  4.076248e-11
8490.000000  4.036481e-11
8510.000000  3.838071e-11
8530.000000  3.977447e-11
8550.000000  3.407346e-11
8570.000000  4.034108e-11
8590.000000  3.907801e-11
8610.000000  3.863954e-11
8630.000000  3.973284e-11
8650.000000  3.891009e-11
8670.000000  3.298335e-11
8690.000000  3.804593e-11
8710.000000  3.894232e-11
8730.000000  3.841648e-11
8750.000000  3.519369e-11
8770.000000  3.791213e-11
8790.000000  3.829361e-11
8810.000000  3.784677e-11
8830.000000  3.758324e-11
8850.000000  3.640546e-11
8870.000000  3.364363e-11
8890.000000  3.698720e-11
8910.000000  3.731504e-11
8930.000000  3.677714e-11
8950.000000  3.696188e-11
8970.000000  3.666828e-11
8990.000000  3.624002e-11
9010.000000  3.233345e-11
9030.000000  3.437887e-11
9050.000000  3.602350e-11
9070.000000  3.524909e-11
9090.000000  3.441530e-11
9110.000000  3.499664e-11
9130.000000  3.548593e-11
9150.000000  3.534036e-11
9170.000000  3.503277e-11
9190.000000  3.481083e-11
9210.000000  3.343068e-11
9230.000000  2.975720e-11
9250.000000  3.259348e-11
9270.000000  3.343474e-11
9290.000000  3.397359e-11
9310.000000  3.395680e-11
9330.000000  3.370400e-11
9350.000000  3.358923e-11
9370.000000  3.345199e-11
9390.000000  3.318669e-11
9410.000000  3.168259e-11
9430.000000  3.254499e-11
9450.000000  3.226473e-11
9470.000000  3.254081e-11
9490.000000  3.242321e-11
9510.000000  3.192595e-11
9530.000000  3.095475e-11
9550.000000  2.754376e-11
9570.000000  3.074880e-11
9590.000000  3.137231e-11
9610.000000  3.100751e-11
9630.000000  3.066283e-11
9650.000000  3.077498e-11
9670.000000  3.038399e-11
9690.000000  3.039729e-11
9710.000000  3.062898e-11
9730.000000  3.049222e-11
9750.000000  2.997444e-11
9770.000000  3.010850e-11
9790.000000  2.989917e-11
9810.000000  2.989571e-11
9830.000000  2.966427e-11
9850.000000  2.945329e-11
9870.000000  2.921749e-11
9890.000000  2.897804e-11
9910.000000  2.877020e-11
9930.000000  2.895662e-11
9950.000000  2.878758e-11
9970.000000  2.864884e-11
9990.000000  2.845222e-11
10025.000000  2.732947e-11
10075.000000  2.633985e-11
10125.000000  2.736907e-11
10175.000000  2.701716e-11
10225.000000  2.687506e-11
10275.000000  2.668167e-11
10325.000000  2.614794e-11
10375.000000  2.588801e-11
10425.000000  2.564225e-11
10475.000000  2.498143e-11
10525.000000  2.490728e-11
10575.000000  2.460425e-11
10625.000000  2.430260e-11
10675.000000  2.351567e-11
10725.000000  2.354230e-11
10775.000000  2.327585e-11
10825.000000  2.280713e-11
10875.000000  2.255500e-11
10925.000000  2.084011e-11
10975.000000  2.158719e-11
11025.000000  2.205128e-11
11075.000000  2.194886e-11
11125.000000  2.160528e-11
11175.000000  2.133844e-11
11225.000000  2.119623e-11
11275.000000  2.056745e-11
11325.000000  2.039910e-11
11375.000000  2.031583e-11
11425.000000  1.989554e-11
11475.000000  2.004669e-11
11525.000000  1.982677e-11
11575.000000  1.950993e-11
11625.000000  1.904563e-11
11675.000000  1.878638e-11
11725.000000  1.897012e-11
11775.000000  1.834855e-11
11825.000000  1.828068e-11
11875.000000  1.796055e-11
11925.000000  1.820463e-11
11975.000000  1.758366e-11
12025.000000  1.762238e-11
12075.000000  1.735455e-11
12125.000000  1.722367e-11
12175.000000  1.718746e-11
12225.000000  1.697677e-11
12275.000000  1.674196e-11
12325.000000  1.658608e-11
12375.000000  1.642638e-11
12425.000000  1.625846e-11
12475.000000  1.610515e-11
12525.000000  1.586329e-11
12575.000000  1.564359e-11
12625.000000  1.552964e-11
12675.000000  1.536541e-11
12725.000000  1.523421e-11
12775.000000  1.485952e-11
12825.000000  1.326733e-11
12875.000000  1.455906e-11
12925.000000  1.454342e-11
12975.000000  1.448446e-11
13025.000000  1.429411e-11
13075.000000  1.422336e-11
13125.000000  1.397828e-11
13175.000000  1.379896e-11
13225.000000  1.378348e-11
13275.000000  1.355595e-11
13325.000000  1.347689e-11
13375.000000  1.332373e-11
13425.000000  1.323070e-11
13475.000000  1.309193e-11
13525.000000  1.293286e-11
13575.000000  1.272255e-11
13625.000000  1.266974e-11
13675.000000  1.251129e-11
13725.000000  1.229715e-11
13775.000000  1.224451e-11
13825.000000  1.214577e-11
13875.000000  1.209579e-11
13925.000000  1.190858e-11
13975.000000  1.180705e-11
14025.000000  1.165923e-11
14075.000000  1.160364e-11
14125.000000  1.140827e-11
14175.000000  1.138090e-11
14225.000000  1.116184e-11
14275.000000  1.099182e-11
14325.000000  1.101389e-11
14375.000000  1.096643e-11
14425.000000  1.050374e-11
14475.000000  1.070704e-11
14525.000000  1.042760e-11
14570.000000  1.047790e-11
14620.000000  1.033997e-11
14675.000000  1.028118e-11
14725.000000  1.007448e-11
14775.000000  9.972740e-12
14825.000000  9.928506e-12
14875.000000  9.715368e-12
14925.000000  9.843461e-12
14975.000000  9.673287e-12
15025.000000  9.491286e-12
15075.000000  9.378980e-12
15125.000000  9.424026e-12
15175.000000  9.365689e-12
15225.000000  9.195902e-12
15275.000000  9.174011e-12
15325.000000  9.053182e-12
15375.000000  8.977802e-12
15425.000000  8.827437e-12
15475.000000  8.784149e-12
15525.000000  8.688686e-12
15575.000000  8.545803e-12
15625.000000  8.606969e-12
15675.000000  8.373052e-12
15725.000000  8.284304e-12
15775.000000  8.162913e-12
15825.000000  8.185007e-12
15875.000000  7.741096e-12
15925.000000  7.974274e-12
15975.000000  8.005340e-12
16050.000000  7.816890e-12
16150.000000  7.499891e-12
16250.000000  7.650935e-12
16350.000000  7.335402e-12
16450.000000  6.975497e-12
16550.000000  7.204254e-12
16650.000000  7.078990e-12
16750.000000  6.731886e-12
16850.000000  6.362951e-12
16950.000000  6.663525e-12
17050.000000  6.478628e-12
17150.000000  6.379094e-12
17250.000000  6.151586e-12
17350.000000  5.588637e-12
17450.000000  5.847211e-12
17550.000000  5.838149e-12
17650.000000  5.723070e-12
17750.000000  5.619182e-12
17850.000000  5.514543e-12
17950.000000  5.427404e-12
18050.000000  5.262707e-12
18150.000000  4.809313e-12
18250.000000  4.965325e-12
18350.000000  4.978226e-12
18450.000000  4.870132e-12
18550.000000  4.779033e-12
18650.000000  4.645633e-12
18750.000000  4.204091e-12
18850.000000  4.460570e-12
18950.000000  4.343359e-12
19050.000000  4.363033e-12
19150.000000  4.268905e-12
19250.000000  4.185337e-12
19350.000000  4.057770e-12
19450.000000  3.693526e-12
19550.000000  3.925017e-12
19650.000000  3.877978e-12
19750.000000  3.798995e-12
19850.000000  3.748292e-12
19950.000000  3.679787e-12
20050.000000  3.623146e-12
20150.000000  3.569198e-12
20250.000000  3.483973e-12
20350.000000  3.404604e-12
20450.000000  3.379449e-12
20550.000000  3.311132e-12
20650.000000  3.239506e-12
20750.000000  3.189289e-12
20850.000000  3.133348e-12
20950.000000  3.068916e-12
21050.000000  3.028688e-12
21150.000000  2.966199e-12
21250.000000  2.913706e-12
21350.000000  2.869149e-12
21450.000000  2.825854e-12
21550.000000  2.759551e-12
21650.000000  2.514701e-12
21750.000000  2.640276e-12
21850.000000  2.626027e-12
21950.000000  2.600532e-12
22050.000000  2.538362e-12
22150.000000  2.504627e-12
22250.000000  2.469681e-12
22350.000000  2.428207e-12
22450.000000  2.388487e-12
22550.000000  2.334632e-12
22650.000000  2.303231e-12
22750.000000  2.272620e-12
22850.000000  2.227806e-12
22950.000000  2.193274e-12
23050.000000  2.167296e-12
23150.000000  2.127621e-12
23250.000000  2.097639e-12
23350.000000  2.060516e-12
23450.000000  2.033472e-12
23550.000000  1.998679e-12
23650.000000  1.971338e-12
23750.000000  1.927829e-12
23850.000000  1.900436e-12
23950.000000  1.877927e-12
24050.000000  1.845554e-12
24150.000000  1.812256e-12
24250.000000  1.789516e-12
24350.000000  1.757651e-12
24450.000000  1.735495e-12
24550.000000  1.698575e-12
24650.000000  1.683547e-12
24750.000000  1.652891e-12
24850.000000  1.623312e-12
24950.000000  1.601460e-12
