2505.000000  6.083568e-11
2513.000000  5.467405e-11
2518.000000  5.699490e-11
2525.000000  5.301711e-11
2535.000000  5.414944e-11
2545.000000  5.184013e-11
2555.000000  5.498318e-11
2565.000000  5.385663e-11
2575.000000  5.803766e-11
2585.000000  5.680795e-11
2595.000000  5.687791e-11
2605.000000  5.392302e-11
2615.000000  5.362179e-11
2625.000000  5.512290e-11
2635.000000  5.545564e-11
2645.000000  5.898622e-11
2655.000000  5.786355e-11
2665.000000  5.304504e-11
2675.000000  5.591894e-11
2685.000000  5.445560e-11
2695.000000  5.310030e-11
2705.000000  5.462104e-11
2715.000000  5.198321e-11
2725.000000  5.227726e-11
2735.000000  5.526960e-11
2745.000000  4.826365e-11
2755.000000  4.785754e-11
2765.000000  4.918324e-11
2775.000000  5.174761e-11
2785.000000  5.180429e-11
2795.000000  4.508413e-11
2805.000000  4.878604e-11
2815.000000  5.197680e-11
2825.000000  5.190754e-11
2835.000000  4.877064e-11
2845.000000  4.726786e-11
2855.000000  4.732310e-11
2865.000000  4.931672e-11
2875.000000  4.778818e-11
2885.000000  4.830681e-11
2895.000000  4.708168e-11
2910.000000  5.004062e-11
2930.000000  4.815483e-11
2950.000000  4.769323e-11
2970.000000  4.746778e-11
2990.000000  4.698461e-11
3010.000000  4.765239e-11
3030.000000  4.681949e-11
3050.000000  4.579724e-11
3070.000000  4.497672e-11
3090.000000  4.501403e-11
3110.000000  4.357230e-11
3130.000000  4.307994e-11
3150.000000  4.295301e-11
3170.000000  4.210419e-11
3190.000000  4.050941e-11
3210.000000  4.082750e-11
3230.000000  4.017153e-11
3250.000000  3.974259e-11
3270.000000  3.943775e-11
3290.000000  3.902510e-11
3310.000000  3.875797e-11
3330.000000  3.790333e-11
3350.000000  3.716647e-11
3370.000000  3.672537e-11
3390.000000  3.610093e-11
3410.000000  3.603479e-11
3430.000000  3.551093e-11
3450.000000  3.505168e-11
3470.000000  3.443367e-11
3490.000000  3.402659e-11
3510.000000  3.382638e-11
3530.000000  3.351978e-11
3550.000000  3.311806e-11
3570.000000  3.259036e-11
3590.000000  3.206421e-11
3610.000000  3.173803e-11
3630.000000  3.127803e-11
3640.000000  3.119022e-11
3650.000000  3.113942e-11
3670.000000  3.080560e-11
3690.000000  3.002583e-11
3710.000000  2.936197e-11
3730.000000  2.839445e-11
3750.000000  3.238886e-11
3770.000000  3.329908e-11
3790.000000  3.824824e-11
3810.000000  4.244772e-11
3830.000000  3.503994e-11
3850.000000  4.447469e-11
3870.000000  4.811305e-11
3890.000000  3.155298e-11
3910.000000  4.753889e-11
3930.000000  4.812968e-11
3950.000000  4.655630e-11
3970.000000  2.971905e-11
3990.000000  4.425692e-11
4010.000000  4.630935e-11
4030.000000  4.435718e-11
4050.000000  4.555809e-11
4070.000000  4.384500e-11
4090.000000  3.709396e-11
4110.000000  2.992453e-11
4130.000000  4.071575e-11
4150.000000  4.171408e-11
4170.000000  4.133872e-11
4190.000000  4.087649e-11
4210.000000  4.039919e-11
4230.000000  3.972180e-11
4250.000000  3.898656e-11
4270.000000  3.797283e-11
4290.000000  3.783348e-11
4310.000000  3.649933e-11
4330.000000  2.977744e-11
4350.000000  2.600643e-11
4370.000000  3.463748e-11
4390.000000  3.419870e-11
4410.000000  3.462835e-11
4430.000000  3.380750e-11
4450.000000  3.379536e-11
4470.000000  3.238263e-11
4490.000000  3.219473e-11
4510.000000  3.226441e-11
4530.000000  3.168019e-11
4550.000000  3.107746e-11
4570.000000  3.104565e-11
4590.000000  3.033096e-11
4610.000000  3.019277e-11
4630.000000  2.933155e-11
4650.000000  2.929712e-11
4670.000000  2.879116e-11
4690.000000  2.840362e-11
4710.000000  2.749191e-11
4730.000000  2.757874e-11
4750.000000  2.711336e-11
4770.000000  2.698572e-11
4790.000000  2.651926e-11
4810.000000  2.591784e-11
4830.000000  2.509537e-11
4850.000000  2.120320e-11
4870.000000  1.793747e-11
4890.000000  2.387053e-11
4910.000000  2.415364e-11
4930.000000  2.361953e-11
4950.000000  2.372077e-11
4970.000000  2.350679e-11
4990.000000  2.311347e-11
5010.000000  2.229591e-11
5030.000000  2.227480e-11
5050.000000  2.164157e-11
5070.000000  2.179345e-11
5090.000000  2.150084e-11
5110.000000  2.110392e-11
5130.000000  2.096036e-11
5150.000000  2.047398e-11
5170.000000  2.027298e-11
5190.000000  2.007321e-11
5210.000000  1.961497e-11
5230.000000  1.947783e-11
5250.000000  1.937505e-11
5270.000000  1.894738e-11
5290.000000  1.901092e-11
5310.000000  1.859825e-11
5330.000000  1.845905e-11
5350.000000  1.824791e-11
5370.000000  1.806573e-11
5390.000000  1.782933e-11
5410.000000  1.753146e-11
5430.000000  1.735019e-11
5450.000000  1.718354e-11
5470.000000  1.692100e-11
5490.000000  1.678004e-11
5510.000000  1.655719e-11
5530.000000  1.641264e-11
5550.000000  1.621571e-11
5570.000000  1.601517e-11
5590.000000  1.583562e-11
5610.000000  1.569107e-11
5630.000000  1.552420e-11
5650.000000  1.518164e-11
5670.000000  1.504506e-11
5690.000000  1.494308e-11
5710.000000  1.478551e-11
5730.000000  1.462753e-11
5750.000000  1.445287e-11
5770.000000  1.428608e-11
5790.000000  1.408522e-11
5810.000000  1.393189e-11
5830.000000  1.378735e-11
5850.000000  1.362990e-11
5870.000000  1.327462e-11
5890.000000  1.324933e-11
5910.000000  1.315730e-11
5930.000000  1.303952e-11
5950.000000  1.278041e-11
5970.000000  1.270354e-11
5990.000000  1.253188e-11
6010.000000  1.245374e-11
6030.000000  1.231201e-11
6050.000000  1.216856e-11
6070.000000  1.202964e-11
6090.000000  1.189466e-11
6110.000000  1.178307e-11
6130.000000  1.164644e-11
6150.000000  1.139488e-11
6170.000000  1.137956e-11
6190.000000  1.127247e-11
6210.000000  1.114690e-11
6230.000000  1.099913e-11
6250.000000  1.080024e-11
6270.000000  1.078374e-11
6290.000000  1.066261e-11
6310.000000  1.052440e-11
6330.000000  1.042978e-11
6350.000000  1.016111e-11
6370.000000  1.011597e-11
6390.000000  1.008982e-11
6410.000000  9.968056e-12
6430.000000  9.894834e-12
6450.000000  9.735275e-12
6470.000000  9.678350e-12
6490.000000  9.529089e-12
6510.000000  9.393215e-12
6530.000000  9.186882e-12
6550.000000  8.320669e-12
6570.000000  7.006635e-12
6590.000000  8.752169e-12
6610.000000  8.918034e-12
6630.000000  8.871187e-12
6650.000000  8.808346e-12
6670.000000  8.684628e-12
6690.000000  8.606774e-12
6710.000000  8.550208e-12
6730.000000  8.461056e-12
6750.000000  8.378445e-12
6770.000000  8.301882e-12
6790.000000  8.204128e-12
6810.000000  8.126884e-12
6830.000000  8.026462e-12
6850.000000  7.962646e-12
6870.000000  7.887384e-12
6890.000000  7.809956e-12
6910.000000  7.730724e-12
6930.000000  7.632947e-12
6950.000000  7.582646e-12
6970.000000  7.510412e-12
6990.000000  7.441787e-12
7010.000000  7.352582e-12
7030.000000  7.291721e-12
7050.000000  7.193868e-12
7070.000000  7.115033e-12
7090.000000  7.088020e-12
7110.000000  6.997185e-12
7130.000000  6.937494e-12
7150.000000  6.876096e-12
7170.000000  6.813079e-12
7190.000000  6.752622e-12
7210.000000  6.689573e-12
7230.000000  6.597738e-12
7250.000000  6.549938e-12
7270.000000  6.501366e-12
7290.000000  6.429921e-12
7310.000000  6.376547e-12
7330.000000  6.318376e-12
7350.000000  6.264949e-12
7370.000000  6.205432e-12
7390.000000  6.146352e-12
7410.000000  6.087556e-12
7430.000000  6.009516e-12
7450.000000  5.964554e-12
7470.000000  5.891915e-12
7490.000000  5.851282e-12
7510.000000  5.798642e-12
7530.000000  5.755440e-12
7550.000000  5.702899e-12
7570.000000  5.652950e-12
7590.000000  5.597380e-12
7610.000000  5.554407e-12
7630.000000  5.501429e-12
7650.000000  5.447543e-12
7670.000000  5.400294e-12
7690.000000  5.349941e-12
7710.000000  5.301729e-12
7730.000000  5.255444e-12
7750.000000  5.208119e-12
7770.000000  5.080925e-12
7790.000000  5.116115e-12
7810.000000  5.075482e-12
7830.000000  5.028134e-12
7850.000000  4.954326e-12
7870.000000  4.911373e-12
7890.000000  4.851276e-12
7910.000000  4.846412e-12
7930.000000  4.812242e-12
7950.000000  4.737208e-12
7970.000000  4.727794e-12
7990.000000  4.634542e-12
8010.000000  4.646298e-12
8030.000000  4.603883e-12
8050.000000  4.562287e-12
8070.000000  4.525470e-12
8090.000000  4.484378e-12
8110.000000  4.443614e-12
8130.000000  4.407815e-12
8150.000000  4.372321e-12
8170.000000  4.337187e-12
8190.000000  4.288407e-12
8210.000000  4.238952e-12
8230.000000  4.185033e-12
8250.000000  4.190457e-12
8270.000000  4.165319e-12
8290.000000  4.114943e-12
8310.000000  4.093971e-12
8330.000000  4.056114e-12
8350.000000  4.025302e-12
8370.000000  3.995681e-12
8390.000000  3.967950e-12
8410.000000  3.928641e-12
8430.000000  3.888818e-12
8450.000000  3.815795e-12
8470.000000  3.802177e-12
8490.000000  3.789341e-12
8510.000000  3.694745e-12
8530.000000  3.753645e-12
8550.000000  3.557411e-12
8570.000000  3.736942e-12
8590.000000  3.547687e-12
8610.000000  3.488348e-12
8630.000000  3.705732e-12
8650.000000  3.566752e-12
8670.000000  3.172524e-12
8690.000000  3.596862e-12
8710.000000  3.688509e-12
8730.000000  3.546354e-12
8750.000000  2.981393e-12
8770.000000  3.387591e-12
8790.000000  3.618892e-12
8810.000000  3.634611e-12
8830.000000  3.529841e-12
8850.000000  3.204116e-12
8870.000000  2.825009e-12
8890.000000  3.369147e-12
8910.000000  3.487619e-12
8930.000000  3.484257e-12
8950.000000  3.479423e-12
8970.000000  3.421213e-12
8990.000000  3.267141e-12
9010.000000  2.715614e-12
9030.000000  2.899661e-12
9050.000000  3.241767e-12
9070.000000  3.266099e-12
9090.000000  3.262100e-12
9110.000000  3.265130e-12
9130.000000  3.245077e-12
9150.000000  3.227471e-12
9170.000000  3.176666e-12
9190.000000  3.093501e-12
9210.000000  2.896607e-12
9230.000000  2.376981e-12
9250.000000  2.794200e-12
9270.000000  2.943935e-12
9290.000000  3.025047e-12
9310.000000  3.028199e-12
9330.000000  3.003695e-12
9350.000000  2.993569e-12
9370.000000  2.972193e-12
9390.000000  2.942121e-12
9410.000000  2.881619e-12
9430.000000  2.900088e-12
9450.000000  2.879127e-12
9470.000000  2.846607e-12
9490.000000  2.809229e-12
9510.000000  2.736671e-12
9530.000000  2.526196e-12
9550.000000  2.121528e-12
9570.000000  2.536674e-12
9590.000000  2.671152e-12
9610.000000  2.686160e-12
9630.000000  2.643768e-12
9650.000000  2.669466e-12
9670.000000  2.642775e-12
9690.000000  2.632847e-12
9710.000000  2.618119e-12
9730.000000  2.598294e-12
9750.000000  2.575595e-12
9770.000000  2.561095e-12
9790.000000  2.540439e-12
9810.000000  2.520309e-12
9830.000000  2.495683e-12
9850.000000  2.481206e-12
9870.000000  2.462759e-12
9890.000000  2.436755e-12
9910.000000  2.423340e-12
9930.000000  2.405995e-12
9950.000000  2.384597e-12
9970.000000  2.361644e-12
9990.000000  2.334142e-12
10025.000000  2.142106e-12
10075.000000  2.034049e-12
10125.000000  2.205016e-12
10175.000000  2.196084e-12
10225.000000  2.165478e-12
10275.000000  2.128224e-12
10325.000000  2.088401e-12
10375.000000  2.053267e-12
10425.000000  2.018659e-12
10475.000000  1.980442e-12
10525.000000  1.944872e-12
10575.000000  1.913347e-12
10625.000000  1.882183e-12
10675.000000  1.837351e-12
10725.000000  1.815011e-12
10775.000000  1.785696e-12
10825.000000  1.744122e-12
10875.000000  1.706646e-12
10925.000000  1.476800e-12
10975.000000  1.579666e-12
11025.000000  1.630673e-12
11075.000000  1.613748e-12
11125.000000  1.589321e-12
11175.000000  1.562990e-12
11225.000000  1.538004e-12
11275.000000  1.499733e-12
11325.000000  1.478716e-12
11375.000000  1.464293e-12
11425.000000  1.440593e-12
11475.000000  1.418250e-12
11525.000000  1.395883e-12
11575.000000  1.373511e-12
11625.000000  1.347127e-12
11675.000000  1.326075e-12
11725.000000  1.308707e-12
11775.000000  1.281057e-12
11825.000000  1.268169e-12
11875.000000  1.246850e-12
11925.000000  1.230754e-12
11975.000000  1.209818e-12
12025.000000  1.192973e-12
12075.000000  1.174729e-12
12125.000000  1.156313e-12
12175.000000  1.139299e-12
12225.000000  1.121799e-12
12275.000000  1.104545e-12
12325.000000  1.088236e-12
12375.000000  1.072364e-12
12425.000000  1.056973e-12
12475.000000  1.038262e-12
12525.000000  1.025578e-12
12575.000000  1.008479e-12
12625.000000  9.949439e-13
12675.000000  9.802626e-13
12725.000000  9.622671e-13
12775.000000  9.259154e-13
12825.000000  8.171929e-13
12875.000000  9.069717e-13
12925.000000  9.089475e-13
12975.000000  8.986510e-13
13025.000000  8.872322e-13
13075.000000  8.745993e-13
13125.000000  8.623535e-13
13175.000000  8.482576e-13
13225.000000  8.382765e-13
13275.000000  8.266148e-13
13325.000000  8.151629e-13
13375.000000  8.038455e-13
13425.000000  7.923575e-13
13475.000000  7.814294e-13
13525.000000  7.703690e-13
13575.000000  7.601024e-13
13625.000000  7.497090e-13
13675.000000  7.388749e-13
13725.000000  7.289616e-13
13775.000000  7.200182e-13
13825.000000  7.104132e-13
13875.000000  7.009382e-13
13925.000000  6.912895e-13
13975.000000  6.822061e-13
14025.000000  6.733491e-13
14075.000000  6.643148e-13
14125.000000  6.554523e-13
14175.000000  6.471572e-13
14225.000000  6.386030e-13
14275.000000  6.303999e-13
14325.000000  6.221103e-13
14375.000000  6.139508e-13
14425.000000  6.042813e-13
14475.000000  5.979513e-13
14525.000000  5.898169e-13
14570.000000  5.838991e-13
14620.000000  5.764669e-13
14675.000000  5.688389e-13
14725.000000  5.615619e-13
14775.000000  5.539568e-13
14825.000000  5.478346e-13
14875.000000  5.407587e-13
14925.000000  5.345456e-13
14975.000000  5.276885e-13
15025.000000  5.213759e-13
15075.000000  5.146259e-13
15125.000000  5.085321e-13
15175.000000  5.022118e-13
15225.000000  4.961202e-13
15275.000000  4.897289e-13
15325.000000  4.834591e-13
15375.000000  4.780474e-13
15425.000000  4.706198e-13
15475.000000  4.663659e-13
15525.000000  4.603845e-13
15575.000000  4.513816e-13
15625.000000  4.520213e-13
15675.000000  4.413878e-13
15725.000000  4.328987e-13
15775.000000  4.372310e-13
15825.000000  4.312059e-13
15875.000000  4.092965e-13
15925.000000  4.172424e-13
15975.000000  4.194687e-13
16050.000000  4.072710e-13
16150.000000  3.883883e-13
16250.000000  3.960731e-13
16350.000000  3.785935e-13
16450.000000  3.595378e-13
16550.000000  3.708765e-13
16650.000000  3.629401e-13
16750.000000  3.446183e-13
16850.000000  3.264230e-13
16950.000000  3.385449e-13
17050.000000  3.322261e-13
17150.000000  3.250179e-13
17250.000000  3.160085e-13
17350.000000  2.867922e-13
17450.000000  2.993689e-13
17550.000000  2.973913e-13
17650.000000  2.914878e-13
17750.000000  2.851294e-13
17850.000000  2.792475e-13
17950.000000  2.734893e-13
18050.000000  2.658588e-13
18150.000000  2.430493e-13
18250.000000  2.503793e-13
18350.000000  2.508719e-13
18450.000000  2.462871e-13
18550.000000  2.407913e-13
18650.000000  2.344480e-13
18750.000000  2.144399e-13
18850.000000  2.249905e-13
18950.000000  2.221816e-13
19050.000000  2.179019e-13
19150.000000  2.136833e-13
19250.000000  2.092405e-13
19350.000000  2.033606e-13
19450.000000  1.852280e-13
19550.000000  1.954603e-13
19650.000000  1.935645e-13
19750.000000  1.899386e-13
19850.000000  1.863794e-13
19950.000000  1.828245e-13
20050.000000  1.793976e-13
20150.000000  1.759805e-13
20250.000000  1.726881e-13
20350.000000  1.693956e-13
20450.000000  1.663241e-13
20550.000000  1.631695e-13
20650.000000  1.601777e-13
20750.000000  1.572385e-13
20850.000000  1.543430e-13
20950.000000  1.515721e-13
21050.000000  1.488089e-13
21150.000000  1.460457e-13
21250.000000  1.435035e-13
21350.000000  1.408668e-13
21450.000000  1.382707e-13
21550.000000  1.348620e-13
21650.000000  1.233119e-13
21750.000000  1.293906e-13
21850.000000  1.287403e-13
21950.000000  1.267156e-13
22050.000000  1.245641e-13
22150.000000  1.224004e-13
22250.000000  1.203196e-13
22350.000000  1.182706e-13
22450.000000  1.162679e-13
22550.000000  1.142886e-13
22650.000000  1.123622e-13
22750.000000  1.104786e-13
22850.000000  1.086556e-13
22950.000000  1.068514e-13
23050.000000  1.050955e-13
23150.000000  1.033668e-13
23250.000000  1.016809e-13
23350.000000  1.000174e-13
23450.000000  9.839406e-14
23550.000000  9.680941e-14
23650.000000  9.525122e-14
23750.000000  9.372332e-14
23850.000000  9.222188e-14
23950.000000  9.075248e-14
24050.000000  8.925968e-14
24150.000000  8.785950e-14
24250.000000  8.650305e-14
24350.000000  8.512965e-14
24450.000000  8.376534e-14
24550.000000  8.249516e-14
24650.000000  8.115272e-14
24750.000000  7.989808e-14
24850.000000  7.876204e-14
24950.000000  7.722338e-14
