2505.000000  6.355251e-10
2513.000000  5.902271e-10
2518.000000  5.940349e-10
2525.000000  5.603763e-10
2535.000000  5.519159e-10
2545.000000  5.556827e-10
2555.000000  5.875293e-10
2565.000000  5.867422e-10
2575.000000  6.175722e-10
2585.000000  6.185528e-10
2595.000000  6.132650e-10
2605.000000  5.904765e-10
2615.000000  5.860000e-10
2625.000000  6.096476e-10
2635.000000  6.133137e-10
2645.000000  6.636990e-10
2655.000000  6.573463e-10
2665.000000  6.222993e-10
2675.000000  6.382846e-10
2685.000000  6.426179e-10
2695.000000  6.171724e-10
2705.000000  6.243590e-10
2715.000000  6.017664e-10
2725.000000  6.044996e-10
2735.000000  6.370206e-10
2745.000000  5.660480e-10
2755.000000  5.742085e-10
2765.000000  5.943277e-10
2775.000000  6.226917e-10
2785.000000  6.144775e-10
2795.000000  5.087326e-10
2805.000000  5.533410e-10
2815.000000  6.354612e-10
2825.000000  6.337302e-10
2835.000000  6.166249e-10
2845.000000  6.020207e-10
2855.000000  5.867416e-10
2865.000000  6.097844e-10
2875.000000  5.995786e-10
2885.000000  6.123410e-10
2895.000000  6.002990e-10
2910.000000  6.372348e-10
2930.000000  6.182536e-10
2950.000000  6.160272e-10
2970.000000  6.201060e-10
2990.000000  6.217819e-10
3010.000000  6.280037e-10
3030.000000  6.254009e-10
3050.000000  6.212896e-10
3070.000000  6.152148e-10
3090.000000  6.205400e-10
3110.000000  6.121084e-10
3130.000000  6.084490e-10
3150.000000  6.130498e-10
3170.000000  6.101856e-10
3190.000000  5.942560e-10
3210.000000  6.020148e-10
3230.000000  5.927283e-10
3250.000000  5.973846e-10
3270.000000  5.997215e-10
3290.000000  6.022675e-10
3310.000000  6.026719e-10
3330.000000  5.935802e-10
3350.000000  5.854291e-10
3370.000000  5.868031e-10
3390.000000  5.827574e-10
3410.000000  5.891982e-10
3430.000000  5.875353e-10
3450.000000  5.848204e-10
3470.000000  5.799722e-10
3490.000000  5.784468e-10
3510.000000  5.806988e-10
3530.000000  5.806513e-10
3550.000000  5.795106e-10
3570.000000  5.723913e-10
3590.000000  5.705005e-10
3610.000000  5.688710e-10
3630.000000  5.673657e-10
3640.000000  5.653483e-10
3650.000000  5.706707e-10
3670.000000  5.661589e-10
3690.000000  5.465405e-10
3710.000000  6.085221e-10
3730.000000  6.748749e-10
3750.000000  9.261309e-10
3770.000000  9.999035e-10
3790.000000  1.254090e-09
3810.000000  1.475913e-09
3830.000000  1.150395e-09
3850.000000  1.626703e-09
3870.000000  1.830357e-09
3890.000000  9.935018e-10
3910.000000  1.806804e-09
3930.000000  1.857499e-09
3950.000000  1.796692e-09
3970.000000  9.461787e-10
3990.000000  1.711768e-09
4010.000000  1.866145e-09
4030.000000  1.857883e-09
4050.000000  1.831774e-09
4070.000000  1.754667e-09
4090.000000  1.378382e-09
4110.000000  1.035903e-09
4130.000000  1.665763e-09
4150.000000  1.716599e-09
4170.000000  1.700604e-09
4190.000000  1.683528e-09
4210.000000  1.662148e-09
4230.000000  1.631152e-09
4250.000000  1.613069e-09
4270.000000  1.586765e-09
4290.000000  1.562907e-09
4310.000000  1.483680e-09
4330.000000  1.122424e-09
4350.000000  9.457804e-10
4370.000000  1.435124e-09
4390.000000  1.456084e-09
4410.000000  1.449788e-09
4430.000000  1.443902e-09
4450.000000  1.429762e-09
4470.000000  1.412218e-09
4490.000000  1.384757e-09
4510.000000  1.375562e-09
4530.000000  1.356482e-09
4550.000000  1.330225e-09
4570.000000  1.327910e-09
4590.000000  1.307202e-09
4610.000000  1.303389e-09
4630.000000  1.278608e-09
4650.000000  1.271817e-09
4670.000000  1.256086e-09
4690.000000  1.236614e-09
4710.000000  1.207187e-09
4730.000000  1.211332e-09
4750.000000  1.196830e-09
4770.000000  1.180481e-09
4790.000000  1.163507e-09
4810.000000  1.141143e-09
4830.000000  1.094887e-09
4850.000000  8.591232e-10
4870.000000  6.877082e-10
4890.000000  1.035231e-09
4910.000000  1.072933e-09
4930.000000  1.063231e-09
4950.000000  1.061440e-09
4970.000000  1.053178e-09
4990.000000  1.040433e-09
5010.000000  1.022171e-09
5030.000000  1.017472e-09
5050.000000  1.003982e-09
5070.000000  9.960388e-10
5090.000000  9.848764e-10
5110.000000  9.739262e-10
5130.000000  9.624824e-10
5150.000000  9.512500e-10
5170.000000  9.304423e-10
5190.000000  9.228441e-10
5210.000000  9.199883e-10
5230.000000  9.056047e-10
5250.000000  9.014105e-10
5270.000000  8.856086e-10
5290.000000  8.816759e-10
5310.000000  8.688584e-10
5330.000000  8.603170e-10
5350.000000  8.542423e-10
5370.000000  8.437886e-10
5390.000000  8.354277e-10
5410.000000  8.254253e-10
5430.000000  8.173631e-10
5450.000000  8.097142e-10
5470.000000  8.011793e-10
5490.000000  7.931824e-10
5510.000000  7.848548e-10
5530.000000  7.757765e-10
5550.000000  7.689649e-10
5570.000000  7.606701e-10
5590.000000  7.527931e-10
5610.000000  7.453355e-10
5630.000000  7.379480e-10
5650.000000  7.301584e-10
5670.000000  7.226468e-10
5690.000000  7.155533e-10
5710.000000  7.083563e-10
5730.000000  7.013502e-10
5750.000000  6.941159e-10
5770.000000  6.872838e-10
5790.000000  6.803642e-10
5810.000000  6.735819e-10
5830.000000  6.669771e-10
5850.000000  6.602816e-10
5870.000000  6.534327e-10
5890.000000  6.443460e-10
5910.000000  6.409489e-10
5930.000000  6.347587e-10
5950.000000  6.283079e-10
5970.000000  6.222917e-10
5990.000000  6.159981e-10
6010.000000  6.100852e-10
6030.000000  6.043303e-10
6050.000000  5.985422e-10
6070.000000  5.928907e-10
6090.000000  5.872225e-10
6110.000000  5.814843e-10
6130.000000  5.757621e-10
6150.000000  5.690339e-10
6170.000000  5.647904e-10
6190.000000  5.597856e-10
6210.000000  5.545687e-10
6230.000000  5.491785e-10
6250.000000  5.431091e-10
6270.000000  5.391642e-10
6290.000000  5.340514e-10
6310.000000  5.289219e-10
6330.000000  5.241403e-10
6350.000000  5.178469e-10
6370.000000  5.136914e-10
6390.000000  5.097259e-10
6410.000000  5.047703e-10
6430.000000  5.003369e-10
6450.000000  4.943151e-10
6470.000000  4.899522e-10
6490.000000  4.839685e-10
6510.000000  4.771998e-10
6530.000000  4.635856e-10
6550.000000  4.047977e-10
6570.000000  3.230546e-10
6590.000000  4.387932e-10
6610.000000  4.537386e-10
6630.000000  4.539741e-10
6650.000000  4.513864e-10
6670.000000  4.481874e-10
6690.000000  4.449030e-10
6710.000000  4.410956e-10
6730.000000  4.370975e-10
6750.000000  4.333060e-10
6770.000000  4.296559e-10
6790.000000  4.257944e-10
6810.000000  4.220904e-10
6830.000000  4.183696e-10
6850.000000  4.148228e-10
6870.000000  4.112060e-10
6890.000000  4.076758e-10
6910.000000  4.041458e-10
6930.000000  4.006156e-10
6950.000000  3.972428e-10
6970.000000  3.937993e-10
6990.000000  3.905140e-10
7010.000000  3.870005e-10
7030.000000  3.838183e-10
7050.000000  3.806195e-10
7070.000000  3.773675e-10
7090.000000  3.742553e-10
7110.000000  3.701825e-10
7130.000000  3.677504e-10
7150.000000  3.647257e-10
7170.000000  3.617342e-10
7190.000000  3.587262e-10
7210.000000  3.557180e-10
7230.000000  3.527266e-10
7250.000000  3.498058e-10
7270.000000  3.469718e-10
7290.000000  3.440669e-10
7310.000000  3.411629e-10
7330.000000  3.384155e-10
7350.000000  3.356853e-10
7370.000000  3.330086e-10
7390.000000  3.302079e-10
7410.000000  3.274604e-10
7430.000000  3.247303e-10
7450.000000  3.220868e-10
7470.000000  3.192694e-10
7490.000000  3.168000e-10
7510.000000  3.144006e-10
7530.000000  3.120018e-10
7550.000000  3.095324e-10
7570.000000  3.069923e-10
7590.000000  3.045936e-10
7610.000000  3.021242e-10
7630.000000  2.996547e-10
7650.000000  2.973593e-10
7670.000000  2.948899e-10
7690.000000  2.925945e-10
7710.000000  2.902991e-10
7730.000000  2.880203e-10
7750.000000  2.858116e-10
7770.000000  2.802641e-10
7790.000000  2.813080e-10
7810.000000  2.791700e-10
7830.000000  2.769079e-10
7850.000000  2.746825e-10
7870.000000  2.723171e-10
7890.000000  2.700217e-10
7910.000000  2.683517e-10
7930.000000  2.663175e-10
7950.000000  2.641088e-10
7970.000000  2.623354e-10
7990.000000  2.597793e-10
8010.000000  2.583539e-10
8030.000000  2.563358e-10
8050.000000  2.543884e-10
8070.000000  2.524578e-10
8090.000000  2.505270e-10
8110.000000  2.486670e-10
8130.000000  2.468062e-10
8150.000000  2.449628e-10
8170.000000  2.431187e-10
8190.000000  2.408399e-10
8210.000000  2.399359e-10
8230.000000  2.382665e-10
8250.000000  2.365097e-10
8270.000000  2.354323e-10
8290.000000  2.337622e-10
8310.000000  2.321096e-10
8330.000000  2.297442e-10
8350.000000  2.284762e-10
8370.000000  2.261824e-10
8390.000000  2.239037e-10
8410.000000  2.214018e-10
8430.000000  2.204427e-10
8450.000000  2.180598e-10
8470.000000  2.109179e-10
8490.000000  2.200005e-10
8510.000000  2.037487e-10
8530.000000  2.209871e-10
8550.000000  1.926680e-10
8570.000000  2.238346e-10
8590.000000  2.047793e-10
8610.000000  1.983628e-10
8630.000000  2.271501e-10
8650.000000  2.171508e-10
8670.000000  1.754071e-10
8690.000000  2.231279e-10
8710.000000  2.313191e-10
8730.000000  2.214569e-10
8750.000000  1.697382e-10
8770.000000  2.094587e-10
8790.000000  2.286084e-10
8810.000000  2.299157e-10
8830.000000  2.242082e-10
8850.000000  1.984338e-10
8870.000000  1.646488e-10
8890.000000  2.123105e-10
8910.000000  2.212577e-10
8930.000000  2.219236e-10
8950.000000  2.213682e-10
8970.000000  2.176083e-10
8990.000000  2.070953e-10
9010.000000  1.622557e-10
9030.000000  1.792895e-10
9050.000000  2.065426e-10
9070.000000  2.091910e-10
9090.000000  2.079580e-10
9110.000000  2.091976e-10
9130.000000  2.086256e-10
9150.000000  2.068856e-10
9170.000000  2.043445e-10
9190.000000  1.994857e-10
9210.000000  1.848879e-10
9230.000000  1.420240e-10
9250.000000  1.776890e-10
9270.000000  1.910875e-10
9290.000000  1.956149e-10
9310.000000  1.954259e-10
9330.000000  1.944527e-10
9350.000000  1.934085e-10
9370.000000  1.922106e-10
9390.000000  1.905745e-10
9410.000000  1.877904e-10
9430.000000  1.878610e-10
9450.000000  1.863317e-10
9470.000000  1.845042e-10
9490.000000  1.821206e-10
9510.000000  1.772450e-10
9530.000000  1.617929e-10
9550.000000  1.285604e-10
9570.000000  1.631097e-10
9590.000000  1.732362e-10
9610.000000  1.745889e-10
9630.000000  1.737175e-10
9650.000000  1.737928e-10
9670.000000  1.720666e-10
9690.000000  1.717685e-10
9710.000000  1.708350e-10
9730.000000  1.696450e-10
9750.000000  1.684340e-10
9770.000000  1.673480e-10
9790.000000  1.661967e-10
9810.000000  1.650490e-10
9830.000000  1.638959e-10
9850.000000  1.626815e-10
9870.000000  1.616034e-10
9890.000000  1.601454e-10
9910.000000  1.592944e-10
9930.000000  1.580614e-10
9950.000000  1.567831e-10
9970.000000  1.553826e-10
9990.000000  1.534609e-10
10025.000000  1.393918e-10
10075.000000  1.322630e-10
10125.000000  1.468461e-10
10175.000000  1.456496e-10
10225.000000  1.435429e-10
10275.000000  1.412178e-10
10325.000000  1.388873e-10
10375.000000  1.366508e-10
10425.000000  1.344437e-10
10475.000000  1.320725e-10
10525.000000  1.300801e-10
10575.000000  1.280400e-10
10625.000000  1.260069e-10
10675.000000  1.230855e-10
10725.000000  1.216528e-10
10775.000000  1.200148e-10
10825.000000  1.178123e-10
10875.000000  1.147476e-10
10925.000000  9.714004e-11
10975.000000  1.059106e-10
11025.000000  1.103090e-10
11075.000000  1.092646e-10
11125.000000  1.077557e-10
11175.000000  1.061436e-10
11225.000000  1.045418e-10
11275.000000  1.025986e-10
11325.000000  1.010155e-10
11375.000000  9.984380e-11
11425.000000  9.832361e-11
11475.000000  9.693777e-11
11525.000000  9.551333e-11
11575.000000  9.409221e-11
11625.000000  9.256127e-11
11675.000000  9.098846e-11
11725.000000  9.002233e-11
11775.000000  8.817070e-11
11825.000000  8.720408e-11
11875.000000  8.593084e-11
11925.000000  8.492615e-11
11975.000000  8.353068e-11
12025.000000  8.248413e-11
12075.000000  8.127515e-11
12125.000000  8.013245e-11
12175.000000  7.904028e-11
12225.000000  7.792370e-11
12275.000000  7.680172e-11
12325.000000  7.573729e-11
12375.000000  7.469199e-11
12425.000000  7.367275e-11
12475.000000  7.261872e-11
12525.000000  7.163594e-11
12575.000000  7.056943e-11
12625.000000  6.961980e-11
12675.000000  6.862804e-11
12725.000000  6.740316e-11
12775.000000  6.477300e-11
12825.000000  5.577475e-11
12875.000000  6.358383e-11
12925.000000  6.390719e-11
12975.000000  6.329533e-11
13025.000000  6.251461e-11
13075.000000  6.168845e-11
13125.000000  6.086395e-11
13175.000000  6.003072e-11
13225.000000  5.927582e-11
13275.000000  5.850186e-11
13325.000000  5.773124e-11
13375.000000  5.697634e-11
13425.000000  5.623885e-11
13475.000000  5.551002e-11
13525.000000  5.477253e-11
13575.000000  5.407317e-11
13625.000000  5.338788e-11
13675.000000  5.270259e-11
13725.000000  5.196134e-11
13775.000000  5.136846e-11
13825.000000  5.071965e-11
13875.000000  5.008822e-11
13925.000000  4.943232e-11
13975.000000  4.883403e-11
14025.000000  4.822002e-11
14075.000000  4.762339e-11
14125.000000  4.702510e-11
14175.000000  4.644048e-11
14225.000000  4.586126e-11
14275.000000  4.529944e-11
14325.000000  4.474795e-11
14375.000000  4.420186e-11
14425.000000  4.349169e-11
14475.000000  4.313209e-11
14525.000000  4.251600e-11
14570.000000  4.213358e-11
14620.000000  4.165335e-11
14675.000000  4.114374e-11
14725.000000  4.066019e-11
14775.000000  4.015390e-11
14825.000000  3.971389e-11
14875.000000  3.921626e-11
14925.000000  3.880405e-11
14975.000000  3.834664e-11
15025.000000  3.784203e-11
15075.000000  3.740908e-11
15125.000000  3.696040e-11
15175.000000  3.650465e-11
15225.000000  3.614616e-11
15275.000000  3.551665e-11
15325.000000  3.506956e-11
15375.000000  3.490229e-11
15425.000000  3.396348e-11
15475.000000  3.412984e-11
15525.000000  3.376967e-11
15575.000000  3.231958e-11
15625.000000  3.352582e-11
15675.000000  3.223707e-11
15725.000000  3.102492e-11
15775.000000  3.260724e-11
15825.000000  3.217581e-11
15875.000000  2.891627e-11
15925.000000  3.097708e-11
15975.000000  3.151833e-11
16050.000000  3.048653e-11
16150.000000  2.847554e-11
16250.000000  2.999123e-11
16350.000000  2.849810e-11
16450.000000  2.659477e-11
16550.000000  2.814726e-11
16650.000000  2.756637e-11
16750.000000  2.605568e-11
16850.000000  2.433501e-11
16950.000000  2.579723e-11
17050.000000  2.532584e-11
17150.000000  2.479009e-11
17250.000000  2.409222e-11
17350.000000  2.142968e-11
17450.000000  2.285161e-11
17550.000000  2.273380e-11
17650.000000  2.228846e-11
17750.000000  2.184678e-11
17850.000000  2.139269e-11
17950.000000  2.094728e-11
18050.000000  2.041476e-11
18150.000000  1.833859e-11
18250.000000  1.919847e-11
18350.000000  1.926839e-11
18450.000000  1.892413e-11
18550.000000  1.852383e-11
18650.000000  1.803320e-11
18750.000000  1.615727e-11
18850.000000  1.727148e-11
18950.000000  1.710744e-11
19050.000000  1.681028e-11
19150.000000  1.648636e-11
19250.000000  1.615207e-11
19350.000000  1.569525e-11
19450.000000  1.410379e-11
19550.000000  1.510430e-11
19650.000000  1.496496e-11
19750.000000  1.469607e-11
19850.000000  1.442539e-11
19950.000000  1.415765e-11
20050.000000  1.389672e-11
20150.000000  1.364116e-11
20250.000000  1.339116e-11
20350.000000  1.314691e-11
20450.000000  1.290963e-11
20550.000000  1.267616e-11
20650.000000  1.244775e-11
20750.000000  1.222542e-11
20850.000000  1.200832e-11
20950.000000  1.179485e-11
21050.000000  1.158732e-11
21150.000000  1.137941e-11
21250.000000  1.117917e-11
21350.000000  1.098660e-11
21450.000000  1.078877e-11
21550.000000  1.052163e-11
21650.000000  9.525337e-12
21750.000000  1.010180e-11
21850.000000  1.006088e-11
21950.000000  9.907328e-12
22050.000000  9.739442e-12
22150.000000  9.572595e-12
22250.000000  9.416396e-12
22350.000000  9.258956e-12
22450.000000  9.104990e-12
22550.000000  8.953638e-12
22650.000000  8.806639e-12
22750.000000  8.662413e-12
22850.000000  8.525148e-12
22950.000000  8.387549e-12
23050.000000  8.253931e-12
23150.000000  8.122426e-12
23250.000000  7.993861e-12
23350.000000  7.867035e-12
23450.000000  7.742657e-12
23550.000000  7.621053e-12
23650.000000  7.500488e-12
23750.000000  7.382363e-12
23850.000000  7.266687e-12
23950.000000  7.152916e-12
24050.000000  7.038445e-12
24150.000000  6.924842e-12
24250.000000  6.826548e-12
24350.000000  6.711387e-12
24450.000000  6.600064e-12
24550.000000  6.517050e-12
24650.000000  6.398075e-12
24750.000000  6.302571e-12
24850.000000  6.245808e-12
24950.000000  6.044790e-12
