2505.000000  5.342647e-11
2513.000000  4.058517e-11
2518.000000  4.209879e-11
2525.000000  3.571024e-11
2535.000000  3.305322e-11
2545.000000  3.158153e-11
2555.000000  3.904165e-11
2565.000000  3.643568e-11
2575.000000  4.386611e-11
2585.000000  4.367454e-11
2595.000000  4.110533e-11
2605.000000  3.738045e-11
2615.000000  3.480988e-11
2625.000000  4.464553e-11
2635.000000  4.815020e-11
2645.000000  6.228132e-11
2655.000000  6.491318e-11
2665.000000  5.053676e-11
2675.000000  5.735265e-11
2685.000000  5.564976e-11
2695.000000  5.146025e-11
2705.000000  5.568524e-11
2715.000000  4.919489e-11
2725.000000  5.015950e-11
2735.000000  5.577609e-11
2745.000000  3.645985e-11
2755.000000  4.071015e-11
2765.000000  4.486891e-11
2775.000000  5.382135e-11
2785.000000  4.545494e-11
2795.000000  1.954088e-11
2805.000000  2.574061e-11
2815.000000  5.444535e-11
2825.000000  6.331690e-11
2835.000000  5.901163e-11
2845.000000  5.565529e-11
2855.000000  4.951404e-11
2865.000000  5.998917e-11
2875.000000  5.793506e-11
2885.000000  5.871009e-11
2895.000000  5.461837e-11
2910.000000  6.651188e-11
2930.000000  6.173067e-11
2950.000000  6.128437e-11
2970.000000  6.551638e-11
2990.000000  6.586508e-11
3010.000000  6.810633e-11
3030.000000  6.679882e-11
3050.000000  6.635109e-11
3070.000000  6.738611e-11
3090.000000  6.920650e-11
3110.000000  6.637895e-11
3130.000000  6.573178e-11
3150.000000  6.847934e-11
3170.000000  6.777351e-11
3190.000000  6.266187e-11
3210.000000  6.558037e-11
3230.000000  6.174682e-11
3250.000000  6.521230e-11
3270.000000  6.706984e-11
3290.000000  6.718913e-11
3310.000000  6.882359e-11
3330.000000  6.692389e-11
3350.000000  6.600326e-11
3370.000000  6.467805e-11
3390.000000  6.547689e-11
3410.000000  6.602337e-11
3430.000000  6.625922e-11
3450.000000  6.595592e-11
3470.000000  6.495038e-11
3490.000000  6.464420e-11
3510.000000  6.642651e-11
3530.000000  6.593448e-11
3550.000000  6.821041e-11
3570.000000  6.427288e-11
3590.000000  6.380296e-11
3610.000000  6.407270e-11
3630.000000  6.462745e-11
3640.000000  6.352517e-11
3650.000000  6.706840e-11
3670.000000  6.630759e-11
3690.000000  6.357701e-11
3710.000000  6.509950e-11
3730.000000  6.550072e-11
3750.000000  8.040915e-11
3770.000000  8.677727e-11
3790.000000  1.074386e-10
3810.000000  1.264439e-10
3830.000000  9.906615e-11
3850.000000  1.409960e-10
3870.000000  1.618632e-10
3890.000000  9.077037e-11
3910.000000  1.602117e-10
3930.000000  1.350758e-10
3950.000000  1.573411e-10
3970.000000  8.179740e-11
3990.000000  1.581641e-10
4010.000000  1.841735e-10
4030.000000  1.841050e-10
4050.000000  1.815426e-10
4070.000000  1.712026e-10
4090.000000  1.310619e-10
4110.000000  9.933628e-11
4130.000000  1.613520e-10
4150.000000  1.759004e-10
4170.000000  1.754082e-10
4190.000000  1.739302e-10
4210.000000  1.734541e-10
4230.000000  1.675658e-10
4250.000000  1.685638e-10
4270.000000  1.585656e-10
4290.000000  1.616974e-10
4310.000000  1.446692e-10
4330.000000  1.092985e-10
4350.000000  9.262369e-11
4370.000000  1.460146e-10
4390.000000  1.522574e-10
4410.000000  1.507028e-10
4430.000000  1.476186e-10
4450.000000  1.516491e-10
4470.000000  1.508396e-10
4490.000000  1.478377e-10
4510.000000  1.531413e-10
4530.000000  1.459194e-10
4550.000000  1.435803e-10
4570.000000  1.483602e-10
4590.000000  1.414015e-10
4610.000000  1.445109e-10
4630.000000  1.393113e-10
4650.000000  1.404845e-10
4670.000000  1.398802e-10
4690.000000  1.330780e-10
4710.000000  1.272438e-10
4730.000000  1.342574e-10
4750.000000  1.336374e-10
4770.000000  1.307242e-10
4790.000000  1.291454e-10
4810.000000  1.248467e-10
4830.000000  1.176910e-10
4850.000000  8.862489e-11
4870.000000  7.035956e-11
4890.000000  1.089476e-10
4910.000000  1.167197e-10
4930.000000  1.158114e-10
4950.000000  1.185307e-10
4970.000000  1.191853e-10
4990.000000  1.139327e-10
5010.000000  1.091661e-10
5030.000000  1.120913e-10
5050.000000  1.096954e-10
5070.000000  1.120885e-10
5090.000000  1.102606e-10
5110.000000  1.100328e-10
5130.000000  1.073834e-10
5150.000000  1.043353e-10
5170.000000  1.025491e-10
5190.000000  1.013589e-10
5210.000000  1.015109e-10
5230.000000  1.003274e-10
5250.000000  1.017389e-10
5270.000000  9.427115e-11
5290.000000  9.908069e-11
5310.000000  9.708016e-11
5330.000000  9.294394e-11
5350.000000  9.629784e-11
5370.000000  9.524843e-11
5390.000000  9.393590e-11
5410.000000  9.137133e-11
5430.000000  9.199603e-11
5450.000000  9.260353e-11
5470.000000  9.112531e-11
5490.000000  9.035054e-11
5510.000000  8.954598e-11
5530.000000  8.858586e-11
5550.000000  8.822237e-11
5570.000000  8.684596e-11
5590.000000  8.584477e-11
5610.000000  8.573930e-11
5630.000000  8.542569e-11
5650.000000  8.418643e-11
5670.000000  8.265826e-11
5690.000000  8.265901e-11
5710.000000  8.189164e-11
5730.000000  8.245541e-11
5750.000000  8.063920e-11
5770.000000  8.027135e-11
5790.000000  7.921599e-11
5810.000000  7.874184e-11
5830.000000  7.826550e-11
5850.000000  7.726650e-11
5870.000000  7.661277e-11
5890.000000  7.464343e-11
5910.000000  7.516826e-11
5930.000000  7.447422e-11
5950.000000  7.363656e-11
5970.000000  7.314552e-11
5990.000000  7.203592e-11
6010.000000  7.075110e-11
6030.000000  7.073714e-11
6050.000000  7.015459e-11
6070.000000  6.999923e-11
6090.000000  6.903324e-11
6110.000000  6.807460e-11
6130.000000  6.674725e-11
6150.000000  6.507631e-11
6170.000000  6.523375e-11
6190.000000  6.604745e-11
6210.000000  6.545966e-11
6230.000000  6.441818e-11
6250.000000  6.234483e-11
6270.000000  6.385462e-11
6290.000000  6.331889e-11
6310.000000  6.195127e-11
6330.000000  6.171305e-11
6350.000000  6.040777e-11
6370.000000  6.017398e-11
6390.000000  6.011756e-11
6410.000000  5.895808e-11
6430.000000  5.886868e-11
6450.000000  5.732226e-11
6470.000000  5.761973e-11
6490.000000  5.622427e-11
6510.000000  5.574775e-11
6530.000000  5.362277e-11
6550.000000  4.563908e-11
6570.000000  3.619584e-11
6590.000000  5.009813e-11
6610.000000  5.313929e-11
6630.000000  5.361878e-11
6650.000000  5.343711e-11
6670.000000  5.290579e-11
6690.000000  5.281642e-11
6710.000000  5.237961e-11
6730.000000  5.190766e-11
6750.000000  5.111386e-11
6770.000000  5.127735e-11
6790.000000  5.077678e-11
6810.000000  5.034950e-11
6830.000000  4.976174e-11
6850.000000  4.935787e-11
6870.000000  4.914096e-11
6890.000000  4.873494e-11
6910.000000  4.828640e-11
6930.000000  4.780708e-11
6950.000000  4.748606e-11
6970.000000  4.701627e-11
6990.000000  4.675903e-11
7010.000000  4.569847e-11
7030.000000  4.575787e-11
7050.000000  4.546766e-11
7070.000000  4.517961e-11
7090.000000  4.481611e-11
7110.000000  4.328358e-11
7130.000000  4.366617e-11
7150.000000  4.340892e-11
7170.000000  4.305930e-11
7190.000000  4.262248e-11
7210.000000  4.244810e-11
7230.000000  4.205378e-11
7250.000000  4.149898e-11
7270.000000  4.157007e-11
7290.000000  4.090163e-11
7310.000000  4.073898e-11
7330.000000  4.045093e-11
7350.000000  4.027871e-11
7370.000000  4.000019e-11
7390.000000  3.941677e-11
7410.000000  3.888541e-11
7430.000000  3.834968e-11
7450.000000  3.829545e-11
7470.000000  3.773846e-11
7490.000000  3.771719e-11
7510.000000  3.760873e-11
7530.000000  3.739618e-11
7550.000000  3.729724e-11
7570.000000  3.688388e-11
7590.000000  3.666914e-11
7610.000000  3.635985e-11
7630.000000  3.610261e-11
7650.000000  3.570831e-11
7670.000000  3.517911e-11
7690.000000  3.502814e-11
7710.000000  3.482296e-11
7730.000000  3.470495e-11
7750.000000  3.433407e-11
7770.000000  3.329555e-11
7790.000000  3.399917e-11
7810.000000  3.366862e-11
7830.000000  3.319148e-11
7850.000000  3.278546e-11
7870.000000  3.262276e-11
7890.000000  3.227095e-11
7910.000000  3.198512e-11
7930.000000  3.173223e-11
7950.000000  3.138779e-11
7970.000000  3.171615e-11
7990.000000  3.097741e-11
8010.000000  3.111883e-11
8030.000000  3.077875e-11
8050.000000  3.066075e-11
8070.000000  3.040351e-11
8090.000000  3.014846e-11
8110.000000  3.008250e-11
8130.000000  2.992199e-11
8150.000000  2.967648e-11
8170.000000  2.947346e-11
8190.000000  2.865624e-11
8210.000000  2.847448e-11
8230.000000  2.828100e-11
8250.000000  2.822675e-11
8270.000000  2.850307e-11
8290.000000  2.823629e-11
8310.000000  2.796216e-11
8330.000000  2.749237e-11
8350.000000  2.761991e-11
8370.000000  2.752099e-11
8390.000000  2.719265e-11
8410.000000  2.706295e-11
8430.000000  2.674412e-11
8450.000000  2.606179e-11
8470.000000  2.605016e-11
8490.000000  2.615847e-11
8510.000000  2.472070e-11
8530.000000  2.596710e-11
8550.000000  2.259749e-11
8570.000000  2.613486e-11
8590.000000  2.437396e-11
8610.000000  2.379800e-11
8630.000000  2.602110e-11
8650.000000  2.493064e-11
8670.000000  2.030638e-11
8690.000000  2.473410e-11
8710.000000  2.606787e-11
8730.000000  2.493264e-11
8750.000000  1.984328e-11
8770.000000  2.383043e-11
8790.000000  2.588823e-11
8810.000000  2.603918e-11
8830.000000  2.487537e-11
8850.000000  2.218940e-11
8870.000000  1.888124e-11
8890.000000  2.390061e-11
8910.000000  2.516339e-11
8930.000000  2.531656e-11
8950.000000  2.553865e-11
8970.000000  2.482333e-11
8990.000000  2.343080e-11
9010.000000  1.845365e-11
9030.000000  2.031211e-11
9050.000000  2.348504e-11
9070.000000  2.362874e-11
9090.000000  2.341840e-11
9110.000000  2.407951e-11
9130.000000  2.417189e-11
9150.000000  2.415062e-11
9170.000000  2.363829e-11
9190.000000  2.273900e-11
9210.000000  2.078717e-11
9230.000000  1.611114e-11
9250.000000  1.985868e-11
9270.000000  2.145935e-11
9290.000000  2.270825e-11
9310.000000  2.289004e-11
9330.000000  2.274130e-11
9350.000000  2.274131e-11
9370.000000  2.265411e-11
9390.000000  2.223857e-11
9410.000000  2.124556e-11
9430.000000  2.182613e-11
9450.000000  2.169954e-11
9470.000000  2.160346e-11
9490.000000  2.125829e-11
9510.000000  2.042419e-11
9530.000000  1.844087e-11
9550.000000  1.470018e-11
9570.000000  1.858408e-11
9590.000000  2.002426e-11
9610.000000  2.021113e-11
9630.000000  1.991743e-11
9650.000000  2.030771e-11
9670.000000  1.994787e-11
9690.000000  1.982761e-11
9710.000000  2.021746e-11
9730.000000  2.002340e-11
9750.000000  1.970875e-11
9770.000000  1.983877e-11
9790.000000  1.968743e-11
9810.000000  1.955031e-11
9830.000000  1.932085e-11
9850.000000  1.907004e-11
9870.000000  1.894420e-11
9890.000000  1.866370e-11
9910.000000  1.860102e-11
9930.000000  1.862720e-11
9950.000000  1.843569e-11
9970.000000  1.831693e-11
9990.000000  1.801355e-11
10025.000000  1.606926e-11
10075.000000  1.517777e-11
10125.000000  1.706426e-11
10175.000000  1.715913e-11
10225.000000  1.706410e-11
10275.000000  1.685024e-11
10325.000000  1.650007e-11
10375.000000  1.626283e-11
10425.000000  1.600148e-11
10475.000000  1.548880e-11
10525.000000  1.534179e-11
10575.000000  1.517395e-11
10625.000000  1.499219e-11
10675.000000  1.439001e-11
10725.000000  1.438203e-11
10775.000000  1.417169e-11
10825.000000  1.390767e-11
10875.000000  1.346855e-11
10925.000000  1.120025e-11
10975.000000  1.226970e-11
11025.000000  1.311686e-11
11075.000000  1.309308e-11
11125.000000  1.287395e-11
11175.000000  1.271836e-11
11225.000000  1.256849e-11
11275.000000  1.206080e-11
11325.000000  1.192741e-11
11375.000000  1.192081e-11
11425.000000  1.164971e-11
11475.000000  1.168102e-11
11525.000000  1.152967e-11
11575.000000  1.133157e-11
11625.000000  1.098585e-11
11675.000000  1.075681e-11
11725.000000  1.087380e-11
11775.000000  1.045060e-11
11825.000000  1.042254e-11
11875.000000  1.019584e-11
11925.000000  1.030411e-11
11975.000000  1.000580e-11
12025.000000  9.942120e-12
12075.000000  9.764315e-12
12125.000000  9.640601e-12
12175.000000  9.557057e-12
12225.000000  9.395084e-12
12275.000000  9.256488e-12
12325.000000  9.137243e-12
12375.000000  9.034785e-12
12425.000000  8.950500e-12
12475.000000  8.779808e-12
12525.000000  8.657698e-12
12575.000000  8.466919e-12
12625.000000  8.401542e-12
12675.000000  8.308970e-12
12725.000000  8.155262e-12
12775.000000  7.721265e-12
12825.000000  6.502424e-12
12875.000000  7.592575e-12
12925.000000  7.721752e-12
12975.000000  7.678821e-12
13025.000000  7.601135e-12
13075.000000  7.528434e-12
13125.000000  7.410362e-12
13175.000000  7.275068e-12
13225.000000  7.236375e-12
13275.000000  7.136477e-12
13325.000000  7.056444e-12
13375.000000  6.961532e-12
13425.000000  6.868747e-12
13475.000000  6.781385e-12
13525.000000  6.670641e-12
13575.000000  6.574994e-12
13625.000000  6.521421e-12
13675.000000  6.422477e-12
13725.000000  6.281024e-12
13775.000000  6.255298e-12
13825.000000  6.188017e-12
13875.000000  6.141992e-12
13925.000000  6.017761e-12
13975.000000  5.965358e-12
14025.000000  5.898296e-12
14075.000000  5.839518e-12
14125.000000  5.745996e-12
14175.000000  5.687219e-12
14225.000000  5.606449e-12
14275.000000  5.527806e-12
14325.000000  5.478485e-12
14375.000000  5.428209e-12
14425.000000  5.220347e-12
14475.000000  5.281332e-12
14525.000000  5.145519e-12
14570.000000  5.159007e-12
14620.000000  5.080146e-12
14675.000000  5.037417e-12
14725.000000  4.956867e-12
14775.000000  4.874709e-12
14825.000000  4.841655e-12
14875.000000  4.758759e-12
14925.000000  4.769905e-12
14975.000000  4.688184e-12
15025.000000  4.622292e-12
15075.000000  4.555231e-12
15125.000000  4.543214e-12
15175.000000  4.494110e-12
15225.000000  4.433642e-12
15275.000000  4.385494e-12
15325.000000  4.328107e-12
15375.000000  4.285376e-12
15425.000000  4.187611e-12
15475.000000  4.174851e-12
15525.000000  4.132122e-12
15575.000000  4.027773e-12
15625.000000  4.080882e-12
15675.000000  3.951025e-12
15725.000000  3.853051e-12
15775.000000  3.916479e-12
15825.000000  3.891710e-12
15875.000000  3.579614e-12
15925.000000  3.755250e-12
15975.000000  3.807638e-12
16050.000000  3.671174e-12
16150.000000  3.459165e-12
16250.000000  3.632908e-12
16350.000000  3.422049e-12
16450.000000  3.192075e-12
16550.000000  3.414720e-12
16650.000000  3.351910e-12
16750.000000  3.124991e-12
16850.000000  2.905638e-12
16950.000000  3.136800e-12
17050.000000  3.070915e-12
17150.000000  3.020856e-12
17250.000000  2.900649e-12
17350.000000  2.531112e-12
17450.000000  2.727092e-12
17550.000000  2.750482e-12
17650.000000  2.699475e-12
17750.000000  2.655793e-12
17850.000000  2.596061e-12
17950.000000  2.556629e-12
18050.000000  2.463103e-12
18150.000000  2.177624e-12
18250.000000  2.296870e-12
18350.000000  2.341735e-12
18450.000000  2.302306e-12
18550.000000  2.243746e-12
18650.000000  2.179975e-12
18750.000000  1.910122e-12
18850.000000  2.080145e-12
18950.000000  2.061505e-12
19050.000000  2.051775e-12
19150.000000  2.009977e-12
19250.000000  1.965582e-12
19350.000000  1.896293e-12
19450.000000  1.666512e-12
19550.000000  1.827063e-12
19650.000000  1.822320e-12
19750.000000  1.788174e-12
19850.000000  1.761827e-12
19950.000000  1.729264e-12
20050.000000  1.699017e-12
20150.000000  1.669385e-12
20250.000000  1.635495e-12
20350.000000  1.602740e-12
20450.000000  1.579984e-12
20550.000000  1.550184e-12
20650.000000  1.517546e-12
20750.000000  1.491572e-12
20850.000000  1.466448e-12
20950.000000  1.439315e-12
21050.000000  1.413956e-12
21150.000000  1.383848e-12
21250.000000  1.360870e-12
21350.000000  1.335628e-12
21450.000000  1.313999e-12
21550.000000  1.274799e-12
21650.000000  1.126218e-12
21750.000000  1.217132e-12
21850.000000  1.223015e-12
21950.000000  1.210102e-12
22050.000000  1.185256e-12
22150.000000  1.165424e-12
22250.000000  1.150927e-12
22350.000000  1.131234e-12
22450.000000  1.112625e-12
22550.000000  1.088607e-12
22650.000000  1.074323e-12
22750.000000  1.057488e-12
22850.000000  1.039516e-12
22950.000000  1.021215e-12
23050.000000  1.007664e-12
23150.000000  9.905430e-13
23250.000000  9.761632e-13
23350.000000  9.598925e-13
23450.000000  9.451829e-13
23550.000000  9.304000e-13
23650.000000  9.161374e-13
23750.000000  9.001961e-13
23850.000000  8.862415e-13
23950.000000  8.730419e-13
24050.000000  8.584496e-13
24150.000000  8.450591e-13
24250.000000  8.329001e-13
24350.000000  8.187768e-13
24450.000000  8.068305e-13
24550.000000  7.933443e-13
24650.000000  7.814937e-13
24750.000000  7.691660e-13
24850.000000  7.570501e-13
24950.000000  7.407374e-13
