2505.000000  1.057574e-12
2513.000000  5.033474e-13
2518.000000  3.376101e-13
2525.000000  3.424719e-13
2535.000000  5.755727e-13
2545.000000  8.055684e-13
2555.000000  2.369644e-12
2565.000000  1.625874e-12
2575.000000  2.371423e-12
2585.000000  1.910292e-12
2595.000000  1.610769e-12
2605.000000  1.229514e-12
2615.000000  1.120129e-12
2625.000000  1.661224e-12
2635.000000  4.158905e-12
2645.000000  6.086310e-12
2655.000000  9.378298e-12
2665.000000  5.146837e-12
2675.000000  5.867696e-12
2685.000000  7.292207e-12
2695.000000  4.923346e-12
2705.000000  6.611559e-12
2715.000000  4.194653e-12
2725.000000  2.675267e-12
2735.000000  3.773687e-12
2745.000000  1.820667e-12
2755.000000  2.811392e-12
2765.000000  4.093251e-12
2775.000000  4.247967e-12
2785.000000  2.106694e-12
2795.000000  7.446888e-13
2805.000000  9.656394e-13
2815.000000  3.408455e-12
2825.000000  5.926393e-12
2835.000000  5.379658e-12
2845.000000  2.914792e-12
2855.000000  1.227921e-12
2865.000000  4.606473e-12
2875.000000  8.022945e-12
2885.000000  7.336605e-12
2895.000000  9.559768e-12
2910.000000  1.333555e-11
2930.000000  1.200420e-11
2950.000000  1.123244e-11
2970.000000  1.192459e-11
2990.000000  1.204695e-11
3010.000000  1.174142e-11
3030.000000  1.328127e-11
3050.000000  1.387328e-11
3070.000000  1.468702e-11
3090.000000  1.414855e-11
3110.000000  1.641714e-11
3130.000000  1.470375e-11
3150.000000  1.457140e-11
3170.000000  1.633452e-11
3190.000000  1.427071e-11
3210.000000  1.584197e-11
3230.000000  1.272865e-11
3250.000000  1.891596e-11
3270.000000  2.266102e-11
3290.000000  2.189276e-11
3310.000000  2.016280e-11
3330.000000  2.074161e-11
3350.000000  1.971530e-11
3370.000000  1.456169e-11
3390.000000  1.709799e-11
3410.000000  1.802121e-11
3430.000000  1.931888e-11
3450.000000  2.065128e-11
3470.000000  2.132242e-11
3490.000000  2.360580e-11
3510.000000  2.488804e-11
3530.000000  2.244413e-11
3550.000000  2.598915e-11
3570.000000  1.782719e-11
3590.000000  1.880245e-11
3610.000000  2.312642e-11
3630.000000  2.373835e-11
3640.000000  2.404192e-11
3650.000000  2.764170e-11
3670.000000  2.846032e-11
3690.000000  2.715670e-11
3710.000000  2.953495e-11
3730.000000  2.117014e-11
3750.000000  2.405724e-11
3770.000000  2.882304e-11
3790.000000  2.883902e-11
3810.000000  2.726552e-11
3830.000000  1.667245e-11
3850.000000  1.983774e-11
3870.000000  1.959380e-11
3890.000000  2.698899e-11
3910.000000  3.233200e-11
3930.000000  1.567509e-11
3950.000000  2.810036e-11
3970.000000  1.891166e-11
3990.000000  4.007316e-11
4010.000000  4.333365e-11
4030.000000  4.261091e-11
4050.000000  4.107746e-11
4070.000000  3.971249e-11
4090.000000  4.644780e-11
4110.000000  4.558858e-11
4130.000000  4.376478e-11
4150.000000  4.297406e-11
4170.000000  4.326004e-11
4190.000000  4.157879e-11
4210.000000  4.338803e-11
4230.000000  4.301233e-11
4250.000000  4.318048e-11
4270.000000  4.017571e-11
4290.000000  3.614768e-11
4310.000000  2.971650e-11
4330.000000  4.523692e-11
4350.000000  4.316098e-11
4370.000000  4.714432e-11
4390.000000  4.266100e-11
4410.000000  4.671000e-11
4430.000000  5.033602e-11
4450.000000  5.019820e-11
4470.000000  5.336197e-11
4490.000000  5.416848e-11
4510.000000  6.021592e-11
4530.000000  5.408334e-11
4550.000000  5.586204e-11
4570.000000  5.972365e-11
4590.000000  5.645360e-11
4610.000000  5.814068e-11
4630.000000  5.704138e-11
4650.000000  5.775630e-11
4670.000000  5.932183e-11
4690.000000  5.817136e-11
4710.000000  5.637182e-11
4730.000000  5.886548e-11
4750.000000  6.046334e-11
4770.000000  6.063286e-11
4790.000000  6.040086e-11
4810.000000  5.952324e-11
4830.000000  6.076962e-11
4850.000000  5.727823e-11
4870.000000  5.210564e-11
4890.000000  5.811307e-11
4910.000000  5.786003e-11
4930.000000  5.694086e-11
4950.000000  5.972900e-11
4970.000000  5.957831e-11
4990.000000  5.544724e-11
5010.000000  5.301622e-11
5030.000000  5.612165e-11
5050.000000  5.634793e-11
5070.000000  5.869729e-11
5090.000000  5.593707e-11
5110.000000  5.697971e-11
5130.000000  5.535589e-11
5150.000000  5.347453e-11
5170.000000  4.932902e-11
5190.000000  5.043281e-11
5210.000000  5.456169e-11
5230.000000  5.555051e-11
5250.000000  5.712860e-11
5270.000000  5.094209e-11
5290.000000  5.705057e-11
5310.000000  5.930540e-11
5330.000000  5.348229e-11
5350.000000  5.766525e-11
5370.000000  5.776795e-11
5390.000000  5.666622e-11
5410.000000  5.501175e-11
5430.000000  5.621033e-11
5450.000000  5.829368e-11
5470.000000  5.674447e-11
5490.000000  5.621538e-11
5510.000000  5.613532e-11
5530.000000  5.694059e-11
5550.000000  5.772252e-11
5570.000000  5.622618e-11
5590.000000  5.492271e-11
5610.000000  5.695980e-11
5630.000000  5.674975e-11
5650.000000  5.663951e-11
5670.000000  5.526728e-11
5690.000000  5.634797e-11
5710.000000  5.497401e-11
5730.000000  5.875094e-11
5750.000000  5.670847e-11
5770.000000  5.734736e-11
5790.000000  5.536496e-11
5810.000000  5.695547e-11
5830.000000  5.790305e-11
5850.000000  5.648066e-11
5870.000000  5.660425e-11
5890.000000  5.252404e-11
5910.000000  5.592186e-11
5930.000000  5.580216e-11
5950.000000  5.585200e-11
5970.000000  5.616452e-11
5990.000000  5.541940e-11
6010.000000  5.446348e-11
6030.000000  5.490081e-11
6050.000000  5.580634e-11
6070.000000  5.546032e-11
6090.000000  5.380895e-11
6110.000000  5.351477e-11
6130.000000  5.150900e-11
6150.000000  5.236733e-11
6170.000000  5.063717e-11
6190.000000  5.323834e-11
6210.000000  5.332992e-11
6230.000000  5.177318e-11
6250.000000  5.016863e-11
6270.000000  5.231414e-11
6290.000000  5.254259e-11
6310.000000  5.095592e-11
6330.000000  5.120887e-11
6350.000000  5.127976e-11
6370.000000  5.099202e-11
6390.000000  5.145586e-11
6410.000000  5.024822e-11
6430.000000  5.073208e-11
6450.000000  5.021276e-11
6470.000000  5.000840e-11
6490.000000  4.919208e-11
6510.000000  5.030256e-11
6530.000000  5.032083e-11
6550.000000  4.926505e-11
6570.000000  4.547487e-11
6590.000000  4.930909e-11
6610.000000  4.973272e-11
6630.000000  4.932887e-11
6650.000000  4.918564e-11
6670.000000  4.853221e-11
6690.000000  4.931553e-11
6710.000000  4.809975e-11
6730.000000  4.881296e-11
6750.000000  4.814051e-11
6770.000000  4.813193e-11
6790.000000  4.784033e-11
6810.000000  4.753978e-11
6830.000000  4.784118e-11
6850.000000  4.666277e-11
6870.000000  4.713132e-11
6890.000000  4.721439e-11
6910.000000  4.681123e-11
6930.000000  4.655280e-11
6950.000000  4.625873e-11
6970.000000  4.625330e-11
6990.000000  4.599011e-11
7010.000000  4.461845e-11
7030.000000  4.532494e-11
7050.000000  4.552517e-11
7070.000000  4.500858e-11
7090.000000  4.478534e-11
7110.000000  4.480826e-11
7130.000000  4.406201e-11
7150.000000  4.379623e-11
7170.000000  4.375118e-11
7190.000000  4.246228e-11
7210.000000  4.331482e-11
7230.000000  4.334590e-11
7250.000000  4.348364e-11
7270.000000  4.325844e-11
7290.000000  4.202175e-11
7310.000000  4.266241e-11
7330.000000  4.250104e-11
7350.000000  4.250413e-11
7370.000000  4.261599e-11
7390.000000  4.153938e-11
7410.000000  4.101869e-11
7430.000000  4.142256e-11
7450.000000  4.145942e-11
7470.000000  4.167254e-11
7490.000000  4.124616e-11
7510.000000  4.128918e-11
7530.000000  4.125894e-11
7550.000000  4.130659e-11
7570.000000  4.085100e-11
7590.000000  4.071690e-11
7610.000000  4.048800e-11
7630.000000  4.060166e-11
7650.000000  4.044123e-11
7670.000000  3.933690e-11
7690.000000  4.012056e-11
7710.000000  3.950375e-11
7730.000000  3.947670e-11
7750.000000  3.903056e-11
7770.000000  3.958545e-11
7790.000000  3.947955e-11
7810.000000  3.923252e-11
7830.000000  3.880143e-11
7850.000000  3.867927e-11
7870.000000  3.885456e-11
7890.000000  3.845434e-11
7910.000000  3.776179e-11
7930.000000  3.718650e-11
7950.000000  3.706617e-11
7970.000000  3.772016e-11
7990.000000  3.764328e-11
8010.000000  3.718174e-11
8030.000000  3.707630e-11
8050.000000  3.673005e-11
8070.000000  3.684571e-11
8090.000000  3.607978e-11
8110.000000  3.634655e-11
8130.000000  3.647026e-11
8150.000000  3.620863e-11
8170.000000  3.611820e-11
8190.000000  3.513558e-11
8210.000000  3.514641e-11
8230.000000  3.510604e-11
8250.000000  3.532807e-11
8270.000000  3.556748e-11
8290.000000  3.531097e-11
8310.000000  3.450418e-11
8330.000000  3.436546e-11
8350.000000  3.446298e-11
8370.000000  3.455936e-11
8390.000000  3.381547e-11
8410.000000  3.437641e-11
8430.000000  3.363245e-11
8450.000000  3.391272e-11
8470.000000  3.362680e-11
8490.000000  3.330718e-11
8510.000000  3.169772e-11
8530.000000  3.274240e-11
8550.000000  2.809389e-11
8570.000000  3.342345e-11
8590.000000  3.276495e-11
8610.000000  3.265883e-11
8630.000000  3.297746e-11
8650.000000  3.254356e-11
8670.000000  2.807102e-11
8690.000000  3.174531e-11
8710.000000  3.222068e-11
8730.000000  3.217743e-11
8750.000000  3.143963e-11
8770.000000  3.213262e-11
8790.000000  3.181724e-11
8810.000000  3.110070e-11
8830.000000  3.153481e-11
8850.000000  3.149357e-11
8870.000000  3.055193e-11
8890.000000  3.142538e-11
8910.000000  3.149304e-11
8930.000000  3.082735e-11
8950.000000  3.078695e-11
8970.000000  3.078111e-11
8990.000000  3.081871e-11
9010.000000  2.930687e-11
9030.000000  3.028504e-11
9050.000000  3.073669e-11
9070.000000  3.018158e-11
9090.000000  2.932480e-11
9110.000000  2.951958e-11
9130.000000  3.003833e-11
9150.000000  2.942412e-11
9170.000000  2.910957e-11
9190.000000  2.918830e-11
9210.000000  2.840254e-11
9230.000000  2.793298e-11
9250.000000  2.815884e-11
9270.000000  2.851729e-11
9290.000000  2.841076e-11
9310.000000  2.861191e-11
9330.000000  2.844793e-11
9350.000000  2.827325e-11
9370.000000  2.809978e-11
9390.000000  2.796744e-11
9410.000000  2.700643e-11
9430.000000  2.757115e-11
9450.000000  2.716795e-11
9470.000000  2.759302e-11
9490.000000  2.757915e-11
9510.000000  2.746580e-11
9530.000000  2.720351e-11
9550.000000  2.650006e-11
9570.000000  2.695536e-11
9590.000000  2.715623e-11
9610.000000  2.686377e-11
9630.000000  2.661728e-11
9650.000000  2.643029e-11
9670.000000  2.629251e-11
9690.000000  2.654837e-11
9710.000000  2.640292e-11
9730.000000  2.633861e-11
9750.000000  2.604206e-11
9770.000000  2.606757e-11
9790.000000  2.580356e-11
9810.000000  2.606055e-11
9830.000000  2.590396e-11
9850.000000  2.590107e-11
9870.000000  2.568489e-11
9890.000000  2.562684e-11
9910.000000  2.543317e-11
9930.000000  2.561195e-11
9950.000000  2.548943e-11
9970.000000  2.543968e-11
9990.000000  2.531673e-11
10025.000000  2.504917e-11
10075.000000  2.462039e-11
10125.000000  2.462914e-11
10175.000000  2.419879e-11
10225.000000  2.412447e-11
10275.000000  2.404393e-11
10325.000000  2.358855e-11
10375.000000  2.339510e-11
10425.000000  2.333228e-11
10475.000000  2.294023e-11
10525.000000  2.288038e-11
10575.000000  2.258763e-11
10625.000000  2.236115e-11
10675.000000  2.185538e-11
10725.000000  2.185399e-11
10775.000000  2.157743e-11
10825.000000  2.116190e-11
10875.000000  2.101669e-11
10925.000000  2.067317e-11
10975.000000  2.015412e-11
11025.000000  2.014438e-11
11075.000000  2.015129e-11
11125.000000  1.993606e-11
11175.000000  1.983103e-11
11225.000000  1.974835e-11
11275.000000  1.933976e-11
11325.000000  1.936163e-11
11375.000000  1.910355e-11
11425.000000  1.891045e-11
11475.000000  1.904636e-11
11525.000000  1.890872e-11
11575.000000  1.862241e-11
11625.000000  1.832680e-11
11675.000000  1.826135e-11
11725.000000  1.836452e-11
11775.000000  1.795059e-11
11825.000000  1.778767e-11
11875.000000  1.758972e-11
11925.000000  1.780076e-11
11975.000000  1.713031e-11
12025.000000  1.728847e-11
12075.000000  1.706734e-11
12125.000000  1.703295e-11
12175.000000  1.705605e-11
12225.000000  1.690917e-11
12275.000000  1.671092e-11
12325.000000  1.660821e-11
12375.000000  1.646622e-11
12425.000000  1.630046e-11
12475.000000  1.625225e-11
12525.000000  1.605914e-11
12575.000000  1.594868e-11
12625.000000  1.582664e-11
12675.000000  1.564136e-11
12725.000000  1.561013e-11
12775.000000  1.550746e-11
12825.000000  1.472384e-11
12875.000000  1.517840e-11
12925.000000  1.501115e-11
12975.000000  1.502695e-11
13025.000000  1.481408e-11
13075.000000  1.480313e-11
13125.000000  1.453567e-11
13175.000000  1.441634e-11
13225.000000  1.444338e-11
13275.000000  1.417865e-11
13325.000000  1.418142e-11
13375.000000  1.405181e-11
13425.000000  1.403871e-11
13475.000000  1.391565e-11
13525.000000  1.382524e-11
13575.000000  1.357760e-11
13625.000000  1.352551e-11
13675.000000  1.344004e-11
13725.000000  1.335819e-11
13775.000000  1.326836e-11
13825.000000  1.320286e-11
13875.000000  1.310180e-11
13925.000000  1.302837e-11
13975.000000  1.292317e-11
14025.000000  1.274288e-11
14075.000000  1.268607e-11
14125.000000  1.242981e-11
14175.000000  1.245958e-11
14225.000000  1.220802e-11
14275.000000  1.201371e-11
14325.000000  1.215225e-11
14375.000000  1.216163e-11
14425.000000  1.173065e-11
14475.000000  1.196592e-11
14525.000000  1.168826e-11
14570.000000  1.171064e-11
14620.000000  1.162544e-11
14675.000000  1.155034e-11
14725.000000  1.133455e-11
14775.000000  1.131079e-11
14825.000000  1.126399e-11
14875.000000  1.103619e-11
14925.000000  1.126099e-11
14975.000000  1.108534e-11
15025.000000  1.080759e-11
15075.000000  1.075455e-11
15125.000000  1.086477e-11
15175.000000  1.086079e-11
15225.000000  1.067413e-11
15275.000000  1.070249e-11
15325.000000  1.059879e-11
15375.000000  1.055036e-11
15425.000000  1.048216e-11
15475.000000  1.042136e-11
15525.000000  1.025995e-11
15575.000000  1.015380e-11
15625.000000  1.025856e-11
15675.000000  9.973949e-12
15725.000000  9.988854e-12
15775.000000  9.671369e-12
15825.000000  9.784871e-12
15875.000000  9.372200e-12
15925.000000  9.595019e-12
15975.000000  9.642338e-12
16050.000000  9.505134e-12
16150.000000  9.245814e-12
16250.000000  9.290388e-12
16350.000000  9.051368e-12
16450.000000  8.757951e-12
16550.000000  8.819139e-12
16650.000000  8.652384e-12
16750.000000  8.375884e-12
16850.000000  8.060417e-12
16950.000000  8.204228e-12
17050.000000  7.931839e-12
17150.000000  7.809473e-12
17250.000000  7.588731e-12
17350.000000  7.199595e-12
17450.000000  7.286258e-12
17550.000000  7.202461e-12
17650.000000  7.061165e-12
17750.000000  6.907411e-12
17850.000000  6.808057e-12
17950.000000  6.684315e-12
18050.000000  6.519650e-12
18150.000000  6.218541e-12
18250.000000  6.224993e-12
18350.000000  6.147393e-12
18450.000000  5.984060e-12
18550.000000  5.913947e-12
18650.000000  5.746616e-12
18750.000000  5.437723e-12
18850.000000  5.560363e-12
18950.000000  5.349492e-12
19050.000000  5.390607e-12
19150.000000  5.270023e-12
19250.000000  5.183704e-12
19350.000000  5.038847e-12
19450.000000  4.792952e-12
19550.000000  4.892483e-12
19650.000000  4.795848e-12
19750.000000  4.688076e-12
19850.000000  4.630085e-12
19950.000000  4.546090e-12
20050.000000  4.494380e-12
20150.000000  4.435854e-12
20250.000000  4.313184e-12
20350.000000  4.213572e-12
20450.000000  4.200201e-12
20550.000000  4.108750e-12
20650.000000  4.018497e-12
20750.000000  3.962547e-12
20850.000000  3.891962e-12
20950.000000  3.803140e-12
21050.000000  3.773655e-12
21150.000000  3.700262e-12
21250.000000  3.634213e-12
21350.000000  3.583583e-12
21450.000000  3.527669e-12
21550.000000  3.466084e-12
21650.000000  3.291339e-12
21750.000000  3.319812e-12
21850.000000  3.278247e-12
21950.000000  3.246043e-12
22050.000000  3.161773e-12
22150.000000  3.138420e-12
22250.000000  3.077988e-12
22350.000000  3.027572e-12
22450.000000  2.981010e-12
22550.000000  2.925913e-12
22650.000000  2.874594e-12
22750.000000  2.845773e-12
22850.000000  2.779945e-12
22950.000000  2.667183e-12
23050.000000  2.676500e-12
23150.000000  2.636923e-12
23250.000000  2.507819e-12
23350.000000  2.522261e-12
23450.000000  2.513230e-12
23550.000000  2.373992e-12
23650.000000  2.410307e-12
23750.000000  2.374441e-12
23850.000000  2.260681e-12
23950.000000  2.290284e-12
24050.000000  2.269324e-12
24150.000000  2.170961e-12
24250.000000  2.177714e-12
24350.000000  2.157491e-12
24450.000000  2.097468e-12
24550.000000  2.056491e-12
24650.000000  2.071883e-12
24750.000000  2.016841e-12
24850.000000  1.965884e-12
24950.000000  1.970301e-12
