2505.000000  9.103631e-16
2513.000000  5.568347e-16
2518.000000  6.439263e-16
2525.000000  8.647251e-16
2535.000000  2.726985e-15
2545.000000  3.460050e-15
2555.000000  3.708171e-15
2565.000000  1.573254e-15
2575.000000  3.516313e-15
2585.000000  1.843867e-15
2595.000000  2.784136e-15
2605.000000  4.244203e-15
2615.000000  3.497425e-15
2625.000000  7.115847e-15
2635.000000  1.284361e-14
2645.000000  8.763984e-15
2655.000000  1.547915e-14
2665.000000  1.050512e-14
2675.000000  1.060314e-14
2685.000000  1.457506e-14
2695.000000  8.126840e-15
2705.000000  1.933490e-14
2715.000000  1.631205e-14
2725.000000  1.235040e-14
2735.000000  1.348172e-14
2745.000000  2.052909e-14
2755.000000  1.947857e-14
2765.000000  3.346752e-14
2775.000000  4.667064e-14
2785.000000  2.690675e-14
2795.000000  2.958673e-14
2805.000000  2.982505e-14
2815.000000  4.492350e-14
2825.000000  4.333152e-14
2835.000000  3.397119e-14
2845.000000  1.998315e-14
2855.000000  7.449475e-15
2865.000000  3.634117e-14
2875.000000  4.743311e-14
2885.000000  9.255242e-14
2895.000000  1.153025e-13
2910.000000  1.471452e-13
2930.000000  1.566493e-13
2950.000000  1.523192e-13
2970.000000  1.545240e-13
2990.000000  1.814306e-13
3010.000000  1.905464e-13
3030.000000  2.510093e-13
3050.000000  3.063310e-13
3070.000000  4.409953e-13
3090.000000  5.516262e-13
3110.000000  8.691663e-13
3130.000000  8.063024e-13
3150.000000  1.314102e-12
3170.000000  1.863894e-12
3190.000000  1.455579e-12
3210.000000  1.812332e-12
3230.000000  1.490086e-12
3250.000000  2.436711e-12
3270.000000  3.617792e-12
3290.000000  4.644046e-12
3310.000000  3.788752e-12
3330.000000  4.154157e-12
3350.000000  3.980500e-12
3370.000000  2.760274e-12
3390.000000  3.251967e-12
3410.000000  4.220612e-12
3430.000000  5.220475e-12
3450.000000  4.707355e-12
3470.000000  5.278448e-12
3490.000000  6.770896e-12
3510.000000  8.628210e-12
3530.000000  7.180174e-12
3550.000000  1.071587e-11
3570.000000  4.708946e-12
3590.000000  4.299271e-12
3610.000000  7.415910e-12
3630.000000  1.203163e-11
3640.000000  1.377367e-11
3650.000000  1.451108e-11
3670.000000  1.956017e-11
3690.000000  1.675685e-11
3710.000000  1.473228e-11
3730.000000  5.661371e-12
3750.000000  7.207687e-12
3770.000000  1.486899e-11
3790.000000  1.730411e-11
3810.000000  1.416809e-11
3830.000000  5.731471e-12
3850.000000  9.350354e-12
3870.000000  9.623424e-12
3890.000000  1.415915e-11
3910.000000  1.662738e-11
3930.000000  4.823906e-12
3950.000000  1.044818e-11
3970.000000  6.301499e-12
3990.000000  2.787501e-11
4010.000000  4.372254e-11
4030.000000  3.926184e-11
4050.000000  3.946686e-11
4070.000000  3.740516e-11
4090.000000  5.208679e-11
4110.000000  4.023992e-11
4130.000000  3.960368e-11
4150.000000  3.764343e-11
4170.000000  3.607593e-11
4190.000000  4.118387e-11
4210.000000  4.074901e-11
4230.000000  3.229662e-11
4250.000000  5.207217e-11
4270.000000  4.955863e-11
4290.000000  4.835477e-11
4310.000000  5.011562e-11
4330.000000  7.533409e-11
4350.000000  7.976885e-11
4370.000000  8.435276e-11
4390.000000  7.310899e-11
4410.000000  7.638847e-11
4430.000000  8.376279e-11
4450.000000  8.851611e-11
4470.000000  9.643618e-11
4490.000000  1.041162e-10
4510.000000  1.267394e-10
4530.000000  1.022969e-10
4550.000000  1.106279e-10
4570.000000  1.269384e-10
4590.000000  1.231887e-10
4610.000000  1.301805e-10
4630.000000  1.273118e-10
4650.000000  1.287797e-10
4670.000000  1.395437e-10
4690.000000  1.384148e-10
4710.000000  1.352087e-10
4730.000000  1.385009e-10
4750.000000  1.464342e-10
4770.000000  1.340625e-10
4790.000000  1.373759e-10
4810.000000  1.436347e-10
4830.000000  1.528921e-10
4850.000000  1.520650e-10
4870.000000  1.488107e-10
4890.000000  1.636061e-10
4910.000000  1.662911e-10
4930.000000  1.623276e-10
4950.000000  1.688967e-10
4970.000000  1.489463e-10
4990.000000  1.413353e-10
5010.000000  1.259129e-10
5030.000000  1.407105e-10
5050.000000  1.390490e-10
5070.000000  1.448540e-10
5090.000000  1.322188e-10
5110.000000  1.419690e-10
5130.000000  1.333182e-10
5150.000000  1.312634e-10
5170.000000  1.170050e-10
5190.000000  1.236752e-10
5210.000000  1.343764e-10
5230.000000  1.776781e-10
5250.000000  1.818123e-10
5270.000000  1.663773e-10
5290.000000  1.982515e-10
5310.000000  2.214014e-10
5330.000000  1.897709e-10
5350.000000  2.134176e-10
5370.000000  2.159464e-10
5390.000000  2.033260e-10
5410.000000  2.076151e-10
5430.000000  2.081729e-10
5450.000000  2.124055e-10
5470.000000  2.015625e-10
5490.000000  2.045705e-10
5510.000000  1.990875e-10
5530.000000  2.204250e-10
5550.000000  2.290398e-10
5570.000000  2.266100e-10
5590.000000  2.182678e-10
5610.000000  2.191567e-10
5630.000000  2.164773e-10
5650.000000  2.256966e-10
5670.000000  2.194793e-10
5690.000000  2.369688e-10
5710.000000  2.205081e-10
5730.000000  2.514446e-10
5750.000000  2.450113e-10
5770.000000  2.489640e-10
5790.000000  2.324430e-10
5810.000000  2.540516e-10
5830.000000  2.677906e-10
5850.000000  2.523818e-10
5870.000000  2.483577e-10
5890.000000  1.847725e-10
5910.000000  2.342035e-10
5930.000000  2.400037e-10
5950.000000  2.410096e-10
5970.000000  2.535720e-10
5990.000000  2.487397e-10
6010.000000  2.457234e-10
6030.000000  2.631368e-10
6050.000000  2.724520e-10
6070.000000  2.738133e-10
6090.000000  2.634539e-10
6110.000000  2.670631e-10
6130.000000  2.476250e-10
6150.000000  2.619204e-10
6170.000000  2.298325e-10
6190.000000  2.447995e-10
6210.000000  2.382497e-10
6230.000000  2.231956e-10
6250.000000  2.181601e-10
6270.000000  2.366819e-10
6290.000000  2.508851e-10
6310.000000  2.466672e-10
6330.000000  2.580688e-10
6350.000000  2.614442e-10
6370.000000  2.586877e-10
6390.000000  2.674548e-10
6410.000000  2.655661e-10
6430.000000  2.637277e-10
6450.000000  2.671382e-10
6470.000000  2.725319e-10
6490.000000  2.590276e-10
6510.000000  2.716474e-10
6530.000000  2.793549e-10
6550.000000  2.721297e-10
6570.000000  2.738426e-10
6590.000000  2.785477e-10
6610.000000  2.780042e-10
6630.000000  2.773618e-10
6650.000000  2.714953e-10
6670.000000  2.631545e-10
6690.000000  2.612444e-10
6710.000000  2.519505e-10
6730.000000  2.543402e-10
6750.000000  2.495459e-10
6770.000000  2.615323e-10
6790.000000  2.526465e-10
6810.000000  2.599996e-10
6830.000000  2.687610e-10
6850.000000  2.650438e-10
6870.000000  2.702632e-10
6890.000000  2.805223e-10
6910.000000  2.840689e-10
6930.000000  2.784008e-10
6950.000000  2.780534e-10
6970.000000  2.888722e-10
6990.000000  2.823728e-10
7010.000000  2.817342e-10
7030.000000  2.909890e-10
7050.000000  2.892481e-10
7070.000000  2.600785e-10
7090.000000  2.498573e-10
7110.000000  2.458172e-10
7130.000000  2.287823e-10
7150.000000  2.314543e-10
7170.000000  2.446186e-10
7190.000000  2.474264e-10
7210.000000  2.505008e-10
7230.000000  2.686511e-10
7250.000000  2.715071e-10
7270.000000  2.770119e-10
7290.000000  2.767108e-10
7310.000000  2.827696e-10
7330.000000  2.852977e-10
7350.000000  2.859937e-10
7370.000000  2.991308e-10
7390.000000  2.956704e-10
7410.000000  2.949288e-10
7430.000000  2.991436e-10
7450.000000  3.006491e-10
7470.000000  3.005249e-10
7490.000000  2.998166e-10
7510.000000  3.075509e-10
7530.000000  3.104439e-10
7550.000000  3.119427e-10
7570.000000  3.103195e-10
7590.000000  3.029571e-10
7610.000000  3.022632e-10
7630.000000  3.018323e-10
7650.000000  3.025696e-10
7670.000000  2.857161e-10
7690.000000  2.968521e-10
7710.000000  2.876131e-10
7730.000000  2.921921e-10
7750.000000  2.887900e-10
7770.000000  2.964060e-10
7790.000000  2.964421e-10
7810.000000  3.010173e-10
7830.000000  2.955717e-10
7850.000000  2.927888e-10
7870.000000  2.982949e-10
7890.000000  2.885556e-10
7910.000000  2.806011e-10
7930.000000  2.850358e-10
7950.000000  2.771614e-10
7970.000000  2.942115e-10
7990.000000  2.915457e-10
8010.000000  2.944861e-10
8030.000000  2.955580e-10
8050.000000  2.939284e-10
8070.000000  2.876828e-10
8090.000000  2.839282e-10
8110.000000  2.832128e-10
8130.000000  2.899920e-10
8150.000000  2.916490e-10
8170.000000  2.935982e-10
8190.000000  2.860477e-10
8210.000000  2.818208e-10
8230.000000  2.915965e-10
8250.000000  2.904264e-10
8270.000000  2.962834e-10
8290.000000  2.913645e-10
8310.000000  2.786403e-10
8330.000000  2.823735e-10
8350.000000  2.812455e-10
8370.000000  2.839792e-10
8390.000000  2.715729e-10
8410.000000  2.866261e-10
8430.000000  2.763730e-10
8450.000000  2.822397e-10
8470.000000  2.833073e-10
8490.000000  2.800567e-10
8510.000000  2.664789e-10
8530.000000  2.767620e-10
8550.000000  2.280768e-10
8570.000000  2.889731e-10
8590.000000  2.878943e-10
8610.000000  2.887010e-10
8630.000000  2.916042e-10
8650.000000  2.903969e-10
8670.000000  2.392591e-10
8690.000000  2.793295e-10
8710.000000  2.921379e-10
8730.000000  2.931780e-10
8750.000000  2.932384e-10
8770.000000  2.934295e-10
8790.000000  2.945883e-10
8810.000000  2.860256e-10
8830.000000  2.905264e-10
8850.000000  2.956072e-10
8870.000000  2.814588e-10
8890.000000  2.868877e-10
8910.000000  2.914210e-10
8930.000000  2.835851e-10
8950.000000  2.817602e-10
8970.000000  2.840918e-10
8990.000000  2.877470e-10
9010.000000  2.763629e-10
9030.000000  2.839803e-10
9050.000000  2.922885e-10
9070.000000  2.936557e-10
9090.000000  2.814604e-10
9110.000000  2.814198e-10
9130.000000  2.894559e-10
9150.000000  2.719149e-10
9170.000000  2.660049e-10
9190.000000  2.709094e-10
9210.000000  2.644881e-10
9230.000000  2.700205e-10
9250.000000  2.667910e-10
9270.000000  2.705769e-10
9290.000000  2.671083e-10
9310.000000  2.760524e-10
9330.000000  2.768173e-10
9350.000000  2.733018e-10
9370.000000  2.688407e-10
9390.000000  2.676102e-10
9410.000000  2.628757e-10
9430.000000  2.665054e-10
9450.000000  2.597126e-10
9470.000000  2.687235e-10
9490.000000  2.678423e-10
9510.000000  2.722954e-10
9530.000000  2.706607e-10
9550.000000  2.664302e-10
9570.000000  2.679669e-10
9590.000000  2.738693e-10
9610.000000  2.691582e-10
9630.000000  2.707344e-10
9650.000000  2.605686e-10
9670.000000  2.595964e-10
9690.000000  2.671778e-10
9710.000000  2.652484e-10
9730.000000  2.630074e-10
9750.000000  2.627082e-10
9770.000000  2.649530e-10
9790.000000  2.585490e-10
9810.000000  2.695719e-10
9830.000000  2.657097e-10
9850.000000  2.707923e-10
9870.000000  2.701847e-10
9890.000000  2.712032e-10
9910.000000  2.681766e-10
9930.000000  2.700246e-10
9950.000000  2.684987e-10
9970.000000  2.710221e-10
9990.000000  2.716695e-10
10025.000000  2.673598e-10
10075.000000  2.654141e-10
10125.000000  2.682743e-10
10175.000000  2.651236e-10
10225.000000  2.671452e-10
10275.000000  2.681982e-10
10325.000000  2.635434e-10
10375.000000  2.625542e-10
10425.000000  2.643300e-10
10475.000000  2.625877e-10
10525.000000  2.634411e-10
10575.000000  2.600594e-10
10625.000000  2.601919e-10
10675.000000  2.553279e-10
10725.000000  2.560000e-10
10775.000000  2.542214e-10
10825.000000  2.506833e-10
10875.000000  2.484823e-10
10925.000000  2.449476e-10
10975.000000  2.308325e-10
11025.000000  2.300035e-10
11075.000000  2.336283e-10
11125.000000  2.338199e-10
11175.000000  2.363084e-10
11225.000000  2.365182e-10
11275.000000  2.330082e-10
11325.000000  2.350821e-10
11375.000000  2.304529e-10
11425.000000  2.326228e-10
11475.000000  2.357504e-10
11525.000000  2.362851e-10
11575.000000  2.339980e-10
11625.000000  2.310495e-10
11675.000000  2.319051e-10
11725.000000  2.357924e-10
11775.000000  2.311316e-10
11825.000000  2.310690e-10
11875.000000  2.279978e-10
11925.000000  2.327599e-10
11975.000000  2.236096e-10
12025.000000  2.288967e-10
12075.000000  2.273821e-10
12125.000000  2.283712e-10
12175.000000  2.288325e-10
12225.000000  2.281783e-10
12275.000000  2.270536e-10
12325.000000  2.255729e-10
12375.000000  2.253342e-10
12425.000000  2.239147e-10
12475.000000  2.243488e-10
12525.000000  2.224458e-10
12575.000000  2.226390e-10
12625.000000  2.221264e-10
12675.000000  2.202485e-10
12725.000000  2.207286e-10
12775.000000  2.215494e-10
12825.000000  2.141963e-10
12875.000000  2.179555e-10
12925.000000  2.145258e-10
12975.000000  2.183353e-10
13025.000000  2.161623e-10
13075.000000  2.176237e-10
13125.000000  2.137370e-10
13175.000000  2.141065e-10
13225.000000  2.148754e-10
13275.000000  2.114242e-10
13325.000000  2.136351e-10
13375.000000  2.125920e-10
13425.000000  2.134710e-10
13475.000000  2.132625e-10
13525.000000  2.128551e-10
13575.000000  2.101855e-10
13625.000000  2.087855e-10
13675.000000  2.107479e-10
13725.000000  2.121254e-10
13775.000000  2.108155e-10
13825.000000  2.118469e-10
13875.000000  2.088824e-10
13925.000000  2.015748e-10
13975.000000  2.045513e-10
14025.000000  2.036614e-10
14075.000000  2.005682e-10
14125.000000  1.943387e-10
14175.000000  1.946981e-10
14225.000000  1.951980e-10
14275.000000  1.924034e-10
14325.000000  1.967652e-10
14375.000000  1.978631e-10
14425.000000  1.939323e-10
14475.000000  2.006957e-10
14525.000000  1.945665e-10
14570.000000  1.944371e-10
14620.000000  1.883678e-10
14675.000000  1.887200e-10
14725.000000  1.890159e-10
14775.000000  1.916129e-10
14825.000000  1.933310e-10
14875.000000  1.932287e-10
14925.000000  1.977827e-10
14975.000000  1.983012e-10
15025.000000  1.934047e-10
15075.000000  1.925881e-10
15125.000000  1.932283e-10
15175.000000  1.960409e-10
15225.000000  1.973165e-10
15275.000000  1.959045e-10
15325.000000  1.989154e-10
15375.000000  1.982301e-10
15425.000000  1.964746e-10
15475.000000  2.016177e-10
15525.000000  1.969792e-10
15575.000000  1.909144e-10
15625.000000  1.978217e-10
15675.000000  1.975483e-10
15725.000000  1.992014e-10
15775.000000  1.856521e-10
15825.000000  1.922515e-10
15875.000000  1.899186e-10
15925.000000  1.959291e-10
15975.000000  1.930240e-10
16050.000000  1.922217e-10
16150.000000  1.949886e-10
16250.000000  1.902052e-10
16350.000000  1.964271e-10
16450.000000  1.846481e-10
16550.000000  1.925395e-10
16650.000000  1.819713e-10
16750.000000  1.848038e-10
16850.000000  1.773421e-10
16950.000000  1.812923e-10
17050.000000  1.745360e-10
17150.000000  1.729832e-10
17250.000000  1.701536e-10
17350.000000  1.641616e-10
17450.000000  1.655054e-10
17550.000000  1.606151e-10
17650.000000  1.594881e-10
17750.000000  1.556638e-10
17850.000000  1.536838e-10
17950.000000  1.523966e-10
18050.000000  1.463170e-10
18150.000000  1.460479e-10
18250.000000  1.419616e-10
18350.000000  1.404382e-10
18450.000000  1.367636e-10
18550.000000  1.349282e-10
18650.000000  1.319291e-10
18750.000000  1.293699e-10
18850.000000  1.280045e-10
18950.000000  1.229923e-10
19050.000000  1.247243e-10
19150.000000  1.220234e-10
19250.000000  1.211415e-10
19350.000000  1.165926e-10
19450.000000  1.145209e-10
19550.000000  1.139912e-10
19650.000000  1.108527e-10
19750.000000  1.069133e-10
19850.000000  1.060991e-10
19950.000000  1.040632e-10
20050.000000  1.042492e-10
20150.000000  1.026225e-10
20250.000000  9.919034e-11
20350.000000  9.827107e-11
20450.000000  9.764537e-11
20550.000000  9.478715e-11
20650.000000  9.315345e-11
20750.000000  9.185887e-11
20850.000000  9.022969e-11
20950.000000  8.834633e-11
21050.000000  8.797648e-11
21150.000000  8.660395e-11
21250.000000  8.496219e-11
21350.000000  8.420413e-11
21450.000000  8.258106e-11
21550.000000  8.133165e-11
21650.000000  7.984857e-11
21750.000000  7.810268e-11
21850.000000  7.739758e-11
21950.000000  7.652598e-11
22050.000000  7.401283e-11
22150.000000  7.484329e-11
22250.000000  7.199897e-11
22350.000000  7.141913e-11
22450.000000  7.042352e-11
22550.000000  6.972400e-11
22650.000000  6.785306e-11
22750.000000  6.800636e-11
22850.000000  6.630453e-11
22950.000000  5.511984e-11
23050.000000  5.989827e-11
23150.000000  5.925436e-11
23250.000000  5.010411e-11
23350.000000  5.432122e-11
23450.000000  5.264006e-11
23550.000000  4.468090e-11
23650.000000  5.011486e-11
23750.000000  4.822641e-11
23850.000000  4.217716e-11
23950.000000  4.635042e-11
24050.000000  4.574768e-11
24150.000000  4.073656e-11
24250.000000  4.382284e-11
24350.000000  4.355884e-11
24450.000000  4.022743e-11
24550.000000  4.047721e-11
24650.000000  4.208377e-11
24750.000000  4.015554e-11
24850.000000  3.782447e-11
24950.000000  3.949302e-11
