2505.000000  4.164067e-11
2513.000000  3.629882e-11
2518.000000  3.724886e-11
2525.000000  3.422150e-11
2535.000000  3.328562e-11
2545.000000  3.311795e-11
2555.000000  3.609410e-11
2565.000000  3.585002e-11
2575.000000  3.899787e-11
2585.000000  3.902191e-11
2595.000000  3.787608e-11
2605.000000  3.604992e-11
2615.000000  3.522927e-11
2625.000000  3.886549e-11
2635.000000  3.927038e-11
2645.000000  4.505076e-11
2655.000000  4.465228e-11
2665.000000  4.011320e-11
2675.000000  4.221326e-11
2685.000000  4.198270e-11
2695.000000  3.985803e-11
2705.000000  4.097208e-11
2715.000000  3.851289e-11
2725.000000  3.902034e-11
2735.000000  4.231730e-11
2745.000000  3.451192e-11
2755.000000  3.579289e-11
2765.000000  3.726364e-11
2775.000000  4.079448e-11
2785.000000  3.934027e-11
2795.000000  2.696469e-11
2805.000000  3.115172e-11
2815.000000  4.198326e-11
2825.000000  4.300215e-11
2835.000000  4.121334e-11
2845.000000  3.965878e-11
2855.000000  3.796498e-11
2865.000000  4.113483e-11
2875.000000  3.992845e-11
2885.000000  4.084075e-11
2895.000000  3.901302e-11
2910.000000  4.367364e-11
2930.000000  4.191651e-11
2950.000000  4.168761e-11
2970.000000  4.259178e-11
2990.000000  4.287894e-11
3010.000000  4.348778e-11
3030.000000  4.306581e-11
3050.000000  4.275798e-11
3070.000000  4.251892e-11
3090.000000  4.316101e-11
3110.000000  4.206814e-11
3130.000000  4.188913e-11
3150.000000  4.272116e-11
3170.000000  4.250996e-11
3190.000000  4.071941e-11
3210.000000  4.164361e-11
3230.000000  4.062323e-11
3250.000000  4.135219e-11
3270.000000  4.156639e-11
3290.000000  4.197035e-11
3310.000000  4.219449e-11
3330.000000  4.130613e-11
3350.000000  4.068865e-11
3370.000000  4.062821e-11
3390.000000  4.048163e-11
3410.000000  4.111629e-11
3430.000000  4.111883e-11
3450.000000  4.080362e-11
3470.000000  4.030124e-11
3490.000000  4.013627e-11
3510.000000  4.067229e-11
3530.000000  4.071048e-11
3550.000000  4.085347e-11
3570.000000  3.991241e-11
3590.000000  3.973874e-11
3610.000000  3.968415e-11
3630.000000  3.973058e-11
3640.000000  3.940093e-11
3650.000000  4.016041e-11
3670.000000  3.989258e-11
3690.000000  3.825104e-11
3710.000000  4.115848e-11
3730.000000  4.412080e-11
3750.000000  5.822348e-11
3770.000000  6.290248e-11
3790.000000  7.963381e-11
3810.000000  9.441119e-11
3830.000000  7.314800e-11
3850.000000  1.046246e-10
3870.000000  1.191566e-10
3890.000000  6.374119e-11
3910.000000  1.180267e-10
3930.000000  1.170355e-10
3950.000000  1.178310e-10
3970.000000  6.028006e-11
3990.000000  1.131668e-10
4010.000000  1.255403e-10
4030.000000  1.249153e-10
4050.000000  1.233071e-10
4070.000000  1.174856e-10
4090.000000  9.062298e-11
4110.000000  6.764424e-11
4130.000000  1.109790e-10
4150.000000  1.159850e-10
4170.000000  1.147525e-10
4190.000000  1.134470e-10
4210.000000  1.124160e-10
4230.000000  1.099167e-10
4250.000000  1.088874e-10
4270.000000  1.060672e-10
4290.000000  1.054183e-10
4310.000000  9.831014e-11
4330.000000  7.353721e-11
4350.000000  6.198470e-11
4370.000000  9.640174e-11
4390.000000  9.826643e-11
4410.000000  9.736711e-11
4430.000000  9.693644e-11
4450.000000  9.682448e-11
4470.000000  9.568633e-11
4490.000000  9.388427e-11
4510.000000  9.394659e-11
4530.000000  9.198600e-11
4550.000000  8.985549e-11
4570.000000  9.066446e-11
4590.000000  8.864514e-11
4610.000000  8.921409e-11
4630.000000  8.682346e-11
4650.000000  8.697499e-11
4670.000000  8.585591e-11
4690.000000  8.372287e-11
4710.000000  8.107115e-11
4730.000000  8.273650e-11
4750.000000  8.190734e-11
4770.000000  8.067571e-11
4790.000000  7.952597e-11
4810.000000  7.773592e-11
4830.000000  7.408741e-11
4850.000000  5.694382e-11
4870.000000  4.538426e-11
4890.000000  6.961532e-11
4910.000000  7.298488e-11
4930.000000  7.217543e-11
4950.000000  7.236876e-11
4970.000000  7.211614e-11
4990.000000  7.084894e-11
5010.000000  6.907306e-11
5030.000000  6.926903e-11
5050.000000  6.814708e-11
5070.000000  6.807241e-11
5090.000000  6.729139e-11
5110.000000  6.658845e-11
5130.000000  6.563793e-11
5150.000000  6.466933e-11
5170.000000  6.303705e-11
5190.000000  6.250317e-11
5210.000000  6.251810e-11
5230.000000  6.129411e-11
5250.000000  6.156275e-11
5270.000000  5.964330e-11
5290.000000  6.014913e-11
5310.000000  5.901016e-11
5330.000000  5.814310e-11
5350.000000  5.836193e-11
5370.000000  5.747904e-11
5390.000000  5.693010e-11
5410.000000  5.603709e-11
5430.000000  5.565327e-11
5450.000000  5.529546e-11
5470.000000  5.471726e-11
5490.000000  5.424252e-11
5510.000000  5.366384e-11
5530.000000  5.293344e-11
5550.000000  5.263390e-11
5570.000000  5.199238e-11
5590.000000  5.143920e-11
5610.000000  5.100333e-11
5630.000000  5.055805e-11
5650.000000  4.996730e-11
5670.000000  4.941669e-11
5690.000000  4.899949e-11
5710.000000  4.851826e-11
5730.000000  4.812293e-11
5750.000000  4.755739e-11
5770.000000  4.711552e-11
5790.000000  4.661506e-11
5810.000000  4.617374e-11
5830.000000  4.572337e-11
5850.000000  4.526220e-11
5870.000000  4.479866e-11
5890.000000  4.396988e-11
5910.000000  4.393021e-11
5930.000000  4.350854e-11
5950.000000  4.303209e-11
5970.000000  4.265480e-11
5990.000000  4.216309e-11
6010.000000  4.173521e-11
6030.000000  4.140557e-11
6050.000000  4.100276e-11
6070.000000  4.064830e-11
6090.000000  4.023581e-11
6110.000000  3.982834e-11
6130.000000  3.938498e-11
6150.000000  3.870028e-11
6170.000000  3.860438e-11
6190.000000  3.836988e-11
6210.000000  3.800692e-11
6230.000000  3.760752e-11
6250.000000  3.698872e-11
6270.000000  3.696450e-11
6290.000000  3.661518e-11
6310.000000  3.618965e-11
6330.000000  3.589977e-11
6350.000000  3.533401e-11
6370.000000  3.508160e-11
6390.000000  3.490038e-11
6410.000000  3.450369e-11
6430.000000  3.424167e-11
6450.000000  3.364797e-11
6470.000000  3.352822e-11
6490.000000  3.302886e-11
6510.000000  3.258533e-11
6530.000000  3.157127e-11
6550.000000  2.728727e-11
6570.000000  2.173765e-11
6590.000000  2.975354e-11
6610.000000  3.098262e-11
6630.000000  3.106112e-11
6650.000000  3.090251e-11
6670.000000  3.065831e-11
6690.000000  3.046321e-11
6710.000000  3.021197e-11
6730.000000  2.992646e-11
6750.000000  2.965390e-11
6770.000000  2.944503e-11
6790.000000  2.918216e-11
6810.000000  2.892486e-11
6830.000000  2.864735e-11
6850.000000  2.840671e-11
6870.000000  2.817671e-11
6890.000000  2.793697e-11
6910.000000  2.768671e-11
6930.000000  2.744208e-11
6950.000000  2.721307e-11
6970.000000  2.698007e-11
6990.000000  2.675754e-11
7010.000000  2.645891e-11
7030.000000  2.627525e-11
7050.000000  2.606351e-11
7070.000000  2.585720e-11
7090.000000  2.564183e-11
7110.000000  2.519057e-11
7130.000000  2.516059e-11
7150.000000  2.495526e-11
7170.000000  2.476720e-11
7190.000000  2.454723e-11
7210.000000  2.435311e-11
7230.000000  2.413732e-11
7250.000000  2.392299e-11
7270.000000  2.376162e-11
7290.000000  2.353664e-11
7310.000000  2.334307e-11
7330.000000  2.316664e-11
7350.000000  2.299063e-11
7370.000000  2.280814e-11
7390.000000  2.260036e-11
7410.000000  2.239307e-11
7430.000000  2.216822e-11
7450.000000  2.202411e-11
7470.000000  2.177801e-11
7490.000000  2.164590e-11
7510.000000  2.150291e-11
7530.000000  2.135058e-11
7550.000000  2.119638e-11
7570.000000  2.102252e-11
7590.000000  2.085870e-11
7610.000000  2.069487e-11
7630.000000  2.052548e-11
7650.000000  2.034556e-11
7670.000000  2.017212e-11
7690.000000  2.002453e-11
7710.000000  1.985109e-11
7730.000000  1.972475e-11
7750.000000  1.956294e-11
7770.000000  1.906058e-11
7790.000000  1.926964e-11
7810.000000  1.911800e-11
7830.000000  1.894414e-11
7850.000000  1.877126e-11
7870.000000  1.860144e-11
7890.000000  1.842758e-11
7910.000000  1.833954e-11
7930.000000  1.820443e-11
7950.000000  1.802053e-11
7970.000000  1.796782e-11
7990.000000  1.769364e-11
8010.000000  1.767709e-11
8030.000000  1.753249e-11
8050.000000  1.740816e-11
8070.000000  1.727421e-11
8090.000000  1.714529e-11
8110.000000  1.702194e-11
8130.000000  1.689949e-11
8150.000000  1.677112e-11
8170.000000  1.664679e-11
8190.000000  1.641029e-11
8210.000000  1.634558e-11
8230.000000  1.621721e-11
8250.000000  1.612159e-11
8270.000000  1.611081e-11
8290.000000  1.598445e-11
8310.000000  1.587921e-11
8330.000000  1.566697e-11
8350.000000  1.564462e-11
8370.000000  1.550964e-11
8390.000000  1.535243e-11
8410.000000  1.520024e-11
8430.000000  1.509053e-11
8450.000000  1.483286e-11
8470.000000  1.451722e-11
8490.000000  1.493938e-11
8510.000000  1.394591e-11
8530.000000  1.494739e-11
8550.000000  1.308443e-11
8570.000000  1.510460e-11
8590.000000  1.385433e-11
8610.000000  1.344025e-11
8630.000000  1.525888e-11
8650.000000  1.456876e-11
8670.000000  1.178743e-11
8690.000000  1.484135e-11
8710.000000  1.549486e-11
8730.000000  1.479972e-11
8750.000000  1.141585e-11
8770.000000  1.401495e-11
8790.000000  1.538210e-11
8810.000000  1.546651e-11
8830.000000  1.498742e-11
8850.000000  1.321881e-11
8870.000000  1.103478e-11
8890.000000  1.422119e-11
8910.000000  1.489842e-11
8930.000000  1.497427e-11
8950.000000  1.498835e-11
8970.000000  1.468752e-11
8990.000000  1.389411e-11
9010.000000  1.085544e-11
9030.000000  1.198360e-11
9050.000000  1.388665e-11
9070.000000  1.403401e-11
9090.000000  1.395258e-11
9110.000000  1.414415e-11
9130.000000  1.413098e-11
9150.000000  1.404051e-11
9170.000000  1.383218e-11
9190.000000  1.343327e-11
9210.000000  1.234307e-11
9230.000000  9.487534e-12
9250.000000  1.183654e-11
9270.000000  1.276611e-11
9290.000000  1.324264e-11
9310.000000  1.325887e-11
9330.000000  1.319471e-11
9350.000000  1.312939e-11
9370.000000  1.304754e-11
9390.000000  1.289896e-11
9410.000000  1.263217e-11
9430.000000  1.272351e-11
9450.000000  1.263547e-11
9470.000000  1.251818e-11
9490.000000  1.233667e-11
9510.000000  1.195887e-11
9530.000000  1.083605e-11
9550.000000  8.611637e-12
9570.000000  1.093267e-11
9590.000000  1.170102e-11
9610.000000  1.179065e-11
9630.000000  1.170097e-11
9650.000000  1.178306e-11
9670.000000  1.163465e-11
9690.000000  1.162842e-11
9710.000000  1.161564e-11
9730.000000  1.152782e-11
9750.000000  1.143217e-11
9770.000000  1.137762e-11
9790.000000  1.129862e-11
9810.000000  1.121684e-11
9830.000000  1.112878e-11
9850.000000  1.103152e-11
9870.000000  1.096007e-11
9890.000000  1.083681e-11
9910.000000  1.079836e-11
9930.000000  1.071014e-11
9950.000000  1.063529e-11
9970.000000  1.054606e-11
9990.000000  1.040127e-11
10025.000000  9.373220e-12
10075.000000  8.878054e-12
10125.000000  9.916086e-12
10175.000000  9.881548e-12
10225.000000  9.757061e-12
10275.000000  9.601032e-12
10325.000000  9.435514e-12
10375.000000  9.285343e-12
10425.000000  9.136955e-12
10475.000000  8.939453e-12
10525.000000  8.819234e-12
10575.000000  8.689461e-12
10625.000000  8.553786e-12
10675.000000  8.309858e-12
10725.000000  8.244024e-12
10775.000000  8.132543e-12
10825.000000  7.981734e-12
10875.000000  7.758519e-12
10925.000000  6.515163e-12
10975.000000  7.124737e-12
11025.000000  7.484238e-12
11075.000000  7.422003e-12
11125.000000  7.320845e-12
11175.000000  7.213761e-12
11225.000000  7.107841e-12
11275.000000  6.925009e-12
11325.000000  6.824671e-12
11375.000000  6.775462e-12
11425.000000  6.663221e-12
11475.000000  6.590489e-12
11525.000000  6.495232e-12
11575.000000  6.396896e-12
11625.000000  6.266736e-12
11675.000000  6.146708e-12
11725.000000  6.121936e-12
11775.000000  5.957867e-12
11825.000000  5.910459e-12
11875.000000  5.810308e-12
11925.000000  5.776487e-12
11975.000000  5.663555e-12
12025.000000  5.602924e-12
12075.000000  5.514143e-12
12125.000000  5.439309e-12
12175.000000  5.372159e-12
12225.000000  5.293185e-12
12275.000000  5.212952e-12
12325.000000  5.142812e-12
12375.000000  5.074853e-12
12425.000000  5.010224e-12
12475.000000  4.930970e-12
12525.000000  4.867386e-12
12575.000000  4.780950e-12
12625.000000  4.723552e-12
12675.000000  4.661236e-12
12725.000000  4.577236e-12
12775.000000  4.379507e-12
12825.000000  3.745568e-12
12875.000000  4.302505e-12
12925.000000  4.339448e-12
12975.000000  4.298597e-12
13025.000000  4.250516e-12
13075.000000  4.195553e-12
13125.000000  4.138521e-12
13175.000000  4.074425e-12
13225.000000  4.030616e-12
13275.000000  3.977575e-12
13325.000000  3.926200e-12
13375.000000  3.875026e-12
13425.000000  3.824270e-12
13475.000000  3.773653e-12
13525.000000  3.719810e-12
13575.000000  3.673088e-12
13625.000000  3.629653e-12
13675.000000  3.580819e-12
13725.000000  3.521055e-12
13775.000000  3.489338e-12
13825.000000  3.446105e-12
13875.000000  3.406202e-12
13925.000000  3.358230e-12
13975.000000  3.319031e-12
14025.000000  3.278639e-12
14075.000000  3.238380e-12
14125.000000  3.196004e-12
14175.000000  3.157381e-12
14225.000000  3.117331e-12
14275.000000  3.079356e-12
14325.000000  3.041995e-12
14375.000000  3.005838e-12
14425.000000  2.937902e-12
14475.000000  2.931359e-12
14525.000000  2.881360e-12
14570.000000  2.864304e-12
14620.000000  2.826740e-12
14675.000000  2.796100e-12
14725.000000  2.761308e-12
14775.000000  2.722079e-12
14825.000000  2.695069e-12
14875.000000  2.657406e-12
14925.000000  2.638540e-12
14975.000000  2.604409e-12
15025.000000  2.568510e-12
15075.000000  2.539479e-12
15125.000000  2.513388e-12
15175.000000  2.483005e-12
15225.000000  2.456858e-12
15275.000000  2.418375e-12
15325.000000  2.387993e-12
15375.000000  2.371151e-12
15425.000000  2.311987e-12
15475.000000  2.315379e-12
15525.000000  2.290193e-12
15575.000000  2.205086e-12
15625.000000  2.270322e-12
15675.000000  2.185875e-12
15725.000000  2.111995e-12
15775.000000  2.202158e-12
15825.000000  2.176068e-12
15875.000000  1.964338e-12
15925.000000  2.093390e-12
15975.000000  2.131267e-12
16050.000000  2.057950e-12
16150.000000  1.924594e-12
16250.000000  2.030243e-12
16350.000000  1.922170e-12
16450.000000  1.793682e-12
16550.000000  1.906812e-12
16650.000000  1.868287e-12
16750.000000  1.757832e-12
16850.000000  1.639207e-12
16950.000000  1.747684e-12
17050.000000  1.715880e-12
17150.000000  1.680685e-12
17250.000000  1.628501e-12
17350.000000  1.439011e-12
17450.000000  1.540766e-12
17550.000000  1.537639e-12
17650.000000  1.508462e-12
17750.000000  1.479786e-12
17850.000000  1.448944e-12
17950.000000  1.420728e-12
18050.000000  1.379661e-12
18150.000000  1.234324e-12
18250.000000  1.294608e-12
18350.000000  1.304979e-12
18450.000000  1.282823e-12
18550.000000  1.253848e-12
18650.000000  1.219872e-12
18750.000000  1.086416e-12
18850.000000  1.167166e-12
18950.000000  1.156906e-12
19050.000000  1.140057e-12
19150.000000  1.118014e-12
19250.000000  1.094464e-12
19350.000000  1.061830e-12
19450.000000  9.478066e-13
19550.000000  1.021843e-12
19650.000000  1.014235e-12
19750.000000  9.958196e-13
19850.000000  9.782577e-13
19950.000000  9.600888e-13
20050.000000  9.424313e-13
20150.000000  9.251686e-13
20250.000000  9.080613e-13
20350.000000  8.913084e-13
20450.000000  8.755420e-13
20550.000000  8.596995e-13
20650.000000  8.437205e-13
20750.000000  8.288587e-13
20850.000000  8.142701e-13
20950.000000  7.997169e-13
21050.000000  7.854583e-13
21150.000000  7.706625e-13
21250.000000  7.570755e-13
21350.000000  7.441556e-13
21450.000000  7.309866e-13
21550.000000  7.119612e-13
21650.000000  6.401637e-13
21750.000000  6.826423e-13
21850.000000  6.813753e-13
21950.000000  6.717738e-13
22050.000000  6.599961e-13
22150.000000  6.483105e-13
22250.000000  6.383943e-13
22350.000000  6.276893e-13
22450.000000  6.172617e-13
22550.000000  6.065323e-13
22650.000000  5.969447e-13
22750.000000  5.872108e-13
22850.000000  5.778356e-13
22950.000000  5.682981e-13
23050.000000  5.594746e-13
23150.000000  5.504538e-13
23250.000000  5.417752e-13
23350.000000  5.332100e-13
23450.000000  5.247654e-13
23550.000000  5.164872e-13
23650.000000  5.083915e-13
23750.000000  5.003661e-13
23850.000000  4.925031e-13
23950.000000  4.848023e-13
24050.000000  4.770611e-13
24150.000000  4.695414e-13
24250.000000  4.625525e-13
24350.000000  4.550384e-13
24450.000000  4.476406e-13
24550.000000  4.415279e-13
24650.000000  4.337248e-13
24750.000000  4.272575e-13
24850.000000  4.224584e-13
24950.000000  4.104845e-13
