2505.000000  2.881502e-11
2513.000000  2.452286e-11
2518.000000  2.542814e-11
2525.000000  2.301932e-11
2535.000000  2.289390e-11
2545.000000  2.247274e-11
2555.000000  2.463008e-11
2565.000000  2.410049e-11
2575.000000  2.655126e-11
2585.000000  2.636211e-11
2595.000000  2.531232e-11
2605.000000  2.397785e-11
2615.000000  2.355755e-11
2625.000000  2.601683e-11
2635.000000  2.614523e-11
2645.000000  3.030056e-11
2655.000000  2.981567e-11
2665.000000  2.609049e-11
2675.000000  2.793599e-11
2685.000000  2.711067e-11
2695.000000  2.619578e-11
2705.000000  2.717477e-11
2715.000000  2.544944e-11
2725.000000  2.587991e-11
2735.000000  2.825081e-11
2745.000000  2.249618e-11
2755.000000  2.295417e-11
2765.000000  2.377292e-11
2775.000000  2.643907e-11
2785.000000  2.540030e-11
2795.000000  1.691615e-11
2805.000000  2.003234e-11
2815.000000  2.690807e-11
2825.000000  2.806488e-11
2835.000000  2.646634e-11
2845.000000  2.531958e-11
2855.000000  2.424829e-11
2865.000000  2.664045e-11
2875.000000  2.556098e-11
2885.000000  2.605753e-11
2895.000000  2.456384e-11
2910.000000  2.803975e-11
2930.000000  2.660290e-11
2950.000000  2.652004e-11
2970.000000  2.718473e-11
2990.000000  2.735250e-11
3010.000000  2.787149e-11
3030.000000  2.731099e-11
3050.000000  2.689302e-11
3070.000000  2.660269e-11
3090.000000  2.705063e-11
3110.000000  2.610400e-11
3130.000000  2.592904e-11
3150.000000  2.643931e-11
3170.000000  2.616532e-11
3190.000000  2.494784e-11
3210.000000  2.552350e-11
3230.000000  2.484315e-11
3250.000000  2.514268e-11
3270.000000  2.512772e-11
3290.000000  2.529549e-11
3310.000000  2.538307e-11
3330.000000  2.470119e-11
3350.000000  2.427980e-11
3370.000000  2.416398e-11
3390.000000  2.398612e-11
3410.000000  2.437722e-11
3430.000000  2.425842e-11
3450.000000  2.400068e-11
3470.000000  2.361018e-11
3490.000000  2.341142e-11
3510.000000  2.369348e-11
3530.000000  2.368784e-11
3550.000000  2.367569e-11
3570.000000  2.309164e-11
3590.000000  2.292798e-11
3610.000000  2.281414e-11
3630.000000  2.270929e-11
3640.000000  2.251421e-11
3650.000000  2.304158e-11
3670.000000  2.289196e-11
3690.000000  2.200781e-11
3710.000000  2.224449e-11
3730.000000  2.255786e-11
3750.000000  2.860997e-11
3770.000000  3.083314e-11
3790.000000  3.922807e-11
3810.000000  4.595448e-11
3830.000000  3.567338e-11
3850.000000  4.997685e-11
3870.000000  5.684283e-11
3890.000000  3.099035e-11
3910.000000  5.595776e-11
3930.000000  5.621957e-11
3950.000000  5.580285e-11
3970.000000  2.926425e-11
3990.000000  5.359783e-11
4010.000000  5.811679e-11
4030.000000  5.744230e-11
4050.000000  5.704938e-11
4070.000000  5.455754e-11
4090.000000  4.288334e-11
4110.000000  3.211368e-11
4130.000000  5.109590e-11
4150.000000  5.335579e-11
4170.000000  5.256914e-11
4190.000000  5.194427e-11
4210.000000  5.143154e-11
4230.000000  5.034355e-11
4250.000000  4.953553e-11
4270.000000  4.811110e-11
4290.000000  4.823696e-11
4310.000000  4.531024e-11
4330.000000  3.416468e-11
4350.000000  2.884923e-11
4370.000000  4.404597e-11
4390.000000  4.430455e-11
4410.000000  4.415045e-11
4430.000000  4.353243e-11
4450.000000  4.379182e-11
4470.000000  4.306851e-11
4490.000000  4.193091e-11
4510.000000  4.222539e-11
4530.000000  4.131289e-11
4550.000000  4.026685e-11
4570.000000  4.070172e-11
4590.000000  3.958550e-11
4610.000000  4.000666e-11
4630.000000  3.861652e-11
4650.000000  3.889729e-11
4670.000000  3.823731e-11
4690.000000  3.724776e-11
4710.000000  3.599595e-11
4730.000000  3.681413e-11
4750.000000  3.633582e-11
4770.000000  3.591123e-11
4790.000000  3.539096e-11
4810.000000  3.449660e-11
4830.000000  3.302264e-11
4850.000000  2.551479e-11
4870.000000  2.039483e-11
4890.000000  3.110484e-11
4910.000000  3.229473e-11
4930.000000  3.186700e-11
4950.000000  3.188156e-11
4970.000000  3.174025e-11
4990.000000  3.112049e-11
5010.000000  3.015518e-11
5030.000000  3.013037e-11
5050.000000  2.954128e-11
5070.000000  2.964152e-11
5090.000000  2.928766e-11
5110.000000  2.888312e-11
5130.000000  2.856947e-11
5150.000000  2.796634e-11
5170.000000  2.737603e-11
5190.000000  2.715202e-11
5210.000000  2.702124e-11
5230.000000  2.643505e-11
5250.000000  2.657107e-11
5270.000000  2.566361e-11
5290.000000  2.600594e-11
5310.000000  2.534597e-11
5330.000000  2.500364e-11
5350.000000  2.518162e-11
5370.000000  2.478777e-11
5390.000000  2.449990e-11
5410.000000  2.404502e-11
5430.000000  2.389608e-11
5450.000000  2.378858e-11
5470.000000  2.348102e-11
5490.000000  2.325632e-11
5510.000000  2.296845e-11
5530.000000  2.269821e-11
5550.000000  2.252119e-11
5570.000000  2.224950e-11
5590.000000  2.203815e-11
5610.000000  2.186541e-11
5630.000000  2.162736e-11
5650.000000  2.130577e-11
5670.000000  2.108184e-11
5690.000000  2.090978e-11
5710.000000  2.070126e-11
5730.000000  2.050533e-11
5750.000000  2.023646e-11
5770.000000  2.003633e-11
5790.000000  1.978355e-11
5810.000000  1.959678e-11
5830.000000  1.939527e-11
5850.000000  1.920148e-11
5870.000000  1.895992e-11
5890.000000  1.861811e-11
5910.000000  1.858011e-11
5930.000000  1.840249e-11
5950.000000  1.811950e-11
5970.000000  1.798400e-11
5990.000000  1.773969e-11
6010.000000  1.758107e-11
6030.000000  1.744831e-11
6050.000000  1.723628e-11
6070.000000  1.708811e-11
6090.000000  1.690767e-11
6110.000000  1.673287e-11
6130.000000  1.653770e-11
6150.000000  1.609121e-11
6170.000000  1.618666e-11
6190.000000  1.607144e-11
6210.000000  1.590786e-11
6230.000000  1.572040e-11
6250.000000  1.540171e-11
6270.000000  1.543672e-11
6290.000000  1.528085e-11
6310.000000  1.507446e-11
6330.000000  1.496353e-11
6350.000000  1.461317e-11
6370.000000  1.454435e-11
6390.000000  1.450925e-11
6410.000000  1.432744e-11
6430.000000  1.422069e-11
6450.000000  1.390834e-11
6470.000000  1.392512e-11
6490.000000  1.367662e-11
6510.000000  1.350182e-11
6530.000000  1.309333e-11
6550.000000  1.127381e-11
6570.000000  9.035546e-12
6590.000000  1.232960e-11
6610.000000  1.281377e-11
6630.000000  1.281720e-11
6650.000000  1.274487e-11
6670.000000  1.263043e-11
6690.000000  1.253772e-11
6710.000000  1.243380e-11
6730.000000  1.228426e-11
6750.000000  1.218599e-11
6770.000000  1.209397e-11
6790.000000  1.197251e-11
6810.000000  1.186508e-11
6830.000000  1.173591e-11
6850.000000  1.163550e-11
6870.000000  1.153509e-11
6890.000000  1.143400e-11
6910.000000  1.131955e-11
6930.000000  1.120511e-11
6950.000000  1.111454e-11
6970.000000  1.100994e-11
6990.000000  1.092006e-11
7010.000000  1.075930e-11
7030.000000  1.071085e-11
7050.000000  1.060343e-11
7070.000000  1.052125e-11
7090.000000  1.043420e-11
7110.000000  1.022439e-11
7130.000000  1.021446e-11
7150.000000  1.012741e-11
7170.000000  1.005157e-11
7190.000000  9.960316e-12
7210.000000  9.877456e-12
7230.000000  9.777048e-12
7250.000000  9.671759e-12
7270.000000  9.617662e-12
7290.000000  9.519392e-12
7310.000000  9.435847e-12
7330.000000  9.363516e-12
7350.000000  9.287675e-12
7370.000000  9.211149e-12
7390.000000  9.120584e-12
7410.000000  9.029334e-12
7430.000000  8.900849e-12
7450.000000  8.852400e-12
7470.000000  8.736582e-12
7490.000000  8.699347e-12
7510.000000  8.636859e-12
7530.000000  8.582077e-12
7550.000000  8.516765e-12
7570.000000  8.443063e-12
7590.000000  8.370732e-12
7610.000000  8.304734e-12
7630.000000  8.231032e-12
7650.000000  8.150996e-12
7670.000000  8.077294e-12
7690.000000  8.014806e-12
7710.000000  7.942475e-12
7730.000000  7.887693e-12
7750.000000  7.821009e-12
7770.000000  7.576706e-12
7790.000000  7.693210e-12
7810.000000  7.633546e-12
7830.000000  7.556334e-12
7850.000000  7.472789e-12
7870.000000  7.389929e-12
7890.000000  7.306383e-12
7910.000000  7.291659e-12
7930.000000  7.250229e-12
7950.000000  7.128764e-12
7970.000000  7.143488e-12
7990.000000  6.969378e-12
8010.000000  7.022022e-12
8030.000000  6.961672e-12
8050.000000  6.910399e-12
8070.000000  6.850735e-12
8090.000000  6.795953e-12
8110.000000  6.740484e-12
8130.000000  6.694859e-12
8150.000000  6.642900e-12
8170.000000  6.590941e-12
8190.000000  6.477947e-12
8210.000000  6.442165e-12
8230.000000  6.373344e-12
8250.000000  6.372658e-12
8270.000000  6.380363e-12
8290.000000  6.315052e-12
8310.000000  6.279955e-12
8330.000000  6.199233e-12
8350.000000  6.185881e-12
8370.000000  6.144451e-12
8390.000000  6.085473e-12
8410.000000  6.026495e-12
8430.000000  5.967516e-12
8450.000000  5.831326e-12
8470.000000  5.790582e-12
8490.000000  5.841855e-12
8510.000000  5.566651e-12
8530.000000  5.816602e-12
8550.000000  5.247960e-12
8570.000000  5.847503e-12
8590.000000  5.405894e-12
8610.000000  5.273899e-12
8630.000000  5.874209e-12
8650.000000  5.592671e-12
8670.000000  4.628730e-12
8690.000000  5.671335e-12
8710.000000  5.947911e-12
8730.000000  5.654473e-12
8750.000000  4.410366e-12
8770.000000  5.347682e-12
8790.000000  5.921205e-12
8810.000000  5.964693e-12
8830.000000  5.739390e-12
8850.000000  5.017009e-12
8870.000000  4.227865e-12
8890.000000  5.436109e-12
8910.000000  5.731604e-12
8930.000000  5.757543e-12
8950.000000  5.772268e-12
8970.000000  5.648745e-12
8990.000000  5.308310e-12
9010.000000  4.130967e-12
9030.000000  4.531146e-12
9050.000000  5.305486e-12
9070.000000  5.366521e-12
9090.000000  5.352483e-12
9110.000000  5.421223e-12
9130.000000  5.407870e-12
9150.000000  5.383989e-12
9170.000000  5.292052e-12
9190.000000  5.112375e-12
9210.000000  4.667336e-12
9230.000000  3.588538e-12
9250.000000  4.461639e-12
9270.000000  4.819623e-12
9290.000000  5.055454e-12
9310.000000  5.070179e-12
9330.000000  5.032944e-12
9350.000000  5.015396e-12
9370.000000  4.988005e-12
9390.000000  4.907283e-12
9410.000000  4.794289e-12
9430.000000  4.850443e-12
9450.000000  4.820228e-12
9470.000000  4.767583e-12
9490.000000  4.696705e-12
9510.000000  4.545104e-12
9530.000000  4.073360e-12
9550.000000  3.242544e-12
9570.000000  4.114790e-12
9590.000000  4.444696e-12
9610.000000  4.481164e-12
9630.000000  4.415167e-12
9650.000000  4.479026e-12
9670.000000  4.419362e-12
9690.000000  4.411657e-12
9710.000000  4.413029e-12
9730.000000  4.377932e-12
9750.000000  4.340012e-12
9770.000000  4.319640e-12
9790.000000  4.284544e-12
9810.000000  4.249447e-12
9830.000000  4.200998e-12
9850.000000  4.175745e-12
9870.000000  4.141334e-12
9890.000000  4.088690e-12
9910.000000  4.085180e-12
9930.000000  4.050770e-12
9950.000000  4.019183e-12
9970.000000  3.987596e-12
9990.000000  3.931442e-12
10025.000000  3.511177e-12
10075.000000  3.317557e-12
10125.000000  3.715902e-12
10175.000000  3.719411e-12
10225.000000  3.675157e-12
10275.000000  3.612670e-12
10325.000000  3.546124e-12
10375.000000  3.486940e-12
10425.000000  3.430427e-12
10475.000000  3.350689e-12
10525.000000  3.296342e-12
10575.000000  3.250495e-12
10625.000000  3.202825e-12
10675.000000  3.103716e-12
10725.000000  3.081375e-12
10775.000000  3.035399e-12
10825.000000  2.979442e-12
10875.000000  2.891915e-12
10925.000000  2.408734e-12
10975.000000  2.637450e-12
11025.000000  2.786097e-12
11075.000000  2.762215e-12
11125.000000  2.723113e-12
11175.000000  2.681760e-12
11225.000000  2.640407e-12
11275.000000  2.556244e-12
11325.000000  2.523391e-12
11375.000000  2.511450e-12
11425.000000  2.468418e-12
11475.000000  2.441096e-12
11525.000000  2.404870e-12
11575.000000  2.366187e-12
11625.000000  2.312352e-12
11675.000000  2.269252e-12
11725.000000  2.260180e-12
11775.000000  2.196518e-12
11825.000000  2.180015e-12
11875.000000  2.140707e-12
11925.000000  2.128895e-12
11975.000000  2.086360e-12
12025.000000  2.061433e-12
12075.000000  2.027527e-12
12125.000000  1.998534e-12
12175.000000  1.973257e-12
12225.000000  1.942509e-12
12275.000000  1.911059e-12
12325.000000  1.885294e-12
12375.000000  1.859597e-12
12425.000000  1.836356e-12
12475.000000  1.800695e-12
12525.000000  1.782163e-12
12575.000000  1.746433e-12
12625.000000  1.727053e-12
12675.000000  1.703745e-12
12725.000000  1.672158e-12
12775.000000  1.593756e-12
12825.000000  1.360623e-12
12875.000000  1.566021e-12
12925.000000  1.582295e-12
12975.000000  1.567341e-12
13025.000000  1.549365e-12
13075.000000  1.528513e-12
13125.000000  1.507241e-12
13175.000000  1.480636e-12
13225.000000  1.466804e-12
13275.000000  1.446936e-12
13325.000000  1.427701e-12
13375.000000  1.408253e-12
13425.000000  1.388599e-12
13475.000000  1.369502e-12
13525.000000  1.348513e-12
13575.000000  1.331735e-12
13625.000000  1.315094e-12
13675.000000  1.296211e-12
13725.000000  1.275786e-12
13775.000000  1.264410e-12
13825.000000  1.248052e-12
13875.000000  1.233166e-12
13925.000000  1.214848e-12
13975.000000  1.200664e-12
14025.000000  1.185641e-12
14075.000000  1.170687e-12
14125.000000  1.154962e-12
14175.000000  1.140641e-12
14225.000000  1.126038e-12
14275.000000  1.111717e-12
14325.000000  1.097747e-12
14375.000000  1.084196e-12
14425.000000  1.059423e-12
14475.000000  1.056607e-12
14525.000000  1.038289e-12
14570.000000  1.031826e-12
14620.000000  1.018772e-12
14675.000000  1.007327e-12
14725.000000  9.946924e-13
14775.000000  9.793186e-13
14825.000000  9.703307e-13
14875.000000  9.555902e-13
14925.000000  9.494786e-13
14975.000000  9.361420e-13
15025.000000  9.242092e-13
15075.000000  9.127645e-13
15125.000000  9.040590e-13
15175.000000  8.928967e-13
15225.000000  8.825050e-13
15275.000000  8.706408e-13
15325.000000  8.594785e-13
15375.000000  8.510554e-13
15425.000000  8.339267e-13
15475.000000  8.301347e-13
15525.000000  8.196744e-13
15575.000000  7.977694e-13
15625.000000  8.094964e-13
15675.000000  7.833798e-13
15725.000000  7.631611e-13
15775.000000  7.835937e-13
15825.000000  7.739038e-13
15875.000000  7.128280e-13
15925.000000  7.449110e-13
15975.000000  7.568437e-13
16050.000000  7.302391e-13
16150.000000  6.876272e-13
16250.000000  7.195649e-13
16350.000000  6.806765e-13
16450.000000  6.379960e-13
16550.000000  6.756178e-13
16650.000000  6.617164e-13
16750.000000  6.210045e-13
16850.000000  5.807809e-13
16950.000000  6.184026e-13
17050.000000  6.071717e-13
17150.000000  5.943918e-13
17250.000000  5.757221e-13
17350.000000  5.084742e-13
17450.000000  5.432196e-13
17550.000000  5.430058e-13
17650.000000  5.328965e-13
17750.000000  5.227871e-13
17850.000000  5.116248e-13
17950.000000  5.018664e-13
18050.000000  4.864240e-13
18150.000000  4.349009e-13
18250.000000  4.552568e-13
18350.000000  4.603074e-13
18450.000000  4.526548e-13
18550.000000  4.417749e-13
18650.000000  4.298421e-13
18750.000000  3.831639e-13
18850.000000  4.113096e-13
18950.000000  4.078686e-13
19050.000000  4.019708e-13
19150.000000  3.939672e-13
19250.000000  3.852616e-13
19350.000000  3.733289e-13
19450.000000  3.326513e-13
19550.000000  3.592903e-13
19650.000000  3.569639e-13
19750.000000  3.506671e-13
19850.000000  3.443413e-13
19950.000000  3.378827e-13
20050.000000  3.316347e-13
20150.000000  3.254921e-13
20250.000000  3.194410e-13
20350.000000  3.135020e-13
20450.000000  3.078858e-13
20550.000000  3.022696e-13
20650.000000  2.965694e-13
20750.000000  2.912973e-13
20850.000000  2.861305e-13
20950.000000  2.809919e-13
21050.000000  2.759235e-13
21150.000000  2.705323e-13
21250.000000  2.658286e-13
21350.000000  2.610761e-13
21450.000000  2.563655e-13
21550.000000  2.494515e-13
21650.000000  2.237182e-13
21750.000000  2.388516e-13
21850.000000  2.388645e-13
21950.000000  2.356279e-13
22050.000000  2.314652e-13
22150.000000  2.273726e-13
22250.000000  2.238622e-13
22350.000000  2.200855e-13
22450.000000  2.164209e-13
22550.000000  2.126374e-13
22650.000000  2.092254e-13
22750.000000  2.057714e-13
22850.000000  2.025143e-13
22950.000000  1.991588e-13
23050.000000  1.960207e-13
23150.000000  1.928406e-13
23250.000000  1.897727e-13
23350.000000  1.867262e-13
23450.000000  1.837567e-13
23550.000000  1.808292e-13
23650.000000  1.779932e-13
23750.000000  1.751641e-13
23850.000000  1.723770e-13
23950.000000  1.696883e-13
24050.000000  1.669225e-13
24150.000000  1.643391e-13
24250.000000  1.618259e-13
24350.000000  1.592775e-13
24450.000000  1.567010e-13
24550.000000  1.543846e-13
24650.000000  1.518081e-13
24750.000000  1.494986e-13
24850.000000  1.474981e-13
24950.000000  1.441143e-13
