2505.000000  1.051756e-14
2513.000000  5.948817e-15
2518.000000  4.480901e-15
2525.000000  5.621932e-15
2535.000000  2.323252e-14
2545.000000  2.920972e-14
2555.000000  4.886245e-14
2565.000000  2.337410e-14
2575.000000  4.583603e-14
2585.000000  2.991481e-14
2595.000000  3.777909e-14
2605.000000  5.224457e-14
2615.000000  4.423954e-14
2625.000000  7.679332e-14
2635.000000  1.589861e-13
2645.000000  1.449552e-13
2655.000000  2.869954e-13
2665.000000  1.707797e-13
2675.000000  1.527633e-13
2685.000000  2.271106e-13
2695.000000  1.143346e-13
2705.000000  2.310429e-13
2715.000000  1.638677e-13
2725.000000  1.047664e-13
2735.000000  1.373885e-13
2745.000000  1.590545e-13
2755.000000  1.772084e-13
2765.000000  2.707035e-13
2775.000000  3.531871e-13
2785.000000  1.912830e-13
2795.000000  1.108980e-13
2805.000000  1.317515e-13
2815.000000  2.973016e-13
2825.000000  3.305644e-13
2835.000000  2.416679e-13
2845.000000  1.123844e-13
2855.000000  3.170940e-14
2865.000000  1.990426e-13
2875.000000  3.326362e-13
2885.000000  5.478268e-13
2895.000000  7.987945e-13
2910.000000  1.150829e-12
2930.000000  1.192753e-12
2950.000000  1.063245e-12
2970.000000  1.088737e-12
2990.000000  1.070699e-12
3010.000000  9.298655e-13
3030.000000  1.430003e-12
3050.000000  1.563810e-12
3070.000000  2.426337e-12
3090.000000  2.830089e-12
3110.000000  4.406846e-12
3130.000000  3.737407e-12
3150.000000  5.252746e-12
3170.000000  6.624949e-12
3190.000000  5.066543e-12
3210.000000  5.852431e-12
3230.000000  4.321302e-12
3250.000000  7.428625e-12
3270.000000  1.009966e-11
3290.000000  1.096877e-11
3310.000000  9.009861e-12
3330.000000  9.518664e-12
3350.000000  8.633086e-12
3370.000000  5.889758e-12
3390.000000  6.758998e-12
3410.000000  7.978285e-12
3430.000000  9.142307e-12
3450.000000  8.776335e-12
3470.000000  9.539076e-12
3490.000000  1.184175e-11
3510.000000  1.297995e-11
3530.000000  1.017574e-11
3550.000000  1.226521e-11
3570.000000  5.938696e-12
3590.000000  7.226603e-12
3610.000000  1.172846e-11
3630.000000  1.558227e-11
3640.000000  1.604104e-11
3650.000000  1.871858e-11
3670.000000  2.185269e-11
3690.000000  1.896055e-11
3710.000000  1.864378e-11
3730.000000  8.217532e-12
3750.000000  9.884966e-12
3770.000000  1.584996e-11
3790.000000  1.580758e-11
3810.000000  1.290891e-11
3830.000000  6.151621e-12
3850.000000  7.648152e-12
3870.000000  8.618407e-12
3890.000000  1.642918e-11
3910.000000  2.089119e-11
3930.000000  6.999889e-12
3950.000000  1.516762e-11
3970.000000  9.260465e-12
3990.000000  3.177317e-11
4010.000000  3.928527e-11
4030.000000  3.645616e-11
4050.000000  3.349071e-11
4070.000000  3.023517e-11
4090.000000  4.129394e-11
4110.000000  3.879695e-11
4130.000000  3.223230e-11
4150.000000  2.850109e-11
4170.000000  2.987387e-11
4190.000000  3.285844e-11
4210.000000  3.704307e-11
4230.000000  3.690779e-11
4250.000000  4.546362e-11
4270.000000  4.216997e-11
4290.000000  3.872607e-11
4310.000000  3.499410e-11
4330.000000  5.365475e-11
4350.000000  5.487711e-11
4370.000000  5.963424e-11
4390.000000  5.153834e-11
4410.000000  5.578434e-11
4430.000000  5.908356e-11
4450.000000  6.102425e-11
4470.000000  6.713796e-11
4490.000000  6.994129e-11
4510.000000  8.366543e-11
4530.000000  6.979932e-11
4550.000000  7.357457e-11
4570.000000  8.167577e-11
4590.000000  8.035357e-11
4610.000000  8.300555e-11
4630.000000  7.931190e-11
4650.000000  8.139050e-11
4670.000000  8.594687e-11
4690.000000  8.421974e-11
4710.000000  8.119428e-11
4730.000000  8.613596e-11
4750.000000  9.158413e-11
4770.000000  9.263592e-11
4790.000000  9.251541e-11
4810.000000  9.289770e-11
4830.000000  9.821006e-11
4850.000000  9.163892e-11
4870.000000  8.497346e-11
4890.000000  9.448800e-11
4910.000000  9.410565e-11
4930.000000  9.166003e-11
4950.000000  9.910014e-11
4970.000000  9.500621e-11
4990.000000  8.599519e-11
5010.000000  7.995215e-11
5030.000000  8.605514e-11
5050.000000  8.626035e-11
5070.000000  9.046073e-11
5090.000000  8.153453e-11
5110.000000  8.532428e-11
5130.000000  8.017618e-11
5150.000000  7.800630e-11
5170.000000  6.776975e-11
5190.000000  7.403337e-11
5210.000000  8.276870e-11
5230.000000  9.356866e-11
5250.000000  9.835751e-11
5270.000000  8.481084e-11
5290.000000  1.014056e-10
5310.000000  1.115670e-10
5330.000000  9.295907e-11
5350.000000  1.056112e-10
5370.000000  1.073535e-10
5390.000000  1.011558e-10
5410.000000  1.007968e-10
5430.000000  1.028109e-10
5450.000000  1.106495e-10
5470.000000  1.049042e-10
5490.000000  1.025995e-10
5510.000000  1.019341e-10
5530.000000  1.074894e-10
5550.000000  1.113770e-10
5570.000000  1.087123e-10
5590.000000  1.044163e-10
5610.000000  1.126649e-10
5630.000000  1.087743e-10
5650.000000  1.105931e-10
5670.000000  1.077054e-10
5690.000000  1.131862e-10
5710.000000  1.072400e-10
5730.000000  1.211538e-10
5750.000000  1.135474e-10
5770.000000  1.170306e-10
5790.000000  1.081088e-10
5810.000000  1.176118e-10
5830.000000  1.238157e-10
5850.000000  1.178517e-10
5870.000000  1.183438e-10
5890.000000  9.398641e-11
5910.000000  1.156558e-10
5930.000000  1.171375e-10
5950.000000  1.170541e-10
5970.000000  1.207175e-10
5990.000000  1.170276e-10
6010.000000  1.143326e-10
6030.000000  1.192871e-10
6050.000000  1.220659e-10
6070.000000  1.215920e-10
6090.000000  1.138489e-10
6110.000000  1.148319e-10
6130.000000  1.059621e-10
6150.000000  1.114466e-10
6170.000000  1.056461e-10
6190.000000  1.154471e-10
6210.000000  1.141439e-10
6230.000000  1.090133e-10
6250.000000  1.039223e-10
6270.000000  1.107267e-10
6290.000000  1.144427e-10
6310.000000  1.084513e-10
6330.000000  1.107418e-10
6350.000000  1.083004e-10
6370.000000  1.075478e-10
6390.000000  1.136145e-10
6410.000000  1.115950e-10
6430.000000  1.125996e-10
6450.000000  1.120139e-10
6470.000000  1.122861e-10
6490.000000  1.087335e-10
6510.000000  1.124436e-10
6530.000000  1.128560e-10
6550.000000  1.117494e-10
6570.000000  1.098632e-10
6590.000000  1.133906e-10
6610.000000  1.141120e-10
6630.000000  1.125190e-10
6650.000000  1.125900e-10
6670.000000  1.096791e-10
6690.000000  1.138785e-10
6710.000000  1.084506e-10
6730.000000  1.146275e-10
6750.000000  1.114010e-10
6770.000000  1.127758e-10
6790.000000  1.108066e-10
6810.000000  1.110238e-10
6830.000000  1.131386e-10
6850.000000  1.087875e-10
6870.000000  1.111022e-10
6890.000000  1.127009e-10
6910.000000  1.112888e-10
6930.000000  1.087003e-10
6950.000000  1.064401e-10
6970.000000  1.076396e-10
6990.000000  1.058879e-10
7010.000000  1.023520e-10
7030.000000  1.058306e-10
7050.000000  1.081592e-10
7070.000000  1.047710e-10
7090.000000  1.034015e-10
7110.000000  1.025540e-10
7130.000000  9.934125e-11
7150.000000  9.939642e-11
7170.000000  1.013976e-10
7190.000000  9.774007e-11
7210.000000  1.012707e-10
7230.000000  1.037165e-10
7250.000000  1.032505e-10
7270.000000  1.021702e-10
7290.000000  9.816661e-11
7310.000000  1.009759e-10
7330.000000  1.005446e-10
7350.000000  1.000742e-10
7370.000000  1.031911e-10
7390.000000  1.003569e-10
7410.000000  1.003434e-10
7430.000000  1.014461e-10
7450.000000  1.012943e-10
7470.000000  1.015027e-10
7490.000000  1.002241e-10
7510.000000  1.024154e-10
7530.000000  1.035689e-10
7550.000000  1.040401e-10
7570.000000  1.028091e-10
7590.000000  1.019301e-10
7610.000000  1.019181e-10
7630.000000  1.032203e-10
7650.000000  1.034606e-10
7670.000000  9.857210e-11
7690.000000  1.030885e-10
7710.000000  1.006338e-10
7730.000000  1.004420e-10
7750.000000  9.998721e-11
7770.000000  1.029911e-10
7790.000000  1.030121e-10
7810.000000  1.021991e-10
7830.000000  1.011590e-10
7850.000000  9.964532e-11
7870.000000  1.000024e-10
7890.000000  9.510747e-11
7910.000000  9.190143e-11
7930.000000  9.202580e-11
7950.000000  8.990401e-11
7970.000000  9.463763e-11
7990.000000  9.441769e-11
8010.000000  9.415206e-11
8030.000000  9.464161e-11
8050.000000  9.323718e-11
8070.000000  9.196096e-11
8090.000000  8.876889e-11
8110.000000  8.783801e-11
8130.000000  8.996487e-11
8150.000000  8.981284e-11
8170.000000  9.051149e-11
8190.000000  8.842652e-11
8210.000000  8.822240e-11
8230.000000  9.004757e-11
8250.000000  9.082615e-11
8270.000000  9.201712e-11
8290.000000  9.081301e-11
8310.000000  8.546157e-11
8330.000000  8.686474e-11
8350.000000  8.661852e-11
8370.000000  8.835589e-11
8390.000000  8.491322e-11
8410.000000  8.902393e-11
8430.000000  8.602352e-11
8450.000000  8.823274e-11
8470.000000  8.787338e-11
8490.000000  8.737807e-11
8510.000000  8.243927e-11
8530.000000  8.506831e-11
8550.000000  7.048981e-11
8570.000000  8.851929e-11
8590.000000  8.696110e-11
8610.000000  8.762699e-11
8630.000000  8.845428e-11
8650.000000  8.738157e-11
8670.000000  7.221413e-11
8690.000000  8.383586e-11
8710.000000  8.686311e-11
8730.000000  8.729743e-11
8750.000000  8.669158e-11
8770.000000  8.799931e-11
8790.000000  8.691119e-11
8810.000000  8.378391e-11
8830.000000  8.606867e-11
8850.000000  8.750868e-11
8870.000000  8.563716e-11
8890.000000  8.701428e-11
8910.000000  8.834406e-11
8930.000000  8.502489e-11
8950.000000  8.519616e-11
8970.000000  8.530297e-11
8990.000000  8.557298e-11
9010.000000  8.206032e-11
9030.000000  8.452967e-11
9050.000000  8.706983e-11
9070.000000  8.616584e-11
9090.000000  8.215879e-11
9110.000000  8.120523e-11
9130.000000  8.475052e-11
9150.000000  7.737610e-11
9170.000000  7.494600e-11
9190.000000  7.641860e-11
9210.000000  7.379631e-11
9230.000000  7.593847e-11
9250.000000  7.499589e-11
9270.000000  7.664785e-11
9290.000000  7.530065e-11
9310.000000  7.819449e-11
9330.000000  7.808353e-11
9350.000000  7.703123e-11
9370.000000  7.654194e-11
9390.000000  7.437021e-11
9410.000000  7.195853e-11
9430.000000  7.340225e-11
9450.000000  7.120705e-11
9470.000000  7.428899e-11
9490.000000  7.378564e-11
9510.000000  7.537518e-11
9530.000000  7.470475e-11
9550.000000  7.387772e-11
9570.000000  7.409550e-11
9590.000000  7.562750e-11
9610.000000  7.429167e-11
9630.000000  7.381214e-11
9650.000000  7.202285e-11
9670.000000  7.136025e-11
9690.000000  7.344034e-11
9710.000000  7.260850e-11
9730.000000  7.290302e-11
9750.000000  7.233349e-11
9770.000000  7.265178e-11
9790.000000  7.072701e-11
9810.000000  7.369335e-11
9830.000000  7.287946e-11
9850.000000  7.394654e-11
9870.000000  7.383078e-11
9890.000000  7.438392e-11
9910.000000  7.302929e-11
9930.000000  7.412922e-11
9950.000000  7.329320e-11
9970.000000  7.392497e-11
9990.000000  7.385901e-11
10025.000000  7.312763e-11
10075.000000  7.239933e-11
10125.000000  7.286636e-11
10175.000000  7.153425e-11
10225.000000  7.180996e-11
10275.000000  7.212431e-11
10325.000000  7.062444e-11
10375.000000  7.018316e-11
10425.000000  7.049008e-11
10475.000000  6.976658e-11
10525.000000  6.975041e-11
10575.000000  6.892186e-11
10625.000000  6.865731e-11
10675.000000  6.700778e-11
10725.000000  6.691298e-11
10775.000000  6.643700e-11
10825.000000  6.484803e-11
10875.000000  6.381401e-11
10925.000000  6.264984e-11
10975.000000  5.748670e-11
11025.000000  5.735892e-11
11075.000000  5.844900e-11
11125.000000  5.846910e-11
11175.000000  5.943295e-11
11225.000000  5.906158e-11
11275.000000  5.788393e-11
11325.000000  5.867253e-11
11375.000000  5.709225e-11
11425.000000  5.761635e-11
11475.000000  5.868697e-11
11525.000000  5.847464e-11
11575.000000  5.767008e-11
11625.000000  5.692911e-11
11675.000000  5.696274e-11
11725.000000  5.797791e-11
11775.000000  5.675304e-11
11825.000000  5.627161e-11
11875.000000  5.557867e-11
11925.000000  5.691121e-11
11975.000000  5.399122e-11
12025.000000  5.531239e-11
12075.000000  5.449975e-11
12125.000000  5.476404e-11
12175.000000  5.514263e-11
12225.000000  5.484531e-11
12275.000000  5.448358e-11
12325.000000  5.377382e-11
12375.000000  5.371265e-11
12425.000000  5.300860e-11
12475.000000  5.333562e-11
12525.000000  5.258328e-11
12575.000000  5.260969e-11
12625.000000  5.251010e-11
12675.000000  5.152947e-11
12725.000000  5.170947e-11
12775.000000  5.197468e-11
12825.000000  4.956887e-11
12875.000000  5.056566e-11
12925.000000  4.973949e-11
12975.000000  5.059449e-11
13025.000000  4.952301e-11
13075.000000  5.011130e-11
13125.000000  4.886330e-11
13175.000000  4.880607e-11
13225.000000  4.893537e-11
13275.000000  4.787196e-11
13325.000000  4.845939e-11
13375.000000  4.797878e-11
13425.000000  4.829292e-11
13475.000000  4.787175e-11
13525.000000  4.776644e-11
13575.000000  4.669167e-11
13625.000000  4.651975e-11
13675.000000  4.662242e-11
13725.000000  4.674211e-11
13775.000000  4.637167e-11
13825.000000  4.639893e-11
13875.000000  4.591272e-11
13925.000000  4.580708e-11
13975.000000  4.533034e-11
14025.000000  4.457997e-11
14075.000000  4.347333e-11
14125.000000  4.150297e-11
14175.000000  4.172201e-11
14225.000000  4.133704e-11
14275.000000  4.044579e-11
14325.000000  4.148782e-11
14375.000000  4.187860e-11
14425.000000  4.014137e-11
14475.000000  4.174942e-11
14525.000000  4.022248e-11
14570.000000  4.020153e-11
14620.000000  3.945453e-11
14675.000000  3.910502e-11
14725.000000  3.849120e-11
14775.000000  3.887307e-11
14825.000000  3.885384e-11
14875.000000  3.864951e-11
14925.000000  3.966135e-11
14975.000000  3.918594e-11
15025.000000  3.804620e-11
15075.000000  3.780623e-11
15125.000000  3.790155e-11
15175.000000  3.837960e-11
15225.000000  3.794009e-11
15275.000000  3.814429e-11
15325.000000  3.809662e-11
15375.000000  3.835988e-11
15425.000000  3.796430e-11
15475.000000  3.792284e-11
15525.000000  3.705263e-11
15575.000000  3.656724e-11
15625.000000  3.760511e-11
15675.000000  3.631952e-11
15725.000000  3.700517e-11
15775.000000  3.485898e-11
15825.000000  3.569222e-11
15875.000000  3.427137e-11
15925.000000  3.498862e-11
15975.000000  3.558006e-11
16050.000000  3.517528e-11
16150.000000  3.475552e-11
16250.000000  3.475968e-11
16350.000000  3.463173e-11
16450.000000  3.325475e-11
16550.000000  3.372105e-11
16650.000000  3.274017e-11
16750.000000  3.240188e-11
16850.000000  3.121737e-11
16950.000000  3.181287e-11
17050.000000  3.049213e-11
17150.000000  3.044156e-11
17250.000000  2.940803e-11
17350.000000  2.846889e-11
17450.000000  2.857093e-11
17550.000000  2.796493e-11
17650.000000  2.768370e-11
17750.000000  2.681048e-11
17850.000000  2.668967e-11
17950.000000  2.619550e-11
18050.000000  2.543146e-11
18150.000000  2.506499e-11
18250.000000  2.454092e-11
18350.000000  2.401900e-11
18450.000000  2.341485e-11
18550.000000  2.328532e-11
18650.000000  2.244880e-11
18750.000000  2.197389e-11
18850.000000  2.191993e-11
18950.000000  2.077300e-11
19050.000000  2.138273e-11
19150.000000  2.080893e-11
19250.000000  2.060288e-11
19350.000000  1.984982e-11
19450.000000  1.939671e-11
19550.000000  1.951419e-11
19650.000000  1.891964e-11
19750.000000  1.832007e-11
19850.000000  1.819184e-11
19950.000000  1.788522e-11
20050.000000  1.784645e-11
20150.000000  1.764724e-11
20250.000000  1.698072e-11
20350.000000  1.670198e-11
20450.000000  1.670770e-11
20550.000000  1.619122e-11
20650.000000  1.589234e-11
20750.000000  1.566039e-11
20850.000000  1.537633e-11
20950.000000  1.501969e-11
21050.000000  1.502353e-11
21150.000000  1.472900e-11
21250.000000  1.441221e-11
21350.000000  1.433634e-11
21450.000000  1.403866e-11
21550.000000  1.381888e-11
21650.000000  1.344107e-11
21750.000000  1.319774e-11
21850.000000  1.310082e-11
21950.000000  1.297409e-11
22050.000000  1.255697e-11
22150.000000  1.263670e-11
22250.000000  1.224417e-11
22350.000000  1.207540e-11
22450.000000  1.188967e-11
22550.000000  1.174274e-11
22650.000000  1.145114e-11
22750.000000  1.146630e-11
22850.000000  1.112863e-11
22950.000000  9.753674e-12
23050.000000  1.030686e-11
23150.000000  1.020495e-11
23250.000000  8.993537e-12
23350.000000  9.493857e-12
23450.000000  9.495146e-12
23550.000000  8.301687e-12
23650.000000  8.957585e-12
23750.000000  8.791897e-12
23850.000000  7.849238e-12
23950.000000  8.372776e-12
24050.000000  8.398817e-12
24150.000000  7.602351e-12
24250.000000  7.933018e-12
24350.000000  7.993443e-12
24450.000000  7.474232e-12
24550.000000  7.399660e-12
24650.000000  7.703258e-12
24750.000000  7.380436e-12
24850.000000  7.004024e-12
24950.000000  7.255940e-12
