2505.000000  1.004631e-10
2513.000000  8.716802e-11
2518.000000  9.023308e-11
2525.000000  8.254402e-11
2535.000000  8.321335e-11
2545.000000  8.158013e-11
2555.000000  8.822770e-11
2565.000000  8.606774e-11
2575.000000  9.397056e-11
2585.000000  9.248295e-11
2595.000000  8.967854e-11
2605.000000  8.501718e-11
2615.000000  8.440357e-11
2625.000000  9.046819e-11
2635.000000  9.081846e-11
2645.000000  1.021888e-10
2655.000000  1.001060e-10
2665.000000  8.889363e-11
2675.000000  9.485932e-11
2685.000000  9.173567e-11
2695.000000  8.924355e-11
2705.000000  9.264949e-11
2715.000000  8.731575e-11
2725.000000  8.862971e-11
2735.000000  9.603679e-11
2745.000000  7.880887e-11
2755.000000  7.899461e-11
2765.000000  8.148642e-11
2775.000000  8.908835e-11
2785.000000  8.725696e-11
2795.000000  6.458305e-11
2805.000000  7.464742e-11
2815.000000  9.033418e-11
2825.000000  9.300200e-11
2835.000000  8.723143e-11
2845.000000  8.384390e-11
2855.000000  8.145780e-11
2865.000000  8.794090e-11
2875.000000  8.439854e-11
2885.000000  8.585842e-11
2895.000000  8.142984e-11
2910.000000  9.151415e-11
2930.000000  8.695838e-11
2950.000000  8.674448e-11
2970.000000  8.796215e-11
2990.000000  8.815725e-11
3010.000000  8.996714e-11
3030.000000  8.796203e-11
3050.000000  8.635660e-11
3070.000000  8.496499e-11
3090.000000  8.606503e-11
3110.000000  8.300928e-11
3130.000000  8.224994e-11
3150.000000  8.327248e-11
3170.000000  8.200793e-11
3190.000000  7.862990e-11
3210.000000  8.000274e-11
3230.000000  7.821142e-11
3250.000000  7.839722e-11
3270.000000  7.804701e-11
3290.000000  7.816462e-11
3310.000000  7.802823e-11
3330.000000  7.595491e-11
3350.000000  7.464080e-11
3370.000000  7.421308e-11
3390.000000  7.323986e-11
3410.000000  7.419428e-11
3430.000000  7.349382e-11
3450.000000  7.266638e-11
3470.000000  7.141115e-11
3490.000000  7.072003e-11
3510.000000  7.106083e-11
3530.000000  7.091509e-11
3550.000000  7.049664e-11
3570.000000  6.911445e-11
3590.000000  6.847627e-11
3610.000000  6.789450e-11
3630.000000  6.723278e-11
3640.000000  6.688601e-11
3650.000000  6.835649e-11
3670.000000  6.770067e-11
3690.000000  6.511711e-11
3710.000000  6.573083e-11
3730.000000  6.675367e-11
3750.000000  8.487112e-11
3770.000000  9.005295e-11
3790.000000  1.105230e-10
3810.000000  1.263569e-10
3830.000000  9.993930e-11
3850.000000  1.343251e-10
3870.000000  1.488757e-10
3890.000000  8.834178e-11
3910.000000  1.459066e-10
3930.000000  1.485165e-10
3950.000000  1.446418e-10
3970.000000  8.329928e-11
3990.000000  1.385269e-10
4010.000000  1.457945e-10
4030.000000  1.429432e-10
4050.000000  1.429804e-10
4070.000000  1.376436e-10
4090.000000  1.137332e-10
4110.000000  8.741167e-11
4130.000000  1.289007e-10
4150.000000  1.329326e-10
4170.000000  1.307415e-10
4190.000000  1.293004e-10
4210.000000  1.279181e-10
4230.000000  1.255906e-10
4250.000000  1.231175e-10
4270.000000  1.204492e-10
4290.000000  1.200893e-10
4310.000000  1.147125e-10
4330.000000  9.085165e-11
4350.000000  7.740411e-11
4370.000000  1.104973e-10
4390.000000  1.097102e-10
4410.000000  1.100108e-10
4430.000000  1.079964e-10
4450.000000  1.080643e-10
4470.000000  1.058452e-10
4490.000000  1.031181e-10
4510.000000  1.034401e-10
4530.000000  1.015900e-10
4550.000000  9.906733e-11
4570.000000  9.973963e-11
4590.000000  9.713956e-11
4610.000000  9.780253e-11
4630.000000  9.444318e-11
4650.000000  9.506598e-11
4670.000000  9.327466e-11
4690.000000  9.170652e-11
4710.000000  8.883370e-11
4730.000000  8.983758e-11
4750.000000  8.846463e-11
4770.000000  8.771456e-11
4790.000000  8.640977e-11
4810.000000  8.449141e-11
4830.000000  8.155963e-11
4850.000000  6.627417e-11
4870.000000  5.391575e-11
4890.000000  7.751823e-11
4910.000000  7.899958e-11
4930.000000  7.769486e-11
4950.000000  7.755847e-11
4970.000000  7.700365e-11
4990.000000  7.569894e-11
5010.000000  7.335291e-11
5030.000000  7.302133e-11
5050.000000  7.149336e-11
5070.000000  7.163896e-11
5090.000000  7.074329e-11
5110.000000  6.957491e-11
5130.000000  6.909759e-11
5150.000000  6.753197e-11
5170.000000  6.642337e-11
5190.000000  6.585680e-11
5210.000000  6.509780e-11
5230.000000  6.394835e-11
5250.000000  6.399719e-11
5270.000000  6.221992e-11
5290.000000  6.277296e-11
5310.000000  6.117230e-11
5330.000000  6.074154e-11
5350.000000  6.063385e-11
5370.000000  5.978561e-11
5390.000000  5.904366e-11
5410.000000  5.802902e-11
5430.000000  5.757432e-11
5450.000000  5.717416e-11
5470.000000  5.639719e-11
5490.000000  5.583529e-11
5510.000000  5.510698e-11
5530.000000  5.460923e-11
5550.000000  5.403679e-11
5570.000000  5.339897e-11
5590.000000  5.286929e-11
5610.000000  5.243103e-11
5630.000000  5.184094e-11
5650.000000  5.095212e-11
5670.000000  5.047296e-11
5690.000000  5.006198e-11
5710.000000  4.953418e-11
5730.000000  4.900451e-11
5750.000000  4.840172e-11
5770.000000  4.788569e-11
5790.000000  4.723332e-11
5810.000000  4.678733e-11
5830.000000  4.629269e-11
5850.000000  4.581849e-11
5870.000000  4.511465e-11
5890.000000  4.451160e-11
5910.000000  4.428873e-11
5930.000000  4.387682e-11
5950.000000  4.312034e-11
5970.000000  4.281256e-11
5990.000000  4.224293e-11
6010.000000  4.193610e-11
6030.000000  4.154372e-11
6050.000000  4.102958e-11
6070.000000  4.062945e-11
6090.000000  4.019804e-11
6110.000000  3.979978e-11
6130.000000  3.934699e-11
6150.000000  3.835470e-11
6170.000000  3.850276e-11
6190.000000  3.815904e-11
6210.000000  3.776079e-11
6230.000000  3.730119e-11
6250.000000  3.658066e-11
6270.000000  3.659424e-11
6290.000000  3.620963e-11
6310.000000  3.572864e-11
6330.000000  3.544722e-11
6350.000000  3.456708e-11
6370.000000  3.441024e-11
6390.000000  3.433615e-11
6410.000000  3.393109e-11
6430.000000  3.365648e-11
6450.000000  3.300694e-11
6470.000000  3.296505e-11
6490.000000  3.241589e-11
6510.000000  3.201856e-11
6530.000000  3.124717e-11
6550.000000  2.761804e-11
6570.000000  2.239246e-11
6590.000000  2.969570e-11
6610.000000  3.042058e-11
6630.000000  3.029412e-11
6650.000000  3.009546e-11
6670.000000  2.979949e-11
6690.000000  2.953853e-11
6710.000000  2.929120e-11
6730.000000  2.894844e-11
6750.000000  2.870793e-11
6770.000000  2.846061e-11
6790.000000  2.815874e-11
6810.000000  2.789779e-11
6830.000000  2.758911e-11
6850.000000  2.734860e-11
6870.000000  2.709540e-11
6890.000000  2.685396e-11
6910.000000  2.658030e-11
6930.000000  2.629796e-11
6950.000000  2.608659e-11
6970.000000  2.583927e-11
6990.000000  2.562016e-11
7010.000000  2.527740e-11
7030.000000  2.513233e-11
7050.000000  2.483730e-11
7070.000000  2.464451e-11
7090.000000  2.444678e-11
7110.000000  2.407181e-11
7130.000000  2.394533e-11
7150.000000  2.373303e-11
7170.000000  2.353344e-11
7190.000000  2.332208e-11
7210.000000  2.311566e-11
7230.000000  2.286835e-11
7250.000000  2.264242e-11
7270.000000  2.249054e-11
7290.000000  2.227143e-11
7310.000000  2.205914e-11
7330.000000  2.188000e-11
7350.000000  2.170179e-11
7370.000000  2.150994e-11
7390.000000  2.130447e-11
7410.000000  2.109899e-11
7430.000000  2.081078e-11
7450.000000  2.067348e-11
7470.000000  2.042028e-11
7490.000000  2.030931e-11
7510.000000  2.013699e-11
7530.000000  2.000744e-11
7550.000000  1.984194e-11
7570.000000  1.966373e-11
7590.000000  1.948553e-11
7610.000000  1.933459e-11
7630.000000  1.915638e-11
7650.000000  1.896455e-11
7670.000000  1.880680e-11
7690.000000  1.864223e-11
7710.000000  1.847672e-11
7730.000000  1.833354e-11
7750.000000  1.817579e-11
7770.000000  1.764213e-11
7790.000000  1.786617e-11
7810.000000  1.772980e-11
7830.000000  1.755842e-11
7850.000000  1.735202e-11
7870.000000  1.716018e-11
7890.000000  1.695377e-11
7910.000000  1.694106e-11
7930.000000  1.683103e-11
7950.000000  1.655645e-11
7970.000000  1.655644e-11
7990.000000  1.616690e-11
8010.000000  1.628184e-11
8030.000000  1.613773e-11
8050.000000  1.600725e-11
8070.000000  1.586995e-11
8090.000000  1.573948e-11
8110.000000  1.560218e-11
8130.000000  1.548627e-11
8150.000000  1.536261e-11
8170.000000  1.523895e-11
8190.000000  1.502760e-11
8210.000000  1.493029e-11
8230.000000  1.475797e-11
8250.000000  1.477934e-11
8270.000000  1.475019e-11
8290.000000  1.458563e-11
8310.000000  1.451063e-11
8330.000000  1.434700e-11
8350.000000  1.428376e-11
8370.000000  1.418055e-11
8390.000000  1.405782e-11
8410.000000  1.390007e-11
8430.000000  1.375596e-11
8450.000000  1.346186e-11
8470.000000  1.333911e-11
8490.000000  1.348230e-11
8510.000000  1.286680e-11
8530.000000  1.344821e-11
8550.000000  1.219769e-11
8570.000000  1.352228e-11
8590.000000  1.251039e-11
8610.000000  1.220263e-11
8630.000000  1.357590e-11
8650.000000  1.295451e-11
8670.000000  1.080707e-11
8690.000000  1.317271e-11
8710.000000  1.369770e-11
8730.000000  1.309583e-11
8750.000000  1.028609e-11
8770.000000  1.241214e-11
8790.000000  1.356347e-11
8810.000000  1.360439e-11
8830.000000  1.317486e-11
8850.000000  1.169437e-11
8870.000000  9.867381e-12
8890.000000  1.254570e-11
8910.000000  1.305614e-11
8930.000000  1.305521e-11
8950.000000  1.306108e-11
8970.000000  1.283608e-11
8990.000000  1.220881e-11
9010.000000  9.633695e-12
9030.000000  1.053556e-11
9050.000000  1.213877e-11
9070.000000  1.220603e-11
9090.000000  1.216512e-11
9110.000000  1.223825e-11
9130.000000  1.218370e-11
9150.000000  1.212914e-11
9170.000000  1.194413e-11
9190.000000  1.161005e-11
9210.000000  1.077234e-11
9230.000000  8.345352e-12
9250.000000  1.032140e-11
9270.000000  1.098092e-11
9290.000000  1.139587e-11
9310.000000  1.140857e-11
9330.000000  1.131219e-11
9350.000000  1.126539e-11
9370.000000  1.120402e-11
9390.000000  1.104722e-11
9410.000000  1.082130e-11
9430.000000  1.090898e-11
9450.000000  1.084079e-11
9470.000000  1.072489e-11
9490.000000  1.058759e-11
9510.000000  1.030898e-11
9530.000000  9.388521e-12
9550.000000  7.514748e-12
9570.000000  9.463522e-12
9590.000000  1.006847e-11
9610.000000  1.011527e-11
9630.000000  9.943897e-12
9650.000000  1.005979e-11
9670.000000  9.943886e-12
9690.000000  9.922495e-12
9710.000000  9.887465e-12
9730.000000  9.805649e-12
9750.000000  9.723832e-12
9770.000000  9.669283e-12
9790.000000  9.593352e-12
9810.000000  9.511536e-12
9830.000000  9.415151e-12
9850.000000  9.361538e-12
9870.000000  9.292423e-12
9890.000000  9.183336e-12
9910.000000  9.161943e-12
9930.000000  9.086942e-12
9950.000000  9.011941e-12
9970.000000  8.936008e-12
9990.000000  8.827849e-12
10025.000000  8.001918e-12
10075.000000  7.563692e-12
10125.000000  8.340971e-12
10175.000000  8.313692e-12
10225.000000  8.209547e-12
10275.000000  8.065430e-12
10325.000000  7.915432e-12
10375.000000  7.784952e-12
10425.000000  7.655408e-12
10475.000000  7.497661e-12
10525.000000  7.361298e-12
10575.000000  7.258086e-12
10625.000000  7.148061e-12
10675.000000  6.950341e-12
10725.000000  6.881221e-12
10775.000000  6.778359e-12
10825.000000  6.648468e-12
10875.000000  6.480740e-12
10925.000000  5.480974e-12
10975.000000  5.964538e-12
11025.000000  6.214327e-12
11075.000000  6.148405e-12
11125.000000  6.055212e-12
11175.000000  5.958609e-12
11225.000000  5.864733e-12
11275.000000  5.696051e-12
11325.000000  5.622722e-12
11375.000000  5.582705e-12
11425.000000  5.491743e-12
11475.000000  5.416088e-12
11525.000000  5.332626e-12
11575.000000  5.247801e-12
11625.000000  5.139022e-12
11675.000000  5.052926e-12
11725.000000  5.007269e-12
11775.000000  4.885817e-12
11825.000000  4.841122e-12
11875.000000  4.759707e-12
11925.000000  4.712098e-12
11975.000000  4.627461e-12
12025.000000  4.566311e-12
12075.000000  4.493946e-12
12125.000000  4.427436e-12
12175.000000  4.365698e-12
12225.000000  4.299282e-12
12275.000000  4.231503e-12
12325.000000  4.171904e-12
12375.000000  4.111717e-12
12425.000000  4.056797e-12
12475.000000  3.980249e-12
12525.000000  3.937695e-12
12575.000000  3.865919e-12
12625.000000  3.819274e-12
12675.000000  3.766493e-12
12725.000000  3.698218e-12
12775.000000  3.552215e-12
12825.000000  3.063970e-12
12875.000000  3.482885e-12
12925.000000  3.496829e-12
12975.000000  3.460506e-12
13025.000000  3.415226e-12
13075.000000  3.367901e-12
13125.000000  3.321350e-12
13175.000000  3.263892e-12
13225.000000  3.230295e-12
13275.000000  3.186472e-12
13325.000000  3.142649e-12
13375.000000  3.100096e-12
13425.000000  3.055685e-12
13475.000000  3.013907e-12
13525.000000  2.969496e-12
13575.000000  2.931809e-12
13625.000000  2.892759e-12
13675.000000  2.851663e-12
13725.000000  2.812025e-12
13775.000000  2.781155e-12
13825.000000  2.744150e-12
13875.000000  2.709191e-12
13925.000000  2.671598e-12
13975.000000  2.638001e-12
14025.000000  2.604406e-12
14075.000000  2.570903e-12
14125.000000  2.536626e-12
14175.000000  2.504487e-12
14225.000000  2.472254e-12
14275.000000  2.440797e-12
14325.000000  2.408659e-12
14375.000000  2.378472e-12
14425.000000  2.334155e-12
14475.000000  2.318192e-12
14525.000000  2.282738e-12
14570.000000  2.263460e-12
14620.000000  2.237458e-12
14675.000000  2.210091e-12
14725.000000  2.182043e-12
14775.000000  2.150587e-12
14825.000000  2.129263e-12
14875.000000  2.099264e-12
14925.000000  2.079985e-12
14975.000000  2.051938e-12
15025.000000  2.027299e-12
15075.000000  2.001297e-12
15125.000000  1.979291e-12
15175.000000  1.954652e-12
15225.000000  1.932059e-12
15275.000000  1.905374e-12
15325.000000  1.880735e-12
15375.000000  1.861645e-12
15425.000000  1.826003e-12
15475.000000  1.817046e-12
15525.000000  1.793865e-12
15575.000000  1.745268e-12
15625.000000  1.771178e-12
15675.000000  1.715082e-12
15725.000000  1.670670e-12
15775.000000  1.716446e-12
15825.000000  1.693759e-12
15875.000000  1.563438e-12
15925.000000  1.630938e-12
15975.000000  1.654027e-12
16050.000000  1.598800e-12
16150.000000  1.507837e-12
16250.000000  1.568333e-12
16350.000000  1.489924e-12
16450.000000  1.400419e-12
16550.000000  1.469777e-12
16650.000000  1.438320e-12
16750.000000  1.359136e-12
16850.000000  1.275086e-12
16950.000000  1.343763e-12
17050.000000  1.318535e-12
17150.000000  1.290394e-12
17250.000000  1.253482e-12
17350.000000  1.118483e-12
17450.000000  1.185889e-12
17550.000000  1.180248e-12
17650.000000  1.156972e-12
17750.000000  1.133015e-12
17850.000000  1.109152e-12
17950.000000  1.087240e-12
18050.000000  1.055783e-12
18150.000000  9.534169e-13
18250.000000  9.928688e-13
18350.000000  9.982300e-13
18450.000000  9.804093e-13
18550.000000  9.579096e-13
18650.000000  9.332703e-13
18750.000000  8.411317e-13
18850.000000  8.943133e-13
18950.000000  8.845812e-13
19050.000000  8.688991e-13
19150.000000  8.517605e-13
19250.000000  8.340331e-13
19350.000000  8.101692e-13
19450.000000  7.282581e-13
19550.000000  7.793008e-13
19650.000000  7.723889e-13
19750.000000  7.579776e-13
19850.000000  7.436595e-13
19950.000000  7.299295e-13
20050.000000  7.162932e-13
20150.000000  7.026567e-13
20250.000000  6.896089e-13
20350.000000  6.767720e-13
20450.000000  6.644152e-13
20550.000000  6.522415e-13
20650.000000  6.401359e-13
20750.000000  6.285758e-13
20850.000000  6.172885e-13
20950.000000  6.061281e-13
21050.000000  5.951817e-13
21150.000000  5.839719e-13
21250.000000  5.737072e-13
21350.000000  5.633063e-13
21450.000000  5.533329e-13
21550.000000  5.394639e-13
21650.000000  4.879309e-13
21750.000000  5.173170e-13
21850.000000  5.155471e-13
21950.000000  5.076688e-13
22050.000000  4.989135e-13
22150.000000  4.902264e-13
22250.000000  4.821529e-13
22350.000000  4.740019e-13
22450.000000  4.660647e-13
22550.000000  4.580688e-13
22650.000000  4.505408e-13
22750.000000  4.430127e-13
22850.000000  4.360983e-13
22950.000000  4.289206e-13
23050.000000  4.220062e-13
23150.000000  4.151011e-13
23250.000000  4.084594e-13
23350.000000  4.018271e-13
23450.000000  3.953900e-13
23550.000000  3.890892e-13
23650.000000  3.828754e-13
23750.000000  3.767791e-13
23850.000000  3.708286e-13
23950.000000  3.649463e-13
24050.000000  3.589276e-13
24150.000000  3.533180e-13
24250.000000  3.479718e-13
24350.000000  3.424304e-13
24450.000000  3.368890e-13
24550.000000  3.319024e-13
24650.000000  3.263516e-13
24750.000000  3.213650e-13
24850.000000  3.171965e-13
24950.000000  3.098049e-13
