2505.000000  3.546990e-11
2513.000000  2.835859e-11
2518.000000  2.891836e-11
2525.000000  2.553154e-11
2535.000000  2.364278e-11
2545.000000  2.284655e-11
2555.000000  2.699187e-11
2565.000000  2.624253e-11
2575.000000  3.069244e-11
2585.000000  3.087157e-11
2595.000000  2.964414e-11
2605.000000  2.739905e-11
2615.000000  2.565228e-11
2625.000000  3.175085e-11
2635.000000  3.327365e-11
2645.000000  4.100667e-11
2655.000000  4.221291e-11
2665.000000  3.469258e-11
2675.000000  3.826633e-11
2685.000000  3.800234e-11
2695.000000  3.464931e-11
2705.000000  3.691561e-11
2715.000000  3.311784e-11
2725.000000  3.387788e-11
2735.000000  3.742313e-11
2745.000000  2.674276e-11
2755.000000  2.933586e-11
2765.000000  3.160319e-11
2775.000000  3.655404e-11
2785.000000  3.256971e-11
2795.000000  1.558253e-11
2805.000000  1.995799e-11
2815.000000  3.781997e-11
2825.000000  4.130152e-11
2835.000000  3.898667e-11
2845.000000  3.685260e-11
2855.000000  3.333521e-11
2865.000000  3.909777e-11
2875.000000  3.808309e-11
2885.000000  3.858446e-11
2895.000000  3.631455e-11
2910.000000  4.294718e-11
2930.000000  4.048359e-11
2950.000000  4.009945e-11
2970.000000  4.208335e-11
2990.000000  4.227751e-11
3010.000000  4.319462e-11
3030.000000  4.268596e-11
3050.000000  4.260383e-11
3070.000000  4.311296e-11
3090.000000  4.389271e-11
3110.000000  4.242726e-11
3130.000000  4.217681e-11
3150.000000  4.365721e-11
3170.000000  4.341605e-11
3190.000000  4.051567e-11
3210.000000  4.199971e-11
3230.000000  3.991981e-11
3250.000000  4.176890e-11
3270.000000  4.284858e-11
3290.000000  4.310208e-11
3310.000000  4.387974e-11
3330.000000  4.279849e-11
3350.000000  4.224186e-11
3370.000000  4.162996e-11
3390.000000  4.190468e-11
3410.000000  4.219695e-11
3430.000000  4.252170e-11
3450.000000  4.222017e-11
3470.000000  4.165321e-11
3490.000000  4.159278e-11
3510.000000  4.247990e-11
3530.000000  4.217215e-11
3550.000000  4.332520e-11
3570.000000  4.126233e-11
3590.000000  4.095252e-11
3610.000000  4.112188e-11
3630.000000  4.148434e-11
3640.000000  4.090705e-11
3650.000000  4.277216e-11
3670.000000  4.237869e-11
3690.000000  4.056478e-11
3710.000000  4.197897e-11
3730.000000  4.265067e-11
3750.000000  5.264762e-11
3770.000000  5.637982e-11
3790.000000  6.870365e-11
3810.000000  7.992305e-11
3830.000000  6.331868e-11
3850.000000  8.838516e-11
3870.000000  9.939728e-11
3890.000000  5.842205e-11
3910.000000  9.896505e-11
3930.000000  8.756107e-11
3950.000000  9.823115e-11
3970.000000  5.390639e-11
3990.000000  9.765862e-11
4010.000000  1.114780e-10
4030.000000  1.118405e-10
4050.000000  1.103332e-10
4070.000000  1.041750e-10
4090.000000  8.224205e-11
4110.000000  6.325878e-11
4130.000000  9.929407e-11
4150.000000  1.064704e-10
4170.000000  1.064982e-10
4190.000000  1.053933e-10
4210.000000  1.052735e-10
4230.000000  1.022093e-10
4250.000000  1.025682e-10
4270.000000  9.850048e-11
4290.000000  9.861792e-11
4310.000000  8.958237e-11
4330.000000  6.970899e-11
4350.000000  5.958693e-11
4370.000000  9.057162e-11
4390.000000  9.394208e-11
4410.000000  9.301682e-11
4430.000000  9.203354e-11
4450.000000  9.336180e-11
4470.000000  9.278865e-11
4490.000000  9.161641e-11
4510.000000  9.358701e-11
4530.000000  9.009527e-11
4550.000000  8.862623e-11
4570.000000  9.087195e-11
4590.000000  8.773596e-11
4610.000000  8.901660e-11
4630.000000  8.653075e-11
4650.000000  8.692065e-11
4670.000000  8.652357e-11
4690.000000  8.323732e-11
4710.000000  8.014428e-11
4730.000000  8.347337e-11
4750.000000  8.306338e-11
4770.000000  8.160616e-11
4790.000000  8.046812e-11
4810.000000  7.835870e-11
4830.000000  7.407391e-11
4850.000000  5.744966e-11
4870.000000  4.617927e-11
4890.000000  6.922680e-11
4910.000000  7.362936e-11
4930.000000  7.310994e-11
4950.000000  7.429351e-11
4970.000000  7.461366e-11
4990.000000  7.213815e-11
5010.000000  6.992391e-11
5030.000000  7.139815e-11
5050.000000  7.003908e-11
5070.000000  7.090149e-11
5090.000000  6.987031e-11
5110.000000  6.962145e-11
5130.000000  6.824738e-11
5150.000000  6.680464e-11
5170.000000  6.533050e-11
5190.000000  6.468917e-11
5210.000000  6.485388e-11
5230.000000  6.410000e-11
5250.000000  6.498141e-11
5270.000000  6.126095e-11
5290.000000  6.339722e-11
5310.000000  6.248994e-11
5330.000000  6.038263e-11
5350.000000  6.176862e-11
5370.000000  6.091152e-11
5390.000000  6.031716e-11
5410.000000  5.900248e-11
5430.000000  5.917549e-11
5450.000000  5.917349e-11
5470.000000  5.846811e-11
5490.000000  5.811490e-11
5510.000000  5.767496e-11
5530.000000  5.692989e-11
5550.000000  5.684311e-11
5570.000000  5.591370e-11
5590.000000  5.526671e-11
5610.000000  5.506690e-11
5630.000000  5.493676e-11
5650.000000  5.430008e-11
5670.000000  5.348835e-11
5690.000000  5.335257e-11
5710.000000  5.282332e-11
5730.000000  5.291527e-11
5750.000000  5.207718e-11
5770.000000  5.175500e-11
5790.000000  5.119371e-11
5810.000000  5.085550e-11
5830.000000  5.050129e-11
5850.000000  4.988735e-11
5870.000000  4.949079e-11
5890.000000  4.838991e-11
5910.000000  4.862899e-11
5930.000000  4.820610e-11
5950.000000  4.777183e-11
5970.000000  4.741865e-11
5990.000000  4.684136e-11
6010.000000  4.622171e-11
6030.000000  4.599093e-11
6050.000000  4.570073e-11
6070.000000  4.545394e-11
6090.000000  4.494635e-11
6110.000000  4.442844e-11
6130.000000  4.367042e-11
6150.000000  4.295265e-11
6170.000000  4.278797e-11
6190.000000  4.306839e-11
6210.000000  4.272553e-11
6230.000000  4.214359e-11
6250.000000  4.115575e-11
6270.000000  4.167631e-11
6290.000000  4.133912e-11
6310.000000  4.066681e-11
6330.000000  4.045770e-11
6350.000000  3.982566e-11
6370.000000  3.957989e-11
6390.000000  3.947250e-11
6410.000000  3.882654e-11
6430.000000  3.867009e-11
6450.000000  3.792135e-11
6470.000000  3.786768e-11
6490.000000  3.714632e-11
6510.000000  3.674874e-11
6530.000000  3.543204e-11
6550.000000  3.057314e-11
6570.000000  2.447354e-11
6590.000000  3.330259e-11
6610.000000  3.508455e-11
6630.000000  3.537371e-11
6650.000000  3.527199e-11
6670.000000  3.499986e-11
6690.000000  3.488111e-11
6710.000000  3.460900e-11
6730.000000  3.435185e-11
6750.000000  3.393565e-11
6770.000000  3.388663e-11
6790.000000  3.358714e-11
6810.000000  3.331967e-11
6830.000000  3.298817e-11
6850.000000  3.272638e-11
6870.000000  3.253327e-11
6890.000000  3.228750e-11
6910.000000  3.202002e-11
6930.000000  3.174687e-11
6950.000000  3.151141e-11
6970.000000  3.124962e-11
6990.000000  3.103018e-11
7010.000000  3.056595e-11
7030.000000  3.045289e-11
7050.000000  3.027578e-11
7070.000000  3.005170e-11
7090.000000  2.983225e-11
7110.000000  2.906285e-11
7130.000000  2.919093e-11
7150.000000  2.900918e-11
7170.000000  2.877940e-11
7190.000000  2.851761e-11
7210.000000  2.836220e-11
7230.000000  2.814274e-11
7250.000000  2.787527e-11
7270.000000  2.778389e-11
7290.000000  2.743173e-11
7310.000000  2.729232e-11
7330.000000  2.707856e-11
7350.000000  2.695515e-11
7370.000000  2.676772e-11
7390.000000  2.645326e-11
7410.000000  2.614344e-11
7430.000000  2.591829e-11
7450.000000  2.580058e-11
7470.000000  2.549541e-11
7490.000000  2.538338e-11
7510.000000  2.529199e-11
7530.000000  2.513193e-11
7550.000000  2.502453e-11
7570.000000  2.479475e-11
7590.000000  2.463933e-11
7610.000000  2.444157e-11
7630.000000  2.427582e-11
7650.000000  2.404605e-11
7670.000000  2.375791e-11
7690.000000  2.365051e-11
7710.000000  2.346877e-11
7730.000000  2.338306e-11
7750.000000  2.315896e-11
7770.000000  2.257031e-11
7790.000000  2.290183e-11
7810.000000  2.271439e-11
7830.000000  2.245827e-11
7850.000000  2.223881e-11
7870.000000  2.209941e-11
7890.000000  2.190164e-11
7910.000000  2.175757e-11
7930.000000  2.155518e-11
7950.000000  2.138374e-11
7970.000000  2.144211e-11
7990.000000  2.110492e-11
8010.000000  2.107860e-11
8030.000000  2.089684e-11
8050.000000  2.078480e-11
8070.000000  2.062938e-11
8090.000000  2.046931e-11
8110.000000  2.038360e-11
8130.000000  2.026020e-11
8150.000000  2.011614e-11
8170.000000  1.996640e-11
8190.000000  1.955021e-11
8210.000000  1.949649e-11
8230.000000  1.934676e-11
8250.000000  1.926105e-11
8270.000000  1.933542e-11
8290.000000  1.918104e-11
8310.000000  1.901529e-11
8330.000000  1.872717e-11
8350.000000  1.878552e-11
8370.000000  1.868380e-11
8390.000000  1.848603e-11
8410.000000  1.838432e-11
8430.000000  1.821856e-11
8450.000000  1.785504e-11
8470.000000  1.774766e-11
8490.000000  1.788706e-11
8510.000000  1.696332e-11
8530.000000  1.774869e-11
8550.000000  1.575246e-11
8570.000000  1.780240e-11
8590.000000  1.672115e-11
8610.000000  1.633286e-11
8630.000000  1.771772e-11
8650.000000  1.706969e-11
8670.000000  1.420250e-11
8690.000000  1.701805e-11
8710.000000  1.770844e-11
8730.000000  1.702840e-11
8750.000000  1.378902e-11
8770.000000  1.631842e-11
8790.000000  1.749005e-11
8810.000000  1.754375e-11
8830.000000  1.697109e-11
8850.000000  1.533523e-11
8870.000000  1.314995e-11
8890.000000  1.630191e-11
8910.000000  1.699849e-11
8930.000000  1.708988e-11
8950.000000  1.715961e-11
8970.000000  1.678472e-11
8990.000000  1.595442e-11
9010.000000  1.282569e-11
9030.000000  1.405227e-11
9050.000000  1.595029e-11
9070.000000  1.604376e-11
9090.000000  1.592087e-11
9110.000000  1.627458e-11
9130.000000  1.632208e-11
9150.000000  1.624412e-11
9170.000000  1.596787e-11
9190.000000  1.547939e-11
9210.000000  1.428909e-11
9230.000000  1.129153e-11
9250.000000  1.373400e-11
9270.000000  1.472060e-11
9290.000000  1.535394e-11
9310.000000  1.542571e-11
9330.000000  1.536840e-11
9350.000000  1.532451e-11
9370.000000  1.525274e-11
9390.000000  1.506767e-11
9410.000000  1.454310e-11
9430.000000  1.479592e-11
9450.000000  1.471408e-11
9470.000000  1.462315e-11
9490.000000  1.439446e-11
9510.000000  1.390846e-11
9530.000000  1.272069e-11
9550.000000  1.029928e-11
9570.000000  1.280124e-11
9590.000000  1.364074e-11
9610.000000  1.375966e-11
9630.000000  1.365777e-11
9650.000000  1.380820e-11
9670.000000  1.361214e-11
9690.000000  1.358766e-11
9710.000000  1.368878e-11
9730.000000  1.359609e-11
9750.000000  1.343679e-11
9770.000000  1.344987e-11
9790.000000  1.336002e-11
9810.000000  1.327921e-11
9830.000000  1.317005e-11
9850.000000  1.302475e-11
9870.000000  1.293181e-11
9890.000000  1.277943e-11
9910.000000  1.273094e-11
9930.000000  1.268402e-11
9950.000000  1.258513e-11
9970.000000  1.248398e-11
9990.000000  1.229288e-11
10025.000000  1.110289e-11
10075.000000  1.053579e-11
10125.000000  1.174028e-11
10175.000000  1.175454e-11
10225.000000  1.165706e-11
10275.000000  1.150732e-11
10325.000000  1.129582e-11
10375.000000  1.114174e-11
10425.000000  1.097496e-11
10475.000000  1.068869e-11
10525.000000  1.059224e-11
10575.000000  1.045061e-11
10625.000000  1.030258e-11
10675.000000  9.958479e-12
10725.000000  9.927401e-12
10775.000000  9.790465e-12
10825.000000  9.605615e-12
10875.000000  9.317235e-12
10925.000000  7.856849e-12
10975.000000  8.558356e-12
11025.000000  9.062785e-12
11075.000000  9.039810e-12
11125.000000  8.909482e-12
11175.000000  8.799398e-12
11225.000000  8.695614e-12
11275.000000  8.420548e-12
11325.000000  8.317901e-12
11375.000000  8.284757e-12
11425.000000  8.124015e-12
11475.000000  8.102336e-12
11525.000000  7.997623e-12
11575.000000  7.875763e-12
11625.000000  7.673972e-12
11675.000000  7.525367e-12
11725.000000  7.564152e-12
11775.000000  7.313203e-12
11825.000000  7.283722e-12
11875.000000  7.139558e-12
11925.000000  7.171836e-12
11975.000000  6.992558e-12
12025.000000  6.942733e-12
12075.000000  6.831046e-12
12125.000000  6.747141e-12
12175.000000  6.686678e-12
12225.000000  6.587796e-12
12275.000000  6.487886e-12
12325.000000  6.409349e-12
12375.000000  6.335048e-12
12425.000000  6.267719e-12
12475.000000  6.168838e-12
12525.000000  6.082403e-12
12575.000000  5.965345e-12
12625.000000  5.902820e-12
12675.000000  5.837090e-12
12725.000000  5.726439e-12
12775.000000  5.439970e-12
12825.000000  4.618832e-12
12875.000000  5.355032e-12
12925.000000  5.440075e-12
12975.000000  5.407494e-12
13025.000000  5.354569e-12
13075.000000  5.300045e-12
13125.000000  5.222644e-12
13175.000000  5.140906e-12
13225.000000  5.102389e-12
13275.000000  5.035626e-12
13325.000000  4.977899e-12
13375.000000  4.914338e-12
13425.000000  4.853409e-12
13475.000000  4.793049e-12
13525.000000  4.721484e-12
13575.000000  4.659522e-12
13625.000000  4.616771e-12
13675.000000  4.554809e-12
13725.000000  4.461402e-12
13775.000000  4.436258e-12
13825.000000  4.386534e-12
13875.000000  4.349617e-12
13925.000000  4.277017e-12
13975.000000  4.234834e-12
14025.000000  4.186247e-12
14075.000000  4.142358e-12
14125.000000  4.083133e-12
14175.000000  4.041413e-12
14225.000000  3.985958e-12
14275.000000  3.934169e-12
14325.000000  3.898284e-12
14375.000000  3.858733e-12
14425.000000  3.734447e-12
14475.000000  3.761558e-12
14525.000000  3.679922e-12
14570.000000  3.675019e-12
14620.000000  3.623230e-12
14675.000000  3.590650e-12
14725.000000  3.540460e-12
14775.000000  3.487070e-12
14825.000000  3.458724e-12
14875.000000  3.402701e-12
14925.000000  3.400999e-12
14975.000000  3.351378e-12
15025.000000  3.301190e-12
15075.000000  3.261173e-12
15125.000000  3.245064e-12
15175.000000  3.209282e-12
15225.000000  3.169266e-12
15275.000000  3.132348e-12
15325.000000  3.093932e-12
15375.000000  3.064553e-12
15425.000000  2.998358e-12
15475.000000  2.988754e-12
15525.000000  2.958806e-12
15575.000000  2.883472e-12
15625.000000  2.921424e-12
15675.000000  2.832252e-12
15725.000000  2.760120e-12
15775.000000  2.812115e-12
15825.000000  2.789603e-12
15875.000000  2.572173e-12
15925.000000  2.694494e-12
15975.000000  2.728211e-12
16050.000000  2.635270e-12
16150.000000  2.481970e-12
16250.000000  2.601657e-12
16350.000000  2.456927e-12
16450.000000  2.293559e-12
16550.000000  2.446861e-12
16650.000000  2.400906e-12
16750.000000  2.241771e-12
16850.000000  2.086406e-12
16950.000000  2.248174e-12
17050.000000  2.203924e-12
17150.000000  2.163341e-12
17250.000000  2.082740e-12
17350.000000  1.822661e-12
17450.000000  1.962588e-12
17550.000000  1.975394e-12
17650.000000  1.940180e-12
17750.000000  1.907599e-12
17850.000000  1.865414e-12
17950.000000  1.832266e-12
18050.000000  1.771441e-12
18150.000000  1.565857e-12
18250.000000  1.651858e-12
18350.000000  1.679070e-12
18450.000000  1.651859e-12
18550.000000  1.612772e-12
18650.000000  1.564825e-12
18750.000000  1.373300e-12
18850.000000  1.493922e-12
18950.000000  1.482702e-12
19050.000000  1.470796e-12
19150.000000  1.441710e-12
19250.000000  1.410260e-12
19350.000000  1.361616e-12
19450.000000  1.200034e-12
19550.000000  1.311315e-12
19650.000000  1.307381e-12
19750.000000  1.283738e-12
19850.000000  1.263972e-12
19950.000000  1.240639e-12
20050.000000  1.218530e-12
20150.000000  1.196957e-12
20250.000000  1.173634e-12
20350.000000  1.150688e-12
20450.000000  1.132834e-12
20550.000000  1.111912e-12
20650.000000  1.089549e-12
20750.000000  1.071178e-12
20850.000000  1.052704e-12
20950.000000  1.033119e-12
21050.000000  1.015068e-12
21150.000000  9.947293e-13
21250.000000  9.774322e-13
21350.000000  9.603413e-13
21450.000000  9.433077e-13
21550.000000  9.156991e-13
21650.000000  8.121114e-13
21750.000000  8.753886e-13
21850.000000  8.783371e-13
21950.000000  8.685062e-13
22050.000000  8.519162e-13
22150.000000  8.372833e-13
22250.000000  8.258519e-13
22350.000000  8.120759e-13
22450.000000  7.985739e-13
22550.000000  7.825105e-13
22650.000000  7.716160e-13
22750.000000  7.592807e-13
22850.000000  7.466821e-13
22950.000000  7.340834e-13
23050.000000  7.236123e-13
23150.000000  7.115507e-13
23250.000000  7.008161e-13
23350.000000  6.893948e-13
23450.000000  6.787170e-13
23550.000000  6.680392e-13
23650.000000  6.576816e-13
23750.000000  6.467403e-13
23850.000000  6.367028e-13
23950.000000  6.269854e-13
24050.000000  6.169478e-13
24150.000000  6.072304e-13
24250.000000  5.983133e-13
24350.000000  5.883893e-13
24450.000000  5.795187e-13
24550.000000  5.702917e-13
24650.000000  5.615812e-13
24750.000000  5.528809e-13
24850.000000  5.445576e-13
24950.000000  5.330691e-13
