2505.000000  2.366164e-09
2513.000000  2.064581e-09
2518.000000  2.145801e-09
2525.000000  1.968818e-09
2535.000000  2.004648e-09
2545.000000  1.944866e-09
2555.000000  2.096206e-09
2565.000000  2.040536e-09
2575.000000  2.229401e-09
2585.000000  2.180406e-09
2595.000000  2.133737e-09
2605.000000  2.019099e-09
2615.000000  2.008723e-09
2625.000000  2.129118e-09
2635.000000  2.138397e-09
2645.000000  2.372516e-09
2655.000000  2.321230e-09
2665.000000  2.072530e-09
2675.000000  2.211803e-09
2685.000000  2.136981e-09
2695.000000  2.081807e-09
2705.000000  2.165314e-09
2715.000000  2.041901e-09
2725.000000  2.070331e-09
2735.000000  2.234334e-09
2745.000000  1.852853e-09
2755.000000  1.847961e-09
2765.000000  1.906422e-09
2775.000000  2.068823e-09
2785.000000  2.047793e-09
2795.000000  1.606511e-09
2805.000000  1.824681e-09
2815.000000  2.097755e-09
2825.000000  2.142228e-09
2835.000000  2.001951e-09
2845.000000  1.927627e-09
2855.000000  1.891835e-09
2865.000000  2.024801e-09
2875.000000  1.942800e-09
2885.000000  1.974523e-09
2895.000000  1.882054e-09
2910.000000  2.094827e-09
2930.000000  1.996460e-09
2950.000000  1.988279e-09
2970.000000  2.004824e-09
2990.000000  2.002721e-09
3010.000000  2.046417e-09
3030.000000  2.000526e-09
3050.000000  1.960120e-09
3070.000000  1.927392e-09
3090.000000  1.946543e-09
3110.000000  1.876609e-09
3130.000000  1.856954e-09
3150.000000  1.872906e-09
3170.000000  1.839082e-09
3190.000000  1.765856e-09
3210.000000  1.793189e-09
3230.000000  1.755981e-09
3250.000000  1.751182e-09
3270.000000  1.742498e-09
3290.000000  1.737104e-09
3310.000000  1.732213e-09
3330.000000  1.687921e-09
3350.000000  1.657295e-09
3370.000000  1.643721e-09
3390.000000  1.618078e-09
3410.000000  1.633435e-09
3430.000000  1.614375e-09
3450.000000  1.596320e-09
3470.000000  1.567386e-09
3490.000000  1.550428e-09
3510.000000  1.553810e-09
3530.000000  1.547822e-09
3550.000000  1.535252e-09
3570.000000  1.507918e-09
3590.000000  1.490457e-09
3610.000000  1.475693e-09
3630.000000  1.457729e-09
3640.000000  1.453341e-09
3650.000000  1.473181e-09
3670.000000  1.457320e-09
3690.000000  1.403751e-09
3710.000000  1.410418e-09
3730.000000  1.421470e-09
3750.000000  1.768163e-09
3770.000000  1.852040e-09
3790.000000  2.211002e-09
3810.000000  2.493177e-09
3830.000000  2.006322e-09
3850.000000  2.621541e-09
3870.000000  2.863910e-09
3890.000000  1.793261e-09
3910.000000  2.807462e-09
3930.000000  2.847657e-09
3950.000000  2.769342e-09
3970.000000  1.687721e-09
3990.000000  2.650036e-09
4010.000000  2.759854e-09
4030.000000  2.687820e-09
4050.000000  2.707791e-09
4070.000000  2.611932e-09
4090.000000  2.208463e-09
4110.000000  1.732984e-09
4130.000000  2.441750e-09
4150.000000  2.506484e-09
4170.000000  2.468089e-09
4190.000000  2.439658e-09
4210.000000  2.413420e-09
4230.000000  2.371731e-09
4250.000000  2.324650e-09
4270.000000  2.274872e-09
4290.000000  2.266595e-09
4310.000000  2.180517e-09
4330.000000  1.769970e-09
4350.000000  1.521307e-09
4370.000000  2.090329e-09
4390.000000  2.065196e-09
4410.000000  2.077173e-09
4430.000000  2.033475e-09
4450.000000  2.032378e-09
4470.000000  1.981092e-09
4490.000000  1.938214e-09
4510.000000  1.941003e-09
4530.000000  1.907589e-09
4550.000000  1.863205e-09
4570.000000  1.871980e-09
4590.000000  1.823803e-09
4610.000000  1.830978e-09
4630.000000  1.769636e-09
4650.000000  1.779508e-09
4670.000000  1.745592e-09
4690.000000  1.720358e-09
4710.000000  1.668294e-09
4730.000000  1.679357e-09
4750.000000  1.652525e-09
4770.000000  1.642650e-09
4790.000000  1.615818e-09
4810.000000  1.581306e-09
4830.000000  1.532529e-09
4850.000000  1.278091e-09
4870.000000  1.056053e-09
4890.000000  1.460213e-09
4910.000000  1.477269e-09
4930.000000  1.450530e-09
4950.000000  1.448839e-09
4970.000000  1.437365e-09
4990.000000  1.412728e-09
5010.000000  1.366745e-09
5030.000000  1.361259e-09
5050.000000  1.329536e-09
5070.000000  1.333925e-09
5090.000000  1.316372e-09
5110.000000  1.293928e-09
5130.000000  1.286248e-09
5150.000000  1.255623e-09
5170.000000  1.238572e-09
5190.000000  1.228196e-09
5210.000000  1.208039e-09
5230.000000  1.190988e-09
5250.000000  1.189891e-09
5270.000000  1.158671e-09
5290.000000  1.168543e-09
5310.000000  1.138421e-09
5330.000000  1.132935e-09
5350.000000  1.125850e-09
5370.000000  1.111707e-09
5390.000000  1.097683e-09
5410.000000  1.078709e-09
5430.000000  1.069942e-09
5450.000000  1.061353e-09
5470.000000  1.046360e-09
5490.000000  1.036385e-09
5510.000000  1.022640e-09
5530.000000  1.014362e-09
5550.000000  1.002820e-09
5570.000000  9.908805e-10
5590.000000  9.806459e-10
5610.000000  9.727057e-10
5630.000000  9.618037e-10
5650.000000  9.434289e-10
5670.000000  9.351001e-10
5690.000000  9.279186e-10
5710.000000  9.182234e-10
5730.000000  9.080985e-10
5750.000000  8.971966e-10
5770.000000  8.873414e-10
5790.000000  8.748032e-10
5810.000000  8.663741e-10
5830.000000  8.572869e-10
5850.000000  8.481996e-10
5870.000000  8.330058e-10
5890.000000  8.248096e-10
5910.000000  8.196717e-10
5930.000000  8.122208e-10
5950.000000  7.970683e-10
5970.000000  7.918616e-10
5990.000000  7.812887e-10
6010.000000  7.761918e-10
6030.000000  7.683616e-10
6050.000000  7.589453e-10
6070.000000  7.510649e-10
6090.000000  7.430153e-10
6110.000000  7.357838e-10
6130.000000  7.273548e-10
6150.000000  7.099804e-10
6170.000000  7.114156e-10
6190.000000  7.049018e-10
6210.000000  6.975104e-10
6230.000000  6.886427e-10
6250.000000  6.752271e-10
6270.000000  6.755557e-10
6290.000000  6.682238e-10
6310.000000  6.592967e-10
6330.000000  6.539302e-10
6350.000000  6.371227e-10
6370.000000  6.343297e-10
6390.000000  6.331228e-10
6410.000000  6.257315e-10
6430.000000  6.207443e-10
6450.000000  6.092939e-10
6470.000000  6.081463e-10
6490.000000  5.979621e-10
6510.000000  5.906802e-10
6530.000000  5.778528e-10
6550.000000  5.186180e-10
6570.000000  4.262279e-10
6590.000000  5.511613e-10
6610.000000  5.614844e-10
6630.000000  5.582624e-10
6650.000000  5.545919e-10
6670.000000  5.483664e-10
6690.000000  5.434389e-10
6710.000000  5.390506e-10
6730.000000  5.329665e-10
6750.000000  5.282081e-10
6770.000000  5.234999e-10
6790.000000  5.178638e-10
6810.000000  5.129865e-10
6830.000000  5.070808e-10
6850.000000  5.026925e-10
6870.000000  4.979844e-10
6890.000000  4.934361e-10
6910.000000  4.883988e-10
6930.000000  4.828725e-10
6950.000000  4.793116e-10
6970.000000  4.747634e-10
6990.000000  4.707134e-10
7010.000000  4.646293e-10
7030.000000  4.615165e-10
7050.000000  4.557708e-10
7070.000000  4.519905e-10
7090.000000  4.488089e-10
7110.000000  4.425055e-10
7130.000000  4.394429e-10
7150.000000  4.356123e-10
7170.000000  4.317818e-10
7190.000000  4.280015e-10
7210.000000  4.241116e-10
7230.000000  4.192435e-10
7250.000000  4.154037e-10
7270.000000  4.124508e-10
7290.000000  4.084009e-10
7310.000000  4.045612e-10
7330.000000  4.011695e-10
7350.000000  3.978280e-10
7370.000000  3.942169e-10
7390.000000  3.905463e-10
7410.000000  3.867661e-10
7430.000000  3.815597e-10
7450.000000  3.789359e-10
7470.000000  3.743375e-10
7490.000000  3.720931e-10
7510.000000  3.686420e-10
7530.000000  3.663381e-10
7550.000000  3.631658e-10
7570.000000  3.599341e-10
7590.000000  3.565424e-10
7610.000000  3.539094e-10
7630.000000  3.505177e-10
7650.000000  3.470666e-10
7670.000000  3.441639e-10
7690.000000  3.410419e-10
7710.000000  3.379199e-10
7730.000000  3.352961e-10
7750.000000  3.323340e-10
7770.000000  3.231279e-10
7790.000000  3.265883e-10
7810.000000  3.240650e-10
7830.000000  3.210527e-10
7850.000000  3.168429e-10
7870.000000  3.135516e-10
7890.000000  3.097714e-10
7910.000000  3.096616e-10
7930.000000  3.075864e-10
7950.000000  3.025400e-10
7970.000000  3.023800e-10
7990.000000  2.956377e-10
8010.000000  2.972329e-10
8030.000000  2.946092e-10
8050.000000  2.920860e-10
8070.000000  2.896222e-10
8090.000000  2.872178e-10
8110.000000  2.845849e-10
8130.000000  2.825599e-10
8150.000000  2.802058e-10
8170.000000  2.779614e-10
8190.000000  2.744509e-10
8210.000000  2.720467e-10
8230.000000  2.686550e-10
8250.000000  2.692537e-10
8270.000000  2.682755e-10
8290.000000  2.650439e-10
8310.000000  2.638371e-10
8330.000000  2.610442e-10
8350.000000  2.595677e-10
8370.000000  2.576525e-10
8390.000000  2.554584e-10
8410.000000  2.526655e-10
8430.000000  2.500326e-10
8450.000000  2.449359e-10
8470.000000  2.426918e-10
8490.000000  2.449950e-10
8510.000000  2.346331e-10
8530.000000  2.442862e-10
8550.000000  2.233428e-10
8570.000000  2.451727e-10
8590.000000  2.280684e-10
8610.000000  2.226428e-10
8630.000000  2.454011e-10
8650.000000  2.349882e-10
8670.000000  1.986858e-10
8690.000000  2.384986e-10
8710.000000  2.466169e-10
8730.000000  2.365329e-10
8750.000000  1.889899e-10
8770.000000  2.249634e-10
8790.000000  2.431249e-10
8810.000000  2.436737e-10
8830.000000  2.364924e-10
8850.000000  2.125254e-10
8870.000000  1.811685e-10
8890.000000  2.259098e-10
8910.000000  2.336495e-10
8930.000000  2.332704e-10
8950.000000  2.331607e-10
8970.000000  2.294899e-10
8990.000000  2.195059e-10
9010.000000  1.763001e-10
9030.000000  1.917591e-10
9050.000000  2.177007e-10
9070.000000  2.183688e-10
9090.000000  2.176010e-10
9110.000000  2.183187e-10
9130.000000  2.172217e-10
9150.000000  2.162937e-10
9170.000000  2.130024e-10
9190.000000  2.074666e-10
9210.000000  1.941913e-10
9230.000000  1.530702e-10
9250.000000  1.866810e-10
9270.000000  1.968342e-10
9290.000000  2.030878e-10
9310.000000  2.031976e-10
9330.000000  2.013921e-10
9350.000000  2.007339e-10
9370.000000  1.995271e-10
9390.000000  1.969536e-10
9410.000000  1.929540e-10
9430.000000  1.943801e-10
9450.000000  1.931733e-10
9470.000000  1.910888e-10
9490.000000  1.887346e-10
9510.000000  1.842957e-10
9530.000000  1.695350e-10
9550.000000  1.375195e-10
9570.000000  1.705819e-10
9590.000000  1.798573e-10
9610.000000  1.804061e-10
9630.000000  1.771746e-10
9650.000000  1.791493e-10
9670.000000  1.772340e-10
9690.000000  1.766855e-10
9710.000000  1.758673e-10
9730.000000  1.744412e-10
9750.000000  1.730150e-10
9770.000000  1.719774e-10
9790.000000  1.706014e-10
9810.000000  1.692347e-10
9830.000000  1.675389e-10
9850.000000  1.665515e-10
9870.000000  1.653447e-10
9890.000000  1.634797e-10
9910.000000  1.629906e-10
9930.000000  1.617336e-10
9950.000000  1.603074e-10
9970.000000  1.589908e-10
9990.000000  1.572354e-10
10025.000000  1.436908e-10
10075.000000  1.360206e-10
10125.000000  1.484180e-10
10175.000000  1.477598e-10
10225.000000  1.458446e-10
10275.000000  1.432711e-10
10325.000000  1.406381e-10
10375.000000  1.382840e-10
10425.000000  1.359802e-10
10475.000000  1.332970e-10
10525.000000  1.308332e-10
10575.000000  1.288585e-10
10625.000000  1.268335e-10
10675.000000  1.236018e-10
10725.000000  1.222853e-10
10775.000000  1.203700e-10
10825.000000  1.180159e-10
10875.000000  1.152731e-10
10925.000000  9.865088e-11
10975.000000  1.066796e-10
11025.000000  1.103099e-10
11075.000000  1.091091e-10
11125.000000  1.073795e-10
11175.000000  1.056270e-10
11225.000000  1.039613e-10
11275.000000  1.011217e-10
11325.000000  9.979610e-11
11375.000000  9.897604e-11
11425.000000  9.737022e-11
11475.000000  9.596279e-11
11525.000000  9.447262e-11
11575.000000  9.296052e-11
11625.000000  9.108044e-11
11675.000000  8.962820e-11
11725.000000  8.864955e-11
11775.000000  8.664284e-11
11825.000000  8.580496e-11
11875.000000  8.437467e-11
11925.000000  8.340607e-11
11975.000000  8.198080e-11
12025.000000  8.084169e-11
12075.000000  7.959196e-11
12125.000000  7.837606e-11
12175.000000  7.725889e-11
12225.000000  7.608093e-11
12275.000000  7.489199e-11
12325.000000  7.382373e-11
12375.000000  7.274953e-11
12425.000000  7.174709e-11
12475.000000  7.042652e-11
12525.000000  6.964349e-11
12575.000000  6.842667e-11
12625.000000  6.755588e-11
12675.000000  6.662427e-11
12725.000000  6.543531e-11
12775.000000  6.306644e-11
12825.000000  5.491792e-11
12875.000000  6.176280e-11
12925.000000  6.183058e-11
12975.000000  6.116230e-11
13025.000000  6.034639e-11
13075.000000  5.949160e-11
13125.000000  5.866470e-11
13175.000000  5.767232e-11
13225.000000  5.705385e-11
13275.000000  5.626488e-11
13325.000000  5.548689e-11
13375.000000  5.473083e-11
13425.000000  5.395284e-11
13475.000000  5.320775e-11
13525.000000  5.244575e-11
13575.000000  5.176649e-11
13625.000000  5.106529e-11
13675.000000  5.033118e-11
13725.000000  4.965192e-11
13775.000000  4.907642e-11
13825.000000  4.842412e-11
13875.000000  4.779469e-11
13925.000000  4.713737e-11
13975.000000  4.652896e-11
14025.000000  4.593152e-11
14075.000000  4.532905e-11
14125.000000  4.472659e-11
14175.000000  4.416206e-11
14225.000000  4.358656e-11
14275.000000  4.302798e-11
14325.000000  4.246939e-11
14375.000000  4.191584e-11
14425.000000  4.120275e-11
14475.000000  4.084758e-11
14525.000000  4.025516e-11
14570.000000  3.988308e-11
14620.000000  3.942324e-11
14675.000000  3.891356e-11
14725.000000  3.842583e-11
14775.000000  3.788919e-11
14825.000000  3.748922e-11
14875.000000  3.699051e-11
14925.000000  3.660746e-11
14975.000000  3.611973e-11
15025.000000  3.569187e-11
15075.000000  3.523203e-11
15125.000000  3.482109e-11
15175.000000  3.438821e-11
15225.000000  3.398229e-11
15275.000000  3.352245e-11
15325.000000  3.307860e-11
15375.000000  3.275542e-11
15425.000000  3.213606e-11
15475.000000  3.196645e-11
15525.000000  3.156053e-11
15575.000000  3.072178e-11
15625.000000  3.112855e-11
15675.000000  3.018510e-11
15725.000000  2.943411e-11
15775.000000  3.016404e-11
15825.000000  2.975905e-11
15875.000000  2.760889e-11
15925.000000  2.869490e-11
15975.000000  2.901396e-11
16050.000000  2.810934e-11
16150.000000  2.655246e-11
16250.000000  2.746894e-11
16350.000000  2.618628e-11
16450.000000  2.466732e-11
16550.000000  2.572144e-11
16650.000000  2.517383e-11
16750.000000  2.386828e-11
16850.000000  2.245400e-11
16950.000000  2.350218e-11
17050.000000  2.305332e-11
17150.000000  2.255461e-11
17250.000000  2.193521e-11
17350.000000  1.972505e-11
17450.000000  2.078420e-11
17550.000000  2.063658e-11
17650.000000  2.022565e-11
17750.000000  1.979277e-11
17850.000000  1.938183e-11
17950.000000  1.900380e-11
18050.000000  1.846623e-11
18150.000000  1.678266e-11
18250.000000  1.740297e-11
18350.000000  1.744780e-11
18450.000000  1.711869e-11
18550.000000  1.672969e-11
18650.000000  1.631279e-11
18750.000000  1.481572e-11
18850.000000  1.564450e-11
18950.000000  1.545298e-11
19050.000000  1.516273e-11
19150.000000  1.486652e-11
19250.000000  1.456528e-11
19350.000000  1.416530e-11
19450.000000  1.281589e-11
19550.000000  1.362271e-11
19650.000000  1.347508e-11
19750.000000  1.322276e-11
19850.000000  1.297638e-11
19950.000000  1.272406e-11
20050.000000  1.248865e-11
20150.000000  1.225324e-11
20250.000000  1.202285e-11
20350.000000  1.180344e-11
20450.000000  1.158403e-11
20550.000000  1.137056e-11
20650.000000  1.115709e-11
20750.000000  1.096021e-11
20850.000000  1.076032e-11
20950.000000  1.056523e-11
21050.000000  1.037512e-11
21150.000000  1.018162e-11
21250.000000  1.000139e-11
21350.000000  9.818268e-12
21450.000000  9.646804e-12
21550.000000  9.414311e-12
21650.000000  8.563250e-12
21750.000000  9.034496e-12
21850.000000  8.985917e-12
21950.000000  8.844080e-12
22050.000000  8.691178e-12
22150.000000  8.540469e-12
22250.000000  8.398034e-12
22350.000000  8.255005e-12
22450.000000  8.116364e-12
22550.000000  7.978226e-12
22650.000000  7.845665e-12
22750.000000  7.714109e-12
22850.000000  7.591925e-12
22950.000000  7.466449e-12
23050.000000  7.345361e-12
23150.000000  7.225370e-12
23250.000000  7.108076e-12
23350.000000  6.992474e-12
23450.000000  6.880665e-12
23550.000000  6.769451e-12
23650.000000  6.661528e-12
23750.000000  6.555205e-12
23850.000000  6.451075e-12
23950.000000  6.348638e-12
24050.000000  6.243412e-12
24150.000000  6.145270e-12
24250.000000  6.051609e-12
24350.000000  5.955160e-12
24450.000000  5.858710e-12
24550.000000  5.772636e-12
24650.000000  5.675684e-12
24750.000000  5.588513e-12
24850.000000  5.516197e-12
24950.000000  5.389034e-12
