2505.000000  2.131079e-10
2513.000000  1.899066e-10
2518.000000  1.991906e-10
2525.000000  1.847395e-10
2535.000000  1.891032e-10
2545.000000  1.803639e-10
2555.000000  1.920366e-10
2565.000000  1.877577e-10
2575.000000  2.032966e-10
2585.000000  1.982632e-10
2595.000000  1.987549e-10
2605.000000  1.882357e-10
2615.000000  1.871603e-10
2625.000000  1.930064e-10
2635.000000  1.941204e-10
2645.000000  2.071507e-10
2655.000000  2.033543e-10
2665.000000  1.859941e-10
2675.000000  1.964028e-10
2685.000000  1.909504e-10
2695.000000  1.861340e-10
2705.000000  1.919493e-10
2715.000000  1.825526e-10
2725.000000  1.836669e-10
2735.000000  1.946089e-10
2745.000000  1.689008e-10
2755.000000  1.676253e-10
2765.000000  1.723883e-10
2775.000000  1.820170e-10
2785.000000  1.825402e-10
2795.000000  1.599335e-10
2805.000000  1.726605e-10
2815.000000  1.831874e-10
2825.000000  1.830782e-10
2835.000000  1.713388e-10
2845.000000  1.663174e-10
2855.000000  1.666712e-10
2865.000000  1.739221e-10
2875.000000  1.684056e-10
2885.000000  1.703076e-10
2895.000000  1.657484e-10
2910.000000  1.768100e-10
2930.000000  1.702613e-10
2950.000000  1.684784e-10
2970.000000  1.678132e-10
2990.000000  1.662640e-10
3010.000000  1.687864e-10
3030.000000  1.658797e-10
3050.000000  1.622480e-10
3070.000000  1.593895e-10
3090.000000  1.596686e-10
3110.000000  1.545225e-10
3130.000000  1.527100e-10
3150.000000  1.524457e-10
3170.000000  1.493353e-10
3190.000000  1.435903e-10
3210.000000  1.448930e-10
3230.000000  1.425728e-10
3250.000000  1.410841e-10
3270.000000  1.399825e-10
3290.000000  1.385807e-10
3310.000000  1.377205e-10
3330.000000  1.346610e-10
3350.000000  1.320314e-10
3370.000000  1.304892e-10
3390.000000  1.282162e-10
3410.000000  1.281139e-10
3430.000000  1.262608e-10
3450.000000  1.246159e-10
3470.000000  1.224031e-10
3490.000000  1.209610e-10
3510.000000  1.203447e-10
3530.000000  1.193459e-10
3550.000000  1.179643e-10
3570.000000  1.160612e-10
3590.000000  1.141707e-10
3610.000000  1.130252e-10
3630.000000  1.113915e-10
3640.000000  1.111302e-10
3650.000000  1.108249e-10
3670.000000  1.095642e-10
3690.000000  1.060508e-10
3710.000000  1.053465e-10
3730.000000  1.045207e-10
3750.000000  1.237559e-10
3770.000000  1.276691e-10
3790.000000  1.453584e-10
3810.000000  1.595657e-10
3830.000000  1.322194e-10
3850.000000  1.656563e-10
3870.000000  1.758815e-10
3890.000000  1.207050e-10
3910.000000  1.734456e-10
3930.000000  1.726768e-10
3950.000000  1.694714e-10
3970.000000  1.132469e-10
3990.000000  1.617982e-10
4010.000000  1.658349e-10
4030.000000  1.587035e-10
4050.000000  1.627611e-10
4070.000000  1.572628e-10
4090.000000  1.380800e-10
4110.000000  1.124965e-10
4130.000000  1.468522e-10
4150.000000  1.489841e-10
4170.000000  1.473187e-10
4190.000000  1.457704e-10
4210.000000  1.441521e-10
4230.000000  1.416789e-10
4250.000000  1.390425e-10
4270.000000  1.354229e-10
4290.000000  1.352330e-10
4310.000000  1.313220e-10
4330.000000  1.109623e-10
4350.000000  9.725437e-11
4370.000000  1.249792e-10
4390.000000  1.224697e-10
4410.000000  1.236937e-10
4430.000000  1.207088e-10
4450.000000  1.206577e-10
4470.000000  1.158239e-10
4490.000000  1.151035e-10
4510.000000  1.151345e-10
4530.000000  1.129962e-10
4550.000000  1.108516e-10
4570.000000  1.108236e-10
4590.000000  1.082170e-10
4610.000000  1.078018e-10
4630.000000  1.046487e-10
4650.000000  1.045915e-10
4670.000000  1.028296e-10
4690.000000  1.015238e-10
4710.000000  9.823406e-11
4730.000000  9.846898e-11
4750.000000  9.689422e-11
4770.000000  9.659198e-11
4790.000000  9.489437e-11
4810.000000  9.288523e-11
4830.000000  9.052584e-11
4850.000000  7.880099e-11
4870.000000  6.697611e-11
4890.000000  8.654039e-11
4910.000000  8.668209e-11
4930.000000  8.457378e-11
4950.000000  8.489408e-11
4970.000000  8.409228e-11
4990.000000  8.268228e-11
5010.000000  7.961033e-11
5030.000000  7.959336e-11
5050.000000  7.743513e-11
5070.000000  7.791727e-11
5090.000000  7.683549e-11
5110.000000  7.539301e-11
5130.000000  7.490123e-11
5150.000000  7.314261e-11
5170.000000  7.251685e-11
5190.000000  7.179486e-11
5210.000000  7.003489e-11
5230.000000  6.962235e-11
5250.000000  6.928156e-11
5270.000000  6.780292e-11
5290.000000  6.802880e-11
5310.000000  6.649425e-11
5330.000000  6.605695e-11
5350.000000  6.528037e-11
5370.000000  6.464837e-11
5390.000000  6.381268e-11
5410.000000  6.277785e-11
5430.000000  6.205434e-11
5450.000000  6.149721e-11
5470.000000  6.055548e-11
5490.000000  6.008874e-11
5510.000000  5.928411e-11
5530.000000  5.877665e-11
5550.000000  5.807959e-11
5570.000000  5.734041e-11
5590.000000  5.672408e-11
5610.000000  5.621039e-11
5630.000000  5.564855e-11
5650.000000  5.430246e-11
5670.000000  5.388397e-11
5690.000000  5.354762e-11
5710.000000  5.299770e-11
5730.000000  5.242370e-11
5750.000000  5.177847e-11
5770.000000  5.120652e-11
5790.000000  5.046421e-11
5810.000000  4.994408e-11
5830.000000  4.942726e-11
5850.000000  4.886809e-11
5870.000000  4.759169e-11
5890.000000  4.750514e-11
5910.000000  4.718248e-11
5930.000000  4.676072e-11
5950.000000  4.580383e-11
5970.000000  4.555092e-11
5990.000000  4.494116e-11
6010.000000  4.467049e-11
6030.000000  4.415430e-11
6050.000000  4.364040e-11
6070.000000  4.314631e-11
6090.000000  4.265545e-11
6110.000000  4.227152e-11
6130.000000  4.178236e-11
6150.000000  4.087778e-11
6170.000000  4.082805e-11
6190.000000  4.044022e-11
6210.000000  3.999654e-11
6230.000000  3.946088e-11
6250.000000  3.873147e-11
6270.000000  3.869564e-11
6290.000000  3.825816e-11
6310.000000  3.774831e-11
6330.000000  3.742399e-11
6350.000000  3.648155e-11
6370.000000  3.630364e-11
6390.000000  3.620045e-11
6410.000000  3.576857e-11
6430.000000  3.552344e-11
6450.000000  3.494773e-11
6470.000000  3.476721e-11
6490.000000  3.423922e-11
6510.000000  3.377449e-11
6530.000000  3.317095e-11
6550.000000  3.053731e-11
6570.000000  2.581109e-11
6590.000000  3.175357e-11
6610.000000  3.212341e-11
6630.000000  3.189688e-11
6650.000000  3.166974e-11
6670.000000  3.118957e-11
6690.000000  3.090675e-11
6710.000000  3.070582e-11
6730.000000  3.038863e-11
6750.000000  3.009387e-11
6770.000000  2.981795e-11
6790.000000  2.946216e-11
6810.000000  2.918887e-11
6830.000000  2.882427e-11
6850.000000  2.860249e-11
6870.000000  2.833029e-11
6890.000000  2.805546e-11
6910.000000  2.776878e-11
6930.000000  2.741176e-11
6950.000000  2.724225e-11
6970.000000  2.698439e-11
6990.000000  2.673679e-11
7010.000000  2.642036e-11
7030.000000  2.619783e-11
7050.000000  2.584178e-11
7070.000000  2.554716e-11
7090.000000  2.547011e-11
7110.000000  2.514326e-11
7130.000000  2.492447e-11
7150.000000  2.470985e-11
7170.000000  2.448309e-11
7190.000000  2.426818e-11
7210.000000  2.404314e-11
7230.000000  2.369047e-11
7250.000000  2.353997e-11
7270.000000  2.336788e-11
7290.000000  2.310654e-11
7310.000000  2.291995e-11
7330.000000  2.271048e-11
7350.000000  2.252309e-11
7370.000000  2.230770e-11
7390.000000  2.209699e-11
7410.000000  2.188858e-11
7430.000000  2.160626e-11
7450.000000  2.144366e-11
7470.000000  2.117939e-11
7490.000000  2.103529e-11
7510.000000  2.084494e-11
7530.000000  2.069256e-11
7550.000000  2.050503e-11
7570.000000  2.032700e-11
7590.000000  2.012437e-11
7610.000000  1.997511e-11
7630.000000  1.978261e-11
7650.000000  1.958901e-11
7670.000000  1.942078e-11
7690.000000  1.923649e-11
7710.000000  1.906716e-11
7730.000000  1.890003e-11
7750.000000  1.873056e-11
7770.000000  1.827888e-11
7790.000000  1.840107e-11
7810.000000  1.825696e-11
7830.000000  1.808716e-11
7850.000000  1.781998e-11
7870.000000  1.767130e-11
7890.000000  1.746027e-11
7910.000000  1.743445e-11
7930.000000  1.731228e-11
7950.000000  1.704223e-11
7970.000000  1.700629e-11
7990.000000  1.667449e-11
8010.000000  1.671528e-11
8030.000000  1.656042e-11
8050.000000  1.641460e-11
8070.000000  1.628278e-11
8090.000000  1.613227e-11
8110.000000  1.598741e-11
8130.000000  1.585668e-11
8150.000000  1.572968e-11
8170.000000  1.560656e-11
8190.000000  1.543131e-11
8210.000000  1.524458e-11
8230.000000  1.505318e-11
8250.000000  1.507261e-11
8270.000000  1.498096e-11
8290.000000  1.479578e-11
8310.000000  1.472247e-11
8330.000000  1.458846e-11
8350.000000  1.447206e-11
8370.000000  1.435876e-11
8390.000000  1.425633e-11
8410.000000  1.410224e-11
8430.000000  1.395953e-11
8450.000000  1.370522e-11
8470.000000  1.359189e-11
8490.000000  1.365608e-11
8510.000000  1.318799e-11
8530.000000  1.358454e-11
8550.000000  1.264194e-11
8570.000000  1.357976e-11
8590.000000  1.277406e-11
8610.000000  1.251864e-11
8630.000000  1.350898e-11
8650.000000  1.300888e-11
8670.000000  1.135348e-11
8690.000000  1.315120e-11
8710.000000  1.346919e-11
8730.000000  1.299074e-11
8750.000000  1.079639e-11
8770.000000  1.242872e-11
8790.000000  1.318891e-11
8810.000000  1.320292e-11
8830.000000  1.286006e-11
8850.000000  1.179171e-11
8870.000000  1.031417e-11
8890.000000  1.235330e-11
8910.000000  1.265399e-11
8930.000000  1.259328e-11
8950.000000  1.258052e-11
8970.000000  1.240840e-11
8990.000000  1.196372e-11
9010.000000  9.969146e-12
9030.000000  1.069403e-11
9050.000000  1.182771e-11
9070.000000  1.181464e-11
9090.000000  1.177306e-11
9110.000000  1.177560e-11
9130.000000  1.170168e-11
9150.000000  1.164548e-11
9170.000000  1.148004e-11
9190.000000  1.123163e-11
9210.000000  1.064144e-11
9230.000000  8.722032e-12
9250.000000  1.029266e-11
9270.000000  1.070184e-11
9290.000000  1.093345e-11
9310.000000  1.092412e-11
9330.000000  1.082808e-11
9350.000000  1.079430e-11
9370.000000  1.071479e-11
9390.000000  1.060782e-11
9410.000000  1.039120e-11
9430.000000  1.045779e-11
9450.000000  1.038451e-11
9470.000000  1.027199e-11
9490.000000  1.015977e-11
9510.000000  9.950585e-12
9530.000000  9.307810e-12
9550.000000  7.801016e-12
9570.000000  9.331972e-12
9590.000000  9.705336e-12
9610.000000  9.709984e-12
9630.000000  9.542525e-12
9650.000000  9.628273e-12
9670.000000  9.527885e-12
9690.000000  9.486507e-12
9710.000000  9.430312e-12
9730.000000  9.359029e-12
9750.000000  9.275942e-12
9770.000000  9.223006e-12
9790.000000  9.151098e-12
9810.000000  9.076567e-12
9830.000000  8.990949e-12
9850.000000  8.938825e-12
9870.000000  8.872508e-12
9890.000000  8.781924e-12
9910.000000  8.732603e-12
9930.000000  8.679054e-12
9950.000000  8.600463e-12
9970.000000  8.525308e-12
9990.000000  8.441420e-12
10025.000000  7.835974e-12
10075.000000  7.446261e-12
10125.000000  7.962679e-12
10175.000000  7.919570e-12
10225.000000  7.805472e-12
10275.000000  7.668826e-12
10325.000000  7.523624e-12
10375.000000  7.400216e-12
10425.000000  7.273702e-12
10475.000000  7.136102e-12
10525.000000  7.007386e-12
10575.000000  6.895490e-12
10625.000000  6.786076e-12
10675.000000  6.624349e-12
10725.000000  6.544510e-12
10775.000000  6.436815e-12
10825.000000  6.292709e-12
10875.000000  6.178785e-12
10925.000000  5.413800e-12
10975.000000  5.770856e-12
11025.000000  5.895065e-12
11075.000000  5.824111e-12
11125.000000  5.729314e-12
11175.000000  5.633904e-12
11225.000000  5.544415e-12
11275.000000  5.406673e-12
11325.000000  5.331659e-12
11375.000000  5.279194e-12
11425.000000  5.194389e-12
11475.000000  5.114197e-12
11525.000000  5.033810e-12
11575.000000  4.953424e-12
11625.000000  4.858151e-12
11675.000000  4.782671e-12
11725.000000  4.719113e-12
11775.000000  4.619834e-12
11825.000000  4.573766e-12
11875.000000  4.497163e-12
11925.000000  4.439068e-12
11975.000000  4.362663e-12
12025.000000  4.303321e-12
12075.000000  4.237034e-12
12125.000000  4.170999e-12
12175.000000  4.109537e-12
12225.000000  4.046676e-12
12275.000000  3.984655e-12
12325.000000  3.926026e-12
12375.000000  3.868520e-12
12425.000000  3.813207e-12
12475.000000  3.745846e-12
12525.000000  3.699858e-12
12575.000000  3.638660e-12
12625.000000  3.590007e-12
12675.000000  3.540342e-12
12725.000000  3.479229e-12
12775.000000  3.368363e-12
12825.000000  2.997035e-12
12875.000000  3.295030e-12
12925.000000  3.285969e-12
12975.000000  3.244760e-12
13025.000000  3.201493e-12
13075.000000  3.156142e-12
13125.000000  3.112000e-12
13175.000000  3.061294e-12
13225.000000  3.025497e-12
13275.000000  2.983042e-12
13325.000000  2.941780e-12
13375.000000  2.901145e-12
13425.000000  2.859545e-12
13475.000000  2.820262e-12
13525.000000  2.780511e-12
13575.000000  2.743578e-12
13625.000000  2.706177e-12
13675.000000  2.666880e-12
13725.000000  2.630975e-12
13775.000000  2.598930e-12
13825.000000  2.564458e-12
13875.000000  2.530325e-12
13925.000000  2.495433e-12
13975.000000  2.462733e-12
14025.000000  2.430579e-12
14075.000000  2.398376e-12
14125.000000  2.366207e-12
14175.000000  2.336417e-12
14225.000000  2.305758e-12
14275.000000  2.275858e-12
14325.000000  2.246102e-12
14375.000000  2.216685e-12
14425.000000  2.181574e-12
14475.000000  2.158649e-12
14525.000000  2.129638e-12
14570.000000  2.108329e-12
14620.000000  2.081081e-12
14675.000000  2.053737e-12
14725.000000  2.027263e-12
14775.000000  2.000149e-12
14825.000000  1.977679e-12
14875.000000  1.952544e-12
14925.000000  1.929882e-12
14975.000000  1.905071e-12
15025.000000  1.882395e-12
15075.000000  1.857679e-12
15125.000000  1.835376e-12
15175.000000  1.812591e-12
15225.000000  1.790584e-12
15275.000000  1.766570e-12
15325.000000  1.743364e-12
15375.000000  1.725372e-12
15425.000000  1.695084e-12
15475.000000  1.683897e-12
15525.000000  1.663196e-12
15575.000000  1.622943e-12
15625.000000  1.636445e-12
15675.000000  1.593235e-12
15725.000000  1.556424e-12
15775.000000  1.584089e-12
15825.000000  1.562891e-12
15875.000000  1.467468e-12
15925.000000  1.511465e-12
15975.000000  1.520261e-12
16050.000000  1.477164e-12
16150.000000  1.403511e-12
16250.000000  1.435052e-12
16350.000000  1.375613e-12
16450.000000  1.303719e-12
16550.000000  1.342539e-12
16650.000000  1.313623e-12
16750.000000  1.253296e-12
16850.000000  1.186510e-12
16950.000000  1.225406e-12
17050.000000  1.200302e-12
17150.000000  1.174717e-12
17250.000000  1.144490e-12
17350.000000  1.045377e-12
17450.000000  1.086796e-12
17550.000000  1.075464e-12
17650.000000  1.053271e-12
17750.000000  1.030065e-12
17850.000000  1.009114e-12
17950.000000  9.887895e-13
18050.000000  9.628288e-13
18150.000000  8.862207e-13
18250.000000  9.105342e-13
18350.000000  9.078734e-13
18450.000000  8.902861e-13
18550.000000  8.708170e-13
18650.000000  8.492602e-13
18750.000000  7.829097e-13
18850.000000  8.155014e-13
18950.000000  8.034548e-13
19050.000000  7.874871e-13
19150.000000  7.722653e-13
19250.000000  7.567187e-13
19350.000000  7.374038e-13
19450.000000  6.766848e-13
19550.000000  7.089999e-13
19650.000000  7.002215e-13
19750.000000  6.865568e-13
19850.000000  6.735899e-13
19950.000000  6.608761e-13
20050.000000  6.484541e-13
20150.000000  6.362229e-13
20250.000000  6.243306e-13
20350.000000  6.125347e-13
20450.000000  6.011731e-13
20550.000000  5.897633e-13
20650.000000  5.792573e-13
20750.000000  5.684265e-13
20850.000000  5.580300e-13
20950.000000  5.479582e-13
21050.000000  5.380442e-13
21150.000000  5.280678e-13
21250.000000  5.186846e-13
21350.000000  5.091545e-13
21450.000000  5.001728e-13
21550.000000  4.892517e-13
21650.000000  4.503561e-13
21750.000000  4.699873e-13
21850.000000  4.660901e-13
21950.000000  4.582041e-13
22050.000000  4.504160e-13
22150.000000  4.425918e-13
22250.000000  4.350883e-13
22350.000000  4.276570e-13
22450.000000  4.204335e-13
22550.000000  4.132739e-13
22650.000000  4.063108e-13
22750.000000  3.995249e-13
22850.000000  3.929043e-13
22950.000000  3.864079e-13
23050.000000  3.800516e-13
23150.000000  3.737999e-13
23250.000000  3.677220e-13
23350.000000  3.616940e-13
23450.000000  3.558297e-13
23550.000000  3.500835e-13
23650.000000  3.444352e-13
23750.000000  3.389302e-13
23850.000000  3.335203e-13
23950.000000  3.281649e-13
24050.000000  3.227455e-13
24150.000000  3.176528e-13
24250.000000  3.127938e-13
24350.000000  3.077867e-13
24450.000000  3.027953e-13
24550.000000  2.983225e-13
24650.000000  2.933559e-13
24750.000000  2.888065e-13
24850.000000  2.849826e-13
24950.000000  2.787348e-13
