2505.000000  3.669928e-11
2513.000000  3.123659e-11
2518.000000  3.225650e-11
2525.000000  2.927422e-11
2535.000000  2.841932e-11
2545.000000  2.804277e-11
2555.000000  3.094713e-11
2565.000000  3.055949e-11
2575.000000  3.375552e-11
2585.000000  3.373111e-11
2595.000000  3.243740e-11
2605.000000  3.071629e-11
2615.000000  2.981476e-11
2625.000000  3.368752e-11
2635.000000  3.411094e-11
2645.000000  4.006056e-11
2655.000000  3.972476e-11
2665.000000  3.489523e-11
2675.000000  3.714746e-11
2685.000000  3.667539e-11
2695.000000  3.479809e-11
2705.000000  3.599483e-11
2715.000000  3.351539e-11
2725.000000  3.407855e-11
2735.000000  3.726839e-11
2745.000000  2.935228e-11
2755.000000  3.067840e-11
2765.000000  3.201141e-11
2775.000000  3.570983e-11
2785.000000  3.404482e-11
2795.000000  2.146183e-11
2805.000000  2.550075e-11
2815.000000  3.674567e-11
2825.000000  3.818319e-11
2835.000000  3.634527e-11
2845.000000  3.479666e-11
2855.000000  3.306666e-11
2865.000000  3.641003e-11
2875.000000  3.518771e-11
2885.000000  3.595956e-11
2895.000000  3.404541e-11
2910.000000  3.885001e-11
2930.000000  3.709072e-11
2950.000000  3.687047e-11
2970.000000  3.791999e-11
2990.000000  3.821194e-11
3010.000000  3.883279e-11
3030.000000  3.833912e-11
3050.000000  3.802384e-11
3070.000000  3.787645e-11
3090.000000  3.853472e-11
3110.000000  3.737414e-11
3130.000000  3.720717e-11
3150.000000  3.811866e-11
3170.000000  3.790420e-11
3190.000000  3.607214e-11
3210.000000  3.702612e-11
3230.000000  3.597444e-11
3250.000000  3.673887e-11
3270.000000  3.695570e-11
3290.000000  3.733796e-11
3310.000000  3.761393e-11
3330.000000  3.672821e-11
3350.000000  3.616281e-11
3370.000000  3.603688e-11
3390.000000  3.594138e-11
3410.000000  3.654580e-11
3430.000000  3.657987e-11
3450.000000  3.625835e-11
3470.000000  3.575700e-11
3490.000000  3.556632e-11
3510.000000  3.615459e-11
3530.000000  3.618870e-11
3550.000000  3.639497e-11
3570.000000  3.540205e-11
3590.000000  3.521740e-11
3610.000000  3.517965e-11
3630.000000  3.525255e-11
3640.000000  3.489649e-11
3650.000000  3.572044e-11
3670.000000  3.548069e-11
3690.000000  3.400180e-11
3710.000000  3.612933e-11
3730.000000  3.827794e-11
3750.000000  5.002356e-11
3770.000000  5.410457e-11
3790.000000  6.873017e-11
3810.000000  8.135431e-11
3830.000000  6.296148e-11
3850.000000  8.998720e-11
3870.000000  1.025269e-10
3890.000000  5.506522e-11
3910.000000  1.014876e-10
3930.000000  9.888607e-11
3950.000000  1.013306e-10
3970.000000  5.184324e-11
3990.000000  9.777260e-11
4010.000000  1.084781e-10
4030.000000  1.078223e-10
4050.000000  1.065517e-10
4070.000000  1.014425e-10
4090.000000  7.840345e-11
4110.000000  5.846683e-11
4130.000000  9.564274e-11
4150.000000  1.003439e-10
4170.000000  9.920189e-11
4190.000000  9.804830e-11
4210.000000  9.731858e-11
4230.000000  9.498074e-11
4250.000000  9.415018e-11
4270.000000  9.128281e-11
4290.000000  9.113189e-11
4310.000000  8.458276e-11
4330.000000  6.343797e-11
4350.000000  5.348407e-11
4370.000000  8.326767e-11
4390.000000  8.486948e-11
4410.000000  8.397220e-11
4430.000000  8.344461e-11
4450.000000  8.373206e-11
4470.000000  8.270302e-11
4490.000000  8.110466e-11
4510.000000  8.152201e-11
4530.000000  7.957001e-11
4550.000000  7.760991e-11
4570.000000  7.865810e-11
4590.000000  7.662850e-11
4610.000000  7.738536e-11
4630.000000  7.507124e-11
4650.000000  7.538647e-11
4670.000000  7.438966e-11
4690.000000  7.225662e-11
4710.000000  6.983746e-11
4730.000000  7.164911e-11
4750.000000  7.099603e-11
4770.000000  6.988604e-11
4790.000000  6.889057e-11
4810.000000  6.724282e-11
4830.000000  6.402111e-11
4850.000000  4.907527e-11
4870.000000  3.903782e-11
4890.000000  6.007018e-11
4910.000000  6.308170e-11
4930.000000  6.235190e-11
4950.000000  6.258986e-11
4970.000000  6.247878e-11
4990.000000  6.118826e-11
5010.000000  5.947853e-11
5030.000000  5.977773e-11
5050.000000  5.873375e-11
5070.000000  5.885956e-11
5090.000000  5.817115e-11
5110.000000  5.756773e-11
5130.000000  5.669190e-11
5150.000000  5.574788e-11
5170.000000  5.431816e-11
5190.000000  5.385933e-11
5210.000000  5.388867e-11
5230.000000  5.278069e-11
5250.000000  5.316461e-11
5270.000000  5.121199e-11
5290.000000  5.192089e-11
5310.000000  5.084507e-11
5330.000000  4.996125e-11
5350.000000  5.039013e-11
5370.000000  4.958875e-11
5390.000000  4.909788e-11
5410.000000  4.823900e-11
5430.000000  4.796709e-11
5450.000000  4.773942e-11
5470.000000  4.721639e-11
5490.000000  4.682463e-11
5510.000000  4.631669e-11
5530.000000  4.566467e-11
5550.000000  4.544431e-11
5570.000000  4.486632e-11
5590.000000  4.438200e-11
5610.000000  4.404123e-11
5630.000000  4.367136e-11
5650.000000  4.312917e-11
5670.000000  4.263637e-11
5690.000000  4.230778e-11
5710.000000  4.189212e-11
5730.000000  4.157847e-11
5750.000000  4.105622e-11
5770.000000  4.068122e-11
5790.000000  4.023606e-11
5810.000000  3.986105e-11
5830.000000  3.947335e-11
5850.000000  3.907593e-11
5870.000000  3.867094e-11
5890.000000  3.790935e-11
5910.000000  3.790786e-11
5930.000000  3.754789e-11
5950.000000  3.710770e-11
5970.000000  3.679499e-11
5990.000000  3.634189e-11
6010.000000  3.596239e-11
6030.000000  3.570970e-11
6050.000000  3.534926e-11
6070.000000  3.505709e-11
6090.000000  3.469137e-11
6110.000000  3.433326e-11
6130.000000  3.392330e-11
6150.000000  3.322447e-11
6170.000000  3.324013e-11
6190.000000  3.307050e-11
6210.000000  3.275950e-11
6230.000000  3.239665e-11
6250.000000  3.178111e-11
6270.000000  3.185719e-11
6290.000000  3.155110e-11
6310.000000  3.115032e-11
6330.000000  3.091976e-11
6350.000000  3.037893e-11
6370.000000  3.017328e-11
6390.000000  3.005030e-11
6410.000000  2.967338e-11
6430.000000  2.946551e-11
6450.000000  2.889856e-11
6470.000000  2.885754e-11
6490.000000  2.838726e-11
6510.000000  2.801942e-11
6530.000000  2.712843e-11
6550.000000  2.338870e-11
6570.000000  1.860784e-11
6590.000000  2.553626e-11
6610.000000  2.663323e-11
6630.000000  2.671472e-11
6650.000000  2.657878e-11
6670.000000  2.636587e-11
6690.000000  2.620073e-11
6710.000000  2.598531e-11
6730.000000  2.572600e-11
6750.000000  2.549085e-11
6770.000000  2.532843e-11
6790.000000  2.509857e-11
6810.000000  2.487836e-11
6830.000000  2.462343e-11
6850.000000  2.442253e-11
6870.000000  2.422809e-11
6890.000000  2.402074e-11
6910.000000  2.380544e-11
6930.000000  2.358593e-11
6950.000000  2.339298e-11
6970.000000  2.318312e-11
6990.000000  2.299610e-11
7010.000000  2.271119e-11
7030.000000  2.257143e-11
7050.000000  2.238835e-11
7070.000000  2.221642e-11
7090.000000  2.202907e-11
7110.000000  2.157080e-11
7130.000000  2.159372e-11
7150.000000  2.142601e-11
7170.000000  2.126374e-11
7190.000000  2.107063e-11
7210.000000  2.090937e-11
7230.000000  2.071882e-11
7250.000000  2.052114e-11
7270.000000  2.039918e-11
7290.000000  2.019369e-11
7310.000000  2.003313e-11
7330.000000  1.987949e-11
7350.000000  1.973280e-11
7370.000000  1.957917e-11
7390.000000  1.939502e-11
7410.000000  1.920021e-11
7430.000000  1.899457e-11
7450.000000  1.887636e-11
7470.000000  1.864394e-11
7490.000000  1.855314e-11
7510.000000  1.843765e-11
7530.000000  1.831143e-11
7550.000000  1.818778e-11
7570.000000  1.802940e-11
7590.000000  1.789033e-11
7610.000000  1.775126e-11
7630.000000  1.760253e-11
7650.000000  1.744415e-11
7670.000000  1.728796e-11
7690.000000  1.716431e-11
7710.000000  1.701084e-11
7730.000000  1.691295e-11
7750.000000  1.676812e-11
7770.000000  1.630584e-11
7790.000000  1.651894e-11
7810.000000  1.638884e-11
7830.000000  1.622944e-11
7850.000000  1.607427e-11
7870.000000  1.592166e-11
7890.000000  1.576396e-11
7910.000000  1.569467e-11
7930.000000  1.558845e-11
7950.000000  1.541178e-11
7970.000000  1.539433e-11
7990.000000  1.511792e-11
8010.000000  1.513940e-11
8030.000000  1.501319e-11
8050.000000  1.490954e-11
8070.000000  1.478978e-11
8090.000000  1.467866e-11
8110.000000  1.457923e-11
8130.000000  1.447403e-11
8150.000000  1.436393e-11
8170.000000  1.425857e-11
8190.000000  1.402326e-11
8210.000000  1.396144e-11
8230.000000  1.385032e-11
8250.000000  1.377884e-11
8270.000000  1.379425e-11
8290.000000  1.367940e-11
8310.000000  1.359079e-11
8330.000000  1.339768e-11
8350.000000  1.339160e-11
8370.000000  1.328490e-11
8390.000000  1.314652e-11
8410.000000  1.302153e-11
8430.000000  1.292157e-11
8450.000000  1.266595e-11
8470.000000  1.245401e-11
8490.000000  1.276478e-11
8510.000000  1.194328e-11
8530.000000  1.275653e-11
8550.000000  1.117829e-11
8570.000000  1.287857e-11
8590.000000  1.183529e-11
8610.000000  1.149183e-11
8630.000000  1.299143e-11
8650.000000  1.239706e-11
8670.000000  1.004634e-11
8690.000000  1.259024e-11
8710.000000  1.318135e-11
8730.000000  1.257393e-11
8750.000000  9.720426e-12
8770.000000  1.191367e-11
8790.000000  1.309579e-11
8810.000000  1.316832e-11
8830.000000  1.272195e-11
8850.000000  1.120915e-11
8870.000000  9.374772e-12
8890.000000  1.208790e-11
8910.000000  1.268175e-11
8930.000000  1.275229e-11
8950.000000  1.277907e-11
8970.000000  1.250847e-11
8990.000000  1.181418e-11
9010.000000  9.212471e-12
9030.000000  1.017030e-11
9050.000000  1.181187e-11
9070.000000  1.191804e-11
9090.000000  1.185795e-11
9110.000000  1.204908e-11
9130.000000  1.203825e-11
9150.000000  1.196982e-11
9170.000000  1.177954e-11
9190.000000  1.141864e-11
9210.000000  1.047212e-11
9230.000000  8.037224e-12
9250.000000  1.002875e-11
9270.000000  1.081681e-11
9290.000000  1.127815e-11
9310.000000  1.130209e-11
9330.000000  1.124436e-11
9350.000000  1.119778e-11
9370.000000  1.112801e-11
9390.000000  1.098420e-11
9410.000000  1.072126e-11
9430.000000  1.083104e-11
9450.000000  1.076345e-11
9470.000000  1.066061e-11
9490.000000  1.050337e-11
9510.000000  1.017142e-11
9530.000000  9.195545e-12
9550.000000  7.297459e-12
9570.000000  9.279128e-12
9590.000000  9.954115e-12
9610.000000  1.002688e-11
9630.000000  9.932243e-12
9650.000000  1.003220e-11
9670.000000  9.898723e-12
9690.000000  9.889069e-12
9710.000000  9.897391e-12
9730.000000  9.820018e-12
9750.000000  9.733729e-12
9770.000000  9.694851e-12
9790.000000  9.627260e-12
9810.000000  9.554832e-12
9830.000000  9.473130e-12
9850.000000  9.384906e-12
9870.000000  9.323574e-12
9890.000000  9.211519e-12
9910.000000  9.187306e-12
9930.000000  9.113478e-12
9950.000000  9.050062e-12
9970.000000  8.977442e-12
9990.000000  8.849833e-12
10025.000000  7.953906e-12
10075.000000  7.526249e-12
10125.000000  8.417709e-12
10175.000000  8.406235e-12
10225.000000  8.304631e-12
10275.000000  8.173751e-12
10325.000000  8.028412e-12
10375.000000  7.901012e-12
10425.000000  7.773986e-12
10475.000000  7.592741e-12
10525.000000  7.491930e-12
10575.000000  7.385649e-12
10625.000000  7.272375e-12
10675.000000  7.049510e-12
10725.000000  7.003647e-12
10775.000000  6.905421e-12
10825.000000  6.778619e-12
10875.000000  6.584294e-12
10925.000000  5.513182e-12
10975.000000  6.036242e-12
11025.000000  6.357750e-12
11075.000000  6.309044e-12
11125.000000  6.219881e-12
11175.000000  6.130483e-12
11225.000000  6.041369e-12
11275.000000  5.866177e-12
11325.000000  5.784258e-12
11375.000000  5.752157e-12
11425.000000  5.652838e-12
11475.000000  5.599183e-12
11525.000000  5.519026e-12
11575.000000  5.433534e-12
11625.000000  5.312697e-12
11675.000000  5.208193e-12
11725.000000  5.199566e-12
11775.000000  5.048525e-12
11825.000000  5.014041e-12
11875.000000  4.923018e-12
11925.000000  4.906294e-12
11975.000000  4.804195e-12
12025.000000  4.754243e-12
12075.000000  4.676945e-12
12125.000000  4.613661e-12
12175.000000  4.558560e-12
12225.000000  4.490022e-12
12275.000000  4.420230e-12
12325.000000  4.361128e-12
12375.000000  4.304704e-12
12425.000000  4.252040e-12
12475.000000  4.180421e-12
12525.000000  4.128006e-12
12575.000000  4.048998e-12
12625.000000  4.003783e-12
12675.000000  3.953302e-12
12725.000000  3.881229e-12
12775.000000  3.707860e-12
12825.000000  3.164225e-12
12875.000000  3.643042e-12
12925.000000  3.677874e-12
12975.000000  3.644595e-12
13025.000000  3.604099e-12
13075.000000  3.558162e-12
13125.000000  3.508935e-12
13175.000000  3.451680e-12
13225.000000  3.417682e-12
13275.000000  3.372487e-12
13325.000000  3.329223e-12
13375.000000  3.285315e-12
13425.000000  3.241561e-12
13475.000000  3.198788e-12
13525.000000  3.150916e-12
13575.000000  3.111413e-12
13625.000000  3.075586e-12
13675.000000  3.033187e-12
13725.000000  2.979552e-12
13775.000000  2.955787e-12
13825.000000  2.919351e-12
13875.000000  2.886912e-12
13925.000000  2.843766e-12
13975.000000  2.811614e-12
14025.000000  2.777516e-12
14075.000000  2.743433e-12
14125.000000  2.707467e-12
14175.000000  2.674505e-12
14225.000000  2.640641e-12
14275.000000  2.607795e-12
14325.000000  2.576220e-12
14375.000000  2.546000e-12
14425.000000  2.482657e-12
14475.000000  2.482289e-12
14525.000000  2.436956e-12
14570.000000  2.425337e-12
14620.000000  2.392337e-12
14675.000000  2.366997e-12
14725.000000  2.336996e-12
14775.000000  2.302065e-12
14825.000000  2.280534e-12
14875.000000  2.246975e-12
14925.000000  2.234241e-12
14975.000000  2.204239e-12
15025.000000  2.173239e-12
15075.000000  2.148236e-12
15125.000000  2.127996e-12
15175.000000  2.102113e-12
15225.000000  2.079563e-12
15275.000000  2.048093e-12
15325.000000  2.022177e-12
15375.000000  2.006875e-12
15425.000000  1.958198e-12
15475.000000  1.958730e-12
15525.000000  1.937654e-12
15575.000000  1.869796e-12
15625.000000  1.919487e-12
15675.000000  1.850096e-12
15725.000000  1.790226e-12
15775.000000  1.859159e-12
15825.000000  1.838578e-12
15875.000000  1.665228e-12
15925.000000  1.768720e-12
15975.000000  1.800361e-12
16050.000000  1.737376e-12
16150.000000  1.627020e-12
16250.000000  1.714410e-12
16350.000000  1.622554e-12
16450.000000  1.514142e-12
16550.000000  1.610437e-12
16650.000000  1.577965e-12
16750.000000  1.482985e-12
16850.000000  1.382821e-12
16950.000000  1.476207e-12
17050.000000  1.448376e-12
17150.000000  1.419596e-12
17250.000000  1.374225e-12
17350.000000  1.212503e-12
17450.000000  1.298736e-12
17550.000000  1.297561e-12
17650.000000  1.273271e-12
17750.000000  1.249810e-12
17850.000000  1.223248e-12
17950.000000  1.199989e-12
18050.000000  1.164174e-12
18150.000000  1.040076e-12
18250.000000  1.091545e-12
18350.000000  1.101448e-12
18450.000000  1.083034e-12
18550.000000  1.058030e-12
18650.000000  1.029501e-12
18750.000000  9.153140e-13
18850.000000  9.845250e-13
18950.000000  9.760610e-13
19050.000000  9.626728e-13
19150.000000  9.440940e-13
19250.000000  9.240693e-13
19350.000000  8.958939e-13
19450.000000  7.980753e-13
19550.000000  8.621838e-13
19650.000000  8.562373e-13
19750.000000  8.406793e-13
19850.000000  8.260795e-13
19950.000000  8.107504e-13
20050.000000  7.958620e-13
20150.000000  7.813209e-13
20250.000000  7.667659e-13
20350.000000  7.525143e-13
20450.000000  7.393454e-13
20550.000000  7.259341e-13
20650.000000  7.122870e-13
20750.000000  6.997549e-13
20850.000000  6.874804e-13
20950.000000  6.751632e-13
21050.000000  6.630174e-13
21150.000000  6.502714e-13
21250.000000  6.389150e-13
21350.000000  6.278361e-13
21450.000000  6.168497e-13
21550.000000  6.005594e-13
21650.000000  5.387277e-13
21750.000000  5.754971e-13
21850.000000  5.749130e-13
21950.000000  5.670186e-13
22050.000000  5.569697e-13
22150.000000  5.470430e-13
22250.000000  5.388986e-13
22350.000000  5.298340e-13
22450.000000  5.210489e-13
22550.000000  5.117757e-13
22650.000000  5.038260e-13
22750.000000  4.955712e-13
22850.000000  4.876551e-13
22950.000000  4.795780e-13
23050.000000  4.721873e-13
23150.000000  4.645508e-13
23250.000000  4.572664e-13
23350.000000  4.499841e-13
23450.000000  4.428575e-13
23550.000000  4.359070e-13
23650.000000  4.290632e-13
23750.000000  4.222482e-13
23850.000000  4.156044e-13
23950.000000  4.091047e-13
24050.000000  4.025575e-13
24150.000000  3.962103e-13
24250.000000  3.903369e-13
24350.000000  3.839998e-13
24450.000000  3.777764e-13
24550.000000  3.724856e-13
24650.000000  3.660488e-13
24750.000000  3.605365e-13
24850.000000  3.562632e-13
24950.000000  3.465571e-13
