2505.000000  7.249416e-12
2513.000000  3.479716e-12
2518.000000  2.223733e-12
2525.000000  2.329192e-12
2535.000000  2.927785e-12
2545.000000  3.599135e-12
2555.000000  6.768866e-12
2565.000000  5.635331e-12
2575.000000  7.609669e-12
2585.000000  6.748712e-12
2595.000000  5.977201e-12
2605.000000  4.759609e-12
2615.000000  4.261607e-12
2625.000000  6.268880e-12
2635.000000  1.082172e-11
2645.000000  1.503922e-11
2655.000000  1.876843e-11
2665.000000  1.256607e-11
2675.000000  1.453793e-11
2685.000000  1.628256e-11
2695.000000  1.224793e-11
2705.000000  1.483278e-11
2715.000000  1.076745e-11
2725.000000  9.662856e-12
2735.000000  1.140129e-11
2745.000000  5.757824e-12
2755.000000  8.220798e-12
2765.000000  1.090028e-11
2775.000000  1.209467e-11
2785.000000  6.465297e-12
2795.000000  2.074098e-12
2805.000000  2.737780e-12
2815.000000  1.067279e-11
2825.000000  1.634167e-11
2835.000000  1.533743e-11
2845.000000  1.131878e-11
2855.000000  5.513956e-12
2865.000000  1.488210e-11
2875.000000  1.811702e-11
2885.000000  1.621382e-11
2895.000000  1.812054e-11
2910.000000  2.326567e-11
2930.000000  2.093768e-11
2950.000000  2.047699e-11
2970.000000  2.207618e-11
2990.000000  2.185015e-11
3010.000000  2.284378e-11
3030.000000  2.326904e-11
3050.000000  2.425822e-11
3070.000000  2.405024e-11
3090.000000  2.368060e-11
3110.000000  2.453891e-11
3130.000000  2.395246e-11
3150.000000  2.300307e-11
3170.000000  2.453546e-11
3190.000000  2.224292e-11
3210.000000  2.461719e-11
3230.000000  2.127308e-11
3250.000000  2.642291e-11
3270.000000  2.983890e-11
3290.000000  2.908107e-11
3310.000000  2.886094e-11
3330.000000  2.871836e-11
3350.000000  2.814609e-11
3370.000000  2.360574e-11
3390.000000  2.661997e-11
3410.000000  2.700968e-11
3430.000000  2.808026e-11
3450.000000  2.870194e-11
3470.000000  2.912784e-11
3490.000000  3.045825e-11
3510.000000  3.152269e-11
3530.000000  2.977793e-11
3550.000000  3.363834e-11
3570.000000  2.799183e-11
3590.000000  2.774182e-11
3610.000000  2.945571e-11
3630.000000  2.971325e-11
3640.000000  2.988403e-11
3650.000000  3.306881e-11
3670.000000  3.313806e-11
3690.000000  3.213956e-11
3710.000000  3.359611e-11
3730.000000  2.922167e-11
3750.000000  3.236718e-11
3770.000000  3.616386e-11
3790.000000  3.858522e-11
3810.000000  4.037759e-11
3830.000000  2.964105e-11
3850.000000  3.840776e-11
3870.000000  3.847082e-11
3890.000000  3.596397e-11
3910.000000  4.115066e-11
3930.000000  2.427028e-11
3950.000000  3.810316e-11
3970.000000  2.653082e-11
3990.000000  4.585495e-11
4010.000000  4.832323e-11
4030.000000  4.819900e-11
4050.000000  4.706520e-11
4070.000000  4.620386e-11
4090.000000  4.882052e-11
4110.000000  4.527852e-11
4130.000000  4.912585e-11
4150.000000  4.979511e-11
4170.000000  4.965001e-11
4190.000000  4.808314e-11
4210.000000  4.808963e-11
4230.000000  4.613775e-11
4250.000000  4.694980e-11
4270.000000  4.506318e-11
4290.000000  4.182789e-11
4310.000000  3.615725e-11
4330.000000  4.587143e-11
4350.000000  4.303918e-11
4370.000000  4.874071e-11
4390.000000  4.596284e-11
4410.000000  4.790193e-11
4430.000000  4.957682e-11
4450.000000  4.906843e-11
4470.000000  5.042761e-11
4490.000000  5.075108e-11
4510.000000  5.373610e-11
4530.000000  5.003165e-11
4550.000000  5.087010e-11
4570.000000  5.325739e-11
4590.000000  5.095834e-11
4610.000000  5.192900e-11
4630.000000  5.122531e-11
4650.000000  5.156721e-11
4670.000000  5.244000e-11
4690.000000  5.157304e-11
4710.000000  4.984750e-11
4730.000000  5.166593e-11
4750.000000  5.200366e-11
4770.000000  5.180798e-11
4790.000000  5.149629e-11
4810.000000  5.117135e-11
4830.000000  5.126455e-11
4850.000000  4.805092e-11
4870.000000  4.243341e-11
4890.000000  4.918622e-11
4910.000000  4.920747e-11
4930.000000  4.831188e-11
4950.000000  4.954462e-11
4970.000000  5.005150e-11
4990.000000  4.741868e-11
5010.000000  4.590310e-11
5030.000000  4.794880e-11
5050.000000  4.765692e-11
5070.000000  4.894325e-11
5090.000000  4.760731e-11
5110.000000  4.801547e-11
5130.000000  4.710149e-11
5150.000000  4.588623e-11
5170.000000  4.341514e-11
5190.000000  4.341357e-11
5210.000000  4.543865e-11
5230.000000  4.586907e-11
5250.000000  4.683927e-11
5270.000000  4.298979e-11
5290.000000  4.624673e-11
5310.000000  4.692093e-11
5330.000000  4.393337e-11
5350.000000  4.596818e-11
5370.000000  4.569332e-11
5390.000000  4.532612e-11
5410.000000  4.417165e-11
5430.000000  4.491727e-11
5450.000000  4.546335e-11
5470.000000  4.485823e-11
5490.000000  4.468518e-11
5510.000000  4.463802e-11
5530.000000  4.461512e-11
5550.000000  4.494561e-11
5570.000000  4.389011e-11
5590.000000  4.328327e-11
5610.000000  4.382743e-11
5630.000000  4.404139e-11
5650.000000  4.379582e-11
5670.000000  4.299382e-11
5690.000000  4.333602e-11
5710.000000  4.268389e-11
5730.000000  4.406996e-11
5750.000000  4.313532e-11
5770.000000  4.324588e-11
5790.000000  4.255079e-11
5810.000000  4.287574e-11
5830.000000  4.301686e-11
5850.000000  4.229465e-11
5870.000000  4.223406e-11
5890.000000  4.043810e-11
5910.000000  4.179271e-11
5930.000000  4.159324e-11
5950.000000  4.154312e-11
5970.000000  4.140906e-11
5990.000000  4.106896e-11
6010.000000  4.056529e-11
6030.000000  4.044075e-11
6050.000000  4.079296e-11
6070.000000  4.055796e-11
6090.000000  3.998466e-11
6110.000000  3.958968e-11
6130.000000  3.858042e-11
6150.000000  3.873429e-11
6170.000000  3.795357e-11
6190.000000  3.900702e-11
6210.000000  3.897305e-11
6230.000000  3.824531e-11
6250.000000  3.731906e-11
6270.000000  3.831386e-11
6290.000000  3.826662e-11
6310.000000  3.742105e-11
6330.000000  3.744412e-11
6350.000000  3.741555e-11
6370.000000  3.721669e-11
6390.000000  3.719969e-11
6410.000000  3.651083e-11
6430.000000  3.664401e-11
6450.000000  3.624632e-11
6470.000000  3.613673e-11
6490.000000  3.563503e-11
6510.000000  3.603630e-11
6530.000000  3.588584e-11
6550.000000  3.447628e-11
6570.000000  3.030011e-11
6590.000000  3.495199e-11
6610.000000  3.533478e-11
6630.000000  3.516634e-11
6650.000000  3.501506e-11
6670.000000  3.463328e-11
6690.000000  3.482746e-11
6710.000000  3.437349e-11
6730.000000  3.442949e-11
6750.000000  3.409021e-11
6770.000000  3.400158e-11
6790.000000  3.382214e-11
6810.000000  3.359333e-11
6830.000000  3.356125e-11
6850.000000  3.308940e-11
6870.000000  3.314683e-11
6890.000000  3.305607e-11
6910.000000  3.283416e-11
6930.000000  3.267912e-11
6950.000000  3.250300e-11
6970.000000  3.239448e-11
6990.000000  3.223936e-11
7010.000000  3.161905e-11
7030.000000  3.178475e-11
7050.000000  3.174134e-11
7070.000000  3.150779e-11
7090.000000  3.133633e-11
7110.000000  3.116914e-11
7130.000000  3.088013e-11
7150.000000  3.068083e-11
7170.000000  3.053936e-11
7190.000000  3.003676e-11
7210.000000  3.020005e-11
7230.000000  3.012079e-11
7250.000000  3.009980e-11
7270.000000  2.996657e-11
7290.000000  2.942407e-11
7310.000000  2.957185e-11
7330.000000  2.940032e-11
7350.000000  2.939511e-11
7370.000000  2.929946e-11
7390.000000  2.879051e-11
7410.000000  2.841659e-11
7430.000000  2.853448e-11
7450.000000  2.848737e-11
7470.000000  2.850635e-11
7490.000000  2.824470e-11
7510.000000  2.816846e-11
7530.000000  2.808811e-11
7550.000000  2.804719e-11
7570.000000  2.779499e-11
7590.000000  2.766915e-11
7610.000000  2.750143e-11
7630.000000  2.746304e-11
7650.000000  2.730146e-11
7670.000000  2.680109e-11
7690.000000  2.700304e-11
7710.000000  2.672971e-11
7730.000000  2.669961e-11
7750.000000  2.640754e-11
7770.000000  2.641625e-11
7790.000000  2.643699e-11
7810.000000  2.628208e-11
7830.000000  2.600964e-11
7850.000000  2.591553e-11
7870.000000  2.594927e-11
7890.000000  2.580134e-11
7910.000000  2.556380e-11
7930.000000  2.516345e-11
7950.000000  2.513603e-11
7970.000000  2.529420e-11
7990.000000  2.519829e-11
8010.000000  2.492251e-11
8030.000000  2.482424e-11
8050.000000  2.463177e-11
8070.000000  2.466825e-11
8090.000000  2.435102e-11
8110.000000  2.442062e-11
8130.000000  2.437038e-11
8150.000000  2.421462e-11
8170.000000  2.409120e-11
8190.000000  2.355194e-11
8210.000000  2.356540e-11
8230.000000  2.343637e-11
8250.000000  2.346157e-11
8270.000000  2.352949e-11
8290.000000  2.338156e-11
8310.000000  2.308091e-11
8330.000000  2.284986e-11
8350.000000  2.293163e-11
8370.000000  2.291052e-11
8390.000000  2.258654e-11
8410.000000  2.270078e-11
8430.000000  2.239955e-11
8450.000000  2.232014e-11
8470.000000  2.216903e-11
8490.000000  2.194803e-11
8510.000000  2.105942e-11
8530.000000  2.166223e-11
8550.000000  1.903666e-11
8570.000000  2.186471e-11
8590.000000  2.148243e-11
8610.000000  2.132747e-11
8630.000000  2.154904e-11
8650.000000  2.124958e-11
8670.000000  1.874690e-11
8690.000000  2.086237e-11
8710.000000  2.109193e-11
8730.000000  2.093985e-11
8750.000000  2.013840e-11
8770.000000  2.078257e-11
8790.000000  2.072230e-11
8810.000000  2.041014e-11
8830.000000  2.046439e-11
8850.000000  2.023704e-11
8870.000000  1.941140e-11
8890.000000  2.027009e-11
8910.000000  2.024997e-11
8930.000000  1.999013e-11
8950.000000  1.998511e-11
8970.000000  1.992797e-11
8990.000000  1.983636e-11
9010.000000  1.861095e-11
9030.000000  1.932158e-11
9050.000000  1.964833e-11
9070.000000  1.930952e-11
9090.000000  1.890556e-11
9110.000000  1.910827e-11
9130.000000  1.926775e-11
9150.000000  1.916113e-11
9170.000000  1.904883e-11
9190.000000  1.900106e-11
9210.000000  1.854815e-11
9230.000000  1.750923e-11
9250.000000  1.825006e-11
9270.000000  1.847681e-11
9290.000000  1.851861e-11
9310.000000  1.848864e-11
9330.000000  1.836851e-11
9350.000000  1.828152e-11
9370.000000  1.818969e-11
9390.000000  1.812021e-11
9410.000000  1.751888e-11
9430.000000  1.785834e-11
9450.000000  1.771003e-11
9470.000000  1.780170e-11
9490.000000  1.775216e-11
9510.000000  1.760041e-11
9530.000000  1.736597e-11
9550.000000  1.628493e-11
9570.000000  1.721329e-11
9590.000000  1.731445e-11
9610.000000  1.714811e-11
9630.000000  1.700314e-11
9650.000000  1.696848e-11
9670.000000  1.683278e-11
9690.000000  1.688152e-11
9710.000000  1.684749e-11
9730.000000  1.677632e-11
9750.000000  1.659823e-11
9770.000000  1.658881e-11
9790.000000  1.649746e-11
9810.000000  1.648317e-11
9830.000000  1.639102e-11
9850.000000  1.632344e-11
9870.000000  1.619945e-11
9890.000000  1.610446e-11
9910.000000  1.602378e-11
9930.000000  1.605659e-11
9950.000000  1.598393e-11
9970.000000  1.591792e-11
9990.000000  1.583542e-11
10025.000000  1.551668e-11
10075.000000  1.511438e-11
10125.000000  1.532433e-11
10175.000000  1.510320e-11
10225.000000  1.500168e-11
10275.000000  1.488486e-11
10325.000000  1.462845e-11
10375.000000  1.449555e-11
10425.000000  1.438769e-11
10475.000000  1.412115e-11
10525.000000  1.406064e-11
10575.000000  1.386931e-11
10625.000000  1.370109e-11
10675.000000  1.336995e-11
10725.000000  1.336706e-11
10775.000000  1.320770e-11
10825.000000  1.297442e-11
10875.000000  1.287395e-11
10925.000000  1.234716e-11
10975.000000  1.249671e-11
11025.000000  1.256459e-11
11075.000000  1.249830e-11
11125.000000  1.233228e-11
11175.000000  1.219062e-11
11225.000000  1.211447e-11
11275.000000  1.186080e-11
11325.000000  1.178692e-11
11375.000000  1.169019e-11
11425.000000  1.150814e-11
11475.000000  1.152450e-11
11525.000000  1.141112e-11
11575.000000  1.125500e-11
11625.000000  1.105437e-11
11675.000000  1.095778e-11
11725.000000  1.097516e-11
11775.000000  1.071304e-11
11825.000000  1.062998e-11
11875.000000  1.050462e-11
11925.000000  1.056300e-11
11975.000000  1.024349e-11
12025.000000  1.026211e-11
12075.000000  1.013462e-11
12125.000000  1.008332e-11
12175.000000  1.005606e-11
12225.000000  9.954250e-12
12275.000000  9.824843e-12
12325.000000  9.754602e-12
12375.000000  9.659553e-12
12425.000000  9.563348e-12
12475.000000  9.495492e-12
12525.000000  9.385654e-12
12575.000000  9.286309e-12
12625.000000  9.203560e-12
12675.000000  9.113213e-12
12725.000000  9.051707e-12
12775.000000  8.917409e-12
12825.000000  8.263921e-12
12875.000000  8.750042e-12
12925.000000  8.696980e-12
12975.000000  8.650496e-12
13025.000000  8.550943e-12
13075.000000  8.501199e-12
13125.000000  8.366860e-12
13175.000000  8.283415e-12
13225.000000  8.270694e-12
13275.000000  8.151083e-12
13325.000000  8.107319e-12
13375.000000  8.029360e-12
13425.000000  7.983415e-12
13475.000000  7.909132e-12
13525.000000  7.837365e-12
13575.000000  7.727070e-12
13625.000000  7.686324e-12
13675.000000  7.613969e-12
13725.000000  7.526513e-12
13775.000000  7.478757e-12
13825.000000  7.422597e-12
13875.000000  7.376969e-12
13925.000000  7.303728e-12
13975.000000  7.240287e-12
14025.000000  7.155496e-12
14075.000000  7.121585e-12
14125.000000  7.021901e-12
14175.000000  7.006202e-12
14225.000000  6.884243e-12
14275.000000  6.793062e-12
14325.000000  6.812230e-12
14375.000000  6.779913e-12
14425.000000  6.571385e-12
14475.000000  6.653954e-12
14525.000000  6.515670e-12
14570.000000  6.516952e-12
14620.000000  6.463712e-12
14675.000000  6.418792e-12
14725.000000  6.317286e-12
14775.000000  6.269493e-12
14825.000000  6.237159e-12
14875.000000  6.097780e-12
14925.000000  6.178368e-12
14975.000000  6.090897e-12
15025.000000  5.950876e-12
15075.000000  5.919798e-12
15125.000000  5.955134e-12
15175.000000  5.920300e-12
15225.000000  5.828478e-12
15275.000000  5.810610e-12
15325.000000  5.752506e-12
15375.000000  5.705158e-12
15425.000000  5.649058e-12
15475.000000  5.614479e-12
15525.000000  5.551925e-12
15575.000000  5.484466e-12
15625.000000  5.493328e-12
15675.000000  5.383615e-12
15725.000000  5.338533e-12
15775.000000  5.226431e-12
15825.000000  5.252698e-12
15875.000000  5.057867e-12
15925.000000  5.150479e-12
15975.000000  5.135736e-12
16050.000000  5.052467e-12
16150.000000  4.900938e-12
16250.000000  4.918133e-12
16350.000000  4.763553e-12
16450.000000  4.591922e-12
16550.000000  4.643383e-12
16650.000000  4.552926e-12
16750.000000  4.378050e-12
16850.000000  4.193395e-12
16950.000000  4.290253e-12
17050.000000  4.177110e-12
17150.000000  4.095695e-12
17250.000000  3.984364e-12
17350.000000  3.711885e-12
17450.000000  3.804458e-12
17550.000000  3.774130e-12
17650.000000  3.695980e-12
17750.000000  3.626816e-12
17850.000000  3.562165e-12
17950.000000  3.497033e-12
18050.000000  3.410229e-12
18150.000000  3.182629e-12
18250.000000  3.237623e-12
18350.000000  3.217388e-12
18450.000000  3.141993e-12
18550.000000  3.093791e-12
18650.000000  3.013146e-12
18750.000000  2.775489e-12
18850.000000  2.898950e-12
18950.000000  2.821496e-12
19050.000000  2.816255e-12
19150.000000  2.757682e-12
19250.000000  2.707276e-12
19350.000000  2.635106e-12
19450.000000  2.448685e-12
19550.000000  2.546460e-12
19650.000000  2.509049e-12
19750.000000  2.455554e-12
19850.000000  2.421492e-12
19950.000000  2.377317e-12
20050.000000  2.341938e-12
20150.000000  2.305524e-12
20250.000000  2.253534e-12
20350.000000  2.203548e-12
20450.000000  2.183790e-12
20550.000000  2.141673e-12
20650.000000  2.095158e-12
20750.000000  2.064461e-12
20850.000000  2.029072e-12
20950.000000  1.985672e-12
21050.000000  1.961168e-12
21150.000000  1.924006e-12
21250.000000  1.890639e-12
21350.000000  1.860286e-12
21450.000000  1.831729e-12
21550.000000  1.794365e-12
21650.000000  1.669531e-12
21750.000000  1.721757e-12
21850.000000  1.703115e-12
21950.000000  1.684220e-12
22050.000000  1.645246e-12
22150.000000  1.625968e-12
22250.000000  1.599813e-12
22350.000000  1.573440e-12
22450.000000  1.547931e-12
22550.000000  1.517571e-12
22650.000000  1.494675e-12
22750.000000  1.474027e-12
22850.000000  1.445257e-12
22950.000000  1.423302e-12
23050.000000  1.404843e-12
23150.000000  1.380282e-12
23250.000000  1.357431e-12
23350.000000  1.335064e-12
23450.000000  1.318366e-12
23550.000000  1.293187e-12
23650.000000  1.277056e-12
23750.000000  1.252309e-12
23850.000000  1.230878e-12
23950.000000  1.217723e-12
24050.000000  1.197998e-12
24150.000000  1.175602e-12
24250.000000  1.160942e-12
24350.000000  1.141821e-12
24450.000000  1.125888e-12
24550.000000  1.102936e-12
24650.000000  1.093348e-12
24750.000000  1.073938e-12
24850.000000  1.052672e-12
24950.000000  1.042665e-12
