2505.000000  4.631138e-13
2513.000000  2.724547e-13
2518.000000  1.885173e-13
2525.000000  1.959969e-13
2535.000000  3.991325e-13
2545.000000  5.249392e-13
2555.000000  1.672340e-12
2565.000000  1.086842e-12
2575.000000  1.708777e-12
2585.000000  1.427283e-12
2595.000000  1.243849e-12
2605.000000  1.080017e-12
2615.000000  9.789667e-13
2625.000000  1.423105e-12
2635.000000  3.691860e-12
2645.000000  4.880198e-12
2655.000000  8.660893e-12
2665.000000  4.753970e-12
2675.000000  4.858369e-12
2685.000000  6.615344e-12
2695.000000  3.908607e-12
2705.000000  5.777415e-12
2715.000000  3.509471e-12
2725.000000  1.834231e-12
2735.000000  2.915899e-12
2745.000000  1.753652e-12
2755.000000  2.629934e-12
2765.000000  3.849677e-12
2775.000000  3.918624e-12
2785.000000  2.015734e-12
2795.000000  7.795218e-13
2805.000000  1.000620e-12
2815.000000  3.045852e-12
2825.000000  4.551412e-12
2835.000000  3.363946e-12
2845.000000  1.571683e-12
2855.000000  6.396052e-13
2865.000000  2.480251e-12
2875.000000  5.369952e-12
2885.000000  6.239809e-12
2895.000000  9.414659e-12
2910.000000  1.381544e-11
2930.000000  1.276281e-11
2950.000000  1.127718e-11
2970.000000  1.130955e-11
2990.000000  1.157568e-11
3010.000000  1.016101e-11
3030.000000  1.305792e-11
3050.000000  1.376859e-11
3070.000000  1.687449e-11
3090.000000  1.565020e-11
3110.000000  2.083586e-11
3130.000000  1.746353e-11
3150.000000  1.869781e-11
3170.000000  2.187611e-11
3190.000000  1.845721e-11
3210.000000  1.988375e-11
3230.000000  1.619343e-11
3250.000000  2.605909e-11
3270.000000  3.239404e-11
3290.000000  3.218526e-11
3310.000000  2.743758e-11
3330.000000  2.862844e-11
3350.000000  2.623767e-11
3370.000000  1.720192e-11
3390.000000  2.067438e-11
3410.000000  2.238486e-11
3430.000000  2.535991e-11
3450.000000  2.605370e-11
3470.000000  2.754948e-11
3490.000000  3.278766e-11
3510.000000  3.568315e-11
3530.000000  3.090126e-11
3550.000000  3.642539e-11
3570.000000  2.136051e-11
3590.000000  2.390445e-11
3610.000000  3.312884e-11
3630.000000  3.516366e-11
3640.000000  3.678678e-11
3650.000000  4.223482e-11
3670.000000  4.542513e-11
3690.000000  4.144624e-11
3710.000000  4.379144e-11
3730.000000  2.477982e-11
3750.000000  2.949481e-11
3770.000000  4.002352e-11
3790.000000  3.946427e-11
3810.000000  3.503652e-11
3830.000000  1.814878e-11
3850.000000  2.225345e-11
3870.000000  2.296866e-11
3890.000000  3.680451e-11
3910.000000  4.698663e-11
3930.000000  2.086833e-11
3950.000000  4.105128e-11
3970.000000  2.729941e-11
3990.000000  6.366447e-11
4010.000000  7.041907e-11
4030.000000  6.693499e-11
4050.000000  6.402259e-11
4070.000000  6.071291e-11
4090.000000  7.563111e-11
4110.000000  7.274440e-11
4130.000000  6.704998e-11
4150.000000  6.245198e-11
4170.000000  6.442860e-11
4190.000000  6.258928e-11
4210.000000  6.687610e-11
4230.000000  6.786117e-11
4250.000000  6.949144e-11
4270.000000  6.401971e-11
4290.000000  5.756848e-11
4310.000000  4.856959e-11
4330.000000  7.664224e-11
4350.000000  7.441061e-11
4370.000000  8.032664e-11
4390.000000  7.127605e-11
4410.000000  7.865040e-11
4430.000000  8.722916e-11
4450.000000  8.757522e-11
4470.000000  9.443831e-11
4490.000000  9.707125e-11
4510.000000  1.100236e-10
4530.000000  9.728381e-11
4550.000000  1.017415e-10
4570.000000  1.092556e-10
4590.000000  1.043379e-10
4610.000000  1.077067e-10
4630.000000  1.058587e-10
4650.000000  1.070618e-10
4670.000000  1.112159e-10
4690.000000  1.092770e-10
4710.000000  1.061686e-10
4730.000000  1.101634e-10
4750.000000  1.134467e-10
4770.000000  1.137810e-10
4790.000000  1.137476e-10
4810.000000  1.130655e-10
4830.000000  1.155464e-10
4850.000000  1.103830e-10
4870.000000  1.022053e-10
4890.000000  1.111743e-10
4910.000000  1.110197e-10
4930.000000  1.086549e-10
4950.000000  1.147736e-10
4970.000000  1.139888e-10
4990.000000  1.057733e-10
5010.000000  1.002894e-10
5030.000000  1.064801e-10
5050.000000  1.060481e-10
5070.000000  1.106857e-10
5090.000000  1.045356e-10
5110.000000  1.066918e-10
5130.000000  1.034126e-10
5150.000000  9.914821e-11
5170.000000  8.786480e-11
5190.000000  9.246784e-11
5210.000000  1.025169e-10
5230.000000  1.084977e-10
5250.000000  1.129236e-10
5270.000000  9.942714e-11
5290.000000  1.136474e-10
5310.000000  1.202612e-10
5330.000000  1.063678e-10
5350.000000  1.161876e-10
5370.000000  1.162632e-10
5390.000000  1.133021e-10
5410.000000  1.107856e-10
5430.000000  1.126941e-10
5450.000000  1.176929e-10
5470.000000  1.149599e-10
5490.000000  1.142866e-10
5510.000000  1.137200e-10
5530.000000  1.165357e-10
5550.000000  1.186839e-10
5570.000000  1.153745e-10
5590.000000  1.122310e-10
5610.000000  1.174654e-10
5630.000000  1.169548e-10
5650.000000  1.172654e-10
5670.000000  1.144335e-10
5690.000000  1.171263e-10
5710.000000  1.132642e-10
5730.000000  1.223302e-10
5750.000000  1.182528e-10
5770.000000  1.198246e-10
5790.000000  1.147858e-10
5810.000000  1.193424e-10
5830.000000  1.221281e-10
5850.000000  1.187092e-10
5870.000000  1.191203e-10
5890.000000  1.059387e-10
5910.000000  1.175790e-10
5930.000000  1.177569e-10
5950.000000  1.179155e-10
5970.000000  1.192634e-10
5990.000000  1.175801e-10
6010.000000  1.154397e-10
6030.000000  1.171767e-10
6050.000000  1.192657e-10
6070.000000  1.183551e-10
6090.000000  1.143740e-10
6110.000000  1.143983e-10
6130.000000  1.091369e-10
6150.000000  1.122955e-10
6170.000000  1.074381e-10
6190.000000  1.141261e-10
6210.000000  1.140286e-10
6230.000000  1.106671e-10
6250.000000  1.073639e-10
6270.000000  1.118504e-10
6290.000000  1.128993e-10
6310.000000  1.095444e-10
6330.000000  1.104158e-10
6350.000000  1.107978e-10
6370.000000  1.102699e-10
6390.000000  1.115387e-10
6410.000000  1.090611e-10
6430.000000  1.101678e-10
6450.000000  1.092045e-10
6470.000000  1.087256e-10
6490.000000  1.067430e-10
6510.000000  1.097044e-10
6530.000000  1.101168e-10
6550.000000  1.083560e-10
6570.000000  1.032857e-10
6590.000000  1.083278e-10
6610.000000  1.091914e-10
6630.000000  1.083857e-10
6650.000000  1.081589e-10
6670.000000  1.065957e-10
6690.000000  1.088349e-10
6710.000000  1.056822e-10
6730.000000  1.081811e-10
6750.000000  1.065227e-10
6770.000000  1.067508e-10
6790.000000  1.061586e-10
6810.000000  1.055514e-10
6830.000000  1.065925e-10
6850.000000  1.036995e-10
6870.000000  1.048963e-10
6890.000000  1.053846e-10
6910.000000  1.045556e-10
6930.000000  1.037372e-10
6950.000000  1.028715e-10
6970.000000  1.031380e-10
6990.000000  1.022589e-10
7010.000000  9.966736e-11
7030.000000  1.013672e-10
7050.000000  1.020529e-10
7070.000000  1.006883e-10
7090.000000  1.002750e-10
7110.000000  1.003524e-10
7130.000000  9.842227e-11
7150.000000  9.777210e-11
7170.000000  9.840508e-11
7190.000000  9.525821e-11
7210.000000  9.722632e-11
7230.000000  9.817252e-11
7250.000000  9.812516e-11
7270.000000  9.767188e-11
7290.000000  9.494220e-11
7310.000000  9.644461e-11
7330.000000  9.599717e-11
7350.000000  9.595021e-11
7370.000000  9.676996e-11
7390.000000  9.446818e-11
7410.000000  9.352299e-11
7430.000000  9.461591e-11
7450.000000  9.457725e-11
7470.000000  9.499780e-11
7490.000000  9.410495e-11
7510.000000  9.449877e-11
7530.000000  9.463676e-11
7550.000000  9.487282e-11
7570.000000  9.387605e-11
7590.000000  9.351497e-11
7610.000000  9.322064e-11
7630.000000  9.355299e-11
7650.000000  9.339044e-11
7670.000000  9.057219e-11
7690.000000  9.290734e-11
7710.000000  9.129077e-11
7730.000000  9.135832e-11
7750.000000  9.042557e-11
7770.000000  9.225018e-11
7790.000000  9.170159e-11
7810.000000  9.131051e-11
7830.000000  9.029041e-11
7850.000000  9.007660e-11
7870.000000  9.036799e-11
7890.000000  8.889949e-11
7910.000000  8.698045e-11
7930.000000  8.600999e-11
7950.000000  8.529974e-11
7970.000000  8.745721e-11
7990.000000  8.716597e-11
8010.000000  8.637516e-11
8030.000000  8.637119e-11
8050.000000  8.547361e-11
8070.000000  8.551060e-11
8090.000000  8.358231e-11
8110.000000  8.393726e-11
8130.000000  8.458011e-11
8150.000000  8.416397e-11
8170.000000  8.408581e-11
8190.000000  8.184679e-11
8210.000000  8.205790e-11
8230.000000  8.218584e-11
8250.000000  8.289901e-11
8270.000000  8.348669e-11
8290.000000  8.288120e-11
8310.000000  8.070254e-11
8330.000000  8.041491e-11
8350.000000  8.071855e-11
8370.000000  8.108449e-11
8390.000000  7.871590e-11
8410.000000  8.092527e-11
8430.000000  7.900094e-11
8450.000000  8.021803e-11
8470.000000  7.955040e-11
8490.000000  7.912491e-11
8510.000000  7.540824e-11
8530.000000  7.792064e-11
8550.000000  6.747277e-11
8570.000000  7.946156e-11
8590.000000  7.816006e-11
8610.000000  7.803926e-11
8630.000000  7.857600e-11
8650.000000  7.791175e-11
8670.000000  6.767421e-11
8690.000000  7.545930e-11
8710.000000  7.699034e-11
8730.000000  7.706282e-11
8750.000000  7.614083e-11
8770.000000  7.706498e-11
8790.000000  7.636013e-11
8810.000000  7.433291e-11
8830.000000  7.555094e-11
8850.000000  7.597961e-11
8870.000000  7.440931e-11
8890.000000  7.584581e-11
8910.000000  7.609668e-11
8930.000000  7.446187e-11
8950.000000  7.416070e-11
8970.000000  7.428491e-11
8990.000000  7.449602e-11
9010.000000  7.144935e-11
9030.000000  7.345241e-11
9050.000000  7.451376e-11
9070.000000  7.360770e-11
9090.000000  7.142044e-11
9110.000000  7.155769e-11
9130.000000  7.284842e-11
9150.000000  7.036653e-11
9170.000000  6.927351e-11
9190.000000  6.956353e-11
9210.000000  6.791228e-11
9230.000000  6.811382e-11
9250.000000  6.780684e-11
9270.000000  6.860679e-11
9290.000000  6.802397e-11
9310.000000  6.898291e-11
9330.000000  6.876902e-11
9350.000000  6.820956e-11
9370.000000  6.774665e-11
9390.000000  6.731878e-11
9410.000000  6.546276e-11
9430.000000  6.648375e-11
9450.000000  6.533837e-11
9470.000000  6.661367e-11
9490.000000  6.651278e-11
9510.000000  6.671304e-11
9530.000000  6.607580e-11
9550.000000  6.540975e-11
9570.000000  6.559496e-11
9590.000000  6.617604e-11
9610.000000  6.554650e-11
9630.000000  6.506975e-11
9650.000000  6.422696e-11
9670.000000  6.408165e-11
9690.000000  6.490394e-11
9710.000000  6.439299e-11
9730.000000  6.421839e-11
9750.000000  6.371587e-11
9770.000000  6.383918e-11
9790.000000  6.295574e-11
9810.000000  6.403277e-11
9830.000000  6.366380e-11
9850.000000  6.386751e-11
9870.000000  6.342055e-11
9890.000000  6.345285e-11
9910.000000  6.292872e-11
9930.000000  6.336542e-11
9950.000000  6.302895e-11
9970.000000  6.304236e-11
9990.000000  6.280824e-11
10025.000000  6.232240e-11
10075.000000  6.157573e-11
10125.000000  6.141796e-11
10175.000000  6.045177e-11
10225.000000  6.030157e-11
10275.000000  6.020606e-11
10325.000000  5.911851e-11
10375.000000  5.867459e-11
10425.000000  5.868761e-11
10475.000000  5.791173e-11
10525.000000  5.777669e-11
10575.000000  5.704826e-11
10625.000000  5.659722e-11
10675.000000  5.557700e-11
10725.000000  5.553059e-11
10775.000000  5.483321e-11
10825.000000  5.381305e-11
10875.000000  5.343594e-11
10925.000000  5.284490e-11
10975.000000  5.049278e-11
11025.000000  5.028603e-11
11075.000000  5.057580e-11
11125.000000  5.019345e-11
11175.000000  5.024275e-11
11225.000000  5.006940e-11
11275.000000  4.917497e-11
11325.000000  4.944958e-11
11375.000000  4.857029e-11
11425.000000  4.838435e-11
11475.000000  4.875679e-11
11525.000000  4.855325e-11
11575.000000  4.788287e-11
11625.000000  4.720583e-11
11675.000000  4.719493e-11
11725.000000  4.752466e-11
11775.000000  4.660092e-11
11825.000000  4.609120e-11
11875.000000  4.567695e-11
11925.000000  4.628150e-11
11975.000000  4.449159e-11
12025.000000  4.506319e-11
12075.000000  4.453562e-11
12125.000000  4.458765e-11
12175.000000  4.464940e-11
12225.000000  4.434612e-11
12275.000000  4.390131e-11
12325.000000  4.364839e-11
12375.000000  4.335828e-11
12425.000000  4.292725e-11
12475.000000  4.289499e-11
12525.000000  4.242903e-11
12575.000000  4.224300e-11
12625.000000  4.196424e-11
12675.000000  4.147815e-11
12725.000000  4.145550e-11
12775.000000  4.131069e-11
12825.000000  3.980364e-11
12875.000000  4.046825e-11
12925.000000  3.999933e-11
12975.000000  4.016994e-11
13025.000000  3.967747e-11
13075.000000  3.969998e-11
13125.000000  3.895685e-11
13175.000000  3.873448e-11
13225.000000  3.884690e-11
13275.000000  3.817410e-11
13325.000000  3.824816e-11
13375.000000  3.796849e-11
13425.000000  3.802768e-11
13475.000000  3.771227e-11
13525.000000  3.756193e-11
13575.000000  3.689300e-11
13625.000000  3.673864e-11
13675.000000  3.664978e-11
13725.000000  3.659154e-11
13775.000000  3.631140e-11
13825.000000  3.619913e-11
13875.000000  3.586828e-11
13925.000000  3.575822e-11
13975.000000  3.551595e-11
14025.000000  3.502742e-11
14075.000000  3.479327e-11
14125.000000  3.398730e-11
14175.000000  3.406017e-11
14225.000000  3.345776e-11
14275.000000  3.290081e-11
14325.000000  3.343223e-11
14375.000000  3.353040e-11
14425.000000  3.250683e-11
14475.000000  3.319108e-11
14525.000000  3.245948e-11
14570.000000  3.243687e-11
14620.000000  3.225188e-11
14675.000000  3.201200e-11
14725.000000  3.150625e-11
14775.000000  3.158723e-11
14825.000000  3.147053e-11
14875.000000  3.090330e-11
14925.000000  3.162210e-11
14975.000000  3.120492e-11
15025.000000  3.027178e-11
15075.000000  3.029148e-11
15125.000000  3.067908e-11
15175.000000  3.073525e-11
15225.000000  3.030358e-11
15275.000000  3.040939e-11
15325.000000  3.022415e-11
15375.000000  3.015429e-11
15425.000000  3.006936e-11
15475.000000  2.993576e-11
15525.000000  2.945663e-11
15575.000000  2.923608e-11
15625.000000  2.957160e-11
15675.000000  2.882016e-11
15725.000000  2.892738e-11
15775.000000  2.784288e-11
15825.000000  2.834519e-11
15875.000000  2.732190e-11
15925.000000  2.792090e-11
15975.000000  2.806820e-11
16050.000000  2.777448e-11
16150.000000  2.719568e-11
16250.000000  2.719972e-11
16350.000000  2.669828e-11
16450.000000  2.594054e-11
16550.000000  2.599228e-11
16650.000000  2.544479e-11
16750.000000  2.476372e-11
16850.000000  2.399435e-11
16950.000000  2.422706e-11
17050.000000  2.339738e-11
17150.000000  2.302308e-11
17250.000000  2.244663e-11
17350.000000  2.158078e-11
17450.000000  2.161538e-11
17550.000000  2.130919e-11
17650.000000  2.091930e-11
17750.000000  2.043402e-11
17850.000000  2.017285e-11
17950.000000  1.979824e-11
18050.000000  1.931210e-11
18150.000000  1.868774e-11
18250.000000  1.851159e-11
18350.000000  1.821648e-11
18450.000000  1.771791e-11
18550.000000  1.754524e-11
18650.000000  1.704804e-11
18750.000000  1.637316e-11
18850.000000  1.652206e-11
18950.000000  1.586327e-11
19050.000000  1.600187e-11
19150.000000  1.563995e-11
19250.000000  1.540130e-11
19350.000000  1.496045e-11
19450.000000  1.442174e-11
19550.000000  1.454646e-11
19650.000000  1.423746e-11
19750.000000  1.388264e-11
19850.000000  1.372041e-11
19950.000000  1.347920e-11
20050.000000  1.336063e-11
20150.000000  1.318825e-11
20250.000000  1.280733e-11
20350.000000  1.253464e-11
20450.000000  1.249169e-11
20550.000000  1.220613e-11
20650.000000  1.193734e-11
20750.000000  1.178024e-11
20850.000000  1.157164e-11
20950.000000  1.129778e-11
21050.000000  1.122872e-11
21150.000000  1.101472e-11
21250.000000  1.081999e-11
21350.000000  1.067601e-11
21450.000000  1.050099e-11
21550.000000  1.033143e-11
21650.000000  9.943313e-12
21750.000000  9.900029e-12
21850.000000  9.770259e-12
21950.000000  9.669971e-12
22050.000000  9.405731e-12
22150.000000  9.370436e-12
22250.000000  9.158753e-12
22350.000000  9.016948e-12
22450.000000  8.882829e-12
22550.000000  8.738165e-12
22650.000000  8.565175e-12
22750.000000  8.497146e-12
22850.000000  8.290150e-12
22950.000000  7.710896e-12
23050.000000  7.869721e-12
23150.000000  7.783161e-12
23250.000000  7.189380e-12
23350.000000  7.370945e-12
23450.000000  7.387245e-12
23550.000000  6.775848e-12
23650.000000  7.022907e-12
23750.000000  6.954017e-12
23850.000000  6.445532e-12
23950.000000  6.644609e-12
24050.000000  6.637085e-12
24150.000000  6.212780e-12
24250.000000  6.316169e-12
24350.000000  6.310682e-12
24450.000000  6.040524e-12
24550.000000  5.942813e-12
24650.000000  6.061540e-12
24750.000000  5.862360e-12
24850.000000  5.670437e-12
24950.000000  5.756562e-12
