2505.000000  6.996670e-13
2513.000000  4.233291e-13
2518.000000  2.700757e-13
2525.000000  3.051057e-13
2535.000000  8.761589e-13
2545.000000  1.115126e-12
2555.000000  3.684253e-12
2565.000000  1.938568e-12
2575.000000  2.996210e-12
2585.000000  2.291448e-12
2595.000000  1.998706e-12
2605.000000  1.949552e-12
2615.000000  1.815978e-12
2625.000000  2.658727e-12
2635.000000  7.012807e-12
2645.000000  1.004334e-11
2655.000000  1.905152e-11
2665.000000  1.060150e-11
2675.000000  9.873710e-12
2685.000000  1.438197e-11
2695.000000  8.408754e-12
2705.000000  1.326065e-11
2715.000000  7.661965e-12
2725.000000  3.933122e-12
2735.000000  6.269479e-12
2745.000000  4.105183e-12
2755.000000  5.796186e-12
2765.000000  8.641605e-12
2775.000000  9.086462e-12
2785.000000  4.876181e-12
2795.000000  1.713503e-12
2805.000000  2.236911e-12
2815.000000  7.084823e-12
2825.000000  1.043690e-11
2835.000000  8.179298e-12
2845.000000  3.670059e-12
2855.000000  1.152741e-12
2865.000000  6.176545e-12
2875.000000  1.361952e-11
2885.000000  1.726565e-11
2895.000000  2.622649e-11
2910.000000  3.917284e-11
2930.000000  3.735790e-11
2950.000000  3.247897e-11
2970.000000  3.329644e-11
2990.000000  3.371402e-11
3010.000000  2.867976e-11
3030.000000  3.934085e-11
3050.000000  4.206103e-11
3070.000000  5.364546e-11
3090.000000  5.574860e-11
3110.000000  7.492262e-11
3130.000000  6.122510e-11
3150.000000  6.964595e-11
3170.000000  8.327055e-11
3190.000000  6.994914e-11
3210.000000  7.597650e-11
3230.000000  5.908617e-11
3250.000000  9.912480e-11
3270.000000  1.255478e-10
3290.000000  1.270927e-10
3310.000000  1.079819e-10
3330.000000  1.125093e-10
3350.000000  1.015175e-10
3370.000000  6.870892e-11
3390.000000  8.105781e-11
3410.000000  9.254147e-11
3430.000000  1.074519e-10
3450.000000  1.104807e-10
3470.000000  1.171707e-10
3490.000000  1.379496e-10
3510.000000  1.493123e-10
3530.000000  1.243829e-10
3550.000000  1.449909e-10
3570.000000  8.047037e-11
3590.000000  9.636801e-11
3610.000000  1.427213e-10
3630.000000  1.597589e-10
3640.000000  1.673517e-10
3650.000000  1.878797e-10
3670.000000  2.043255e-10
3690.000000  1.912043e-10
3710.000000  2.053855e-10
3730.000000  1.131000e-10
3750.000000  1.333843e-10
3770.000000  1.768683e-10
3790.000000  1.734093e-10
3810.000000  1.513050e-10
3830.000000  7.736329e-11
3850.000000  8.682985e-11
3870.000000  9.611934e-11
3890.000000  1.737813e-10
3910.000000  2.149869e-10
3930.000000  8.149713e-11
3950.000000  1.711718e-10
3970.000000  1.076438e-10
3990.000000  2.980348e-10
4010.000000  3.461733e-10
4030.000000  3.327986e-10
4050.000000  3.158280e-10
4070.000000  2.974029e-10
4090.000000  3.752491e-10
4110.000000  3.617866e-10
4130.000000  3.200300e-10
4150.000000  2.908698e-10
4170.000000  2.981511e-10
4190.000000  3.021968e-10
4210.000000  3.340356e-10
4230.000000  3.576314e-10
4250.000000  3.705606e-10
4270.000000  3.444491e-10
4290.000000  3.096082e-10
4310.000000  2.584736e-10
4330.000000  4.120770e-10
4350.000000  4.026298e-10
4370.000000  4.354785e-10
4390.000000  3.879754e-10
4410.000000  4.274615e-10
4430.000000  4.723128e-10
4450.000000  4.793757e-10
4470.000000  5.204067e-10
4490.000000  5.374103e-10
4510.000000  6.167398e-10
4530.000000  5.411987e-10
4550.000000  5.628175e-10
4570.000000  6.111284e-10
4590.000000  5.885092e-10
4610.000000  6.122146e-10
4630.000000  5.972634e-10
4650.000000  6.080554e-10
4670.000000  6.312854e-10
4690.000000  6.207413e-10
4710.000000  6.066143e-10
4730.000000  6.321828e-10
4750.000000  6.629760e-10
4770.000000  6.694923e-10
4790.000000  6.665523e-10
4810.000000  6.604535e-10
4830.000000  6.807340e-10
4850.000000  6.472737e-10
4870.000000  6.054893e-10
4890.000000  6.635457e-10
4910.000000  6.601297e-10
4930.000000  6.494862e-10
4950.000000  6.945597e-10
4970.000000  6.802872e-10
4990.000000  6.302048e-10
5010.000000  5.985766e-10
5030.000000  6.356066e-10
5050.000000  6.385944e-10
5070.000000  6.686373e-10
5090.000000  6.229919e-10
5110.000000  6.404042e-10
5130.000000  6.149630e-10
5150.000000  5.953979e-10
5170.000000  5.509656e-10
5190.000000  5.836807e-10
5210.000000  6.260174e-10
5230.000000  6.588020e-10
5250.000000  6.807548e-10
5270.000000  6.069647e-10
5290.000000  6.925483e-10
5310.000000  7.373654e-10
5330.000000  6.511618e-10
5350.000000  7.161695e-10
5370.000000  7.226715e-10
5390.000000  6.960520e-10
5410.000000  6.858380e-10
5430.000000  6.954202e-10
5450.000000  7.372500e-10
5470.000000  7.098459e-10
5490.000000  7.016707e-10
5510.000000  7.000611e-10
5530.000000  7.224170e-10
5550.000000  7.385043e-10
5570.000000  7.222007e-10
5590.000000  7.013626e-10
5610.000000  7.391481e-10
5630.000000  7.275088e-10
5650.000000  7.314781e-10
5670.000000  7.130225e-10
5690.000000  7.363462e-10
5710.000000  7.081360e-10
5730.000000  7.742270e-10
5750.000000  7.431264e-10
5770.000000  7.569828e-10
5790.000000  7.195329e-10
5810.000000  7.557651e-10
5830.000000  7.789313e-10
5850.000000  7.550265e-10
5870.000000  7.591049e-10
5890.000000  6.799925e-10
5910.000000  7.487221e-10
5930.000000  7.502917e-10
5950.000000  7.510805e-10
5970.000000  7.653659e-10
5990.000000  7.506572e-10
6010.000000  7.365280e-10
6030.000000  7.532643e-10
6050.000000  7.671161e-10
6070.000000  7.627539e-10
6090.000000  7.302173e-10
6110.000000  7.333303e-10
6130.000000  6.961379e-10
6150.000000  7.191098e-10
6170.000000  6.915134e-10
6190.000000  7.345778e-10
6210.000000  7.316918e-10
6230.000000  7.075441e-10
6250.000000  6.820476e-10
6270.000000  7.155013e-10
6290.000000  7.259098e-10
6310.000000  7.035605e-10
6330.000000  7.120313e-10
6350.000000  7.132701e-10
6370.000000  7.085757e-10
6390.000000  7.204201e-10
6410.000000  7.061682e-10
6430.000000  7.133429e-10
6450.000000  7.108554e-10
6470.000000  7.087660e-10
6490.000000  6.910265e-10
6510.000000  7.114065e-10
6530.000000  7.146981e-10
6550.000000  7.047151e-10
6570.000000  6.796563e-10
6590.000000  7.068504e-10
6610.000000  7.116643e-10
6630.000000  7.075608e-10
6650.000000  7.062021e-10
6670.000000  6.945829e-10
6690.000000  7.141049e-10
6710.000000  6.893353e-10
6730.000000  7.120800e-10
6750.000000  6.987448e-10
6770.000000  7.025502e-10
6790.000000  6.975737e-10
6810.000000  6.945802e-10
6830.000000  7.028444e-10
6850.000000  6.818717e-10
6870.000000  6.915743e-10
6890.000000  6.980962e-10
6910.000000  6.912084e-10
6930.000000  6.826161e-10
6950.000000  6.723488e-10
6970.000000  6.761768e-10
6990.000000  6.693660e-10
7010.000000  6.507919e-10
7030.000000  6.652593e-10
7050.000000  6.736990e-10
7070.000000  6.620337e-10
7090.000000  6.590118e-10
7110.000000  6.556076e-10
7130.000000  6.421966e-10
7150.000000  6.404034e-10
7170.000000  6.465556e-10
7190.000000  6.245707e-10
7210.000000  6.406178e-10
7230.000000  6.491513e-10
7250.000000  6.484699e-10
7270.000000  6.440566e-10
7290.000000  6.237094e-10
7310.000000  6.352262e-10
7330.000000  6.342539e-10
7350.000000  6.325180e-10
7370.000000  6.427367e-10
7390.000000  6.273122e-10
7410.000000  6.221359e-10
7430.000000  6.295735e-10
7450.000000  6.302168e-10
7470.000000  6.322157e-10
7490.000000  6.261231e-10
7510.000000  6.319907e-10
7530.000000  6.341915e-10
7550.000000  6.371358e-10
7570.000000  6.305064e-10
7590.000000  6.278671e-10
7610.000000  6.277356e-10
7630.000000  6.301062e-10
7650.000000  6.301482e-10
7670.000000  6.097765e-10
7690.000000  6.280632e-10
7710.000000  6.152604e-10
7730.000000  6.160185e-10
7750.000000  6.111441e-10
7770.000000  6.248406e-10
7790.000000  6.219226e-10
7810.000000  6.196873e-10
7830.000000  6.132616e-10
7850.000000  6.096160e-10
7870.000000  6.096949e-10
7890.000000  5.921608e-10
7910.000000  5.752780e-10
7930.000000  5.729522e-10
7950.000000  5.656452e-10
7970.000000  5.849829e-10
7990.000000  5.832201e-10
8010.000000  5.802031e-10
8030.000000  5.810101e-10
8050.000000  5.745620e-10
8070.000000  5.716881e-10
8090.000000  5.557043e-10
8110.000000  5.555657e-10
8130.000000  5.625386e-10
8150.000000  5.611096e-10
8170.000000  5.621399e-10
8190.000000  5.509406e-10
8210.000000  5.503697e-10
8230.000000  5.540105e-10
8250.000000  5.593242e-10
8270.000000  5.639785e-10
8290.000000  5.592909e-10
8310.000000  5.398483e-10
8330.000000  5.412148e-10
8350.000000  5.424984e-10
8370.000000  5.468376e-10
8390.000000  5.303128e-10
8410.000000  5.477065e-10
8430.000000  5.333030e-10
8450.000000  5.440961e-10
8470.000000  5.406960e-10
8490.000000  5.372973e-10
8510.000000  5.097176e-10
8530.000000  5.280381e-10
8550.000000  4.485352e-10
8570.000000  5.419372e-10
8590.000000  5.335864e-10
8610.000000  5.339982e-10
8630.000000  5.382987e-10
8650.000000  5.331151e-10
8670.000000  4.544856e-10
8690.000000  5.169087e-10
8710.000000  5.287852e-10
8730.000000  5.305461e-10
8750.000000  5.242576e-10
8770.000000  5.313704e-10
8790.000000  5.262488e-10
8810.000000  5.131791e-10
8830.000000  5.217735e-10
8850.000000  5.258049e-10
8870.000000  5.151660e-10
8890.000000  5.242805e-10
8910.000000  5.280510e-10
8930.000000  5.150476e-10
8950.000000  5.131917e-10
8970.000000  5.142708e-10
8990.000000  5.160689e-10
9010.000000  4.960686e-10
9030.000000  5.093129e-10
9050.000000  5.184682e-10
9070.000000  5.122182e-10
9090.000000  4.951060e-10
9110.000000  4.940990e-10
9130.000000  5.063308e-10
9150.000000  4.768843e-10
9170.000000  4.656396e-10
9190.000000  4.694565e-10
9210.000000  4.579786e-10
9230.000000  4.636314e-10
9250.000000  4.613021e-10
9270.000000  4.682910e-10
9290.000000  4.627390e-10
9310.000000  4.731831e-10
9330.000000  4.728975e-10
9350.000000  4.677852e-10
9370.000000  4.648486e-10
9390.000000  4.580609e-10
9410.000000  4.467300e-10
9430.000000  4.522337e-10
9450.000000  4.435159e-10
9470.000000  4.550972e-10
9490.000000  4.531872e-10
9510.000000  4.590436e-10
9530.000000  4.542791e-10
9550.000000  4.516117e-10
9570.000000  4.521065e-10
9590.000000  4.570040e-10
9610.000000  4.523156e-10
9630.000000  4.489716e-10
9650.000000  4.420890e-10
9670.000000  4.405258e-10
9690.000000  4.479013e-10
9710.000000  4.446377e-10
9730.000000  4.442618e-10
9750.000000  4.406951e-10
9770.000000  4.422777e-10
9790.000000  4.346728e-10
9810.000000  4.453401e-10
9830.000000  4.431955e-10
9850.000000  4.451484e-10
9870.000000  4.428211e-10
9890.000000  4.442419e-10
9910.000000  4.394022e-10
9930.000000  4.436818e-10
9950.000000  4.407854e-10
9970.000000  4.420785e-10
9990.000000  4.411258e-10
10025.000000  4.372430e-10
10075.000000  4.331295e-10
10125.000000  4.324853e-10
10175.000000  4.257898e-10
10225.000000  4.258824e-10
10275.000000  4.258557e-10
10325.000000  4.180363e-10
10375.000000  4.154662e-10
10425.000000  4.159728e-10
10475.000000  4.111493e-10
10525.000000  4.104287e-10
10575.000000  4.061301e-10
10625.000000  4.032334e-10
10675.000000  3.958334e-10
10725.000000  3.955665e-10
10775.000000  3.912091e-10
10825.000000  3.848600e-10
10875.000000  3.801468e-10
10925.000000  3.735643e-10
10975.000000  3.502385e-10
11025.000000  3.486160e-10
11075.000000  3.530946e-10
11125.000000  3.517244e-10
11175.000000  3.548264e-10
11225.000000  3.535299e-10
11275.000000  3.479116e-10
11325.000000  3.509020e-10
11375.000000  3.433911e-10
11425.000000  3.441964e-10
11475.000000  3.474808e-10
11525.000000  3.464136e-10
11575.000000  3.420038e-10
11625.000000  3.374536e-10
11675.000000  3.377936e-10
11725.000000  3.413155e-10
11775.000000  3.347180e-10
11825.000000  3.322838e-10
11875.000000  3.284181e-10
11925.000000  3.336213e-10
11975.000000  3.209113e-10
12025.000000  3.256955e-10
12075.000000  3.220003e-10
12125.000000  3.220969e-10
12175.000000  3.227917e-10
12225.000000  3.209014e-10
12275.000000  3.183551e-10
12325.000000  3.161205e-10
12375.000000  3.142540e-10
12425.000000  3.114432e-10
12475.000000  3.116087e-10
12525.000000  3.082902e-10
12575.000000  3.071310e-10
12625.000000  3.056593e-10
12675.000000  3.021281e-10
12725.000000  3.022076e-10
12775.000000  3.017960e-10
12825.000000  2.913103e-10
12875.000000  2.956103e-10
12925.000000  2.919749e-10
12975.000000  2.939928e-10
13025.000000  2.904643e-10
13075.000000  2.911274e-10
13125.000000  2.861683e-10
13175.000000  2.845773e-10
13225.000000  2.851992e-10
13275.000000  2.800790e-10
13325.000000  2.815436e-10
13375.000000  2.793614e-10
13425.000000  2.801101e-10
13475.000000  2.781566e-10
13525.000000  2.771753e-10
13575.000000  2.720761e-10
13625.000000  2.709937e-10
13675.000000  2.707196e-10
13725.000000  2.706050e-10
13775.000000  2.687865e-10
13825.000000  2.682191e-10
13875.000000  2.657456e-10
13925.000000  2.651434e-10
13975.000000  2.632010e-10
14025.000000  2.595869e-10
14075.000000  2.558619e-10
14125.000000  2.482530e-10
14175.000000  2.485153e-10
14225.000000  2.452203e-10
14275.000000  2.416710e-10
14325.000000  2.457399e-10
14375.000000  2.470621e-10
14425.000000  2.393854e-10
14475.000000  2.459563e-10
14525.000000  2.394621e-10
14570.000000  2.391957e-10
14620.000000  2.369455e-10
14675.000000  2.351980e-10
14725.000000  2.319484e-10
14775.000000  2.332881e-10
14825.000000  2.325496e-10
14875.000000  2.309003e-10
14925.000000  2.349967e-10
14975.000000  2.323967e-10
15025.000000  2.278078e-10
15075.000000  2.262278e-10
15125.000000  2.277853e-10
15175.000000  2.289712e-10
15225.000000  2.265424e-10
15275.000000  2.271487e-10
15325.000000  2.262830e-10
15375.000000  2.265382e-10
15425.000000  2.253650e-10
15475.000000  2.250710e-10
15525.000000  2.213718e-10
15575.000000  2.187470e-10
15625.000000  2.231393e-10
15675.000000  2.174641e-10
15725.000000  2.182041e-10
15775.000000  2.110208e-10
15825.000000  2.142146e-10
15875.000000  2.056772e-10
15925.000000  2.114301e-10
15975.000000  2.130068e-10
16050.000000  2.106613e-10
16150.000000  2.066293e-10
16250.000000  2.071255e-10
16350.000000  2.046263e-10
16450.000000  1.974060e-10
16550.000000  1.990306e-10
16650.000000  1.942893e-10
16750.000000  1.904732e-10
16850.000000  1.837260e-10
16950.000000  1.862292e-10
17050.000000  1.794539e-10
17150.000000  1.776021e-10
17250.000000  1.727058e-10
17350.000000  1.663379e-10
17450.000000  1.666898e-10
17550.000000  1.638532e-10
17650.000000  1.611626e-10
17750.000000  1.572420e-10
17850.000000  1.553749e-10
17950.000000  1.526482e-10
18050.000000  1.487056e-10
18150.000000  1.447369e-10
18250.000000  1.429401e-10
18350.000000  1.406116e-10
18450.000000  1.369229e-10
18550.000000  1.354657e-10
18650.000000  1.315689e-10
18750.000000  1.272135e-10
18850.000000  1.276792e-10
18950.000000  1.223996e-10
19050.000000  1.238306e-10
19150.000000  1.209904e-10
19250.000000  1.193070e-10
19350.000000  1.157325e-10
19450.000000  1.121814e-10
19550.000000  1.126716e-10
19650.000000  1.100545e-10
19750.000000  1.072941e-10
19850.000000  1.060041e-10
19950.000000  1.040732e-10
20050.000000  1.033066e-10
20150.000000  1.020306e-10
20250.000000  9.893424e-11
20350.000000  9.693446e-11
20450.000000  9.663299e-11
20550.000000  9.431899e-11
20650.000000  9.235335e-11
20750.000000  9.099670e-11
20850.000000  8.946408e-11
20950.000000  8.739781e-11
21050.000000  8.689890e-11
21150.000000  8.526500e-11
21250.000000  8.373626e-11
21350.000000  8.270599e-11
21450.000000  8.126868e-11
21550.000000  8.002063e-11
21650.000000  7.735092e-11
21750.000000  7.668519e-11
21850.000000  7.575117e-11
21950.000000  7.493395e-11
22050.000000  7.291439e-11
22150.000000  7.269502e-11
22250.000000  7.092327e-11
22350.000000  6.985831e-11
22450.000000  6.884682e-11
22550.000000  6.773400e-11
22650.000000  6.639693e-11
22750.000000  6.595799e-11
22850.000000  6.436184e-11
22950.000000  5.771583e-11
23050.000000  6.008676e-11
23150.000000  5.953968e-11
23250.000000  5.346598e-11
23350.000000  5.588864e-11
23450.000000  5.608710e-11
23550.000000  4.998373e-11
23650.000000  5.287854e-11
23750.000000  5.253489e-11
23850.000000  4.744677e-11
23950.000000  4.974471e-11
24050.000000  4.999863e-11
24150.000000  4.588067e-11
24250.000000  4.726171e-11
24350.000000  4.754008e-11
24450.000000  4.483863e-11
24550.000000  4.438506e-11
24650.000000  4.574491e-11
24750.000000  4.398702e-11
24850.000000  4.217867e-11
24950.000000  4.326541e-11
