2505.000000  1.186761e-10
2513.000000  1.016044e-10
2518.000000  1.052632e-10
2525.000000  9.562123e-11
2535.000000  9.539706e-11
2545.000000  9.380203e-11
2555.000000  1.023689e-10
2565.000000  1.001323e-10
2575.000000  1.098366e-10
2585.000000  1.088245e-10
2595.000000  1.047445e-10
2605.000000  9.926914e-11
2615.000000  9.785839e-11
2625.000000  1.070467e-10
2635.000000  1.074798e-10
2645.000000  1.234424e-10
2655.000000  1.212681e-10
2665.000000  1.066429e-10
2675.000000  1.139736e-10
2685.000000  1.105133e-10
2695.000000  1.070018e-10
2705.000000  1.109695e-10
2715.000000  1.041701e-10
2725.000000  1.058761e-10
2735.000000  1.153451e-10
2745.000000  9.275818e-11
2755.000000  9.408380e-11
2765.000000  9.727357e-11
2775.000000  1.075851e-10
2785.000000  1.039356e-10
2795.000000  7.131811e-11
2805.000000  8.390148e-11
2815.000000  1.093289e-10
2825.000000  1.135588e-10
2835.000000  1.069959e-10
2845.000000  1.024466e-10
2855.000000  9.850131e-11
2865.000000  1.076513e-10
2875.000000  1.032756e-10
2885.000000  1.052413e-10
2895.000000  9.933208e-11
2910.000000  1.128947e-10
2930.000000  1.071589e-10
2950.000000  1.068374e-10
2970.000000  1.091756e-10
2990.000000  1.097449e-10
3010.000000  1.118339e-10
3030.000000  1.095104e-10
3050.000000  1.077188e-10
3070.000000  1.063355e-10
3090.000000  1.080051e-10
3110.000000  1.042348e-10
3130.000000  1.034687e-10
3150.000000  1.052748e-10
3170.000000  1.040641e-10
3190.000000  9.939038e-11
3210.000000  1.015299e-10
3230.000000  9.890868e-11
3250.000000  9.981279e-11
3270.000000  9.962801e-11
3290.000000  1.001727e-10
3310.000000  1.003714e-10
3330.000000  9.766411e-11
3350.000000  9.597060e-11
3370.000000  9.552553e-11
3390.000000  9.464883e-11
3410.000000  9.613272e-11
3430.000000  9.555235e-11
3450.000000  9.452631e-11
3470.000000  9.294414e-11
3490.000000  9.214069e-11
3510.000000  9.304440e-11
3530.000000  9.299511e-11
3550.000000  9.278589e-11
3570.000000  9.064622e-11
3590.000000  8.996648e-11
3610.000000  8.941085e-11
3630.000000  8.886759e-11
3640.000000  8.817489e-11
3650.000000  9.026409e-11
3670.000000  8.959702e-11
3690.000000  8.612301e-11
3710.000000  8.705027e-11
3730.000000  8.839718e-11
3750.000000  1.128717e-10
3770.000000  1.214280e-10
3790.000000  1.536755e-10
3810.000000  1.790262e-10
3830.000000  1.392138e-10
3850.000000  1.934988e-10
3870.000000  2.186070e-10
3890.000000  1.212843e-10
3910.000000  2.147768e-10
3930.000000  2.172412e-10
3950.000000  2.140355e-10
3970.000000  1.144849e-10
3990.000000  2.052587e-10
4010.000000  2.204795e-10
4030.000000  2.173916e-10
4050.000000  2.162762e-10
4070.000000  2.072470e-10
4090.000000  1.650672e-10
4110.000000  1.242600e-10
4130.000000  1.941392e-10
4150.000000  2.019342e-10
4170.000000  1.987206e-10
4190.000000  1.964937e-10
4210.000000  1.943925e-10
4230.000000  1.904347e-10
4250.000000  1.870973e-10
4270.000000  1.822715e-10
4290.000000  1.823972e-10
4310.000000  1.721288e-10
4330.000000  1.314359e-10
4350.000000  1.110832e-10
4370.000000  1.669378e-10
4390.000000  1.671891e-10
4410.000000  1.669397e-10
4430.000000  1.644674e-10
4450.000000  1.650880e-10
4470.000000  1.622445e-10
4490.000000  1.577937e-10
4510.000000  1.586607e-10
4530.000000  1.555669e-10
4550.000000  1.516100e-10
4570.000000  1.529718e-10
4590.000000  1.488902e-10
4610.000000  1.502521e-10
4630.000000  1.450581e-10
4650.000000  1.461705e-10
4670.000000  1.435745e-10
4690.000000  1.402332e-10
4710.000000  1.356567e-10
4730.000000  1.382567e-10
4750.000000  1.362793e-10
4770.000000  1.347947e-10
4790.000000  1.328162e-10
4810.000000  1.297228e-10
4830.000000  1.245268e-10
4850.000000  9.733928e-11
4870.000000  7.798663e-11
4890.000000  1.175755e-10
4910.000000  1.213392e-10
4930.000000  1.196209e-10
4950.000000  1.195597e-10
4970.000000  1.189173e-10
4990.000000  1.167277e-10
5010.000000  1.131167e-10
5030.000000  1.128702e-10
5050.000000  1.106198e-10
5070.000000  1.109170e-10
5090.000000  1.095815e-10
5110.000000  1.079989e-10
5130.000000  1.069348e-10
5150.000000  1.046472e-10
5170.000000  1.025688e-10
5190.000000  1.017032e-10
5210.000000  1.010488e-10
5230.000000  9.893362e-11
5250.000000  9.930546e-11
5270.000000  9.613826e-11
5290.000000  9.726446e-11
5310.000000  9.476661e-11
5330.000000  9.370177e-11
5350.000000  9.411142e-11
5370.000000  9.266435e-11
5390.000000  9.157615e-11
5410.000000  8.991877e-11
5430.000000  8.930079e-11
5450.000000  8.884354e-11
5470.000000  8.766885e-11
5490.000000  8.681561e-11
5510.000000  8.570287e-11
5530.000000  8.476254e-11
5550.000000  8.404559e-11
5570.000000  8.303152e-11
5590.000000  8.224004e-11
5610.000000  8.157238e-11
5630.000000  8.065739e-11
5650.000000  7.942093e-11
5670.000000  7.862916e-11
5690.000000  7.796149e-11
5710.000000  7.717011e-11
5730.000000  7.639130e-11
5750.000000  7.541415e-11
5770.000000  7.464752e-11
5790.000000  7.368304e-11
5810.000000  7.299043e-11
5830.000000  7.222380e-11
5850.000000  7.150645e-11
5870.000000  7.055454e-11
5890.000000  6.935451e-11
5910.000000  6.915696e-11
5930.000000  6.850147e-11
5950.000000  6.741337e-11
5970.000000  6.691861e-11
5990.000000  6.601579e-11
6010.000000  6.545907e-11
6030.000000  6.492750e-11
6050.000000  6.412375e-11
6070.000000  6.355496e-11
6090.000000  6.288709e-11
6110.000000  6.223170e-11
6130.000000  6.151435e-11
6150.000000  5.988171e-11
6170.000000  6.020347e-11
6190.000000  5.973375e-11
6210.000000  5.912775e-11
6230.000000  5.843514e-11
6250.000000  5.726025e-11
6270.000000  5.734705e-11
6290.000000  5.676578e-11
6310.000000  5.599905e-11
6330.000000  5.557862e-11
6350.000000  5.425546e-11
6370.000000  5.399576e-11
6390.000000  5.387205e-11
6410.000000  5.321646e-11
6430.000000  5.279612e-11
6450.000000  5.169506e-11
6470.000000  5.170773e-11
6490.000000  5.080481e-11
6510.000000  5.016169e-11
6530.000000  4.873887e-11
6550.000000  4.219525e-11
6570.000000  3.382303e-11
6590.000000  4.600507e-11
6610.000000  4.761396e-11
6630.000000  4.756487e-11
6650.000000  4.728052e-11
6670.000000  4.684772e-11
6690.000000  4.648914e-11
6710.000000  4.609346e-11
6730.000000  4.553694e-11
6750.000000  4.517826e-11
6770.000000  4.480742e-11
6790.000000  4.436214e-11
6810.000000  4.395408e-11
6830.000000  4.347179e-11
6850.000000  4.310074e-11
6870.000000  4.271743e-11
6890.000000  4.233411e-11
6910.000000  4.191358e-11
6930.000000  4.149305e-11
6950.000000  4.114684e-11
6970.000000  4.076343e-11
6990.000000  4.041722e-11
7010.000000  3.984813e-11
7030.000000  3.965039e-11
7050.000000  3.923006e-11
7070.000000  3.893314e-11
7090.000000  3.861158e-11
7110.000000  3.789394e-11
7130.000000  3.780763e-11
7150.000000  3.747380e-11
7170.000000  3.717708e-11
7190.000000  3.684315e-11
7210.000000  3.653396e-11
7230.000000  3.616292e-11
7250.000000  3.577950e-11
7270.000000  3.556929e-11
7290.000000  3.521061e-11
7310.000000  3.488915e-11
7330.000000  3.461708e-11
7350.000000  3.433263e-11
7370.000000  3.403592e-11
7390.000000  3.371426e-11
7410.000000  3.338033e-11
7430.000000  3.291031e-11
7450.000000  3.271256e-11
7470.000000  3.229203e-11
7490.000000  3.215595e-11
7510.000000  3.189644e-11
7530.000000  3.169850e-11
7550.000000  3.145117e-11
7570.000000  3.116682e-11
7590.000000  3.090702e-11
7610.000000  3.065969e-11
7630.000000  3.038762e-11
7650.000000  3.009080e-11
7670.000000  2.981873e-11
7690.000000  2.958377e-11
7710.000000  2.931169e-11
7730.000000  2.911375e-11
7750.000000  2.885415e-11
7770.000000  2.796360e-11
7790.000000  2.838413e-11
7810.000000  2.816154e-11
7830.000000  2.788937e-11
7850.000000  2.756791e-11
7870.000000  2.725872e-11
7890.000000  2.694953e-11
7910.000000  2.690005e-11
7930.000000  2.673932e-11
7950.000000  2.629404e-11
7970.000000  2.633126e-11
7990.000000  2.568814e-11
8010.000000  2.589825e-11
8030.000000  2.566339e-11
8050.000000  2.546555e-11
8070.000000  2.525523e-11
8090.000000  2.505729e-11
8110.000000  2.483480e-11
8130.000000  2.466170e-11
8150.000000  2.447613e-11
8170.000000  2.427828e-11
8190.000000  2.388240e-11
8210.000000  2.375868e-11
8230.000000  2.349898e-11
8250.000000  2.349898e-11
8270.000000  2.351145e-11
8290.000000  2.327639e-11
8310.000000  2.315268e-11
8330.000000  2.285586e-11
8350.000000  2.279410e-11
8370.000000  2.263337e-11
8390.000000  2.242306e-11
8410.000000  2.218820e-11
8430.000000  2.196561e-11
8450.000000  2.147085e-11
8470.000000  2.131012e-11
8490.000000  2.152024e-11
8510.000000  2.050607e-11
8530.000000  2.143364e-11
8550.000000  1.935572e-11
8570.000000  2.156952e-11
8590.000000  1.991244e-11
8610.000000  1.941778e-11
8630.000000  2.166850e-11
8650.000000  2.062959e-11
8670.000000  1.706769e-11
8690.000000  2.096322e-11
8710.000000  2.194057e-11
8730.000000  2.088909e-11
8750.000000  1.625147e-11
8770.000000  1.973904e-11
8790.000000  2.181705e-11
8810.000000  2.195324e-11
8830.000000  2.117374e-11
8850.000000  1.853920e-11
8870.000000  1.558361e-11
8890.000000  2.006060e-11
8910.000000  2.108753e-11
8930.000000  2.116186e-11
8950.000000  2.118680e-11
8970.000000  2.076607e-11
8990.000000  1.957831e-11
9010.000000  1.523721e-11
9030.000000  1.670902e-11
9050.000000  1.954139e-11
9070.000000  1.972716e-11
9090.000000  1.967768e-11
9110.000000  1.988819e-11
9130.000000  1.982643e-11
9150.000000  1.973983e-11
9170.000000  1.941817e-11
9190.000000  1.878723e-11
9210.000000  1.721605e-11
9230.000000  1.320908e-11
9250.000000  1.644932e-11
9270.000000  1.772348e-11
9290.000000  1.854009e-11
9310.000000  1.857731e-11
9330.000000  1.844122e-11
9350.000000  1.836709e-11
9370.000000  1.826812e-11
9390.000000  1.797130e-11
9410.000000  1.758769e-11
9430.000000  1.777336e-11
9450.000000  1.766202e-11
9470.000000  1.746417e-11
9490.000000  1.721674e-11
9510.000000  1.668477e-11
9530.000000  1.500235e-11
9550.000000  1.192288e-11
9570.000000  1.515080e-11
9590.000000  1.631372e-11
9610.000000  1.643744e-11
9630.000000  1.617784e-11
9650.000000  1.641279e-11
9670.000000  1.619021e-11
9690.000000  1.616546e-11
9710.000000  1.615319e-11
9730.000000  1.601720e-11
9750.000000  1.588112e-11
9770.000000  1.579462e-11
9790.000000  1.567090e-11
9810.000000  1.554719e-11
9830.000000  1.537399e-11
9850.000000  1.527511e-11
9870.000000  1.516367e-11
9890.000000  1.496583e-11
9910.000000  1.495346e-11
9930.000000  1.481747e-11
9950.000000  1.470612e-11
9970.000000  1.459478e-11
9990.000000  1.438456e-11
10025.000000  1.289999e-11
10075.000000  1.218023e-11
10125.000000  1.360526e-11
10175.000000  1.359309e-11
10225.000000  1.343226e-11
10275.000000  1.319730e-11
10325.000000  1.296224e-11
10375.000000  1.273965e-11
10425.000000  1.252942e-11
10475.000000  1.225349e-11
10525.000000  1.204699e-11
10575.000000  1.187755e-11
10625.000000  1.170070e-11
10675.000000  1.134814e-11
10725.000000  1.125790e-11
10775.000000  1.109338e-11
10825.000000  1.088560e-11
10875.000000  1.057755e-11
10925.000000  8.828544e-12
10975.000000  9.663421e-12
11025.000000  1.017690e-11
11075.000000  1.008048e-11
11125.000000  9.937009e-12
11175.000000  9.783652e-12
11225.000000  9.631522e-12
11275.000000  9.332152e-12
11325.000000  9.212179e-12
11375.000000  9.162742e-12
11425.000000  9.008119e-12
11475.000000  8.900556e-12
11525.000000  8.765756e-12
11575.000000  8.625978e-12
11625.000000  8.435468e-12
11675.000000  8.282071e-12
11725.000000  8.236386e-12
11775.000000  8.013689e-12
11825.000000  7.950624e-12
11875.000000  7.809609e-12
11925.000000  7.755254e-12
11975.000000  7.605559e-12
12025.000000  7.511575e-12
12075.000000  7.390345e-12
12125.000000  7.282753e-12
12175.000000  7.187532e-12
12225.000000  7.076208e-12
12275.000000  6.962411e-12
12325.000000  6.867180e-12
12375.000000  6.771949e-12
12425.000000  6.685378e-12
12475.000000  6.556735e-12
12525.000000  6.488712e-12
12575.000000  6.361295e-12
12625.000000  6.290788e-12
12675.000000  6.204217e-12
12725.000000  6.089192e-12
12775.000000  5.814535e-12
12825.000000  4.968494e-12
12875.000000  5.710654e-12
12925.000000  5.760190e-12
12975.000000  5.704538e-12
13025.000000  5.636525e-12
13075.000000  5.559841e-12
13125.000000  5.483148e-12
13175.000000  5.385443e-12
13225.000000  5.334730e-12
13275.000000  5.261758e-12
13325.000000  5.191260e-12
13375.000000  5.120753e-12
13425.000000  5.047791e-12
13475.000000  4.979748e-12
13525.000000  4.904291e-12
13575.000000  4.842454e-12
13625.000000  4.780616e-12
13675.000000  4.711356e-12
13725.000000  4.640828e-12
13775.000000  4.596321e-12
13825.000000  4.536948e-12
13875.000000  4.481296e-12
13925.000000  4.415737e-12
13975.000000  4.362559e-12
14025.000000  4.308135e-12
14075.000000  4.253710e-12
14125.000000  4.196811e-12
14175.000000  4.143634e-12
14225.000000  4.090446e-12
14275.000000  4.038496e-12
14325.000000  3.987783e-12
14375.000000  3.938307e-12
14425.000000  3.852934e-12
14475.000000  3.838117e-12
14525.000000  3.773786e-12
14570.000000  3.747825e-12
14620.000000  3.702051e-12
14675.000000  3.659998e-12
14725.000000  3.613006e-12
14775.000000  3.558572e-12
14825.000000  3.525178e-12
14875.000000  3.473218e-12
14925.000000  3.447268e-12
14975.000000  3.399029e-12
15025.000000  3.356966e-12
15075.000000  3.314913e-12
15125.000000  3.281530e-12
15175.000000  3.240714e-12
15225.000000  3.203599e-12
15275.000000  3.160309e-12
15325.000000  3.119493e-12
15375.000000  3.088574e-12
15425.000000  3.027954e-12
15475.000000  3.013118e-12
15525.000000  2.974776e-12
15575.000000  2.894382e-12
15625.000000  2.938899e-12
15675.000000  2.842431e-12
15725.000000  2.769449e-12
15775.000000  2.846123e-12
15825.000000  2.809028e-12
15875.000000  2.586391e-12
15925.000000  2.703890e-12
15975.000000  2.747181e-12
16050.000000  2.650703e-12
16150.000000  2.496089e-12
16250.000000  2.609897e-12
16350.000000  2.471346e-12
16450.000000  2.316732e-12
16550.000000  2.449107e-12
16650.000000  2.398394e-12
16750.000000  2.253658e-12
16850.000000  2.108931e-12
16950.000000  2.241306e-12
17050.000000  2.200490e-12
17150.000000  2.153488e-12
17250.000000  2.086692e-12
17350.000000  1.846705e-12
17450.000000  1.970410e-12
17550.000000  1.967946e-12
17650.000000  1.930841e-12
17750.000000  1.892510e-12
17850.000000  1.852921e-12
17950.000000  1.817053e-12
18050.000000  1.761392e-12
18150.000000  1.578304e-12
18250.000000  1.650058e-12
18350.000000  1.667378e-12
18450.000000  1.638934e-12
18550.000000  1.599355e-12
18650.000000  1.557292e-12
18750.000000  1.390297e-12
18850.000000  1.490496e-12
18950.000000  1.476897e-12
19050.000000  1.454638e-12
19150.000000  1.424957e-12
19250.000000  1.395255e-12
19350.000000  1.351965e-12
19450.000000  1.206370e-12
19550.000000  1.301252e-12
19650.000000  1.291365e-12
19750.000000  1.269096e-12
19850.000000  1.245598e-12
19950.000000  1.222097e-12
20050.000000  1.199339e-12
20150.000000  1.177197e-12
20250.000000  1.155303e-12
20350.000000  1.133781e-12
20450.000000  1.113249e-12
20550.000000  1.092963e-12
20650.000000  1.072552e-12
20750.000000  1.053380e-12
20850.000000  1.034579e-12
20950.000000  1.016025e-12
21050.000000  9.975954e-13
21150.000000  9.782979e-13
21250.000000  9.612282e-13
21350.000000  9.440348e-13
21450.000000  9.270879e-13
21550.000000  9.024706e-13
21650.000000  8.105594e-13
21750.000000  8.643714e-13
21850.000000  8.637568e-13
21950.000000  8.516377e-13
22050.000000  8.367929e-13
22150.000000  8.219501e-13
22250.000000  8.089640e-13
22350.000000  7.953574e-13
22450.000000  7.819991e-13
22550.000000  7.685152e-13
22650.000000  7.561457e-13
22750.000000  7.435298e-13
22850.000000  7.317789e-13
22950.000000  7.197795e-13
23050.000000  7.082770e-13
23150.000000  6.967735e-13
23250.000000  6.856412e-13
23350.000000  6.746325e-13
23450.000000  6.638713e-13
23550.000000  6.533566e-13
23650.000000  6.429675e-13
23750.000000  6.328239e-13
23850.000000  6.228040e-13
23950.000000  6.129097e-13
24050.000000  6.030136e-13
24150.000000  5.936132e-13
24250.000000  5.845830e-13
24350.000000  5.753064e-13
24450.000000  5.660288e-13
24550.000000  5.576181e-13
24650.000000  5.483405e-13
24750.000000  5.399299e-13
24850.000000  5.327554e-13
24950.000000  5.205097e-13
