2505.000000  2.495731e-11
2513.000000  1.890088e-11
2518.000000  1.965603e-11
2525.000000  1.641819e-11
2535.000000  1.501967e-11
2545.000000  1.536560e-11
2555.000000  1.917439e-11
2565.000000  1.737461e-11
2575.000000  2.060200e-11
2585.000000  1.997936e-11
2595.000000  1.867269e-11
2605.000000  1.672283e-11
2615.000000  1.538950e-11
2625.000000  2.023540e-11
2635.000000  2.299443e-11
2645.000000  3.044525e-11
2655.000000  3.192119e-11
2665.000000  2.511981e-11
2675.000000  2.824112e-11
2685.000000  2.784964e-11
2695.000000  2.528783e-11
2705.000000  2.742953e-11
2715.000000  2.389547e-11
2725.000000  2.434810e-11
2735.000000  2.689665e-11
2745.000000  1.697088e-11
2755.000000  1.970520e-11
2765.000000  2.213111e-11
2775.000000  2.664682e-11
2785.000000  2.214099e-11
2795.000000  8.632746e-12
2805.000000  1.146636e-11
2815.000000  2.689496e-11
2825.000000  3.155831e-11
2835.000000  2.962138e-11
2845.000000  2.805518e-11
2855.000000  2.466683e-11
2865.000000  3.011648e-11
2875.000000  2.930357e-11
2885.000000  2.975510e-11
2895.000000  2.788935e-11
2910.000000  3.391543e-11
2930.000000  3.177008e-11
2950.000000  3.138953e-11
2970.000000  3.359712e-11
2990.000000  3.382067e-11
3010.000000  3.500819e-11
3030.000000  3.455057e-11
3050.000000  3.460206e-11
3070.000000  3.516209e-11
3090.000000  3.624692e-11
3110.000000  3.489516e-11
3130.000000  3.460110e-11
3150.000000  3.616563e-11
3170.000000  3.599756e-11
3190.000000  3.327799e-11
3210.000000  3.494456e-11
3230.000000  3.284979e-11
3250.000000  3.496607e-11
3270.000000  3.614669e-11
3290.000000  3.636038e-11
3310.000000  3.731734e-11
3330.000000  3.638805e-11
3350.000000  3.594374e-11
3370.000000  3.523746e-11
3390.000000  3.581818e-11
3410.000000  3.618781e-11
3430.000000  3.668544e-11
3450.000000  3.654142e-11
3470.000000  3.598476e-11
3490.000000  3.590321e-11
3510.000000  3.697415e-11
3530.000000  3.672289e-11
3550.000000  3.825893e-11
3570.000000  3.599874e-11
3590.000000  3.584165e-11
3610.000000  3.614336e-11
3630.000000  3.660700e-11
3640.000000  3.600131e-11
3650.000000  3.807921e-11
3670.000000  3.745646e-11
3690.000000  3.618166e-11
3710.000000  4.052546e-11
3730.000000  4.373406e-11
3750.000000  5.605809e-11
3770.000000  6.073606e-11
3790.000000  7.412676e-11
3810.000000  8.600203e-11
3830.000000  6.804614e-11
3850.000000  9.378067e-11
3870.000000  1.043454e-10
3890.000000  6.369103e-11
3910.000000  1.021362e-10
3930.000000  8.070318e-11
3950.000000  9.975568e-11
3970.000000  5.572403e-11
3990.000000  1.017034e-10
4010.000000  1.121348e-10
4030.000000  1.113722e-10
4050.000000  1.099526e-10
4070.000000  1.057944e-10
4090.000000  8.875689e-11
4110.000000  6.916697e-11
4130.000000  1.021803e-10
4150.000000  1.077540e-10
4170.000000  1.063600e-10
4190.000000  1.055502e-10
4210.000000  1.051834e-10
4230.000000  1.022877e-10
4250.000000  1.029995e-10
4270.000000  9.895125e-11
4290.000000  9.955709e-11
4310.000000  9.156860e-11
4330.000000  7.575418e-11
4350.000000  6.504859e-11
4370.000000  9.435864e-11
4390.000000  9.537807e-11
4410.000000  9.370719e-11
4430.000000  9.280263e-11
4450.000000  9.394306e-11
4470.000000  9.354339e-11
4490.000000  9.266459e-11
4510.000000  9.527219e-11
4530.000000  9.079702e-11
4550.000000  8.954748e-11
4570.000000  9.260317e-11
4590.000000  8.866657e-11
4610.000000  9.063093e-11
4630.000000  8.788828e-11
4650.000000  8.850465e-11
4670.000000  8.834724e-11
4690.000000  8.506979e-11
4710.000000  8.199338e-11
4730.000000  8.544390e-11
4750.000000  8.531577e-11
4770.000000  8.371624e-11
4790.000000  8.289644e-11
4810.000000  8.125831e-11
4830.000000  7.833381e-11
4850.000000  6.313469e-11
4870.000000  5.079754e-11
4890.000000  7.370145e-11
4910.000000  7.653478e-11
4930.000000  7.533081e-11
4950.000000  7.677072e-11
4970.000000  7.711518e-11
4990.000000  7.388481e-11
5010.000000  7.124113e-11
5030.000000  7.331880e-11
5050.000000  7.197901e-11
5070.000000  7.314800e-11
5090.000000  7.191468e-11
5110.000000  7.177520e-11
5130.000000  7.010197e-11
5150.000000  6.852071e-11
5170.000000  6.730726e-11
5190.000000  6.655497e-11
5210.000000  6.663462e-11
5230.000000  6.613609e-11
5250.000000  6.709263e-11
5270.000000  6.275872e-11
5290.000000  6.548918e-11
5310.000000  6.457628e-11
5330.000000  6.226109e-11
5350.000000  6.401124e-11
5370.000000  6.325018e-11
5390.000000  6.251074e-11
5410.000000  6.113318e-11
5430.000000  6.134025e-11
5450.000000  6.167275e-11
5470.000000  6.081136e-11
5490.000000  6.047254e-11
5510.000000  5.995448e-11
5530.000000  5.936121e-11
5550.000000  5.935185e-11
5570.000000  5.833908e-11
5590.000000  5.766331e-11
5610.000000  5.755584e-11
5630.000000  5.746687e-11
5650.000000  5.671911e-11
5670.000000  5.581178e-11
5690.000000  5.584470e-11
5710.000000  5.528634e-11
5730.000000  5.564164e-11
5750.000000  5.468429e-11
5770.000000  5.441212e-11
5790.000000  5.377267e-11
5810.000000  5.348041e-11
5830.000000  5.316840e-11
5850.000000  5.249214e-11
5870.000000  5.213726e-11
5890.000000  5.089188e-11
5910.000000  5.126845e-11
5930.000000  5.082360e-11
5950.000000  5.040602e-11
5970.000000  5.006382e-11
5990.000000  4.941680e-11
6010.000000  4.872850e-11
6030.000000  4.857067e-11
6050.000000  4.829159e-11
6070.000000  4.809898e-11
6090.000000  4.749729e-11
6110.000000  4.692587e-11
6130.000000  4.606348e-11
6150.000000  4.531682e-11
6170.000000  4.515986e-11
6190.000000  4.561316e-11
6210.000000  4.530020e-11
6230.000000  4.460432e-11
6250.000000  4.334935e-11
6270.000000  4.423453e-11
6290.000000  4.389763e-11
6310.000000  4.305403e-11
6330.000000  4.292063e-11
6350.000000  4.233712e-11
6370.000000  4.206081e-11
6390.000000  4.196171e-11
6410.000000  4.123556e-11
6430.000000  4.116514e-11
6450.000000  4.036414e-11
6470.000000  4.040821e-11
6490.000000  3.959888e-11
6510.000000  3.946840e-11
6530.000000  3.855657e-11
6550.000000  3.414094e-11
6570.000000  2.737619e-11
6590.000000  3.660080e-11
6610.000000  3.790769e-11
6630.000000  3.802248e-11
6650.000000  3.781234e-11
6670.000000  3.745870e-11
6690.000000  3.738108e-11
6710.000000  3.705860e-11
6730.000000  3.679502e-11
6750.000000  3.629796e-11
6770.000000  3.631291e-11
6790.000000  3.598782e-11
6810.000000  3.571807e-11
6830.000000  3.536010e-11
6850.000000  3.507913e-11
6870.000000  3.491706e-11
6890.000000  3.466743e-11
6910.000000  3.438255e-11
6930.000000  3.409762e-11
6950.000000  3.386423e-11
6970.000000  3.357935e-11
6990.000000  3.337500e-11
7010.000000  3.281536e-11
7030.000000  3.274497e-11
7050.000000  3.257581e-11
7070.000000  3.235372e-11
7090.000000  3.211791e-11
7110.000000  3.126507e-11
7130.000000  3.141900e-11
7150.000000  3.124605e-11
7170.000000  3.100395e-11
7190.000000  3.069051e-11
7210.000000  3.055015e-11
7230.000000  3.031063e-11
7250.000000  3.006106e-11
7270.000000  2.999733e-11
7290.000000  2.957441e-11
7310.000000  2.942799e-11
7330.000000  2.923978e-11
7350.000000  2.912718e-11
7370.000000  2.895414e-11
7390.000000  2.857802e-11
7410.000000  2.821937e-11
7430.000000  2.799248e-11
7450.000000  2.788977e-11
7470.000000  2.757238e-11
7490.000000  2.746604e-11
7510.000000  2.737239e-11
7530.000000  2.723088e-11
7550.000000  2.714714e-11
7570.000000  2.688528e-11
7590.000000  2.672747e-11
7610.000000  2.652587e-11
7630.000000  2.635536e-11
7650.000000  2.610222e-11
7670.000000  2.576638e-11
7690.000000  2.568263e-11
7710.000000  2.547839e-11
7730.000000  2.540618e-11
7750.000000  2.516422e-11
7770.000000  2.456307e-11
7790.000000  2.493669e-11
7810.000000  2.473010e-11
7830.000000  2.442811e-11
7850.000000  2.418875e-11
7870.000000  2.408475e-11
7890.000000  2.387569e-11
7910.000000  2.369448e-11
7930.000000  2.346643e-11
7950.000000  2.330492e-11
7970.000000  2.340356e-11
7990.000000  2.303611e-11
8010.000000  2.300292e-11
8030.000000  2.280129e-11
8050.000000  2.268882e-11
8070.000000  2.254008e-11
8090.000000  2.235486e-11
8110.000000  2.229128e-11
8130.000000  2.216769e-11
8150.000000  2.200639e-11
8170.000000  2.186017e-11
8190.000000  2.136572e-11
8210.000000  2.131406e-11
8230.000000  2.116773e-11
8250.000000  2.107988e-11
8270.000000  2.118542e-11
8290.000000  2.102303e-11
8310.000000  2.082669e-11
8330.000000  2.047959e-11
8350.000000  2.057071e-11
8370.000000  2.042969e-11
8390.000000  2.018156e-11
8410.000000  2.007403e-11
8430.000000  1.993497e-11
8450.000000  1.954886e-11
8470.000000  1.923381e-11
8490.000000  1.975346e-11
8510.000000  1.826925e-11
8530.000000  1.972306e-11
8550.000000  1.676663e-11
8570.000000  1.993849e-11
8590.000000  1.857383e-11
8610.000000  1.801743e-11
8630.000000  1.994975e-11
8650.000000  1.928427e-11
8670.000000  1.559342e-11
8690.000000  1.919218e-11
8710.000000  2.001291e-11
8730.000000  1.936274e-11
8750.000000  1.566583e-11
8770.000000  1.864925e-11
8790.000000  1.976401e-11
8810.000000  1.975487e-11
8830.000000  1.916553e-11
8850.000000  1.762446e-11
8870.000000  1.510926e-11
8890.000000  1.858191e-11
8910.000000  1.914679e-11
8930.000000  1.912348e-11
8950.000000  1.920393e-11
8970.000000  1.887849e-11
8990.000000  1.819607e-11
9010.000000  1.482501e-11
9030.000000  1.628365e-11
9050.000000  1.813407e-11
9070.000000  1.799369e-11
9090.000000  1.774825e-11
9110.000000  1.812543e-11
9130.000000  1.819710e-11
9150.000000  1.814595e-11
9170.000000  1.789922e-11
9190.000000  1.750151e-11
9210.000000  1.642589e-11
9230.000000  1.315446e-11
9250.000000  1.581876e-11
9270.000000  1.666830e-11
9290.000000  1.724232e-11
9310.000000  1.725179e-11
9330.000000  1.714336e-11
9350.000000  1.708473e-11
9370.000000  1.701138e-11
9390.000000  1.679846e-11
9410.000000  1.619456e-11
9430.000000  1.649226e-11
9450.000000  1.641778e-11
9470.000000  1.638166e-11
9490.000000  1.621492e-11
9510.000000  1.581983e-11
9530.000000  1.474916e-11
9550.000000  1.207063e-11
9570.000000  1.478818e-11
9590.000000  1.549598e-11
9610.000000  1.547687e-11
9630.000000  1.529273e-11
9650.000000  1.543713e-11
9670.000000  1.519756e-11
9690.000000  1.515714e-11
9710.000000  1.530710e-11
9730.000000  1.519449e-11
9750.000000  1.497950e-11
9770.000000  1.502422e-11
9790.000000  1.492417e-11
9810.000000  1.483800e-11
9830.000000  1.472587e-11
9850.000000  1.455187e-11
9870.000000  1.447036e-11
9890.000000  1.431231e-11
9910.000000  1.425125e-11
9930.000000  1.422075e-11
9950.000000  1.411989e-11
9970.000000  1.404714e-11
9990.000000  1.389609e-11
10025.000000  1.281853e-11
10075.000000  1.218660e-11
10125.000000  1.324415e-11
10175.000000  1.320157e-11
10225.000000  1.308339e-11
10275.000000  1.291746e-11
10325.000000  1.266293e-11
10375.000000  1.250774e-11
10425.000000  1.233020e-11
10475.000000  1.199544e-11
10525.000000  1.189885e-11
10575.000000  1.175227e-11
10625.000000  1.159017e-11
10675.000000  1.121363e-11
10725.000000  1.118536e-11
10775.000000  1.104516e-11
10825.000000  1.085385e-11
10875.000000  1.061759e-11
10925.000000  9.185772e-12
10975.000000  9.907558e-12
11025.000000  1.030743e-11
11075.000000  1.024225e-11
11125.000000  1.007894e-11
11175.000000  9.946408e-12
11225.000000  9.837241e-12
11275.000000  9.519839e-12
11325.000000  9.409381e-12
11375.000000  9.378405e-12
11425.000000  9.186894e-12
11475.000000  9.185266e-12
11525.000000  9.070369e-12
11575.000000  8.929636e-12
11625.000000  8.693085e-12
11675.000000  8.531585e-12
11725.000000  8.591656e-12
11775.000000  8.305783e-12
11825.000000  8.270907e-12
11875.000000  8.107034e-12
11925.000000  8.161151e-12
11975.000000  7.947735e-12
12025.000000  7.902205e-12
12075.000000  7.776425e-12
12125.000000  7.685524e-12
12175.000000  7.621007e-12
12225.000000  7.507981e-12
12275.000000  7.399651e-12
12325.000000  7.311278e-12
12375.000000  7.228681e-12
12425.000000  7.155088e-12
12475.000000  7.047472e-12
12525.000000  6.946032e-12
12575.000000  6.816144e-12
12625.000000  6.761268e-12
12675.000000  6.692862e-12
12725.000000  6.593533e-12
12775.000000  6.349035e-12
12825.000000  5.480500e-12
12875.000000  6.232106e-12
12925.000000  6.262161e-12
12975.000000  6.212500e-12
13025.000000  6.145950e-12
13075.000000  6.081742e-12
13125.000000  5.990527e-12
13175.000000  5.897301e-12
13225.000000  5.858209e-12
13275.000000  5.780584e-12
13325.000000  5.717999e-12
13375.000000  5.645528e-12
13425.000000  5.579572e-12
13475.000000  5.511614e-12
13525.000000  5.429212e-12
13575.000000  5.356147e-12
13625.000000  5.313180e-12
13675.000000  5.241486e-12
13725.000000  5.129158e-12
13775.000000  5.105852e-12
13825.000000  5.050984e-12
13875.000000  5.013704e-12
13925.000000  4.928593e-12
13975.000000  4.882388e-12
14025.000000  4.826785e-12
14075.000000  4.779975e-12
14125.000000  4.709929e-12
14175.000000  4.665006e-12
14225.000000  4.599235e-12
14275.000000  4.539757e-12
14325.000000  4.502628e-12
14375.000000  4.459964e-12
14425.000000  4.308684e-12
14475.000000  4.349305e-12
14525.000000  4.248725e-12
14570.000000  4.249723e-12
14620.000000  4.190117e-12
14675.000000  4.155526e-12
14725.000000  4.094195e-12
14775.000000  4.033448e-12
14825.000000  4.002017e-12
14875.000000  3.938123e-12
14925.000000  3.940907e-12
14975.000000  3.881978e-12
15025.000000  3.823458e-12
15075.000000  3.773494e-12
15125.000000  3.758127e-12
15175.000000  3.717522e-12
15225.000000  3.674799e-12
15275.000000  3.621727e-12
15325.000000  3.577218e-12
15375.000000  3.557402e-12
15425.000000  3.455016e-12
15475.000000  3.473828e-12
15525.000000  3.445782e-12
15575.000000  3.310758e-12
15625.000000  3.418477e-12
15675.000000  3.294880e-12
15725.000000  3.174593e-12
15775.000000  3.293126e-12
15825.000000  3.272765e-12
15875.000000  2.948193e-12
15925.000000  3.163298e-12
15975.000000  3.206181e-12
16050.000000  3.102151e-12
16150.000000  2.904098e-12
16250.000000  3.060015e-12
16350.000000  2.905303e-12
16450.000000  2.705877e-12
16550.000000  2.873322e-12
16650.000000  2.818212e-12
16750.000000  2.661423e-12
16850.000000  2.476850e-12
16950.000000  2.640816e-12
17050.000000  2.580367e-12
17150.000000  2.536800e-12
17250.000000  2.450844e-12
17350.000000  2.175778e-12
17450.000000  2.320339e-12
17550.000000  2.316711e-12
17650.000000  2.270088e-12
17750.000000  2.231743e-12
17850.000000  2.183713e-12
17950.000000  2.149372e-12
18050.000000  2.083087e-12
18150.000000  1.871929e-12
18250.000000  1.961483e-12
18350.000000  1.973182e-12
18450.000000  1.937336e-12
18550.000000  1.892842e-12
18650.000000  1.845965e-12
18750.000000  1.645083e-12
18850.000000  1.765098e-12
18950.000000  1.738505e-12
19050.000000  1.727337e-12
19150.000000  1.692697e-12
19250.000000  1.657389e-12
19350.000000  1.609625e-12
19450.000000  1.440739e-12
19550.000000  1.550989e-12
19650.000000  1.536955e-12
19750.000000  1.505771e-12
19850.000000  1.482650e-12
19950.000000  1.455377e-12
20050.000000  1.429991e-12
20150.000000  1.405023e-12
20250.000000  1.377221e-12
20350.000000  1.349935e-12
20450.000000  1.330194e-12
20550.000000  1.305577e-12
20650.000000  1.279124e-12
20750.000000  1.257599e-12
20850.000000  1.236138e-12
20950.000000  1.213105e-12
21050.000000  1.192199e-12
21150.000000  1.168242e-12
21250.000000  1.148390e-12
21350.000000  1.128549e-12
21450.000000  1.111372e-12
21550.000000  1.084064e-12
21650.000000  9.757240e-13
21750.000000  1.039320e-12
21850.000000  1.034987e-12
21950.000000  1.021884e-12
22050.000000  1.001261e-12
22150.000000  9.841485e-13
22250.000000  9.712027e-13
22350.000000  9.549902e-13
22450.000000  9.392804e-13
22550.000000  9.196165e-13
22650.000000  9.072769e-13
22750.000000  8.931014e-13
22850.000000  8.783382e-13
22950.000000  8.633411e-13
23050.000000  8.514923e-13
23150.000000  8.372860e-13
23250.000000  8.248385e-13
23350.000000  8.113251e-13
23450.000000  7.989435e-13
23550.000000  7.863735e-13
23650.000000  7.742928e-13
23750.000000  7.612111e-13
23850.000000  7.493866e-13
23950.000000  7.379996e-13
24050.000000  7.259858e-13
24150.000000  7.143756e-13
24250.000000  7.044371e-13
24350.000000  6.920002e-13
24450.000000  6.814565e-13
24550.000000  6.715613e-13
24650.000000  6.606142e-13
24750.000000  6.503915e-13
24850.000000  6.422855e-13
24950.000000  6.243568e-13
