2505.000000  7.480566e-11
2513.000000  6.430879e-11
2518.000000  6.659009e-11
2525.000000  6.062093e-11
2535.000000  6.065619e-11
2545.000000  5.965306e-11
2555.000000  6.490455e-11
2565.000000  6.344929e-11
2575.000000  6.941881e-11
2585.000000  6.869005e-11
2595.000000  6.624161e-11
2605.000000  6.278660e-11
2615.000000  6.204181e-11
2625.000000  6.742279e-11
2635.000000  6.768267e-11
2645.000000  7.721822e-11
2655.000000  7.580338e-11
2665.000000  6.688534e-11
2675.000000  7.142621e-11
2685.000000  6.919872e-11
2695.000000  6.709214e-11
2705.000000  6.958679e-11
2715.000000  6.542982e-11
2725.000000  6.646682e-11
2735.000000  7.230457e-11
2745.000000  5.853763e-11
2755.000000  5.913100e-11
2765.000000  6.108019e-11
2775.000000  6.730946e-11
2785.000000  6.528098e-11
2795.000000  4.581027e-11
2805.000000  5.361842e-11
2815.000000  6.833867e-11
2825.000000  7.075600e-11
2835.000000  6.662787e-11
2845.000000  6.385304e-11
2855.000000  6.157807e-11
2865.000000  6.704685e-11
2875.000000  6.431764e-11
2885.000000  6.552885e-11
2895.000000  6.191691e-11
2910.000000  7.011857e-11
2930.000000  6.660371e-11
2950.000000  6.640626e-11
2970.000000  6.770545e-11
2990.000000  6.803586e-11
3010.000000  6.932786e-11
3030.000000  6.785840e-11
3050.000000  6.669283e-11
3070.000000  6.576182e-11
3090.000000  6.674371e-11
3110.000000  6.441146e-11
3130.000000  6.390719e-11
3150.000000  6.491392e-11
3170.000000  6.410857e-11
3190.000000  6.131013e-11
3210.000000  6.255553e-11
3230.000000  6.098825e-11
3250.000000  6.142014e-11
3270.000000  6.125895e-11
3290.000000  6.152977e-11
3310.000000  6.158927e-11
3330.000000  5.993342e-11
3350.000000  5.888050e-11
3370.000000  5.860228e-11
3390.000000  5.799559e-11
3410.000000  5.886204e-11
3430.000000  5.845608e-11
3450.000000  5.782336e-11
3470.000000  5.684428e-11
3490.000000  5.633637e-11
3510.000000  5.680829e-11
3530.000000  5.675769e-11
3550.000000  5.656548e-11
3570.000000  5.532009e-11
3590.000000  5.487581e-11
3610.000000  5.450088e-11
3630.000000  5.410429e-11
3640.000000  5.372739e-11
3650.000000  5.501366e-11
3670.000000  5.457057e-11
3690.000000  5.246186e-11
3710.000000  5.301095e-11
3730.000000  5.388161e-11
3750.000000  6.897340e-11
3770.000000  7.393218e-11
3790.000000  9.294359e-11
3810.000000  1.076738e-10
3830.000000  8.408671e-11
3850.000000  1.158442e-10
3870.000000  1.302067e-10
3890.000000  7.351724e-11
3910.000000  1.277711e-10
3930.000000  1.296151e-10
3950.000000  1.271263e-10
3970.000000  6.936011e-11
3990.000000  1.218598e-10
4010.000000  1.300458e-10
4030.000000  1.280263e-10
4050.000000  1.275165e-10
4070.000000  1.223972e-10
4090.000000  9.857970e-11
4110.000000  7.455231e-11
4130.000000  1.146466e-10
4150.000000  1.189579e-10
4170.000000  1.169834e-10
4190.000000  1.156781e-10
4210.000000  1.144420e-10
4230.000000  1.121658e-10
4250.000000  1.101791e-10
4270.000000  1.074747e-10
4290.000000  1.073725e-10
4310.000000  1.017885e-10
4330.000000  7.845993e-11
4350.000000  6.645677e-11
4370.000000  9.847586e-11
4390.000000  9.832857e-11
4410.000000  9.830418e-11
4430.000000  9.674583e-11
4450.000000  9.703529e-11
4470.000000  9.526886e-11
4490.000000  9.271529e-11
4510.000000  9.314347e-11
4530.000000  9.135269e-11
4550.000000  8.901930e-11
4570.000000  8.978209e-11
4590.000000  8.743652e-11
4610.000000  8.814216e-11
4630.000000  8.511533e-11
4650.000000  8.573942e-11
4670.000000  8.416885e-11
4690.000000  8.241089e-11
4710.000000  7.973081e-11
4730.000000  8.107266e-11
4750.000000  7.990598e-11
4770.000000  7.907384e-11
4790.000000  7.790715e-11
4810.000000  7.611638e-11
4830.000000  7.320396e-11
4850.000000  5.784785e-11
4870.000000  4.650360e-11
4890.000000  6.926108e-11
4910.000000  7.117467e-11
4930.000000  7.014785e-11
4950.000000  7.008458e-11
4970.000000  6.967824e-11
4990.000000  6.839367e-11
5010.000000  6.629447e-11
5030.000000  6.609861e-11
5050.000000  6.475650e-11
5070.000000  6.491147e-11
5090.000000  6.412252e-11
5110.000000  6.316630e-11
5130.000000  6.259280e-11
5150.000000  6.123560e-11
5170.000000  6.008203e-11
5190.000000  5.956803e-11
5210.000000  5.909759e-11
5230.000000  5.791179e-11
5250.000000  5.807408e-11
5270.000000  5.630458e-11
5290.000000  5.690701e-11
5310.000000  5.544907e-11
5330.000000  5.489846e-11
5350.000000  5.503580e-11
5370.000000  5.421303e-11
5390.000000  5.356278e-11
5410.000000  5.261069e-11
5430.000000  5.222965e-11
5450.000000  5.193305e-11
5470.000000  5.123997e-11
5490.000000  5.073290e-11
5510.000000  5.008021e-11
5530.000000  4.956462e-11
5550.000000  4.911096e-11
5570.000000  4.852518e-11
5590.000000  4.805850e-11
5610.000000  4.766117e-11
5630.000000  4.711943e-11
5650.000000  4.638024e-11
5670.000000  4.592499e-11
5690.000000  4.553909e-11
5710.000000  4.506670e-11
5730.000000  4.460124e-11
5750.000000  4.404198e-11
5770.000000  4.358917e-11
5790.000000  4.301397e-11
5810.000000  4.260848e-11
5830.000000  4.216139e-11
5850.000000  4.173632e-11
5870.000000  4.116234e-11
5890.000000  4.050113e-11
5910.000000  4.036159e-11
5930.000000  3.997691e-11
5950.000000  3.932665e-11
5970.000000  3.903784e-11
5990.000000  3.851447e-11
6010.000000  3.820241e-11
6030.000000  3.787564e-11
6050.000000  3.740775e-11
6070.000000  3.706589e-11
6090.000000  3.667427e-11
6110.000000  3.629531e-11
6130.000000  3.588167e-11
6150.000000  3.494346e-11
6170.000000  3.511803e-11
6190.000000  3.483164e-11
6210.000000  3.447470e-11
6230.000000  3.406350e-11
6250.000000  3.339328e-11
6270.000000  3.342468e-11
6290.000000  3.308160e-11
6310.000000  3.264022e-11
6330.000000  3.239302e-11
6350.000000  3.161101e-11
6370.000000  3.146538e-11
6390.000000  3.139031e-11
6410.000000  3.101135e-11
6430.000000  3.076414e-11
6450.000000  3.013554e-11
6470.000000  3.013104e-11
6490.000000  2.961339e-11
6510.000000  2.924707e-11
6530.000000  2.844963e-11
6550.000000  2.476418e-11
6570.000000  1.989225e-11
6590.000000  2.691140e-11
6610.000000  2.776711e-11
6630.000000  2.771078e-11
6650.000000  2.753414e-11
6670.000000  2.728570e-11
6690.000000  2.706173e-11
6710.000000  2.683411e-11
6730.000000  2.651062e-11
6750.000000  2.629809e-11
6770.000000  2.607862e-11
6790.000000  2.581182e-11
6810.000000  2.557727e-11
6830.000000  2.529538e-11
6850.000000  2.507591e-11
6870.000000  2.485522e-11
6890.000000  2.462882e-11
6910.000000  2.438733e-11
6930.000000  2.413440e-11
6950.000000  2.393452e-11
6970.000000  2.370812e-11
6990.000000  2.350823e-11
7010.000000  2.318353e-11
7030.000000  2.306114e-11
7050.000000  2.281393e-11
7070.000000  2.263607e-11
7090.000000  2.245005e-11
7110.000000  2.205357e-11
7130.000000  2.198787e-11
7150.000000  2.178921e-11
7170.000000  2.161706e-11
7190.000000  2.142411e-11
7210.000000  2.123931e-11
7230.000000  2.101984e-11
7250.000000  2.079916e-11
7270.000000  2.066983e-11
7290.000000  2.046302e-11
7310.000000  2.027700e-11
7330.000000  2.011872e-11
7350.000000  1.995351e-11
7370.000000  1.978136e-11
7390.000000  1.958963e-11
7410.000000  1.939668e-11
7430.000000  1.912746e-11
7450.000000  1.901078e-11
7470.000000  1.876930e-11
7490.000000  1.868158e-11
7510.000000  1.853023e-11
7530.000000  1.841357e-11
7550.000000  1.826344e-11
7570.000000  1.810395e-11
7590.000000  1.794689e-11
7610.000000  1.780819e-11
7630.000000  1.764420e-11
7650.000000  1.747205e-11
7670.000000  1.731950e-11
7690.000000  1.717631e-11
7710.000000  1.701803e-11
7730.000000  1.689564e-11
7750.000000  1.675002e-11
7770.000000  1.623930e-11
7790.000000  1.647507e-11
7810.000000  1.634453e-11
7830.000000  1.618625e-11
7850.000000  1.600024e-11
7870.000000  1.582116e-11
7890.000000  1.563636e-11
7910.000000  1.562006e-11
7930.000000  1.551847e-11
7950.000000  1.526312e-11
7970.000000  1.527820e-11
7990.000000  1.490617e-11
8010.000000  1.502406e-11
8030.000000  1.489230e-11
8050.000000  1.477563e-11
8070.000000  1.465202e-11
8090.000000  1.453535e-11
8110.000000  1.440482e-11
8130.000000  1.430202e-11
8150.000000  1.419228e-11
8170.000000  1.408133e-11
8190.000000  1.385942e-11
8210.000000  1.378436e-11
8230.000000  1.363302e-11
8250.000000  1.363874e-11
8270.000000  1.363423e-11
8290.000000  1.349676e-11
8310.000000  1.342170e-11
8330.000000  1.326098e-11
8350.000000  1.321488e-11
8370.000000  1.312472e-11
8390.000000  1.300112e-11
8410.000000  1.286364e-11
8430.000000  1.273311e-11
8450.000000  1.245001e-11
8470.000000  1.234841e-11
8490.000000  1.247205e-11
8510.000000  1.189195e-11
8530.000000  1.243496e-11
8550.000000  1.123560e-11
8570.000000  1.251125e-11
8590.000000  1.154770e-11
8610.000000  1.126459e-11
8630.000000  1.257245e-11
8650.000000  1.197280e-11
8670.000000  9.912726e-12
8690.000000  1.217148e-11
8710.000000  1.271930e-11
8730.000000  1.212415e-11
8750.000000  9.437911e-12
8770.000000  1.146209e-11
8790.000000  1.263851e-11
8810.000000  1.270334e-11
8830.000000  1.226648e-11
8850.000000  1.077229e-11
8870.000000  9.052021e-12
8890.000000  1.163666e-11
8910.000000  1.219505e-11
8930.000000  1.222522e-11
8950.000000  1.223909e-11
8970.000000  1.200903e-11
8990.000000  1.134906e-11
9010.000000  8.852141e-12
9030.000000  9.705950e-12
9050.000000  1.131109e-11
9070.000000  1.140938e-11
9090.000000  1.137592e-11
9110.000000  1.148237e-11
9130.000000  1.144198e-11
9150.000000  1.139344e-11
9170.000000  1.120742e-11
9190.000000  1.085949e-11
9210.000000  9.984543e-12
9230.000000  7.669130e-12
9250.000000  9.548885e-12
9270.000000  1.025169e-11
9290.000000  1.069792e-11
9310.000000  1.071872e-11
9330.000000  1.063672e-11
9350.000000  1.059511e-11
9370.000000  1.052820e-11
9390.000000  1.036749e-11
9410.000000  1.015252e-11
9430.000000  1.025082e-11
9450.000000  1.018841e-11
9470.000000  1.007746e-11
9490.000000  9.938769e-12
9510.000000  9.646311e-12
9530.000000  8.697519e-12
9550.000000  6.913632e-12
9570.000000  8.786445e-12
9590.000000  9.426838e-12
9610.000000  9.490458e-12
9630.000000  9.339114e-12
9650.000000  9.465150e-12
9670.000000  9.340329e-12
9690.000000  9.326459e-12
9710.000000  9.308088e-12
9730.000000  9.231808e-12
9750.000000  9.155528e-12
9770.000000  9.101270e-12
9790.000000  9.031924e-12
9810.000000  8.956862e-12
9830.000000  8.859779e-12
9850.000000  8.810018e-12
9870.000000  8.741891e-12
9890.000000  8.630940e-12
9910.000000  8.618288e-12
9930.000000  8.547723e-12
9950.000000  8.479596e-12
9970.000000  8.411469e-12
9990.000000  8.299301e-12
10025.000000  7.461454e-12
10075.000000  7.047572e-12
10125.000000  7.845273e-12
10175.000000  7.832618e-12
10225.000000  7.736750e-12
10275.000000  7.604991e-12
10325.000000  7.461804e-12
10375.000000  7.336981e-12
10425.000000  7.219093e-12
10475.000000  7.060451e-12
10525.000000  6.937213e-12
10575.000000  6.840493e-12
10625.000000  6.737898e-12
10675.000000  6.539693e-12
10725.000000  6.483925e-12
10775.000000  6.389980e-12
10825.000000  6.269478e-12
10875.000000  6.097954e-12
10925.000000  5.104270e-12
10975.000000  5.580926e-12
11025.000000  5.860123e-12
11075.000000  5.802602e-12
11125.000000  5.718729e-12
11175.000000  5.629311e-12
11225.000000  5.541157e-12
11275.000000  5.372771e-12
11325.000000  5.303790e-12
11375.000000  5.273192e-12
11425.000000  5.184795e-12
11475.000000  5.119319e-12
11525.000000  5.042017e-12
11575.000000  4.961369e-12
11625.000000  4.854006e-12
11675.000000  4.768018e-12
11725.000000  4.736642e-12
11775.000000  4.612393e-12
11825.000000  4.573596e-12
11875.000000  4.494542e-12
11925.000000  4.458884e-12
11975.000000  4.374404e-12
12025.000000  4.319414e-12
12075.000000  4.249741e-12
12125.000000  4.187695e-12
12175.000000  4.132012e-12
12225.000000  4.068457e-12
12275.000000  4.002945e-12
12325.000000  3.947833e-12
12375.000000  3.892722e-12
12425.000000  3.841893e-12
12475.000000  3.768630e-12
12525.000000  3.729347e-12
12575.000000  3.657921e-12
12625.000000  3.615535e-12
12675.000000  3.565850e-12
12725.000000  3.500216e-12
12775.000000  3.347988e-12
12825.000000  2.866236e-12
12875.000000  3.286878e-12
12925.000000  3.311183e-12
12975.000000  3.278261e-12
13025.000000  3.237834e-12
13075.000000  3.193696e-12
13125.000000  3.148987e-12
13175.000000  3.093633e-12
13225.000000  3.064057e-12
13275.000000  3.022000e-12
13325.000000  2.981329e-12
13375.000000  2.940659e-12
13425.000000  2.899173e-12
13475.000000  2.859318e-12
13525.000000  2.816446e-12
13575.000000  2.781201e-12
13625.000000  2.745385e-12
13675.000000  2.705408e-12
13725.000000  2.665881e-12
13775.000000  2.639201e-12
13825.000000  2.604772e-12
13875.000000  2.572423e-12
13925.000000  2.535670e-12
13975.000000  2.504708e-12
14025.000000  2.473052e-12
14075.000000  2.441397e-12
14125.000000  2.408926e-12
14175.000000  2.378536e-12
14225.000000  2.348145e-12
14275.000000  2.317877e-12
14325.000000  2.288302e-12
14375.000000  2.259992e-12
14425.000000  2.212716e-12
14475.000000  2.202678e-12
14525.000000  2.166619e-12
14570.000000  2.150341e-12
14620.000000  2.125255e-12
14675.000000  2.100534e-12
14725.000000  2.073611e-12
14775.000000  2.042527e-12
14825.000000  2.023232e-12
14875.000000  1.993535e-12
14925.000000  1.977829e-12
14975.000000  1.950784e-12
15025.000000  1.926063e-12
15075.000000  1.902486e-12
15125.000000  1.882619e-12
15175.000000  1.859163e-12
15225.000000  1.837788e-12
15275.000000  1.812944e-12
15325.000000  1.788917e-12
15375.000000  1.771581e-12
15425.000000  1.736457e-12
15475.000000  1.728137e-12
15525.000000  1.706640e-12
15575.000000  1.659848e-12
15625.000000  1.685388e-12
15675.000000  1.630725e-12
15725.000000  1.588666e-12
15775.000000  1.632807e-12
15825.000000  1.611432e-12
15875.000000  1.484319e-12
15925.000000  1.550773e-12
15975.000000  1.575615e-12
16050.000000  1.520954e-12
16150.000000  1.432556e-12
16250.000000  1.495783e-12
16350.000000  1.417545e-12
16450.000000  1.329719e-12
16550.000000  1.403346e-12
16650.000000  1.374342e-12
16750.000000  1.292638e-12
16850.000000  1.210360e-12
16950.000000  1.283987e-12
17050.000000  1.260531e-12
17150.000000  1.233607e-12
17250.000000  1.196161e-12
17350.000000  1.060489e-12
17450.000000  1.129834e-12
17550.000000  1.127302e-12
17650.000000  1.105927e-12
17750.000000  1.083286e-12
17850.000000  1.061095e-12
17950.000000  1.040413e-12
18050.000000  1.009208e-12
18150.000000  9.054347e-13
18250.000000  9.462262e-13
18350.000000  9.542188e-13
18450.000000  9.382688e-13
18550.000000  9.160783e-13
18650.000000  8.919294e-13
18750.000000  7.983139e-13
18850.000000  8.539111e-13
18950.000000  8.457110e-13
19050.000000  8.320852e-13
19150.000000  8.154423e-13
19250.000000  7.982278e-13
19350.000000  7.745287e-13
19450.000000  6.921667e-13
19550.000000  7.449536e-13
19650.000000  7.394054e-13
19750.000000  7.257799e-13
19850.000000  7.126041e-13
19950.000000  6.994284e-13
20050.000000  6.861543e-13
20150.000000  6.733984e-13
20250.000000  6.608384e-13
20350.000000  6.486007e-13
20450.000000  6.368035e-13
20550.000000  6.252021e-13
20650.000000  6.135314e-13
20750.000000  6.024969e-13
20850.000000  5.917277e-13
20950.000000  5.810971e-13
21050.000000  5.705931e-13
21150.000000  5.596609e-13
21250.000000  5.498625e-13
21350.000000  5.399376e-13
21450.000000  5.303801e-13
21550.000000  5.164662e-13
21650.000000  4.645999e-13
21750.000000  4.948220e-13
21850.000000  4.940747e-13
21950.000000  4.869929e-13
22050.000000  4.784999e-13
22150.000000  4.700641e-13
22250.000000  4.625541e-13
22350.000000  4.547545e-13
22450.000000  4.471509e-13
22550.000000  4.394778e-13
22650.000000  4.323146e-13
22750.000000  4.251270e-13
22850.000000  4.184248e-13
22950.000000  4.115268e-13
23050.000000  4.049632e-13
23150.000000  3.983998e-13
23250.000000  3.919871e-13
23350.000000  3.857010e-13
23450.000000  3.795536e-13
23550.000000  3.734877e-13
23650.000000  3.675483e-13
23750.000000  3.617476e-13
23850.000000  3.560163e-13
23950.000000  3.503543e-13
24050.000000  3.446923e-13
24150.000000  3.393076e-13
24250.000000  3.341311e-13
24350.000000  3.288158e-13
24450.000000  3.235005e-13
24550.000000  3.187279e-13
24650.000000  3.134126e-13
24750.000000  3.086399e-13
24850.000000  3.045608e-13
24950.000000  2.974666e-13
