2505.000000  4.344092e-11
2513.000000  3.271358e-11
2518.000000  3.360368e-11
2525.000000  2.844102e-11
2535.000000  2.578423e-11
2545.000000  2.527381e-11
2555.000000  3.185779e-11
2565.000000  2.961422e-11
2575.000000  3.569479e-11
2585.000000  3.533239e-11
2595.000000  3.338847e-11
2605.000000  3.015805e-11
2615.000000  2.782482e-11
2625.000000  3.627958e-11
2635.000000  4.008102e-11
2645.000000  5.199759e-11
2655.000000  5.480478e-11
2665.000000  4.255830e-11
2675.000000  4.823376e-11
2685.000000  4.742321e-11
2695.000000  4.305157e-11
2705.000000  4.688506e-11
2715.000000  4.102630e-11
2725.000000  4.181796e-11
2735.000000  4.640362e-11
2745.000000  2.994261e-11
2755.000000  3.408406e-11
2765.000000  3.797298e-11
2775.000000  4.547353e-11
2785.000000  3.780639e-11
2795.000000  1.546696e-11
2805.000000  2.048593e-11
2815.000000  4.608711e-11
2825.000000  5.388007e-11
2835.000000  5.036560e-11
2845.000000  4.751885e-11
2855.000000  4.155232e-11
2865.000000  5.108959e-11
2875.000000  4.973848e-11
2885.000000  5.021164e-11
2895.000000  4.702107e-11
2910.000000  5.728958e-11
2930.000000  5.327920e-11
2950.000000  5.275198e-11
2970.000000  5.649015e-11
2990.000000  5.671145e-11
3010.000000  5.866532e-11
3030.000000  5.773514e-11
3050.000000  5.764670e-11
3070.000000  5.866252e-11
3090.000000  6.026204e-11
3110.000000  5.797564e-11
3130.000000  5.741587e-11
3150.000000  5.979820e-11
3170.000000  5.934691e-11
3190.000000  5.476911e-11
3210.000000  5.740028e-11
3230.000000  5.377161e-11
3250.000000  5.717756e-11
3270.000000  5.916955e-11
3290.000000  5.925175e-11
3310.000000  6.077101e-11
3330.000000  5.924272e-11
3350.000000  5.845978e-11
3370.000000  5.721433e-11
3390.000000  5.804390e-11
3410.000000  5.837246e-11
3430.000000  5.878946e-11
3450.000000  5.864621e-11
3470.000000  5.777760e-11
3490.000000  5.769549e-11
3510.000000  5.923976e-11
3530.000000  5.865663e-11
3550.000000  6.108616e-11
3570.000000  5.733289e-11
3590.000000  5.691597e-11
3610.000000  5.729927e-11
3630.000000  5.786863e-11
3640.000000  5.694476e-11
3650.000000  6.037636e-11
3670.000000  5.955725e-11
3690.000000  5.712191e-11
3710.000000  5.986205e-11
3730.000000  6.111421e-11
3750.000000  7.546097e-11
3770.000000  8.149258e-11
3790.000000  9.949776e-11
3810.000000  1.158359e-10
3830.000000  9.146144e-11
3850.000000  1.276259e-10
3870.000000  1.436339e-10
3890.000000  8.547553e-11
3910.000000  1.415547e-10
3930.000000  1.147331e-10
3950.000000  1.384675e-10
3970.000000  7.604014e-11
3990.000000  1.408654e-10
4010.000000  1.594310e-10
4030.000000  1.592508e-10
4050.000000  1.569519e-10
4070.000000  1.496937e-10
4090.000000  1.208276e-10
4110.000000  9.349463e-11
4130.000000  1.435017e-10
4150.000000  1.539225e-10
4170.000000  1.530520e-10
4190.000000  1.518907e-10
4210.000000  1.516050e-10
4230.000000  1.467671e-10
4250.000000  1.481448e-10
4270.000000  1.408448e-10
4290.000000  1.424239e-10
4310.000000  1.292340e-10
4330.000000  1.029393e-10
4350.000000  8.799877e-11
4370.000000  1.324943e-10
4390.000000  1.361319e-10
4410.000000  1.344137e-10
4430.000000  1.322461e-10
4450.000000  1.348855e-10
4470.000000  1.345208e-10
4490.000000  1.326528e-10
4510.000000  1.371630e-10
4530.000000  1.305471e-10
4550.000000  1.288648e-10
4570.000000  1.332730e-10
4590.000000  1.273277e-10
4610.000000  1.299870e-10
4630.000000  1.258633e-10
4650.000000  1.267916e-10
4670.000000  1.266503e-10
4690.000000  1.210811e-10
4710.000000  1.161771e-10
4730.000000  1.220622e-10
4750.000000  1.217294e-10
4770.000000  1.193200e-10
4790.000000  1.180099e-10
4810.000000  1.148896e-10
4830.000000  1.095247e-10
4850.000000  8.536417e-11
4870.000000  6.835309e-11
4890.000000  1.021943e-10
4910.000000  1.078916e-10
4930.000000  1.067641e-10
4950.000000  1.091908e-10
4970.000000  1.097817e-10
4990.000000  1.049487e-10
5010.000000  1.009630e-10
5030.000000  1.039938e-10
5050.000000  1.019325e-10
5070.000000  1.040030e-10
5090.000000  1.022087e-10
5110.000000  1.021340e-10
5130.000000  9.969448e-11
5150.000000  9.716659e-11
5170.000000  9.546054e-11
5190.000000  9.433225e-11
5210.000000  9.463970e-11
5230.000000  9.385810e-11
5250.000000  9.518302e-11
5270.000000  8.838420e-11
5290.000000  9.279015e-11
5310.000000  9.142194e-11
5330.000000  8.757956e-11
5350.000000  9.045914e-11
5370.000000  8.951429e-11
5390.000000  8.843473e-11
5410.000000  8.617180e-11
5430.000000  8.679239e-11
5450.000000  8.729658e-11
5470.000000  8.597560e-11
5490.000000  8.533736e-11
5510.000000  8.467895e-11
5530.000000  8.383857e-11
5550.000000  8.366320e-11
5570.000000  8.227452e-11
5590.000000  8.128893e-11
5610.000000  8.123840e-11
5630.000000  8.107571e-11
5650.000000  8.000825e-11
5670.000000  7.858418e-11
5690.000000  7.864330e-11
5710.000000  7.786664e-11
5730.000000  7.856185e-11
5750.000000  7.694495e-11
5770.000000  7.662904e-11
5790.000000  7.567783e-11
5810.000000  7.528021e-11
5830.000000  7.488624e-11
5850.000000  7.388381e-11
5870.000000  7.334704e-11
5890.000000  7.150634e-11
5910.000000  7.206962e-11
5930.000000  7.143329e-11
5950.000000  7.079306e-11
5970.000000  7.032479e-11
5990.000000  6.934298e-11
6010.000000  6.821262e-11
6030.000000  6.807946e-11
6050.000000  6.769523e-11
6070.000000  6.750235e-11
6090.000000  6.659083e-11
6110.000000  6.571338e-11
6130.000000  6.441611e-11
6150.000000  6.319875e-11
6170.000000  6.303812e-11
6190.000000  6.388412e-11
6210.000000  6.340365e-11
6230.000000  6.238314e-11
6250.000000  6.049631e-11
6270.000000  6.191399e-11
6290.000000  6.142012e-11
6310.000000  6.014352e-11
6330.000000  5.993032e-11
6350.000000  5.893656e-11
6370.000000  5.861868e-11
6390.000000  5.855660e-11
6410.000000  5.745304e-11
6430.000000  5.736248e-11
6450.000000  5.608803e-11
6470.000000  5.620775e-11
6490.000000  5.499744e-11
6510.000000  5.463368e-11
6530.000000  5.284281e-11
6550.000000  4.575172e-11
6570.000000  3.654105e-11
6590.000000  4.970439e-11
6610.000000  5.227496e-11
6630.000000  5.265761e-11
6650.000000  5.245719e-11
6670.000000  5.194285e-11
6690.000000  5.186799e-11
6710.000000  5.144548e-11
6730.000000  5.106951e-11
6750.000000  5.027940e-11
6770.000000  5.041136e-11
6790.000000  4.993957e-11
6810.000000  4.953681e-11
6830.000000  4.902141e-11
6850.000000  4.860374e-11
6870.000000  4.840767e-11
6890.000000  4.804749e-11
6910.000000  4.762938e-11
6930.000000  4.720702e-11
6950.000000  4.687764e-11
6970.000000  4.646099e-11
6990.000000  4.619932e-11
7010.000000  4.525690e-11
7030.000000  4.526599e-11
7050.000000  4.502909e-11
7070.000000  4.472156e-11
7090.000000  4.438057e-11
7110.000000  4.303993e-11
7130.000000  4.332420e-11
7150.000000  4.309340e-11
7170.000000  4.272231e-11
7190.000000  4.228495e-11
7210.000000  4.214813e-11
7230.000000  4.177648e-11
7250.000000  4.134531e-11
7270.000000  4.133380e-11
7290.000000  4.068679e-11
7310.000000  4.054135e-11
7330.000000  4.026726e-11
7350.000000  4.010815e-11
7370.000000  3.985418e-11
7390.000000  3.927793e-11
7410.000000  3.875669e-11
7430.000000  3.837577e-11
7450.000000  3.827268e-11
7470.000000  3.780422e-11
7490.000000  3.770379e-11
7510.000000  3.760436e-11
7530.000000  3.739577e-11
7550.000000  3.729301e-11
7570.000000  3.689485e-11
7590.000000  3.668787e-11
7610.000000  3.638986e-11
7630.000000  3.615910e-11
7650.000000  3.579970e-11
7670.000000  3.525928e-11
7690.000000  3.514915e-11
7710.000000  3.492956e-11
7730.000000  3.481805e-11
7750.000000  3.445271e-11
7770.000000  3.355529e-11
7790.000000  3.415908e-11
7810.000000  3.383518e-11
7830.000000  3.338578e-11
7850.000000  3.302345e-11
7870.000000  3.289046e-11
7890.000000  3.256942e-11
7910.000000  3.229237e-11
7930.000000  3.198141e-11
7950.000000  3.173516e-11
7970.000000  3.196656e-11
7990.000000  3.138005e-11
8010.000000  3.139976e-11
8030.000000  3.107468e-11
8050.000000  3.094030e-11
8070.000000  3.071993e-11
8090.000000  3.047262e-11
8110.000000  3.039589e-11
8130.000000  3.023300e-11
8150.000000  3.000648e-11
8170.000000  2.979703e-11
8190.000000  2.903682e-11
8210.000000  2.891319e-11
8230.000000  2.872304e-11
8250.000000  2.863532e-11
8270.000000  2.885081e-11
8290.000000  2.860350e-11
8310.000000  2.830801e-11
8330.000000  2.786160e-11
8350.000000  2.798869e-11
8370.000000  2.786900e-11
8390.000000  2.752747e-11
8410.000000  2.742140e-11
8430.000000  2.712948e-11
8450.000000  2.652441e-11
8470.000000  2.639839e-11
8490.000000  2.662924e-11
8510.000000  2.506827e-11
8530.000000  2.644648e-11
8550.000000  2.293213e-11
8570.000000  2.663091e-11
8590.000000  2.493811e-11
8610.000000  2.432046e-11
8630.000000  2.650382e-11
8650.000000  2.552645e-11
8670.000000  2.088431e-11
8690.000000  2.530915e-11
8710.000000  2.649817e-11
8730.000000  2.550739e-11
8750.000000  2.062622e-11
8770.000000  2.449248e-11
8790.000000  2.621400e-11
8810.000000  2.627934e-11
8830.000000  2.533185e-11
8850.000000  2.296725e-11
8870.000000  1.969086e-11
8890.000000  2.442244e-11
8910.000000  2.547000e-11
8930.000000  2.551736e-11
8950.000000  2.569320e-11
8970.000000  2.511525e-11
8990.000000  2.395022e-11
9010.000000  1.923860e-11
9030.000000  2.112283e-11
9050.000000  2.394860e-11
9070.000000  2.394782e-11
9090.000000  2.367286e-11
9110.000000  2.426627e-11
9130.000000  2.438539e-11
9150.000000  2.432162e-11
9170.000000  2.389965e-11
9190.000000  2.318385e-11
9210.000000  2.144484e-11
9230.000000  1.694068e-11
9250.000000  2.057637e-11
9270.000000  2.198429e-11
9290.000000  2.300420e-11
9310.000000  2.310747e-11
9330.000000  2.297532e-11
9350.000000  2.293406e-11
9370.000000  2.284581e-11
9390.000000  2.250681e-11
9410.000000  2.156740e-11
9430.000000  2.207378e-11
9450.000000  2.195322e-11
9470.000000  2.189702e-11
9490.000000  2.159856e-11
9510.000000  2.088813e-11
9530.000000  1.915660e-11
9550.000000  1.549581e-11
9570.000000  1.925532e-11
9590.000000  2.047952e-11
9610.000000  2.057994e-11
9630.000000  2.033203e-11
9650.000000  2.061829e-11
9670.000000  2.027878e-11
9690.000000  2.019107e-11
9710.000000  2.049652e-11
9730.000000  2.033496e-11
9750.000000  2.002048e-11
9770.000000  2.012583e-11
9790.000000  1.998388e-11
9810.000000  1.986751e-11
9830.000000  1.968043e-11
9850.000000  1.943553e-11
9870.000000  1.930677e-11
9890.000000  1.906100e-11
9910.000000  1.897322e-11
9930.000000  1.898343e-11
9950.000000  1.881798e-11
9970.000000  1.869845e-11
9990.000000  1.843511e-11
10025.000000  1.670023e-11
10075.000000  1.582977e-11
10125.000000  1.754297e-11
10175.000000  1.755984e-11
10225.000000  1.744625e-11
10275.000000  1.723572e-11
10325.000000  1.688947e-11
10375.000000  1.666572e-11
10425.000000  1.641580e-11
10475.000000  1.592910e-11
10525.000000  1.580026e-11
10575.000000  1.561531e-11
10625.000000  1.541453e-11
10675.000000  1.484703e-11
10725.000000  1.482940e-11
10775.000000  1.462633e-11
10825.000000  1.435471e-11
10875.000000  1.395833e-11
10925.000000  1.182009e-11
10975.000000  1.285012e-11
11025.000000  1.359066e-11
11075.000000  1.355124e-11
11125.000000  1.333400e-11
11175.000000  1.316765e-11
11225.000000  1.302377e-11
11275.000000  1.255184e-11
11325.000000  1.241206e-11
11375.000000  1.238696e-11
11425.000000  1.211534e-11
11475.000000  1.214099e-11
11525.000000  1.198800e-11
11575.000000  1.179120e-11
11625.000000  1.145589e-11
11675.000000  1.122973e-11
11725.000000  1.133694e-11
11775.000000  1.092172e-11
11825.000000  1.088920e-11
11875.000000  1.066061e-11
11925.000000  1.076187e-11
11975.000000  1.045751e-11
12025.000000  1.040013e-11
12075.000000  1.022348e-11
12125.000000  1.010234e-11
12175.000000  1.002075e-11
12225.000000  9.863491e-12
12275.000000  9.720358e-12
12325.000000  9.599185e-12
12375.000000  9.493143e-12
12425.000000  9.400080e-12
12475.000000  9.244500e-12
12525.000000  9.108960e-12
12575.000000  8.925339e-12
12625.000000  8.852319e-12
12675.000000  8.757080e-12
12725.000000  8.606203e-12
12775.000000  8.195051e-12
12825.000000  6.964542e-12
12875.000000  8.057314e-12
12925.000000  8.164834e-12
12975.000000  8.115556e-12
13025.000000  8.034210e-12
13075.000000  7.958521e-12
13125.000000  7.833585e-12
13175.000000  7.702812e-12
13225.000000  7.659678e-12
13275.000000  7.554542e-12
13325.000000  7.472802e-12
13375.000000  7.375958e-12
13425.000000  7.285894e-12
13475.000000  7.195315e-12
13525.000000  7.082793e-12
13575.000000  6.983385e-12
13625.000000  6.930002e-12
13675.000000  6.829307e-12
13725.000000  6.680713e-12
13775.000000  6.652849e-12
13825.000000  6.581456e-12
13875.000000  6.534644e-12
13925.000000  6.411665e-12
13975.000000  6.353980e-12
14025.000000  6.281776e-12
14075.000000  6.221939e-12
14125.000000  6.125741e-12
14175.000000  6.067136e-12
14225.000000  5.978655e-12
14275.000000  5.896799e-12
14325.000000  5.850356e-12
14375.000000  5.797415e-12
14425.000000  5.583589e-12
14475.000000  5.647202e-12
14525.000000  5.506683e-12
14570.000000  5.517115e-12
14620.000000  5.436306e-12
14675.000000  5.391222e-12
14725.000000  5.305370e-12
14775.000000  5.223087e-12
14825.000000  5.187004e-12
14875.000000  5.098380e-12
14925.000000  5.111400e-12
14975.000000  5.028119e-12
15025.000000  4.953604e-12
15075.000000  4.886362e-12
15125.000000  4.872976e-12
15175.000000  4.820828e-12
15225.000000  4.757435e-12
15275.000000  4.703331e-12
15325.000000  4.643823e-12
15375.000000  4.603271e-12
15425.000000  4.494928e-12
15475.000000  4.486988e-12
15525.000000  4.444395e-12
15575.000000  4.320316e-12
15625.000000  4.394109e-12
15675.000000  4.251858e-12
15725.000000  4.138763e-12
15775.000000  4.217834e-12
15825.000000  4.192608e-12
15875.000000  3.846229e-12
15925.000000  4.050529e-12
15975.000000  4.102661e-12
16050.000000  3.962236e-12
16150.000000  3.730565e-12
16250.000000  3.915299e-12
16350.000000  3.698958e-12
16450.000000  3.451184e-12
16550.000000  3.680689e-12
16650.000000  3.612684e-12
16750.000000  3.379735e-12
16850.000000  3.144437e-12
16950.000000  3.383241e-12
17050.000000  3.309607e-12
17150.000000  3.254988e-12
17250.000000  3.129795e-12
17350.000000  2.745799e-12
17450.000000  2.950592e-12
17550.000000  2.967463e-12
17650.000000  2.912254e-12
17750.000000  2.864066e-12
17850.000000  2.801412e-12
17950.000000  2.757071e-12
18050.000000  2.661156e-12
18150.000000  2.362646e-12
18250.000000  2.488917e-12
18350.000000  2.526216e-12
18450.000000  2.483326e-12
18550.000000  2.422724e-12
18650.000000  2.354754e-12
18750.000000  2.072578e-12
18850.000000  2.248850e-12
18950.000000  2.223734e-12
19050.000000  2.213831e-12
19150.000000  2.168791e-12
19250.000000  2.121470e-12
19350.000000  2.050315e-12
19450.000000  1.811521e-12
19550.000000  1.975998e-12
19650.000000  1.967066e-12
19750.000000  1.929654e-12
19850.000000  1.901066e-12
19950.000000  1.866076e-12
20050.000000  1.833710e-12
20150.000000  1.801844e-12
20250.000000  1.765390e-12
20350.000000  1.729695e-12
20450.000000  1.705532e-12
20550.000000  1.673466e-12
20650.000000  1.638686e-12
20750.000000  1.610982e-12
20850.000000  1.583704e-12
20950.000000  1.554038e-12
21050.000000  1.527280e-12
21150.000000  1.495566e-12
21250.000000  1.470245e-12
21350.000000  1.444008e-12
21450.000000  1.420595e-12
21550.000000  1.380445e-12
21650.000000  1.226060e-12
21750.000000  1.319585e-12
21850.000000  1.322099e-12
21950.000000  1.307814e-12
22050.000000  1.280969e-12
22150.000000  1.259595e-12
22250.000000  1.243502e-12
22350.000000  1.222500e-12
22450.000000  1.202386e-12
22550.000000  1.176413e-12
22650.000000  1.161010e-12
22750.000000  1.142842e-12
22850.000000  1.123617e-12
22950.000000  1.104154e-12
23050.000000  1.089383e-12
23150.000000  1.070882e-12
23250.000000  1.055305e-12
23350.000000  1.037773e-12
23450.000000  1.021908e-12
23550.000000  1.005895e-12
23650.000000  9.904515e-13
23750.000000  9.731355e-13
23850.000000  9.583018e-13
23950.000000  9.439154e-13
24050.000000  9.284322e-13
24150.000000  9.136579e-13
24250.000000  9.007034e-13
24350.000000  8.852972e-13
24450.000000  8.722527e-13
24550.000000  8.578194e-13
24650.000000  8.451655e-13
24750.000000  8.317943e-13
24850.000000  8.192731e-13
24950.000000  8.011547e-13
