2505.000000  4.532126e-16
2513.000000  2.838875e-16
2518.000000  3.346118e-16
2525.000000  4.455033e-16
2535.000000  1.309509e-15
2545.000000  1.666494e-15
2555.000000  1.738600e-15
2565.000000  7.731528e-16
2575.000000  1.620754e-15
2585.000000  9.104419e-16
2595.000000  1.320586e-15
2605.000000  1.979463e-15
2615.000000  1.689752e-15
2625.000000  3.266468e-15
2635.000000  5.492945e-15
2645.000000  3.829687e-15
2655.000000  5.998429e-15
2665.000000  4.640392e-15
2675.000000  4.389110e-15
2685.000000  6.232939e-15
2695.000000  3.815844e-15
2705.000000  8.059836e-15
2715.000000  7.374174e-15
2725.000000  5.855545e-15
2735.000000  6.231592e-15
2745.000000  9.503582e-15
2755.000000  8.783519e-15
2765.000000  1.447804e-14
2775.000000  1.987610e-14
2785.000000  1.230608e-14
2795.000000  1.481439e-14
2805.000000  1.481136e-14
2815.000000  2.056521e-14
2825.000000  1.980987e-14
2835.000000  1.659903e-14
2845.000000  1.029682e-14
2855.000000  3.973689e-15
2865.000000  1.822659e-14
2875.000000  2.270550e-14
2885.000000  4.164274e-14
2895.000000  4.946038e-14
2910.000000  5.844566e-14
2930.000000  6.332399e-14
2950.000000  6.451392e-14
2970.000000  6.657695e-14
2990.000000  7.832642e-14
3010.000000  8.454963e-14
3030.000000  1.042990e-13
3050.000000  1.284424e-13
3070.000000  1.651117e-13
3090.000000  1.971917e-13
3110.000000  2.653086e-13
3130.000000  2.793629e-13
3150.000000  4.226755e-13
3170.000000  5.774316e-13
3190.000000  4.758452e-13
3210.000000  6.007699e-13
3230.000000  5.518077e-13
3250.000000  7.982914e-13
3270.000000  1.163785e-12
3290.000000  1.541299e-12
3310.000000  1.330843e-12
3330.000000  1.486697e-12
3350.000000  1.501997e-12
3370.000000  1.151107e-12
3390.000000  1.352997e-12
3410.000000  1.707694e-12
3430.000000  2.029425e-12
3450.000000  1.849655e-12
3470.000000  2.114376e-12
3490.000000  2.613482e-12
3510.000000  3.438453e-12
3530.000000  2.925696e-12
3550.000000  4.517144e-12
3570.000000  2.072823e-12
3590.000000  1.753659e-12
3610.000000  2.895449e-12
3630.000000  5.018040e-12
3640.000000  5.731157e-12
3650.000000  6.057330e-12
3670.000000  8.680327e-12
3690.000000  7.348597e-12
3710.000000  6.278587e-12
3730.000000  2.525365e-12
3750.000000  3.159418e-12
3770.000000  6.782562e-12
3790.000000  8.183479e-12
3810.000000  6.634566e-12
3830.000000  2.841898e-12
3850.000000  4.721066e-12
3870.000000  4.780716e-12
3890.000000  6.468566e-12
3910.000000  7.330815e-12
3930.000000  2.373438e-12
3950.000000  4.646646e-12
3970.000000  2.979363e-12
3990.000000  1.249824e-11
4010.000000  2.102469e-11
4030.000000  1.862183e-11
4050.000000  1.912310e-11
4070.000000  1.825386e-11
4090.000000  2.592489e-11
4110.000000  1.963678e-11
4130.000000  1.958288e-11
4150.000000  1.931316e-11
4170.000000  1.806557e-11
4190.000000  2.092399e-11
4210.000000  1.975596e-11
4230.000000  1.330740e-11
4250.000000  2.539034e-11
4270.000000  2.437398e-11
4290.000000  2.424603e-11
4310.000000  2.663238e-11
4330.000000  3.947607e-11
4350.000000  4.239661e-11
4370.000000  4.458476e-11
4390.000000  3.817330e-11
4410.000000  3.935680e-11
4430.000000  4.269311e-11
4450.000000  4.550994e-11
4470.000000  4.951148e-11
4490.000000  5.381645e-11
4510.000000  6.643777e-11
4530.000000  5.195424e-11
4550.000000  5.701644e-11
4570.000000  6.711227e-11
4590.000000  6.388899e-11
4610.000000  6.768702e-11
4630.000000  6.591048e-11
4650.000000  6.660765e-11
4670.000000  7.302082e-11
4690.000000  7.254560e-11
4710.000000  7.077499e-11
4730.000000  7.232455e-11
4750.000000  7.721447e-11
4770.000000  6.582173e-11
4790.000000  6.943225e-11
4810.000000  7.223373e-11
4830.000000  7.852603e-11
4850.000000  7.893187e-11
4870.000000  7.872092e-11
4890.000000  8.745521e-11
4910.000000  8.997943e-11
4930.000000  8.850037e-11
4950.000000  8.997766e-11
4970.000000  7.335166e-11
4990.000000  7.151209e-11
5010.000000  6.118815e-11
5030.000000  7.125302e-11
5050.000000  7.116118e-11
5070.000000  7.505537e-11
5090.000000  6.886357e-11
5110.000000  7.567163e-11
5130.000000  7.108180e-11
5150.000000  7.048342e-11
5170.000000  5.994745e-11
5190.000000  6.150014e-11
5210.000000  6.853289e-11
5230.000000  9.654163e-11
5250.000000  9.755952e-11
5270.000000  9.074238e-11
5290.000000  1.099723e-10
5310.000000  1.245294e-10
5330.000000  1.054066e-10
5350.000000  1.198096e-10
5370.000000  1.207667e-10
5390.000000  1.139111e-10
5410.000000  1.167954e-10
5430.000000  1.171910e-10
5450.000000  1.154944e-10
5470.000000  1.080354e-10
5490.000000  1.113635e-10
5510.000000  1.069677e-10
5530.000000  1.218288e-10
5550.000000  1.276423e-10
5570.000000  1.272540e-10
5590.000000  1.222724e-10
5610.000000  1.169490e-10
5630.000000  1.158767e-10
5650.000000  1.228157e-10
5670.000000  1.197406e-10
5690.000000  1.320958e-10
5710.000000  1.225069e-10
5730.000000  1.422375e-10
5750.000000  1.390041e-10
5770.000000  1.399750e-10
5790.000000  1.311849e-10
5810.000000  1.446990e-10
5830.000000  1.534152e-10
5850.000000  1.423154e-10
5870.000000  1.375796e-10
5890.000000  9.567422e-11
5910.000000  1.253516e-10
5930.000000  1.299607e-10
5950.000000  1.312392e-10
5970.000000  1.390461e-10
5990.000000  1.375228e-10
6010.000000  1.365120e-10
6030.000000  1.494023e-10
6050.000000  1.561068e-10
6070.000000  1.585265e-10
6090.000000  1.530050e-10
6110.000000  1.549870e-10
6130.000000  1.436397e-10
6150.000000  1.524082e-10
6170.000000  1.255715e-10
6190.000000  1.331512e-10
6210.000000  1.288265e-10
6230.000000  1.170519e-10
6250.000000  1.170397e-10
6270.000000  1.298437e-10
6290.000000  1.398511e-10
6310.000000  1.387911e-10
6330.000000  1.468358e-10
6350.000000  1.492868e-10
6370.000000  1.472620e-10
6390.000000  1.538486e-10
6410.000000  1.537194e-10
6430.000000  1.508115e-10
6450.000000  1.540806e-10
6470.000000  1.589600e-10
6490.000000  1.490587e-10
6510.000000  1.578249e-10
6530.000000  1.637776e-10
6550.000000  1.588778e-10
6570.000000  1.605695e-10
6590.000000  1.632115e-10
6610.000000  1.625227e-10
6630.000000  1.611145e-10
6650.000000  1.556089e-10
6670.000000  1.493938e-10
6690.000000  1.437287e-10
6710.000000  1.397008e-10
6730.000000  1.362193e-10
6750.000000  1.348954e-10
6770.000000  1.449275e-10
6790.000000  1.368967e-10
6810.000000  1.437986e-10
6830.000000  1.503666e-10
6850.000000  1.497737e-10
6870.000000  1.535418e-10
6890.000000  1.616644e-10
6910.000000  1.662215e-10
6930.000000  1.625628e-10
6950.000000  1.644982e-10
6970.000000  1.732695e-10
6990.000000  1.694642e-10
7010.000000  1.699451e-10
7030.000000  1.764334e-10
7050.000000  1.734226e-10
7070.000000  1.478322e-10
7090.000000  1.389670e-10
7110.000000  1.363914e-10
7130.000000  1.217838e-10
7150.000000  1.240889e-10
7170.000000  1.338061e-10
7190.000000  1.396239e-10
7210.000000  1.402889e-10
7230.000000  1.544233e-10
7250.000000  1.587082e-10
7270.000000  1.640704e-10
7290.000000  1.657341e-10
7310.000000  1.705615e-10
7330.000000  1.733313e-10
7350.000000  1.745944e-10
7370.000000  1.841825e-10
7390.000000  1.824947e-10
7410.000000  1.827168e-10
7430.000000  1.852952e-10
7450.000000  1.867721e-10
7470.000000  1.868038e-10
7490.000000  1.866512e-10
7510.000000  1.920728e-10
7530.000000  1.942271e-10
7550.000000  1.950696e-10
7570.000000  1.941648e-10
7590.000000  1.876677e-10
7610.000000  1.863800e-10
7630.000000  1.853294e-10
7650.000000  1.856526e-10
7670.000000  1.728996e-10
7690.000000  1.795663e-10
7710.000000  1.734465e-10
7730.000000  1.772196e-10
7750.000000  1.744082e-10
7770.000000  1.792077e-10
7790.000000  1.797541e-10
7810.000000  1.840011e-10
7830.000000  1.799677e-10
7850.000000  1.784874e-10
7870.000000  1.832432e-10
7890.000000  1.779179e-10
7910.000000  1.729285e-10
7930.000000  1.764761e-10
7950.000000  1.712725e-10
7970.000000  1.831993e-10
7990.000000  1.813342e-10
8010.000000  1.839189e-10
8030.000000  1.848441e-10
8050.000000  1.841012e-10
8070.000000  1.798614e-10
8090.000000  1.779400e-10
8110.000000  1.776180e-10
8130.000000  1.824433e-10
8150.000000  1.836661e-10
8170.000000  1.852505e-10
8190.000000  1.798911e-10
8210.000000  1.758536e-10
8230.000000  1.832443e-10
8250.000000  1.822268e-10
8270.000000  1.860558e-10
8290.000000  1.821939e-10
8310.000000  1.737990e-10
8330.000000  1.767088e-10
8350.000000  1.754861e-10
8370.000000  1.773411e-10
8390.000000  1.696998e-10
8410.000000  1.794557e-10
8430.000000  1.724696e-10
8450.000000  1.752129e-10
8470.000000  1.759462e-10
8490.000000  1.736943e-10
8510.000000  1.652528e-10
8530.000000  1.714060e-10
8550.000000  1.397060e-10
8570.000000  1.806395e-10
8590.000000  1.805372e-10
8610.000000  1.813165e-10
8630.000000  1.835453e-10
8650.000000  1.825154e-10
8670.000000  1.483503e-10
8690.000000  1.757470e-10
8710.000000  1.847955e-10
8730.000000  1.856298e-10
8750.000000  1.860273e-10
8770.000000  1.859661e-10
8790.000000  1.870311e-10
8810.000000  1.812520e-10
8830.000000  1.842580e-10
8850.000000  1.880030e-10
8870.000000  1.752104e-10
8890.000000  1.789325e-10
8910.000000  1.826444e-10
8930.000000  1.775678e-10
8950.000000  1.762836e-10
8970.000000  1.780552e-10
8990.000000  1.811620e-10
9010.000000  1.741031e-10
9030.000000  1.789815e-10
9050.000000  1.850191e-10
9070.000000  1.864992e-10
9090.000000  1.784847e-10
9110.000000  1.783871e-10
9130.000000  1.842195e-10
9150.000000  1.730426e-10
9170.000000  1.694178e-10
9190.000000  1.730137e-10
9210.000000  1.685665e-10
9230.000000  1.721646e-10
9250.000000  1.698489e-10
9270.000000  1.724693e-10
9290.000000  1.700954e-10
9310.000000  1.761199e-10
9330.000000  1.766425e-10
9350.000000  1.743824e-10
9370.000000  1.712494e-10
9390.000000  1.706893e-10
9410.000000  1.675180e-10
9430.000000  1.702997e-10
9450.000000  1.655617e-10
9470.000000  1.717583e-10
9490.000000  1.713939e-10
9510.000000  1.741161e-10
9530.000000  1.732501e-10
9550.000000  1.701798e-10
9570.000000  1.713671e-10
9590.000000  1.755985e-10
9610.000000  1.723196e-10
9630.000000  1.736456e-10
9650.000000  1.664992e-10
9670.000000  1.657955e-10
9690.000000  1.711582e-10
9710.000000  1.697635e-10
9730.000000  1.681658e-10
9750.000000  1.677352e-10
9770.000000  1.693291e-10
9790.000000  1.653121e-10
9810.000000  1.725432e-10
9830.000000  1.696102e-10
9850.000000  1.734476e-10
9870.000000  1.731949e-10
9890.000000  1.738726e-10
9910.000000  1.716715e-10
9930.000000  1.729259e-10
9950.000000  1.719175e-10
9970.000000  1.738779e-10
9990.000000  1.744412e-10
10025.000000  1.713818e-10
10075.000000  1.701035e-10
10125.000000  1.724611e-10
10175.000000  1.704047e-10
10225.000000  1.720745e-10
10275.000000  1.728852e-10
10325.000000  1.698937e-10
10375.000000  1.692800e-10
10425.000000  1.705500e-10
10475.000000  1.696229e-10
10525.000000  1.702613e-10
10575.000000  1.679275e-10
10625.000000  1.682760e-10
10675.000000  1.648344e-10
10725.000000  1.654444e-10
10775.000000  1.642926e-10
10825.000000  1.618611e-10
10875.000000  1.605775e-10
10925.000000  1.585505e-10
10975.000000  1.494260e-10
11025.000000  1.489015e-10
11075.000000  1.512290e-10
11125.000000  1.514915e-10
11175.000000  1.530944e-10
11225.000000  1.533080e-10
11275.000000  1.509490e-10
11325.000000  1.523244e-10
11375.000000  1.493621e-10
11425.000000  1.509592e-10
11475.000000  1.531364e-10
11525.000000  1.535688e-10
11575.000000  1.521079e-10
11625.000000  1.501672e-10
11675.000000  1.507718e-10
11725.000000  1.534938e-10
11775.000000  1.503588e-10
11825.000000  1.504586e-10
11875.000000  1.483521e-10
11925.000000  1.516291e-10
11975.000000  1.454876e-10
12025.000000  1.491324e-10
12075.000000  1.481971e-10
12125.000000  1.489463e-10
12175.000000  1.493054e-10
12225.000000  1.489103e-10
12275.000000  1.481472e-10
12325.000000  1.470982e-10
12375.000000  1.470791e-10
12425.000000  1.461026e-10
12475.000000  1.464622e-10
12525.000000  1.452731e-10
12575.000000  1.454346e-10
12625.000000  1.451675e-10
12675.000000  1.438611e-10
12725.000000  1.442376e-10
12775.000000  1.449698e-10
12825.000000  1.398167e-10
12875.000000  1.426405e-10
12925.000000  1.401064e-10
12975.000000  1.429862e-10
13025.000000  1.413468e-10
13075.000000  1.425403e-10
13125.000000  1.397732e-10
13175.000000  1.402344e-10
13225.000000  1.408286e-10
13275.000000  1.384543e-10
13325.000000  1.402140e-10
13375.000000  1.394048e-10
13425.000000  1.401529e-10
13475.000000  1.400221e-10
13525.000000  1.398292e-10
13575.000000  1.380555e-10
13625.000000  1.371294e-10
13675.000000  1.385625e-10
13725.000000  1.396249e-10
13775.000000  1.387179e-10
13825.000000  1.395767e-10
13875.000000  1.374908e-10
13925.000000  1.317311e-10
13975.000000  1.342422e-10
14025.000000  1.338156e-10
14075.000000  1.317218e-10
14125.000000  1.274398e-10
14175.000000  1.277577e-10
14225.000000  1.283056e-10
14275.000000  1.262449e-10
14325.000000  1.294219e-10
14375.000000  1.300785e-10
14425.000000  1.274026e-10
14475.000000  1.321888e-10
14525.000000  1.278271e-10
14570.000000  1.277978e-10
14620.000000  1.232540e-10
14675.000000  1.236593e-10
14725.000000  1.239703e-10
14775.000000  1.258455e-10
14825.000000  1.272454e-10
14875.000000  1.272221e-10
14925.000000  1.304165e-10
14975.000000  1.308742e-10
15025.000000  1.274719e-10
15075.000000  1.268036e-10
15125.000000  1.270459e-10
15175.000000  1.291067e-10
15225.000000  1.302069e-10
15275.000000  1.291612e-10
15325.000000  1.314425e-10
15375.000000  1.308847e-10
15425.000000  1.296301e-10
15475.000000  1.334183e-10
15525.000000  1.301004e-10
15575.000000  1.251986e-10
15625.000000  1.301662e-10
15675.000000  1.303368e-10
15725.000000  1.319754e-10
15775.000000  1.214886e-10
15825.000000  1.261450e-10
15875.000000  1.251381e-10
15925.000000  1.291688e-10
15975.000000  1.268085e-10
16050.000000  1.262565e-10
16150.000000  1.287491e-10
16250.000000  1.248894e-10
16350.000000  1.301338e-10
16450.000000  1.213567e-10
16550.000000  1.277797e-10
16650.000000  1.196410e-10
16750.000000  1.227477e-10
16850.000000  1.172213e-10
16950.000000  1.205360e-10
17050.000000  1.159205e-10
17150.000000  1.151182e-10
17250.000000  1.134179e-10
17350.000000  1.091696e-10
17450.000000  1.106159e-10
17550.000000  1.070207e-10
17650.000000  1.066418e-10
17750.000000  1.040010e-10
17850.000000  1.028326e-10
17950.000000  1.021652e-10
18050.000000  9.774542e-11
18150.000000  9.805619e-11
18250.000000  9.509011e-11
18350.000000  9.410328e-11
18450.000000  9.172568e-11
18550.000000  9.055090e-11
18650.000000  8.853065e-11
18750.000000  8.701216e-11
18850.000000  8.592974e-11
18950.000000  8.245134e-11
19050.000000  8.387304e-11
19150.000000  8.201508e-11
19250.000000  8.160430e-11
19350.000000  7.835665e-11
19450.000000  7.705528e-11
19550.000000  7.675623e-11
19650.000000  7.448094e-11
19750.000000  7.162501e-11
19850.000000  7.122887e-11
19950.000000  6.986877e-11
20050.000000  7.014162e-11
20150.000000  6.902099e-11
20250.000000  6.657769e-11
20350.000000  6.611618e-11
20450.000000  6.570488e-11
20550.000000  6.364087e-11
20650.000000  6.260866e-11
20750.000000  6.172487e-11
20850.000000  6.062537e-11
20950.000000  5.934456e-11
21050.000000  5.917688e-11
21150.000000  5.828475e-11
21250.000000  5.713473e-11
21350.000000  5.669495e-11
21450.000000  5.554664e-11
21550.000000  5.469285e-11
21650.000000  5.377948e-11
21750.000000  5.251028e-11
21850.000000  5.208319e-11
21950.000000  5.152535e-11
22050.000000  4.974048e-11
22150.000000  5.048346e-11
22250.000000  4.841377e-11
22350.000000  4.805412e-11
22450.000000  4.738180e-11
22550.000000  4.698153e-11
22650.000000  4.561083e-11
22750.000000  4.586434e-11
22850.000000  4.466789e-11
22950.000000  3.685285e-11
23050.000000  4.022078e-11
23150.000000  3.976669e-11
23250.000000  3.344207e-11
23350.000000  3.639382e-11
23450.000000  3.487918e-11
23550.000000  2.949929e-11
23650.000000  3.338215e-11
23750.000000  3.181922e-11
23850.000000  2.781405e-11
23950.000000  3.079484e-11
24050.000000  3.016962e-11
24150.000000  2.683139e-11
24250.000000  2.908722e-11
24350.000000  2.873016e-11
24450.000000  2.653950e-11
24550.000000  2.678867e-11
24650.000000  2.784337e-11
24750.000000  2.655464e-11
24850.000000  2.497210e-11
24950.000000  2.609292e-11
