2505.000000  6.415866e-11
2513.000000  4.870637e-11
2518.000000  5.091535e-11
2525.000000  4.274708e-11
2535.000000  3.949697e-11
2545.000000  3.893506e-11
2555.000000  4.836996e-11
2565.000000  4.418612e-11
2575.000000  5.259373e-11
2585.000000  5.162791e-11
2595.000000  4.819730e-11
2605.000000  4.358977e-11
2615.000000  4.048901e-11
2625.000000  5.223911e-11
2635.000000  5.767437e-11
2645.000000  7.586924e-11
2655.000000  7.894425e-11
2665.000000  6.175728e-11
2675.000000  6.975396e-11
2685.000000  6.782565e-11
2695.000000  6.273253e-11
2705.000000  6.778707e-11
2715.000000  5.957375e-11
2725.000000  6.066015e-11
2735.000000  6.725973e-11
2745.000000  4.304780e-11
2755.000000  4.878266e-11
2765.000000  5.422719e-11
2775.000000  6.542485e-11
2785.000000  5.507170e-11
2795.000000  2.300106e-11
2805.000000  3.028001e-11
2815.000000  6.593578e-11
2825.000000  7.715847e-11
2835.000000  7.209207e-11
2845.000000  6.820733e-11
2855.000000  6.065544e-11
2865.000000  7.343611e-11
2875.000000  7.094868e-11
2885.000000  7.218138e-11
2895.000000  6.718734e-11
2910.000000  8.188312e-11
2930.000000  7.624758e-11
2950.000000  7.553805e-11
2970.000000  8.090081e-11
2990.000000  8.145086e-11
3010.000000  8.438359e-11
3030.000000  8.290259e-11
3050.000000  8.248741e-11
3070.000000  8.374831e-11
3090.000000  8.627992e-11
3110.000000  8.279579e-11
3130.000000  8.197610e-11
3150.000000  8.567014e-11
3170.000000  8.489843e-11
3190.000000  7.850001e-11
3210.000000  8.234907e-11
3230.000000  7.758190e-11
3250.000000  8.214303e-11
3270.000000  8.449832e-11
3290.000000  8.483026e-11
3310.000000  8.697252e-11
3330.000000  8.461931e-11
3350.000000  8.351867e-11
3370.000000  8.185995e-11
3390.000000  8.304441e-11
3410.000000  8.399204e-11
3430.000000  8.458887e-11
3450.000000  8.420082e-11
3470.000000  8.287567e-11
3490.000000  8.245970e-11
3510.000000  8.492733e-11
3530.000000  8.446787e-11
3550.000000  8.752025e-11
3570.000000  8.248040e-11
3590.000000  8.203595e-11
3610.000000  8.249292e-11
3630.000000  8.335301e-11
3640.000000  8.189818e-11
3650.000000  8.645358e-11
3670.000000  8.530597e-11
3690.000000  8.170421e-11
3710.000000  8.759840e-11
3730.000000  9.178082e-11
3750.000000  1.165512e-10
3770.000000  1.265415e-10
3790.000000  1.577647e-10
3810.000000  1.860061e-10
3830.000000  1.452125e-10
3850.000000  2.061592e-10
3870.000000  2.351959e-10
3890.000000  1.328511e-10
3910.000000  2.310155e-10
3930.000000  1.895935e-10
3950.000000  2.261103e-10
3970.000000  1.179351e-10
3990.000000  2.281247e-10
4010.000000  2.589047e-10
4030.000000  2.573270e-10
4050.000000  2.539707e-10
4070.000000  2.419663e-10
4090.000000  1.912438e-10
4110.000000  1.451822e-10
4130.000000  2.299353e-10
4150.000000  2.465193e-10
4170.000000  2.440947e-10
4190.000000  2.420426e-10
4210.000000  2.410530e-10
4230.000000  2.335388e-10
4250.000000  2.346892e-10
4270.000000  2.225032e-10
4290.000000  2.261972e-10
4310.000000  2.050125e-10
4330.000000  1.593438e-10
4350.000000  1.351107e-10
4370.000000  2.081158e-10
4390.000000  2.136449e-10
4410.000000  2.103933e-10
4430.000000  2.070531e-10
4450.000000  2.112723e-10
4470.000000  2.100833e-10
4490.000000  2.067647e-10
4510.000000  2.132122e-10
4530.000000  2.031567e-10
4550.000000  1.997905e-10
4570.000000  2.065689e-10
4590.000000  1.970151e-10
4610.000000  2.016146e-10
4630.000000  1.944852e-10
4650.000000  1.961613e-10
4670.000000  1.953089e-10
4690.000000  1.866486e-10
4710.000000  1.791930e-10
4730.000000  1.878388e-10
4750.000000  1.872421e-10
4770.000000  1.832197e-10
4790.000000  1.813198e-10
4810.000000  1.763112e-10
4830.000000  1.680402e-10
4850.000000  1.293292e-10
4870.000000  1.026428e-10
4890.000000  1.564957e-10
4910.000000  1.651989e-10
4930.000000  1.630638e-10
4950.000000  1.664856e-10
4970.000000  1.672703e-10
4990.000000  1.599274e-10
5010.000000  1.533717e-10
5030.000000  1.575394e-10
5050.000000  1.543929e-10
5070.000000  1.573815e-10
5090.000000  1.547892e-10
5110.000000  1.543819e-10
5130.000000  1.506110e-10
5150.000000  1.466307e-10
5170.000000  1.440944e-10
5190.000000  1.424293e-10
5210.000000  1.425228e-10
5230.000000  1.409688e-10
5250.000000  1.429494e-10
5270.000000  1.329934e-10
5290.000000  1.392882e-10
5310.000000  1.365483e-10
5330.000000  1.313727e-10
5350.000000  1.356147e-10
5370.000000  1.340882e-10
5390.000000  1.322465e-10
5410.000000  1.289283e-10
5430.000000  1.294949e-10
5450.000000  1.303670e-10
5470.000000  1.283360e-10
5490.000000  1.273884e-10
5510.000000  1.261212e-10
5530.000000  1.248716e-10
5550.000000  1.244578e-10
5570.000000  1.224947e-10
5590.000000  1.210813e-10
5610.000000  1.208974e-10
5630.000000  1.204625e-10
5650.000000  1.187128e-10
5670.000000  1.166606e-10
5690.000000  1.166765e-10
5710.000000  1.155873e-10
5730.000000  1.162860e-10
5750.000000  1.139323e-10
5770.000000  1.133476e-10
5790.000000  1.118782e-10
5810.000000  1.111997e-10
5830.000000  1.104986e-10
5850.000000  1.091339e-10
5870.000000  1.082621e-10
5890.000000  1.055300e-10
5910.000000  1.062386e-10
5930.000000  1.052708e-10
5950.000000  1.041423e-10
5970.000000  1.034651e-10
5990.000000  1.019171e-10
6010.000000  1.002252e-10
6030.000000  1.001450e-10
6050.000000  9.933168e-11
6070.000000  9.905259e-11
6090.000000  9.771717e-11
6110.000000  9.639292e-11
6130.000000  9.458729e-11
6150.000000  9.244901e-11
6170.000000  9.253090e-11
6190.000000  9.354668e-11
6210.000000  9.277209e-11
6230.000000  9.129936e-11
6250.000000  8.842050e-11
6270.000000  9.051288e-11
6290.000000  8.976060e-11
6310.000000  8.786005e-11
6330.000000  8.756278e-11
6350.000000  8.593683e-11
6370.000000  8.550166e-11
6390.000000  8.536850e-11
6410.000000  8.380538e-11
6430.000000  8.363591e-11
6450.000000  8.161287e-11
6470.000000  8.199808e-11
6490.000000  8.009890e-11
6510.000000  7.964923e-11
6530.000000  7.722411e-11
6550.000000  6.673958e-11
6570.000000  5.290941e-11
6590.000000  7.262582e-11
6610.000000  7.612662e-11
6630.000000  7.655966e-11
6650.000000  7.618667e-11
6670.000000  7.540562e-11
6690.000000  7.521850e-11
6710.000000  7.462572e-11
6730.000000  7.396193e-11
6750.000000  7.287955e-11
6770.000000  7.303799e-11
6790.000000  7.231643e-11
6810.000000  7.174359e-11
6830.000000  7.091325e-11
6850.000000  7.033766e-11
6870.000000  7.002168e-11
6890.000000  6.946949e-11
6910.000000  6.884454e-11
6930.000000  6.818773e-11
6950.000000  6.770757e-11
6970.000000  6.706678e-11
6990.000000  6.668074e-11
7010.000000  6.530491e-11
7030.000000  6.530498e-11
7050.000000  6.491073e-11
7070.000000  6.448249e-11
7090.000000  6.398176e-11
7110.000000  6.192939e-11
7130.000000  6.238686e-11
7150.000000  6.205581e-11
7170.000000  6.154124e-11
7190.000000  6.093330e-11
7210.000000  6.066165e-11
7230.000000  6.009730e-11
7250.000000  5.940524e-11
7270.000000  5.942282e-11
7290.000000  5.851689e-11
7310.000000  5.822909e-11
7330.000000  5.785312e-11
7350.000000  5.759512e-11
7370.000000  5.723593e-11
7390.000000  5.642643e-11
7410.000000  5.568034e-11
7430.000000  5.500475e-11
7450.000000  5.487537e-11
7470.000000  5.412423e-11
7490.000000  5.402970e-11
7510.000000  5.385418e-11
7530.000000  5.356564e-11
7550.000000  5.342601e-11
7570.000000  5.284657e-11
7590.000000  5.253560e-11
7610.000000  5.211016e-11
7630.000000  5.174877e-11
7650.000000  5.119418e-11
7670.000000  5.046330e-11
7690.000000  5.027986e-11
7710.000000  4.992659e-11
7730.000000  4.977156e-11
7750.000000  4.927076e-11
7770.000000  4.786611e-11
7790.000000  4.878965e-11
7810.000000  4.832498e-11
7830.000000  4.766880e-11
7850.000000  4.711140e-11
7870.000000  4.690449e-11
7890.000000  4.640410e-11
7910.000000  4.602425e-11
7930.000000  4.566403e-11
7950.000000  4.520457e-11
7970.000000  4.557351e-11
7990.000000  4.460083e-11
8010.000000  4.474811e-11
8030.000000  4.426792e-11
8050.000000  4.409746e-11
8070.000000  4.373015e-11
8090.000000  4.338932e-11
8110.000000  4.326015e-11
8130.000000  4.302478e-11
8150.000000  4.269347e-11
8170.000000  4.239855e-11
8190.000000  4.128198e-11
8210.000000  4.107934e-11
8230.000000  4.079672e-11
8250.000000  4.068671e-11
8270.000000  4.102292e-11
8290.000000  4.065691e-11
8310.000000  4.027462e-11
8330.000000  3.959344e-11
8350.000000  3.976502e-11
8370.000000  3.956112e-11
8390.000000  3.907171e-11
8410.000000  3.885139e-11
8430.000000  3.845313e-11
8450.000000  3.756095e-11
8470.000000  3.719182e-11
8490.000000  3.787515e-11
8510.000000  3.525199e-11
8530.000000  3.776537e-11
8550.000000  3.217071e-11
8570.000000  3.818056e-11
8590.000000  3.531569e-11
8610.000000  3.429829e-11
8630.000000  3.820821e-11
8650.000000  3.666000e-11
8670.000000  2.932912e-11
8690.000000  3.651637e-11
8710.000000  3.846181e-11
8730.000000  3.689008e-11
8750.000000  2.910814e-11
8770.000000  3.530312e-11
8790.000000  3.818816e-11
8810.000000  3.833422e-11
8830.000000  3.676319e-11
8850.000000  3.305719e-11
8870.000000  2.795361e-11
8890.000000  3.543000e-11
8910.000000  3.705421e-11
8930.000000  3.713505e-11
8950.000000  3.739678e-11
8970.000000  3.651892e-11
8990.000000  3.474540e-11
9010.000000  2.746313e-11
9030.000000  3.033333e-11
9050.000000  3.474960e-11
9070.000000  3.471253e-11
9090.000000  3.433817e-11
9110.000000  3.520384e-11
9130.000000  3.532214e-11
9150.000000  3.528589e-11
9170.000000  3.465049e-11
9190.000000  3.355002e-11
9210.000000  3.096627e-11
9230.000000  2.405849e-11
9250.000000  2.963777e-11
9270.000000  3.173263e-11
9290.000000  3.330799e-11
9310.000000  3.343400e-11
9330.000000  3.320728e-11
9350.000000  3.315370e-11
9370.000000  3.301737e-11
9390.000000  3.246604e-11
9410.000000  3.114009e-11
9430.000000  3.187301e-11
9450.000000  3.171160e-11
9470.000000  3.160798e-11
9490.000000  3.119986e-11
9510.000000  3.018588e-11
9530.000000  2.756102e-11
9550.000000  2.200690e-11
9570.000000  2.772751e-11
9590.000000  2.956589e-11
9610.000000  2.967521e-11
9630.000000  2.923156e-11
9650.000000  2.969837e-11
9670.000000  2.917398e-11
9690.000000  2.902585e-11
9710.000000  2.950408e-11
9730.000000  2.924059e-11
9750.000000  2.878969e-11
9770.000000  2.894182e-11
9790.000000  2.872569e-11
9810.000000  2.853267e-11
9830.000000  2.824237e-11
9850.000000  2.787815e-11
9870.000000  2.770798e-11
9890.000000  2.734020e-11
9910.000000  2.723619e-11
9930.000000  2.723768e-11
9950.000000  2.699046e-11
9970.000000  2.684818e-11
9990.000000  2.648220e-11
10025.000000  2.392708e-11
10075.000000  2.262964e-11
10125.000000  2.509829e-11
10175.000000  2.513684e-11
10225.000000  2.495687e-11
10275.000000  2.463007e-11
10325.000000  2.411899e-11
10375.000000  2.378553e-11
10425.000000  2.341680e-11
10475.000000  2.269826e-11
10525.000000  2.248618e-11
10575.000000  2.223267e-11
10625.000000  2.194975e-11
10675.000000  2.113460e-11
10725.000000  2.110000e-11
10775.000000  2.080015e-11
10825.000000  2.043825e-11
10875.000000  1.989198e-11
10925.000000  1.677041e-11
10975.000000  1.829739e-11
11025.000000  1.932526e-11
11075.000000  1.922808e-11
11125.000000  1.890964e-11
11175.000000  1.866393e-11
11225.000000  1.844317e-11
11275.000000  1.774092e-11
11325.000000  1.754065e-11
11375.000000  1.751596e-11
11425.000000  1.712690e-11
11475.000000  1.715420e-11
11525.000000  1.693106e-11
11575.000000  1.664673e-11
11625.000000  1.616090e-11
11675.000000  1.583558e-11
11725.000000  1.598215e-11
11775.000000  1.539643e-11
11825.000000  1.533943e-11
11875.000000  1.501630e-11
11925.000000  1.515081e-11
11975.000000  1.472705e-11
12025.000000  1.463277e-11
12075.000000  1.437753e-11
12125.000000  1.419993e-11
12175.000000  1.407348e-11
12225.000000  1.384241e-11
12275.000000  1.364159e-11
12325.000000  1.346831e-11
12375.000000  1.331359e-11
12425.000000  1.318439e-11
12475.000000  1.294746e-11
12525.000000  1.276694e-11
12575.000000  1.249911e-11
12625.000000  1.240702e-11
12675.000000  1.227106e-11
12725.000000  1.207092e-11
12775.000000  1.152794e-11
12825.000000  9.792783e-12
12875.000000  1.132063e-11
12925.000000  1.143344e-11
12975.000000  1.134748e-11
13025.000000  1.123193e-11
13075.000000  1.111471e-11
13125.000000  1.094129e-11
13175.000000  1.074770e-11
13225.000000  1.068487e-11
13275.000000  1.053941e-11
13325.000000  1.041922e-11
13375.000000  1.028275e-11
13425.000000  1.014809e-11
13475.000000  1.002202e-11
13525.000000  9.860838e-12
13575.000000  9.721532e-12
13625.000000  9.642578e-12
13675.000000  9.498387e-12
13725.000000  9.290065e-12
13775.000000  9.251987e-12
13825.000000  9.151093e-12
13875.000000  9.081508e-12
13925.000000  8.908735e-12
13975.000000  8.827166e-12
14025.000000  8.727967e-12
14075.000000  8.639564e-12
14125.000000  8.506041e-12
14175.000000  8.419889e-12
14225.000000  8.300273e-12
14275.000000  8.187903e-12
14325.000000  8.113153e-12
14375.000000  8.038287e-12
14425.000000  7.743603e-12
14475.000000  7.825076e-12
14525.000000  7.631048e-12
14570.000000  7.644199e-12
14620.000000  7.530530e-12
14675.000000  7.466040e-12
14725.000000  7.350914e-12
14775.000000  7.232771e-12
14825.000000  7.180358e-12
14875.000000  7.062539e-12
14925.000000  7.071669e-12
14975.000000  6.956300e-12
15025.000000  6.854539e-12
15075.000000  6.757990e-12
15125.000000  6.734417e-12
15175.000000  6.660443e-12
15225.000000  6.576738e-12
15275.000000  6.492308e-12
15325.000000  6.408424e-12
15375.000000  6.358568e-12
15425.000000  6.190782e-12
15475.000000  6.199044e-12
15525.000000  6.141374e-12
15575.000000  5.933152e-12
15625.000000  6.085826e-12
15675.000000  5.866525e-12
15725.000000  5.678065e-12
15775.000000  5.852383e-12
15825.000000  5.815479e-12
15875.000000  5.263189e-12
15925.000000  5.607624e-12
15975.000000  5.696505e-12
16050.000000  5.495921e-12
16150.000000  5.150529e-12
16250.000000  5.437518e-12
16350.000000  5.136902e-12
16450.000000  4.781316e-12
16550.000000  5.105793e-12
16650.000000  5.009300e-12
16750.000000  4.700165e-12
16850.000000  4.369188e-12
16950.000000  4.690283e-12
17050.000000  4.584553e-12
17150.000000  4.509132e-12
17250.000000  4.345096e-12
17350.000000  3.819855e-12
17450.000000  4.099997e-12
17550.000000  4.110010e-12
17650.000000  4.030927e-12
17750.000000  3.963044e-12
17850.000000  3.876415e-12
17950.000000  3.816819e-12
18050.000000  3.688685e-12
18150.000000  3.288168e-12
18250.000000  3.458669e-12
18350.000000  3.501364e-12
18450.000000  3.439458e-12
18550.000000  3.354456e-12
18650.000000  3.268772e-12
18750.000000  2.888855e-12
18850.000000  3.122558e-12
18950.000000  3.082966e-12
19050.000000  3.066643e-12
19150.000000  3.004352e-12
19250.000000  2.938713e-12
19350.000000  2.847182e-12
19450.000000  2.523418e-12
19550.000000  2.743419e-12
19650.000000  2.725091e-12
19750.000000  2.671625e-12
19850.000000  2.630925e-12
19950.000000  2.582440e-12
20050.000000  2.537258e-12
20150.000000  2.492834e-12
20250.000000  2.442919e-12
20350.000000  2.394375e-12
20450.000000  2.359575e-12
20550.000000  2.315383e-12
20650.000000  2.267627e-12
20750.000000  2.228843e-12
20850.000000  2.191159e-12
20950.000000  2.150828e-12
21050.000000  2.112989e-12
21150.000000  2.068975e-12
21250.000000  2.034417e-12
21350.000000  1.997969e-12
21450.000000  1.966983e-12
21550.000000  1.914760e-12
21650.000000  1.706100e-12
21750.000000  1.831853e-12
21850.000000  1.831198e-12
21950.000000  1.810098e-12
22050.000000  1.772749e-12
22150.000000  1.742425e-12
22250.000000  1.720352e-12
22350.000000  1.691251e-12
22450.000000  1.663487e-12
22550.000000  1.628037e-12
22650.000000  1.606391e-12
22750.000000  1.581236e-12
22850.000000  1.554958e-12
22950.000000  1.527741e-12
23050.000000  1.507074e-12
23150.000000  1.481749e-12
23250.000000  1.460117e-12
23350.000000  1.435861e-12
23450.000000  1.413987e-12
23550.000000  1.391734e-12
23650.000000  1.370447e-12
23750.000000  1.346871e-12
23850.000000  1.326082e-12
23950.000000  1.306055e-12
24050.000000  1.284270e-12
24150.000000  1.263923e-12
24250.000000  1.246153e-12
24350.000000  1.224709e-12
24450.000000  1.206208e-12
24550.000000  1.187333e-12
24650.000000  1.168701e-12
24750.000000  1.150266e-12
24850.000000  1.134597e-12
24950.000000  1.105145e-12
