2505.000000  3.456495e-11
2513.000000  2.640276e-11
2518.000000  2.680396e-11
2525.000000  2.301972e-11
2535.000000  2.075372e-11
2545.000000  2.051601e-11
2555.000000  2.564998e-11
2565.000000  2.421616e-11
2575.000000  2.904670e-11
2585.000000  2.885732e-11
2595.000000  2.755721e-11
2605.000000  2.497544e-11
2615.000000  2.297124e-11
2625.000000  2.984603e-11
2635.000000  3.275173e-11
2645.000000  4.170524e-11
2655.000000  4.400040e-11
2665.000000  3.475422e-11
2675.000000  3.906014e-11
2685.000000  3.887421e-11
2695.000000  3.480715e-11
2705.000000  3.782247e-11
2715.000000  3.317568e-11
2725.000000  3.391150e-11
2735.000000  3.755221e-11
2745.000000  2.493193e-11
2755.000000  2.837509e-11
2765.000000  3.144295e-11
2775.000000  3.716053e-11
2785.000000  3.133789e-11
2795.000000  1.286365e-11
2805.000000  1.704043e-11
2815.000000  3.808067e-11
2825.000000  4.352934e-11
2835.000000  4.085443e-11
2845.000000  3.850755e-11
2855.000000  3.350075e-11
2865.000000  4.117842e-11
2875.000000  4.031652e-11
2885.000000  4.058855e-11
2895.000000  3.824962e-11
2910.000000  4.616027e-11
2930.000000  4.316851e-11
2950.000000  4.269447e-11
2970.000000  4.543054e-11
2990.000000  4.556493e-11
3010.000000  4.691548e-11
3030.000000  4.634978e-11
3050.000000  4.643683e-11
3070.000000  4.724283e-11
3090.000000  4.833818e-11
3110.000000  4.667204e-11
3130.000000  4.628807e-11
3150.000000  4.806201e-11
3170.000000  4.787435e-11
3190.000000  4.426145e-11
3210.000000  4.624921e-11
3230.000000  4.338330e-11
3250.000000  4.607609e-11
3270.000000  4.775733e-11
3290.000000  4.788460e-11
3310.000000  4.904057e-11
3330.000000  4.786437e-11
3350.000000  4.726449e-11
3370.000000  4.629894e-11
3390.000000  4.691406e-11
3410.000000  4.707180e-11
3430.000000  4.755304e-11
3450.000000  4.740777e-11
3470.000000  4.674892e-11
3490.000000  4.677893e-11
3510.000000  4.790276e-11
3530.000000  4.735018e-11
3550.000000  4.931157e-11
3570.000000  4.637084e-11
3590.000000  4.601287e-11
3610.000000  4.637184e-11
3630.000000  4.684315e-11
3640.000000  4.616270e-11
3650.000000  4.888157e-11
3670.000000  4.820937e-11
3690.000000  4.623899e-11
3710.000000  4.858129e-11
3730.000000  4.960130e-11
3750.000000  6.092882e-11
3770.000000  6.553515e-11
3790.000000  7.876794e-11
3810.000000  9.063633e-11
3830.000000  7.227072e-11
3850.000000  9.894886e-11
3870.000000  1.095173e-10
3890.000000  6.841106e-11
3910.000000  1.081577e-10
3930.000000  8.832860e-11
3950.000000  1.062811e-10
3970.000000  6.135546e-11
3990.000000  1.080236e-10
4010.000000  1.198158e-10
4030.000000  1.196317e-10
4050.000000  1.180071e-10
4070.000000  1.132807e-10
4090.000000  9.454003e-11
4110.000000  7.433431e-11
4130.000000  1.096900e-10
4150.000000  1.160354e-10
4170.000000  1.153756e-10
4190.000000  1.143307e-10
4210.000000  1.142505e-10
4230.000000  1.109007e-10
4250.000000  1.119628e-10
4270.000000  1.077400e-10
4290.000000  1.080777e-10
4310.000000  9.925652e-11
4330.000000  8.177243e-11
4350.000000  7.050399e-11
4370.000000  1.023761e-10
4390.000000  1.042848e-10
4410.000000  1.028993e-10
4430.000000  1.017377e-10
4450.000000  1.030693e-10
4470.000000  1.028007e-10
4490.000000  1.018094e-10
4510.000000  1.047488e-10
4530.000000  1.000923e-10
4550.000000  9.895650e-11
4570.000000  1.020742e-10
4590.000000  9.807787e-11
4610.000000  9.982408e-11
4630.000000  9.711224e-11
4650.000000  9.766945e-11
4670.000000  9.765096e-11
4690.000000  9.399787e-11
4710.000000  9.047333e-11
4730.000000  9.451190e-11
4750.000000  9.427240e-11
4770.000000  9.271409e-11
4790.000000  9.166713e-11
4810.000000  8.971821e-11
4830.000000  8.601008e-11
4850.000000  6.892503e-11
4870.000000  5.579367e-11
4890.000000  8.083329e-11
4910.000000  8.458694e-11
4930.000000  8.362503e-11
4950.000000  8.523800e-11
4970.000000  8.566956e-11
4990.000000  8.227853e-11
5010.000000  7.960690e-11
5030.000000  8.185827e-11
5050.000000  8.035897e-11
5070.000000  8.165364e-11
5090.000000  8.029901e-11
5110.000000  8.024217e-11
5130.000000  7.851786e-11
5150.000000  7.676552e-11
5170.000000  7.527833e-11
5190.000000  7.447648e-11
5210.000000  7.475388e-11
5230.000000  7.422687e-11
5250.000000  7.532586e-11
5270.000000  7.045976e-11
5290.000000  7.353625e-11
5310.000000  7.275386e-11
5330.000000  6.990290e-11
5350.000000  7.185515e-11
5370.000000  7.100095e-11
5390.000000  7.029325e-11
5410.000000  6.867664e-11
5430.000000  6.910232e-11
5450.000000  6.931901e-11
5470.000000  6.840530e-11
5490.000000  6.800996e-11
5510.000000  6.756422e-11
5530.000000  6.683184e-11
5550.000000  6.683301e-11
5570.000000  6.566846e-11
5590.000000  6.489717e-11
5610.000000  6.480785e-11
5630.000000  6.473990e-11
5650.000000  6.401570e-11
5670.000000  6.297991e-11
5690.000000  6.296864e-11
5710.000000  6.233140e-11
5730.000000  6.277537e-11
5750.000000  6.167592e-11
5770.000000  6.140799e-11
5790.000000  6.071545e-11
5810.000000  6.041058e-11
5830.000000  6.007910e-11
5850.000000  5.930583e-11
5870.000000  5.889540e-11
5890.000000  5.751921e-11
5910.000000  5.794563e-11
5930.000000  5.747367e-11
5950.000000  5.703026e-11
5970.000000  5.663264e-11
5990.000000  5.596358e-11
6010.000000  5.518962e-11
6030.000000  5.494251e-11
6050.000000  5.471014e-11
6070.000000  5.447582e-11
6090.000000  5.382769e-11
6110.000000  5.318971e-11
6130.000000  5.219472e-11
6150.000000  5.143801e-11
6170.000000  5.116411e-11
6190.000000  5.172939e-11
6210.000000  5.137809e-11
6230.000000  5.060416e-11
6250.000000  4.928632e-11
6270.000000  5.017670e-11
6290.000000  4.981529e-11
6310.000000  4.890281e-11
6330.000000  4.871537e-11
6350.000000  4.805772e-11
6370.000000  4.776621e-11
6390.000000  4.765955e-11
6410.000000  4.683865e-11
6430.000000  4.672364e-11
6450.000000  4.586979e-11
6470.000000  4.582715e-11
6490.000000  4.496117e-11
6510.000000  4.468217e-11
6530.000000  4.336462e-11
6550.000000  3.805017e-11
6570.000000  3.068162e-11
6590.000000  4.101684e-11
6610.000000  4.285866e-11
6630.000000  4.310677e-11
6650.000000  4.294166e-11
6670.000000  4.257511e-11
6690.000000  4.249384e-11
6710.000000  4.215461e-11
6730.000000  4.186814e-11
6750.000000  4.130897e-11
6770.000000  4.131922e-11
6790.000000  4.096282e-11
6810.000000  4.065469e-11
6830.000000  4.027794e-11
6850.000000  3.993035e-11
6870.000000  3.975260e-11
6890.000000  3.948515e-11
6910.000000  3.915666e-11
6930.000000  3.884473e-11
6950.000000  3.858044e-11
6970.000000  3.825386e-11
6990.000000  3.803405e-11
7010.000000  3.739221e-11
7030.000000  3.732502e-11
7050.000000  3.713001e-11
7070.000000  3.686762e-11
7090.000000  3.660395e-11
7110.000000  3.569277e-11
7130.000000  3.582944e-11
7150.000000  3.563186e-11
7170.000000  3.534529e-11
7190.000000  3.499518e-11
7210.000000  3.485808e-11
7230.000000  3.459375e-11
7250.000000  3.430656e-11
7270.000000  3.422594e-11
7290.000000  3.373731e-11
7310.000000  3.360523e-11
7330.000000  3.336887e-11
7350.000000  3.325457e-11
7370.000000  3.303731e-11
7390.000000  3.261474e-11
7410.000000  3.220043e-11
7430.000000  3.197428e-11
7450.000000  3.184849e-11
7470.000000  3.151371e-11
7490.000000  3.137911e-11
7510.000000  3.127552e-11
7530.000000  3.110205e-11
7550.000000  3.099412e-11
7570.000000  3.070689e-11
7590.000000  3.052467e-11
7610.000000  3.028950e-11
7630.000000  3.010912e-11
7650.000000  2.982447e-11
7670.000000  2.942982e-11
7690.000000  2.934030e-11
7710.000000  2.912053e-11
7730.000000  2.903412e-11
7750.000000  2.874567e-11
7770.000000  2.808493e-11
7790.000000  2.848840e-11
7810.000000  2.824632e-11
7830.000000  2.791463e-11
7850.000000  2.766497e-11
7870.000000  2.753668e-11
7890.000000  2.729713e-11
7910.000000  2.709696e-11
7930.000000  2.679637e-11
7950.000000  2.664199e-11
7970.000000  2.674703e-11
7990.000000  2.636519e-11
8010.000000  2.630669e-11
8030.000000  2.606649e-11
8050.000000  2.593376e-11
8070.000000  2.577560e-11
8090.000000  2.556016e-11
8110.000000  2.549099e-11
8130.000000  2.535824e-11
8150.000000  2.516758e-11
8170.000000  2.499223e-11
8190.000000  2.443875e-11
8210.000000  2.437454e-11
8230.000000  2.421389e-11
8250.000000  2.411032e-11
8270.000000  2.422159e-11
8290.000000  2.403928e-11
8310.000000  2.380692e-11
8330.000000  2.344361e-11
8350.000000  2.353812e-11
8370.000000  2.341996e-11
8390.000000  2.315349e-11
8410.000000  2.306307e-11
8430.000000  2.284698e-11
8450.000000  2.240804e-11
8470.000000  2.227433e-11
8490.000000  2.245435e-11
8510.000000  2.122939e-11
8530.000000  2.228174e-11
8550.000000  1.959087e-11
8570.000000  2.238241e-11
8590.000000  2.112146e-11
8610.000000  2.063138e-11
8630.000000  2.223436e-11
8650.000000  2.152364e-11
8670.000000  1.793323e-11
8690.000000  2.134645e-11
8710.000000  2.215389e-11
8730.000000  2.143704e-11
8750.000000  1.769621e-11
8770.000000  2.066173e-11
8790.000000  2.184623e-11
8810.000000  2.184469e-11
8830.000000  2.122817e-11
8850.000000  1.950091e-11
8870.000000  1.690248e-11
8890.000000  2.052843e-11
8910.000000  2.120908e-11
8930.000000  2.122315e-11
8950.000000  2.131546e-11
8970.000000  2.092473e-11
8990.000000  2.009912e-11
9010.000000  1.647034e-11
9030.000000  1.798884e-11
9050.000000  2.005102e-11
9070.000000  2.000432e-11
9090.000000  1.976202e-11
9110.000000  2.018826e-11
9130.000000  2.028184e-11
9150.000000  2.020084e-11
9170.000000  1.990593e-11
9190.000000  1.941836e-11
9210.000000  1.813418e-11
9230.000000  1.461519e-11
9250.000000  1.747752e-11
9270.000000  1.851436e-11
9290.000000  1.918235e-11
9310.000000  1.922926e-11
9330.000000  1.913462e-11
9350.000000  1.907361e-11
9370.000000  1.899295e-11
9390.000000  1.877318e-11
9410.000000  1.807969e-11
9430.000000  1.842447e-11
9450.000000  1.833125e-11
9470.000000  1.827683e-11
9490.000000  1.805010e-11
9510.000000  1.754234e-11
9530.000000  1.627465e-11
9550.000000  1.337621e-11
9570.000000  1.633267e-11
9590.000000  1.720243e-11
9610.000000  1.725399e-11
9630.000000  1.709742e-11
9650.000000  1.725783e-11
9670.000000  1.700772e-11
9690.000000  1.696887e-11
9710.000000  1.712747e-11
9730.000000  1.701536e-11
9750.000000  1.678305e-11
9770.000000  1.682504e-11
9790.000000  1.671456e-11
9810.000000  1.662532e-11
9830.000000  1.649772e-11
9850.000000  1.631800e-11
9870.000000  1.621345e-11
9890.000000  1.602951e-11
9910.000000  1.595421e-11
9930.000000  1.592767e-11
9950.000000  1.581227e-11
9970.000000  1.570704e-11
9990.000000  1.550730e-11
10025.000000  1.421123e-11
10075.000000  1.351762e-11
10125.000000  1.482248e-11
10175.000000  1.479236e-11
10225.000000  1.468099e-11
10275.000000  1.450237e-11
10325.000000  1.423027e-11
10375.000000  1.405220e-11
10425.000000  1.385373e-11
10475.000000  1.348794e-11
10525.000000  1.338568e-11
10575.000000  1.321295e-11
10625.000000  1.303357e-11
10675.000000  1.260283e-11
10725.000000  1.257751e-11
10775.000000  1.241428e-11
10825.000000  1.218701e-11
10875.000000  1.187926e-11
10925.000000  1.019646e-11
10975.000000  1.101773e-11
11025.000000  1.155997e-11
11075.000000  1.151932e-11
11125.000000  1.134906e-11
11175.000000  1.120467e-11
11225.000000  1.108524e-11
11275.000000  1.073674e-11
11325.000000  1.061369e-11
11375.000000  1.057438e-11
11425.000000  1.036326e-11
11475.000000  1.036006e-11
11525.000000  1.023186e-11
11575.000000  1.007684e-11
11625.000000  9.815263e-12
11675.000000  9.634385e-12
11725.000000  9.699477e-12
11775.000000  9.375369e-12
11825.000000  9.341399e-12
11875.000000  9.157789e-12
11925.000000  9.218815e-12
11975.000000  8.975339e-12
12025.000000  8.926819e-12
12075.000000  8.785770e-12
12125.000000  8.685843e-12
12175.000000  8.617054e-12
12225.000000  8.492660e-12
12275.000000  8.367506e-12
12325.000000  8.270114e-12
12375.000000  8.177493e-12
12425.000000  8.093764e-12
12475.000000  7.976228e-12
12525.000000  7.860143e-12
12575.000000  7.716243e-12
12625.000000  7.644256e-12
12675.000000  7.562682e-12
12725.000000  7.434644e-12
12775.000000  7.104566e-12
12825.000000  6.084259e-12
12875.000000  6.986989e-12
12925.000000  7.070495e-12
12975.000000  7.027454e-12
13025.000000  6.956743e-12
13075.000000  6.891137e-12
13125.000000  6.786945e-12
13175.000000  6.683380e-12
13225.000000  6.641526e-12
13275.000000  6.554367e-12
13325.000000  6.484166e-12
13375.000000  6.402654e-12
13425.000000  6.328006e-12
13475.000000  6.252410e-12
13525.000000  6.161872e-12
13575.000000  6.078193e-12
13625.000000  6.029542e-12
13675.000000  5.948465e-12
13725.000000  5.825668e-12
13775.000000  5.797523e-12
13825.000000  5.734059e-12
13875.000000  5.692326e-12
13925.000000  5.597144e-12
13975.000000  5.544290e-12
14025.000000  5.480631e-12
14075.000000  5.428996e-12
14125.000000  5.349699e-12
14175.000000  5.299512e-12
14225.000000  5.224221e-12
14275.000000  5.154143e-12
14325.000000  5.116225e-12
14375.000000  5.068010e-12
14425.000000  4.895689e-12
14475.000000  4.943993e-12
14525.000000  4.830834e-12
14570.000000  4.831166e-12
14620.000000  4.763435e-12
14675.000000  4.723732e-12
14725.000000  4.653140e-12
14775.000000  4.584907e-12
14825.000000  4.551245e-12
14875.000000  4.474619e-12
14925.000000  4.483083e-12
14975.000000  4.414970e-12
15025.000000  4.348330e-12
15075.000000  4.293181e-12
15125.000000  4.279283e-12
15175.000000  4.235069e-12
15225.000000  4.180548e-12
15275.000000  4.133881e-12
15325.000000  4.083494e-12
15375.000000  4.046185e-12
15425.000000  3.957656e-12
15475.000000  3.949357e-12
15525.000000  3.910723e-12
15575.000000  3.807117e-12
15625.000000  3.865211e-12
15675.000000  3.747718e-12
15725.000000  3.650264e-12
15775.000000  3.714554e-12
15825.000000  3.690294e-12
15875.000000  3.400349e-12
15925.000000  3.570294e-12
15975.000000  3.609982e-12
16050.000000  3.491051e-12
16150.000000  3.291235e-12
16250.000000  3.444362e-12
16350.000000  3.259215e-12
16450.000000  3.046100e-12
16550.000000  3.238529e-12
16650.000000  3.178497e-12
16750.000000  2.979551e-12
16850.000000  2.775125e-12
16950.000000  2.977744e-12
17050.000000  2.914347e-12
17150.000000  2.863529e-12
17250.000000  2.757978e-12
17350.000000  2.425882e-12
17450.000000  2.602760e-12
17550.000000  2.614359e-12
17650.000000  2.565129e-12
17750.000000  2.522884e-12
17850.000000  2.467804e-12
17950.000000  2.426195e-12
18050.000000  2.346000e-12
18150.000000  2.085791e-12
18250.000000  2.195212e-12
18350.000000  2.224024e-12
18450.000000  2.185461e-12
18550.000000  2.135525e-12
18650.000000  2.074612e-12
18750.000000  1.829360e-12
18850.000000  1.981902e-12
18950.000000  1.959988e-12
19050.000000  1.948667e-12
19150.000000  1.909851e-12
19250.000000  1.868360e-12
19350.000000  1.806771e-12
19450.000000  1.600657e-12
19550.000000  1.740893e-12
19650.000000  1.732336e-12
19750.000000  1.699805e-12
19850.000000  1.674225e-12
19950.000000  1.643311e-12
20050.000000  1.614781e-12
20150.000000  1.586549e-12
20250.000000  1.554948e-12
20350.000000  1.523645e-12
20450.000000  1.501775e-12
20550.000000  1.473879e-12
20650.000000  1.443706e-12
20750.000000  1.419591e-12
20850.000000  1.395291e-12
20950.000000  1.368831e-12
21050.000000  1.345433e-12
21150.000000  1.318439e-12
21250.000000  1.295777e-12
21350.000000  1.273255e-12
21450.000000  1.251775e-12
21550.000000  1.216965e-12
21650.000000  1.084272e-12
21750.000000  1.164333e-12
21850.000000  1.165024e-12
21950.000000  1.152143e-12
22050.000000  1.129215e-12
22150.000000  1.110329e-12
22250.000000  1.095546e-12
22350.000000  1.077224e-12
22450.000000  1.059397e-12
22550.000000  1.037071e-12
22650.000000  1.023140e-12
22750.000000  1.007214e-12
22850.000000  9.902321e-13
22950.000000  9.734785e-13
23050.000000  9.599988e-13
23150.000000  9.438493e-13
23250.000000  9.298990e-13
23350.000000  9.144922e-13
23450.000000  9.005605e-13
23550.000000  8.864313e-13
23650.000000  8.727534e-13
23750.000000  8.577655e-13
23850.000000  8.444822e-13
23950.000000  8.320247e-13
24050.000000  8.185120e-13
24150.000000  8.054757e-13
24250.000000  7.938244e-13
24350.000000  7.804519e-13
24450.000000  7.689095e-13
24550.000000  7.563468e-13
24650.000000  7.452511e-13
24750.000000  7.334020e-13
24850.000000  7.224335e-13
24950.000000  7.071817e-13
