2505.000000  2.617961e-10
2513.000000  2.353150e-10
2518.000000  2.448603e-10
2525.000000  2.277531e-10
2535.000000  2.324844e-10
2545.000000  2.229520e-10
2555.000000  2.364867e-10
2565.000000  2.316758e-10
2575.000000  2.496223e-10
2585.000000  2.445149e-10
2595.000000  2.444176e-10
2605.000000  2.317467e-10
2615.000000  2.304815e-10
2625.000000  2.371962e-10
2635.000000  2.386149e-10
2645.000000  2.542833e-10
2655.000000  2.493401e-10
2665.000000  2.282833e-10
2675.000000  2.407821e-10
2685.000000  2.344859e-10
2695.000000  2.286150e-10
2705.000000  2.352245e-10
2715.000000  2.237537e-10
2725.000000  2.251128e-10
2735.000000  2.382502e-10
2745.000000  2.076358e-10
2755.000000  2.058963e-10
2765.000000  2.116300e-10
2775.000000  2.229284e-10
2785.000000  2.229217e-10
2795.000000  1.924820e-10
2805.000000  2.090903e-10
2815.000000  2.239917e-10
2825.000000  2.239692e-10
2835.000000  2.105493e-10
2845.000000  2.038671e-10
2855.000000  2.037954e-10
2865.000000  2.126821e-10
2875.000000  2.059750e-10
2885.000000  2.082978e-10
2895.000000  2.027814e-10
2910.000000  2.160578e-10
2930.000000  2.077150e-10
2950.000000  2.058825e-10
2970.000000  2.050177e-10
2990.000000  2.030164e-10
3010.000000  2.059874e-10
3030.000000  2.022877e-10
3050.000000  1.979078e-10
3070.000000  1.943624e-10
3090.000000  1.945995e-10
3110.000000  1.883219e-10
3130.000000  1.862330e-10
3150.000000  1.857734e-10
3170.000000  1.821412e-10
3190.000000  1.752427e-10
3210.000000  1.766784e-10
3230.000000  1.737816e-10
3250.000000  1.719967e-10
3270.000000  1.707260e-10
3290.000000  1.689950e-10
3310.000000  1.678638e-10
3330.000000  1.641266e-10
3350.000000  1.609610e-10
3370.000000  1.590813e-10
3390.000000  1.563960e-10
3410.000000  1.562023e-10
3430.000000  1.539598e-10
3450.000000  1.519902e-10
3470.000000  1.493032e-10
3490.000000  1.475597e-10
3510.000000  1.467405e-10
3530.000000  1.454314e-10
3550.000000  1.437212e-10
3570.000000  1.414136e-10
3590.000000  1.391900e-10
3610.000000  1.377734e-10
3630.000000  1.357908e-10
3640.000000  1.353941e-10
3650.000000  1.353769e-10
3670.000000  1.339460e-10
3690.000000  1.307016e-10
3710.000000  1.275209e-10
3730.000000  1.228070e-10
3750.000000  1.394228e-10
3770.000000  1.433494e-10
3790.000000  1.654292e-10
3810.000000  1.844112e-10
3830.000000  1.518591e-10
3850.000000  1.937385e-10
3870.000000  2.108500e-10
3890.000000  1.361238e-10
3910.000000  2.083336e-10
3930.000000  2.120295e-10
3950.000000  2.042682e-10
3970.000000  1.283490e-10
3990.000000  1.940509e-10
4010.000000  2.042471e-10
4030.000000  1.960331e-10
4050.000000  2.010225e-10
4070.000000  1.932641e-10
4090.000000  1.617789e-10
4110.000000  1.299056e-10
4130.000000  1.792727e-10
4150.000000  1.842389e-10
4170.000000  1.826141e-10
4190.000000  1.805322e-10
4210.000000  1.784124e-10
4230.000000  1.754301e-10
4250.000000  1.721830e-10
4270.000000  1.677764e-10
4290.000000  1.670360e-10
4310.000000  1.608029e-10
4330.000000  1.298442e-10
4350.000000  1.131506e-10
4370.000000  1.525863e-10
4390.000000  1.510395e-10
4410.000000  1.529663e-10
4430.000000  1.493639e-10
4450.000000  1.493270e-10
4470.000000  1.432567e-10
4490.000000  1.421970e-10
4510.000000  1.425725e-10
4530.000000  1.400202e-10
4550.000000  1.373146e-10
4570.000000  1.372090e-10
4590.000000  1.340368e-10
4610.000000  1.334994e-10
4630.000000  1.296550e-10
4650.000000  1.295584e-10
4670.000000  1.272884e-10
4690.000000  1.255366e-10
4710.000000  1.215432e-10
4730.000000  1.219834e-10
4750.000000  1.198989e-10
4770.000000  1.192610e-10
4790.000000  1.172223e-10
4810.000000  1.145304e-10
4830.000000  1.106897e-10
4850.000000  9.264594e-11
4870.000000  7.814898e-11
4890.000000  1.051404e-10
4910.000000  1.067191e-10
4930.000000  1.044820e-10
4950.000000  1.048822e-10
4970.000000  1.039444e-10
4990.000000  1.022143e-10
5010.000000  9.867618e-11
5030.000000  9.853187e-11
5050.000000  9.574520e-11
5070.000000  9.640342e-11
5090.000000  9.511997e-11
5110.000000  9.338425e-11
5130.000000  9.275573e-11
5150.000000  9.060397e-11
5170.000000  8.965584e-11
5190.000000  8.879246e-11
5210.000000  8.684817e-11
5230.000000  8.615991e-11
5250.000000  8.573368e-11
5270.000000  8.379947e-11
5290.000000  8.410739e-11
5310.000000  8.227126e-11
5330.000000  8.166137e-11
5350.000000  8.077414e-11
5370.000000  7.993125e-11
5390.000000  7.888266e-11
5410.000000  7.756364e-11
5430.000000  7.679562e-11
5450.000000  7.605157e-11
5470.000000  7.489330e-11
5490.000000  7.425581e-11
5510.000000  7.327690e-11
5530.000000  7.263381e-11
5550.000000  7.176302e-11
5570.000000  7.088663e-11
5590.000000  7.009269e-11
5610.000000  6.944960e-11
5630.000000  6.870399e-11
5650.000000  6.723582e-11
5670.000000  6.661695e-11
5690.000000  6.614696e-11
5710.000000  6.544934e-11
5730.000000  6.474589e-11
5750.000000  6.397881e-11
5770.000000  6.323451e-11
5790.000000  6.235358e-11
5810.000000  6.167297e-11
5830.000000  6.103222e-11
5850.000000  6.033705e-11
5870.000000  5.881423e-11
5890.000000  5.865724e-11
5910.000000  5.824815e-11
5930.000000  5.772595e-11
5950.000000  5.659368e-11
5970.000000  5.624315e-11
5990.000000  5.548261e-11
6010.000000  5.513328e-11
6030.000000  5.451328e-11
6050.000000  5.387461e-11
6070.000000  5.326397e-11
6090.000000  5.267052e-11
6110.000000  5.217077e-11
6130.000000  5.156574e-11
6150.000000  5.044331e-11
6170.000000  5.038662e-11
6190.000000  4.991522e-11
6210.000000  4.936020e-11
6230.000000  4.870965e-11
6250.000000  4.782918e-11
6270.000000  4.775563e-11
6290.000000  4.722163e-11
6310.000000  4.661259e-11
6330.000000  4.619244e-11
6350.000000  4.499312e-11
6370.000000  4.479906e-11
6390.000000  4.469087e-11
6410.000000  4.415102e-11
6430.000000  4.381886e-11
6450.000000  4.310454e-11
6470.000000  4.285590e-11
6490.000000  4.219059e-11
6510.000000  4.158509e-11
6530.000000  4.062110e-11
6550.000000  3.659596e-11
6570.000000  3.073440e-11
6590.000000  3.864803e-11
6610.000000  3.946494e-11
6630.000000  3.927898e-11
6650.000000  3.900356e-11
6670.000000  3.847782e-11
6690.000000  3.813461e-11
6710.000000  3.787709e-11
6730.000000  3.747890e-11
6750.000000  3.711510e-11
6770.000000  3.677688e-11
6790.000000  3.634864e-11
6810.000000  3.600426e-11
6830.000000  3.556390e-11
6850.000000  3.527643e-11
6870.000000  3.494403e-11
6890.000000  3.460185e-11
6910.000000  3.425152e-11
6930.000000  3.382312e-11
6950.000000  3.359470e-11
6970.000000  3.327497e-11
6990.000000  3.297263e-11
7010.000000  3.257329e-11
7030.000000  3.230985e-11
7050.000000  3.188015e-11
7070.000000  3.154251e-11
7090.000000  3.140657e-11
7110.000000  3.100184e-11
7130.000000  3.074177e-11
7150.000000  3.046815e-11
7170.000000  3.018996e-11
7190.000000  2.992160e-11
7210.000000  2.964243e-11
7230.000000  2.924998e-11
7250.000000  2.902488e-11
7270.000000  2.881017e-11
7290.000000  2.849890e-11
7310.000000  2.825749e-11
7330.000000  2.800053e-11
7350.000000  2.776377e-11
7370.000000  2.750067e-11
7390.000000  2.723943e-11
7410.000000  2.697746e-11
7430.000000  2.663065e-11
7450.000000  2.643332e-11
7470.000000  2.611273e-11
7490.000000  2.593389e-11
7510.000000  2.569979e-11
7530.000000  2.551030e-11
7550.000000  2.527766e-11
7570.000000  2.505582e-11
7590.000000  2.481051e-11
7610.000000  2.461913e-11
7630.000000  2.438462e-11
7650.000000  2.414584e-11
7670.000000  2.393711e-11
7690.000000  2.371441e-11
7710.000000  2.350026e-11
7730.000000  2.329695e-11
7750.000000  2.308692e-11
7770.000000  2.251492e-11
7790.000000  2.267882e-11
7810.000000  2.249998e-11
7830.000000  2.228980e-11
7850.000000  2.196583e-11
7870.000000  2.176881e-11
7890.000000  2.150101e-11
7910.000000  2.148499e-11
7930.000000  2.133344e-11
7950.000000  2.099916e-11
7970.000000  2.096049e-11
7990.000000  2.054192e-11
8010.000000  2.059892e-11
8030.000000  2.041209e-11
8050.000000  2.022784e-11
8070.000000  2.006433e-11
8090.000000  1.988348e-11
8110.000000  1.970220e-11
8130.000000  1.954526e-11
8150.000000  1.938774e-11
8170.000000  1.923078e-11
8190.000000  1.901232e-11
8210.000000  1.880036e-11
8230.000000  1.856059e-11
8250.000000  1.858695e-11
8270.000000  1.847915e-11
8290.000000  1.825628e-11
8310.000000  1.816354e-11
8330.000000  1.799332e-11
8350.000000  1.786088e-11
8370.000000  1.773197e-11
8390.000000  1.760757e-11
8410.000000  1.743578e-11
8430.000000  1.725976e-11
8450.000000  1.693158e-11
8470.000000  1.688611e-11
8490.000000  1.680963e-11
8510.000000  1.640959e-11
8530.000000  1.663912e-11
8550.000000  1.580704e-11
8570.000000  1.655517e-11
8590.000000  1.573529e-11
8610.000000  1.547817e-11
8630.000000  1.641262e-11
8650.000000  1.578949e-11
8670.000000  1.406878e-11
8690.000000  1.591926e-11
8710.000000  1.633839e-11
8730.000000  1.569181e-11
8750.000000  1.318882e-11
8770.000000  1.497991e-11
8790.000000  1.604336e-11
8810.000000  1.612646e-11
8830.000000  1.564770e-11
8850.000000  1.415437e-11
8870.000000  1.247907e-11
8890.000000  1.490909e-11
8910.000000  1.547881e-11
8930.000000  1.548053e-11
8950.000000  1.545863e-11
8970.000000  1.518740e-11
8990.000000  1.446472e-11
9010.000000  1.198688e-11
9030.000000  1.279957e-11
9050.000000  1.436697e-11
9070.000000  1.450714e-11
9090.000000  1.449615e-11
9110.000000  1.451569e-11
9130.000000  1.442805e-11
9150.000000  1.434838e-11
9170.000000  1.411656e-11
9190.000000  1.372845e-11
9210.000000  1.281121e-11
9230.000000  1.048764e-11
9250.000000  1.234622e-11
9270.000000  1.305642e-11
9290.000000  1.344390e-11
9310.000000  1.346612e-11
9330.000000  1.335837e-11
9350.000000  1.331256e-11
9370.000000  1.321894e-11
9390.000000  1.308198e-11
9410.000000  1.281331e-11
9430.000000  1.289587e-11
9450.000000  1.280396e-11
9470.000000  1.265796e-11
9490.000000  1.248305e-11
9510.000000  1.214293e-11
9530.000000  1.116618e-11
9550.000000  9.360161e-12
9570.000000  1.121858e-11
9590.000000  1.185563e-11
9610.000000  1.193845e-11
9630.000000  1.175284e-11
9650.000000  1.187099e-11
9670.000000  1.175330e-11
9690.000000  1.171147e-11
9710.000000  1.164874e-11
9730.000000  1.155921e-11
9750.000000  1.145961e-11
9770.000000  1.139499e-11
9790.000000  1.130250e-11
9810.000000  1.121356e-11
9830.000000  1.110312e-11
9850.000000  1.103866e-11
9870.000000  1.095625e-11
9890.000000  1.083870e-11
9910.000000  1.078111e-11
9930.000000  1.070054e-11
9950.000000  1.060677e-11
9970.000000  1.050204e-11
9990.000000  1.037467e-11
10025.000000  9.487419e-12
10075.000000  9.004809e-12
10125.000000  9.804723e-12
10175.000000  9.769304e-12
10225.000000  9.634824e-12
10275.000000  9.469460e-12
10325.000000  9.293440e-12
10375.000000  9.136478e-12
10425.000000  8.983071e-12
10475.000000  8.812289e-12
10525.000000  8.653464e-12
10575.000000  8.513878e-12
10625.000000  8.374851e-12
10675.000000  8.174175e-12
10725.000000  8.075138e-12
10775.000000  7.945647e-12
10825.000000  7.761550e-12
10875.000000  7.585182e-12
10925.000000  6.535950e-12
10975.000000  7.002965e-12
11025.000000  7.252498e-12
11075.000000  7.180060e-12
11125.000000  7.073612e-12
11175.000000  6.956483e-12
11225.000000  6.845489e-12
11275.000000  6.673561e-12
11325.000000  6.580503e-12
11375.000000  6.517184e-12
11425.000000  6.411366e-12
11475.000000  6.312382e-12
11525.000000  6.212924e-12
11575.000000  6.113351e-12
11625.000000  5.995092e-12
11675.000000  5.901399e-12
11725.000000  5.825337e-12
11775.000000  5.701530e-12
11825.000000  5.644255e-12
11875.000000  5.549351e-12
11925.000000  5.478348e-12
11975.000000  5.385596e-12
12025.000000  5.310011e-12
12075.000000  5.228922e-12
12125.000000  5.147040e-12
12175.000000  5.071404e-12
12225.000000  4.993562e-12
12275.000000  4.916557e-12
12325.000000  4.844096e-12
12375.000000  4.773540e-12
12425.000000  4.705134e-12
12475.000000  4.621537e-12
12525.000000  4.565575e-12
12575.000000  4.488978e-12
12625.000000  4.429042e-12
12675.000000  4.362471e-12
12725.000000  4.281484e-12
12775.000000  4.112817e-12
12825.000000  3.618408e-12
12875.000000  4.030063e-12
12925.000000  4.044569e-12
12975.000000  4.000232e-12
13025.000000  3.949993e-12
13075.000000  3.893767e-12
13125.000000  3.839190e-12
13175.000000  3.776258e-12
13225.000000  3.732105e-12
13275.000000  3.680291e-12
13325.000000  3.629301e-12
13375.000000  3.578924e-12
13425.000000  3.527878e-12
13475.000000  3.479165e-12
13525.000000  3.429854e-12
13575.000000  3.384131e-12
13625.000000  3.337924e-12
13675.000000  3.289737e-12
13725.000000  3.245621e-12
13775.000000  3.205876e-12
13825.000000  3.163142e-12
13875.000000  3.120990e-12
13925.000000  3.078069e-12
13975.000000  3.037597e-12
14025.000000  2.998248e-12
14075.000000  2.958076e-12
14125.000000  2.918612e-12
14175.000000  2.881612e-12
14225.000000  2.843531e-12
14275.000000  2.807042e-12
14325.000000  2.770156e-12
14375.000000  2.733853e-12
14425.000000  2.690557e-12
14475.000000  2.662813e-12
14525.000000  2.626337e-12
14570.000000  2.600067e-12
14620.000000  2.567354e-12
14675.000000  2.533458e-12
14725.000000  2.501153e-12
14775.000000  2.467069e-12
14825.000000  2.440089e-12
14875.000000  2.408396e-12
14925.000000  2.380989e-12
14975.000000  2.350290e-12
15025.000000  2.322242e-12
15075.000000  2.292314e-12
15125.000000  2.265260e-12
15175.000000  2.237083e-12
15225.000000  2.210045e-12
15275.000000  2.181839e-12
15325.000000  2.154001e-12
15375.000000  2.129625e-12
15425.000000  2.097157e-12
15475.000000  2.077412e-12
15525.000000  2.050558e-12
15575.000000  2.011977e-12
15625.000000  2.012728e-12
15675.000000  1.966076e-12
15725.000000  1.929519e-12
15775.000000  1.946743e-12
15825.000000  1.919702e-12
15875.000000  1.824731e-12
15925.000000  1.857475e-12
15975.000000  1.867721e-12
16050.000000  1.812782e-12
16150.000000  1.729438e-12
16250.000000  1.764024e-12
16350.000000  1.684605e-12
16450.000000  1.599783e-12
16550.000000  1.652380e-12
16650.000000  1.617102e-12
16750.000000  1.533085e-12
16850.000000  1.451741e-12
16950.000000  1.508489e-12
17050.000000  1.481037e-12
17150.000000  1.448746e-12
17250.000000  1.407714e-12
17350.000000  1.274446e-12
17450.000000  1.332771e-12
17550.000000  1.325329e-12
17650.000000  1.299344e-12
17750.000000  1.271094e-12
17850.000000  1.244881e-12
17950.000000  1.219052e-12
18050.000000  1.184454e-12
18150.000000  1.080338e-12
18250.000000  1.114264e-12
18350.000000  1.117996e-12
18450.000000  1.097958e-12
18550.000000  1.073309e-12
18650.000000  1.044634e-12
18750.000000  9.528850e-13
18850.000000  1.002178e-12
18950.000000  9.903676e-13
19050.000000  9.716128e-13
19150.000000  9.527409e-13
19250.000000  9.327605e-13
19350.000000  9.058764e-13
19450.000000  8.229957e-13
19550.000000  8.706544e-13
19650.000000  8.627840e-13
19750.000000  8.468885e-13
19850.000000  8.309904e-13
19950.000000  8.151235e-13
20050.000000  7.998233e-13
20150.000000  7.846689e-13
20250.000000  7.699822e-13
20350.000000  7.552955e-13
20450.000000  7.416183e-13
20550.000000  7.276440e-13
20650.000000  7.142091e-13
20750.000000  7.011298e-13
20850.000000  6.882368e-13
20950.000000  6.758114e-13
21050.000000  6.635162e-13
21150.000000  6.512210e-13
21250.000000  6.399354e-13
21350.000000  6.281439e-13
21450.000000  6.164562e-13
21550.000000  6.008124e-13
21650.000000  5.481521e-13
21750.000000  5.762388e-13
21850.000000  5.738873e-13
21950.000000  5.650539e-13
22050.000000  5.554559e-13
22150.000000  5.458127e-13
22250.000000  5.365338e-13
22350.000000  5.274100e-13
22450.000000  5.184654e-13
22550.000000  5.096462e-13
22650.000000  5.010662e-13
22750.000000  4.926597e-13
22850.000000  4.845752e-13
22950.000000  4.765274e-13
23050.000000  4.686986e-13
23150.000000  4.610024e-13
23250.000000  4.534797e-13
23350.000000  4.460678e-13
23450.000000  4.388384e-13
23550.000000  4.317738e-13
23650.000000  4.248288e-13
23750.000000  4.180105e-13
23850.000000  4.113118e-13
23950.000000  4.047781e-13
24050.000000  3.981190e-13
24150.000000  3.918785e-13
24250.000000  3.858260e-13
24350.000000  3.797149e-13
24450.000000  3.736465e-13
24550.000000  3.679540e-13
24650.000000  3.619850e-13
24750.000000  3.564021e-13
24850.000000  3.512749e-13
24950.000000  3.445405e-13
