2505.000000  2.457634e-09
2513.000000  2.422862e-09
2518.000000  2.421557e-09
2525.000000  2.400661e-09
2535.000000  2.370845e-09
2545.000000  2.341609e-09
2555.000000  2.321408e-09
2565.000000  2.293592e-09
2575.000000  2.269728e-09
2585.000000  2.243912e-09
2595.000000  2.218420e-09
2605.000000  2.209965e-09
2615.000000  2.186760e-09
2625.000000  2.162946e-09
2635.000000  2.134341e-09
2645.000000  2.113172e-09
2655.000000  2.086195e-09
2665.000000  2.058057e-09
2675.000000  2.034048e-09
2685.000000  2.026433e-09
2695.000000  1.986548e-09
2705.000000  1.982561e-09
2715.000000  1.960360e-09
2725.000000  1.921816e-09
2735.000000  1.918525e-09
2745.000000  1.892143e-09
2755.000000  1.873248e-09
2765.000000  1.839172e-09
2775.000000  1.838204e-09
2785.000000  1.817680e-09
2795.000000  1.780377e-09
2805.000000  1.772956e-09
2815.000000  1.761726e-09
2825.000000  1.722021e-09
2835.000000  1.708790e-09
2845.000000  1.706144e-09
2855.000000  1.688410e-09
2865.000000  1.671838e-09
2875.000000  1.654284e-09
2885.000000  1.637102e-09
2895.000000  1.620531e-09
2910.000000  1.595361e-09
2930.000000  1.562805e-09
2950.000000  1.519062e-09
2970.000000  1.501006e-09
2990.000000  1.470917e-09
3010.000000  1.441760e-09
3030.000000  1.413621e-09
3050.000000  1.385949e-09
3070.000000  1.358828e-09
3090.000000  1.332317e-09
3110.000000  1.307004e-09
3130.000000  1.283835e-09
3150.000000  1.258808e-09
3170.000000  1.234627e-09
3190.000000  1.200746e-09
3210.000000  1.188462e-09
3230.000000  1.166230e-09
3250.000000  1.144385e-09
3270.000000  1.124492e-09
3290.000000  1.102125e-09
3310.000000  1.083750e-09
3330.000000  1.064116e-09
3350.000000  1.042910e-09
3370.000000  1.026119e-09
3390.000000  1.007758e-09
3410.000000  9.898434e-10
3430.000000  9.680502e-10
3450.000000  9.475450e-10
3470.000000  9.337625e-10
3490.000000  9.174538e-10
3510.000000  9.039281e-10
3530.000000  8.902345e-10
3550.000000  8.752115e-10
3570.000000  8.651686e-10
3590.000000  8.448750e-10
3610.000000  8.329060e-10
3630.000000  8.166654e-10
3640.000000  8.154822e-10
3650.000000  8.025708e-10
3670.000000  7.928478e-10
3690.000000  7.769068e-10
3710.000000  7.505359e-10
3730.000000  7.197278e-10
3750.000000  7.549772e-10
3770.000000  7.574147e-10
3790.000000  8.097251e-10
3810.000000  8.529831e-10
3830.000000  7.322645e-10
3850.000000  8.886878e-10
3870.000000  9.072524e-10
3890.000000  6.898303e-10
3910.000000  8.952941e-10
3930.000000  8.901485e-10
3950.000000  8.682540e-10
3970.000000  6.428041e-10
3990.000000  8.305576e-10
4010.000000  8.338793e-10
4030.000000  7.776772e-10
4050.000000  8.177812e-10
4070.000000  7.990847e-10
4090.000000  7.161059e-10
4110.000000  6.138388e-10
4130.000000  7.469367e-10
4150.000000  7.438660e-10
4170.000000  7.393059e-10
4190.000000  7.300045e-10
4210.000000  7.181231e-10
4230.000000  7.063062e-10
4250.000000  6.946893e-10
4270.000000  6.818090e-10
4290.000000  6.703780e-10
4310.000000  6.540773e-10
4330.000000  5.751126e-10
4350.000000  5.200590e-10
4370.000000  6.207048e-10
4390.000000  5.968495e-10
4410.000000  6.096442e-10
4430.000000  5.975871e-10
4450.000000  5.912559e-10
4470.000000  5.498437e-10
4490.000000  5.721269e-10
4510.000000  5.645580e-10
4530.000000  5.558583e-10
4550.000000  5.472748e-10
4570.000000  5.388719e-10
4590.000000  5.307481e-10
4610.000000  5.226937e-10
4630.000000  5.147556e-10
4650.000000  5.068045e-10
4670.000000  4.994278e-10
4690.000000  4.919543e-10
4710.000000  4.775803e-10
4730.000000  4.772526e-10
4750.000000  4.700437e-10
4770.000000  4.635964e-10
4790.000000  4.564614e-10
4810.000000  4.485526e-10
4830.000000  4.382733e-10
4850.000000  3.942454e-10
4870.000000  3.482121e-10
4890.000000  4.169966e-10
4910.000000  4.159173e-10
4930.000000  3.996366e-10
4950.000000  4.066496e-10
4970.000000  4.009315e-10
4990.000000  3.952974e-10
5010.000000  3.840922e-10
5030.000000  3.842097e-10
5050.000000  3.761504e-10
5070.000000  3.736334e-10
5090.000000  3.684639e-10
5110.000000  3.633590e-10
5130.000000  3.583236e-10
5150.000000  3.534653e-10
5170.000000  3.486250e-10
5190.000000  3.438363e-10
5210.000000  3.391121e-10
5230.000000  3.346023e-10
5250.000000  3.300962e-10
5270.000000  3.256559e-10
5290.000000  3.212803e-10
5310.000000  3.170208e-10
5330.000000  3.128079e-10
5350.000000  3.086646e-10
5370.000000  3.046051e-10
5390.000000  3.005780e-10
5410.000000  2.966670e-10
5430.000000  2.927560e-10
5450.000000  2.889095e-10
5470.000000  2.851986e-10
5490.000000  2.814826e-10
5510.000000  2.778685e-10
5530.000000  2.742917e-10
5550.000000  2.707758e-10
5570.000000  2.673295e-10
5590.000000  2.639477e-10
5610.000000  2.605659e-10
5630.000000  2.572824e-10
5650.000000  2.540074e-10
5670.000000  2.507884e-10
5690.000000  2.476763e-10
5710.000000  2.446057e-10
5730.000000  2.415545e-10
5750.000000  2.385764e-10
5770.000000  2.356414e-10
5790.000000  2.327243e-10
5810.000000  2.298717e-10
5830.000000  2.270062e-10
5850.000000  2.242519e-10
5870.000000  2.138907e-10
5890.000000  2.183194e-10
5910.000000  2.161975e-10
5930.000000  2.136146e-10
5950.000000  2.110460e-10
5970.000000  2.085240e-10
5990.000000  2.059733e-10
6010.000000  2.035675e-10
6030.000000  2.011150e-10
6050.000000  1.987644e-10
6070.000000  1.963909e-10
6090.000000  1.941012e-10
6110.000000  1.918202e-10
6130.000000  1.895950e-10
6150.000000  1.873749e-10
6170.000000  1.851728e-10
6190.000000  1.830365e-10
6210.000000  1.809419e-10
6230.000000  1.788559e-10
6250.000000  1.767986e-10
6270.000000  1.747965e-10
6290.000000  1.727571e-10
6310.000000  1.708339e-10
6330.000000  1.688461e-10
6350.000000  1.669229e-10
6370.000000  1.650835e-10
6390.000000  1.632299e-10
6410.000000  1.613676e-10
6430.000000  1.595978e-10
6450.000000  1.577908e-10
6470.000000  1.559980e-10
6490.000000  1.542928e-10
6510.000000  1.522341e-10
6530.000000  1.496784e-10
6550.000000  1.411158e-10
6570.000000  1.241165e-10
6590.000000  1.434942e-10
6610.000000  1.438456e-10
6630.000000  1.427033e-10
6650.000000  1.414125e-10
6670.000000  1.382810e-10
6690.000000  1.368224e-10
6710.000000  1.368740e-10
6730.000000  1.354155e-10
6750.000000  1.339569e-10
6770.000000  1.325450e-10
6790.000000  1.310864e-10
6810.000000  1.297440e-10
6830.000000  1.283694e-10
6850.000000  1.270270e-10
6870.000000  1.256846e-10
6890.000000  1.243422e-10
6910.000000  1.230644e-10
6930.000000  1.217220e-10
6950.000000  1.204958e-10
6970.000000  1.192526e-10
6990.000000  1.180146e-10
7010.000000  1.167870e-10
7030.000000  1.155645e-10
7050.000000  1.143938e-10
7070.000000  1.112961e-10
7090.000000  1.120791e-10
7110.000000  1.109251e-10
7130.000000  1.098000e-10
7150.000000  1.086829e-10
7170.000000  1.075639e-10
7190.000000  1.064965e-10
7210.000000  1.054239e-10
7230.000000  1.042725e-10
7250.000000  1.033252e-10
7270.000000  1.022894e-10
7290.000000  1.004054e-10
7310.000000  1.002521e-10
7330.000000  9.927757e-11
7350.000000  9.829000e-11
7370.000000  9.731870e-11
7390.000000  9.636548e-11
7410.000000  9.541885e-11
7430.000000  9.448241e-11
7450.000000  9.358081e-11
7470.000000  9.266760e-11
7490.000000  9.176551e-11
7510.000000  9.084068e-11
7530.000000  9.000183e-11
7550.000000  8.912849e-11
7570.000000  8.827659e-11
7590.000000  8.742935e-11
7610.000000  8.659086e-11
7630.000000  8.576363e-11
7650.000000  8.494464e-11
7670.000000  8.414244e-11
7690.000000  8.333701e-11
7710.000000  8.255431e-11
7730.000000  8.177533e-11
7750.000000  8.099959e-11
7770.000000  8.022707e-11
7790.000000  7.949456e-11
7810.000000  7.869752e-11
7830.000000  7.801744e-11
7850.000000  7.737450e-11
7870.000000  7.665311e-11
7890.000000  7.589787e-11
7910.000000  7.525263e-11
7930.000000  7.455498e-11
7950.000000  7.382527e-11
7970.000000  7.303855e-11
7990.000000  7.237610e-11
8010.000000  7.169050e-11
8030.000000  7.102203e-11
8050.000000  7.038748e-11
8070.000000  6.979051e-11
8090.000000  6.904230e-11
8110.000000  6.852521e-11
8130.000000  6.795519e-11
8150.000000  6.726041e-11
8170.000000  6.676282e-11
8190.000000  6.607628e-11
8210.000000  6.533603e-11
8230.000000  6.493783e-11
8250.000000  6.438460e-11
8270.000000  6.350638e-11
8290.000000  6.321273e-11
8310.000000  6.268689e-11
8330.000000  6.210720e-11
8350.000000  6.125774e-11
8370.000000  6.092372e-11
8390.000000  6.048794e-11
8410.000000  5.995099e-11
8430.000000  5.936434e-11
8450.000000  5.845679e-11
8470.000000  5.824912e-11
8490.000000  5.767990e-11
8510.000000  5.707403e-11
8530.000000  5.671585e-11
8550.000000  5.548990e-11
8570.000000  5.636750e-11
8590.000000  5.404333e-11
8610.000000  5.391469e-11
8630.000000  5.546347e-11
8650.000000  5.368015e-11
8670.000000  5.041006e-11
8690.000000  5.404221e-11
8710.000000  5.449928e-11
8730.000000  5.255268e-11
8750.000000  4.735988e-11
8770.000000  5.078370e-11
8790.000000  5.301863e-11
8810.000000  5.291794e-11
8830.000000  5.205702e-11
8850.000000  4.815235e-11
8870.000000  4.454590e-11
8890.000000  4.991760e-11
8910.000000  5.078626e-11
8930.000000  5.057213e-11
8950.000000  5.032172e-11
8970.000000  4.968216e-11
8990.000000  4.783223e-11
9010.000000  4.211255e-11
9030.000000  4.417827e-11
9050.000000  4.745497e-11
9070.000000  4.727654e-11
9090.000000  4.739349e-11
9110.000000  4.726893e-11
9130.000000  4.692380e-11
9150.000000  4.649642e-11
9170.000000  4.585764e-11
9190.000000  4.522532e-11
9210.000000  4.269194e-11
9230.000000  3.746389e-11
9250.000000  4.192166e-11
9270.000000  4.367835e-11
9290.000000  4.378160e-11
9310.000000  4.334467e-11
9330.000000  4.329641e-11
9350.000000  4.295099e-11
9370.000000  4.265784e-11
9390.000000  4.231594e-11
9410.000000  4.197453e-11
9430.000000  4.164797e-11
9450.000000  4.126039e-11
9470.000000  4.056166e-11
9490.000000  4.040821e-11
9510.000000  3.934901e-11
9530.000000  3.709522e-11
9550.000000  3.298417e-11
9570.000000  3.740321e-11
9590.000000  3.854501e-11
9610.000000  3.845400e-11
9630.000000  3.815956e-11
9650.000000  3.816530e-11
9670.000000  3.788800e-11
9690.000000  3.755448e-11
9710.000000  3.717500e-11
9730.000000  3.701609e-11
9750.000000  3.673083e-11
9770.000000  3.644701e-11
9790.000000  3.617014e-11
9810.000000  3.589005e-11
9830.000000  3.561641e-11
9850.000000  3.534793e-11
9870.000000  3.507802e-11
9890.000000  3.481048e-11
9910.000000  3.453590e-11
9930.000000  3.428370e-11
9950.000000  3.400117e-11
9970.000000  3.367949e-11
9990.000000  3.332597e-11
10025.000000  3.121366e-11
10075.000000  3.014556e-11
10125.000000  3.165042e-11
10175.000000  3.126929e-11
10225.000000  3.068120e-11
10275.000000  3.014375e-11
10325.000000  2.946918e-11
10375.000000  2.905808e-11
10425.000000  2.853367e-11
10475.000000  2.802497e-11
10525.000000  2.752236e-11
10575.000000  2.703690e-11
10625.000000  2.655286e-11
10675.000000  2.603398e-11
10725.000000  2.563076e-11
10775.000000  2.518337e-11
10825.000000  2.444054e-11
10875.000000  2.415464e-11
10925.000000  2.165044e-11
10975.000000  2.270011e-11
11025.000000  2.286245e-11
11075.000000  2.266460e-11
11125.000000  2.231352e-11
11175.000000  2.193905e-11
11225.000000  2.155907e-11
11275.000000  2.120927e-11
11325.000000  2.085948e-11
11375.000000  2.050968e-11
11425.000000  2.017617e-11
11475.000000  1.983978e-11
11525.000000  1.951788e-11
11575.000000  1.920150e-11
11625.000000  1.888656e-11
11675.000000  1.858323e-11
11725.000000  1.828456e-11
11775.000000  1.799142e-11
11825.000000  1.770616e-11
11875.000000  1.742090e-11
11925.000000  1.714547e-11
11975.000000  1.668180e-11
12025.000000  1.661497e-11
12075.000000  1.635115e-11
12125.000000  1.609465e-11
12175.000000  1.584568e-11
12225.000000  1.560366e-11
12275.000000  1.535842e-11
12325.000000  1.512608e-11
12375.000000  1.489246e-11
12425.000000  1.466528e-11
12475.000000  1.444650e-11
12525.000000  1.419143e-11
12575.000000  1.401539e-11
12625.000000  1.379983e-11
12675.000000  1.359589e-11
12725.000000  1.336356e-11
12775.000000  1.288727e-11
12825.000000  1.179994e-11
12875.000000  1.265687e-11
12925.000000  1.259893e-11
12975.000000  1.233095e-11
13025.000000  1.225802e-11
13075.000000  1.207732e-11
13125.000000  1.190319e-11
13175.000000  1.173293e-11
13225.000000  1.156370e-11
13275.000000  1.139550e-11
13325.000000  1.123548e-11
13375.000000  1.107647e-11
13425.000000  1.091035e-11
13475.000000  1.076625e-11
13525.000000  1.061504e-11
13575.000000  1.046615e-11
13625.000000  1.032010e-11
13675.000000  1.017702e-11
13725.000000  1.003589e-11
13775.000000  9.897459e-12
13825.000000  9.761349e-12
13875.000000  9.628028e-12
13925.000000  9.496421e-12
13975.000000  9.366908e-12
14025.000000  9.239898e-12
14075.000000  9.114888e-12
14125.000000  8.992202e-12
14175.000000  8.871839e-12
14225.000000  8.752637e-12
14275.000000  8.636548e-12
14325.000000  8.521477e-12
14375.000000  8.408601e-12
14425.000000  8.297804e-12
14475.000000  8.188075e-12
14525.000000  8.081136e-12
14570.000000  7.985814e-12
14620.000000  7.881018e-12
14675.000000  7.769576e-12
14725.000000  7.669786e-12
14775.000000  7.572141e-12
14825.000000  7.475657e-12
14875.000000  7.379961e-12
14925.000000  7.286962e-12
14975.000000  7.194609e-12
15025.000000  7.103740e-12
15075.000000  6.999174e-12
15125.000000  6.925357e-12
15175.000000  6.838632e-12
15225.000000  6.752783e-12
15275.000000  6.666381e-12
15325.000000  6.581464e-12
15375.000000  6.503229e-12
15425.000000  6.412424e-12
15475.000000  6.341885e-12
15525.000000  6.260309e-12
15575.000000  6.161437e-12
15625.000000  6.125297e-12
15675.000000  6.014757e-12
15725.000000  5.920338e-12
15775.000000  5.913369e-12
15825.000000  5.834439e-12
15875.000000  5.643807e-12
15925.000000  5.667014e-12
15975.000000  5.649603e-12
16050.000000  5.513106e-12
16150.000000  5.308872e-12
16250.000000  5.310406e-12
16350.000000  5.121569e-12
16450.000000  4.914675e-12
16550.000000  4.959722e-12
16650.000000  4.851349e-12
16750.000000  4.656639e-12
16850.000000  4.458652e-12
16950.000000  4.522851e-12
17050.000000  4.402925e-12
17150.000000  4.331805e-12
17250.000000  4.221732e-12
17350.000000  3.929973e-12
17450.000000  4.015069e-12
17550.000000  3.961838e-12
17650.000000  3.876455e-12
17750.000000  3.793022e-12
17850.000000  3.711303e-12
17950.000000  3.631727e-12
18050.000000  3.546602e-12
18150.000000  3.308136e-12
18250.000000  3.359587e-12
18350.000000  3.333527e-12
18450.000000  3.265425e-12
18550.000000  3.196951e-12
18650.000000  3.100775e-12
18750.000000  2.910519e-12
18850.000000  2.995270e-12
18950.000000  2.944235e-12
19050.000000  2.872971e-12
19150.000000  2.826375e-12
19250.000000  2.770162e-12
19350.000000  2.700412e-12
19450.000000  2.510786e-12
19550.000000  2.591149e-12
19650.000000  2.558235e-12
19750.000000  2.508526e-12
19850.000000  2.459607e-12
19950.000000  2.412135e-12
20050.000000  2.365912e-12
20150.000000  2.320477e-12
20250.000000  2.276204e-12
20350.000000  2.233093e-12
20450.000000  2.190448e-12
20550.000000  2.145386e-12
20650.000000  2.109891e-12
20750.000000  2.070731e-12
20850.000000  2.032266e-12
20950.000000  1.994820e-12
21050.000000  1.958126e-12
21150.000000  1.915388e-12
21250.000000  1.887881e-12
21350.000000  1.853547e-12
21450.000000  1.819729e-12
21550.000000  1.779163e-12
21650.000000  1.656772e-12
21750.000000  1.710173e-12
21850.000000  1.692023e-12
21950.000000  1.664336e-12
22050.000000  1.635165e-12
22150.000000  1.606639e-12
22250.000000  1.578114e-12
22350.000000  1.551589e-12
22450.000000  1.524368e-12
22550.000000  1.498166e-12
22650.000000  1.472802e-12
22750.000000  1.447762e-12
22850.000000  1.423094e-12
22950.000000  1.399215e-12
23050.000000  1.375336e-12
23150.000000  1.352619e-12
23250.000000  1.330367e-12
23350.000000  1.308346e-12
23450.000000  1.286790e-12
23550.000000  1.265701e-12
23650.000000  1.245163e-12
23750.000000  1.224769e-12
23850.000000  1.204985e-12
23950.000000  1.185246e-12
24050.000000  1.166503e-12
24150.000000  1.147411e-12
24250.000000  1.129297e-12
24350.000000  1.111212e-12
24450.000000  1.093387e-12
24550.000000  1.076337e-12
24650.000000  1.058959e-12
24750.000000  1.040888e-12
24850.000000  1.026740e-12
24950.000000  1.008672e-12
