2505.000000  4.030639e-10
2513.000000  3.635087e-10
2518.000000  3.794234e-10
2525.000000  3.534993e-10
2535.000000  3.606554e-10
2545.000000  3.449338e-10
2555.000000  3.650992e-10
2565.000000  3.578185e-10
2575.000000  3.845556e-10
2585.000000  3.767070e-10
2595.000000  3.778199e-10
2605.000000  3.585959e-10
2615.000000  3.564709e-10
2625.000000  3.651930e-10
2635.000000  3.674147e-10
2645.000000  3.887866e-10
2655.000000  3.817120e-10
2665.000000  3.513409e-10
2675.000000  3.694328e-10
2685.000000  3.601026e-10
2695.000000  3.512570e-10
2705.000000  3.604782e-10
2715.000000  3.437870e-10
2725.000000  3.451876e-10
2735.000000  3.637323e-10
2745.000000  3.199158e-10
2755.000000  3.172110e-10
2765.000000  3.256161e-10
2775.000000  3.412724e-10
2785.000000  3.418247e-10
2795.000000  3.007717e-10
2805.000000  3.234522e-10
2815.000000  3.419749e-10
2825.000000  3.407229e-10
2835.000000  3.203665e-10
2845.000000  3.110481e-10
2855.000000  3.120541e-10
2865.000000  3.241386e-10
2875.000000  3.145969e-10
2885.000000  3.176321e-10
2895.000000  3.103453e-10
2910.000000  3.276845e-10
2930.000000  3.157828e-10
2950.000000  3.123429e-10
2970.000000  3.105402e-10
2990.000000  3.070318e-10
3010.000000  3.108034e-10
3030.000000  3.056853e-10
3050.000000  2.989262e-10
3070.000000  2.935288e-10
3090.000000  2.933830e-10
3110.000000  2.842179e-10
3130.000000  2.809447e-10
3150.000000  2.796884e-10
3170.000000  2.741439e-10
3190.000000  2.638389e-10
3210.000000  2.656280e-10
3230.000000  2.614630e-10
3250.000000  2.584973e-10
3270.000000  2.563267e-10
3290.000000  2.534671e-10
3310.000000  2.515924e-10
3330.000000  2.461624e-10
3350.000000  2.413266e-10
3370.000000  2.383524e-10
3390.000000  2.343278e-10
3410.000000  2.335388e-10
3430.000000  2.300541e-10
3450.000000  2.269930e-10
3470.000000  2.230149e-10
3490.000000  2.203359e-10
3510.000000  2.188274e-10
3530.000000  2.166948e-10
3550.000000  2.140167e-10
3570.000000  2.106596e-10
3590.000000  2.071039e-10
3610.000000  2.049736e-10
3630.000000  2.019826e-10
3640.000000  2.013817e-10
3650.000000  2.007865e-10
3670.000000  1.985905e-10
3690.000000  1.936174e-10
3710.000000  1.892404e-10
3730.000000  1.829750e-10
3750.000000  2.078215e-10
3770.000000  2.133844e-10
3790.000000  2.437594e-10
3810.000000  2.693729e-10
3830.000000  2.229853e-10
3850.000000  2.818783e-10
3870.000000  3.034977e-10
3890.000000  2.015734e-10
3910.000000  3.001436e-10
3930.000000  3.026575e-10
3950.000000  2.935332e-10
3970.000000  1.897068e-10
3990.000000  2.790218e-10
4010.000000  2.909660e-10
4030.000000  2.778122e-10
4050.000000  2.862045e-10
4070.000000  2.755247e-10
4090.000000  2.346164e-10
4110.000000  1.901947e-10
4130.000000  2.559798e-10
4150.000000  2.616293e-10
4170.000000  2.593799e-10
4190.000000  2.565617e-10
4210.000000  2.535865e-10
4230.000000  2.492891e-10
4250.000000  2.446721e-10
4270.000000  2.380819e-10
4290.000000  2.373808e-10
4310.000000  2.293040e-10
4330.000000  1.883231e-10
4350.000000  1.648980e-10
4370.000000  2.174901e-10
4390.000000  2.143036e-10
4410.000000  2.171468e-10
4430.000000  2.119737e-10
4450.000000  2.118814e-10
4470.000000  2.024725e-10
4490.000000  2.019030e-10
4510.000000  2.023270e-10
4530.000000  1.985804e-10
4550.000000  1.949325e-10
4570.000000  1.945416e-10
4590.000000  1.901848e-10
4610.000000  1.890861e-10
4630.000000  1.838282e-10
4650.000000  1.834173e-10
4670.000000  1.803338e-10
4690.000000  1.779413e-10
4710.000000  1.721027e-10
4730.000000  1.726070e-10
4750.000000  1.697114e-10
4770.000000  1.689936e-10
4790.000000  1.660335e-10
4810.000000  1.622706e-10
4830.000000  1.573096e-10
4850.000000  1.337287e-10
4870.000000  1.135280e-10
4890.000000  1.497284e-10
4910.000000  1.512203e-10
4930.000000  1.476311e-10
4950.000000  1.484591e-10
4970.000000  1.471017e-10
4990.000000  1.446436e-10
5010.000000  1.393942e-10
5030.000000  1.393708e-10
5050.000000  1.353703e-10
5070.000000  1.363755e-10
5090.000000  1.345022e-10
5110.000000  1.320113e-10
5130.000000  1.310336e-10
5150.000000  1.280374e-10
5170.000000  1.268750e-10
5190.000000  1.255844e-10
5210.000000  1.225873e-10
5230.000000  1.218867e-10
5250.000000  1.211734e-10
5270.000000  1.185740e-10
5290.000000  1.188754e-10
5310.000000  1.163430e-10
5330.000000  1.154110e-10
5350.000000  1.140153e-10
5370.000000  1.129273e-10
5390.000000  1.114435e-10
5410.000000  1.096073e-10
5430.000000  1.084039e-10
5450.000000  1.073572e-10
5470.000000  1.056951e-10
5490.000000  1.048587e-10
5510.000000  1.034417e-10
5530.000000  1.025279e-10
5550.000000  1.012956e-10
5570.000000  1.000305e-10
5590.000000  9.891069e-11
5610.000000  9.797770e-11
5630.000000  9.695022e-11
5650.000000  9.474599e-11
5670.000000  9.389780e-11
5690.000000  9.328745e-11
5710.000000  9.231947e-11
5730.000000  9.131965e-11
5750.000000  9.022649e-11
5770.000000  8.917988e-11
5790.000000  8.794029e-11
5810.000000  8.696692e-11
5830.000000  8.605306e-11
5850.000000  8.506596e-11
5870.000000  8.271814e-11
5890.000000  8.267467e-11
5910.000000  8.209834e-11
5930.000000  8.136483e-11
5950.000000  7.974672e-11
5970.000000  7.926840e-11
5990.000000  7.820407e-11
6010.000000  7.771136e-11
6030.000000  7.680760e-11
6050.000000  7.591891e-11
6070.000000  7.504837e-11
6090.000000  7.419598e-11
6110.000000  7.351180e-11
6130.000000  7.265271e-11
6150.000000  7.109791e-11
6170.000000  7.097743e-11
6190.000000  7.030569e-11
6210.000000  6.951740e-11
6230.000000  6.859444e-11
6250.000000  6.736625e-11
6270.000000  6.724117e-11
6290.000000  6.648069e-11
6310.000000  6.561740e-11
6330.000000  6.502767e-11
6350.000000  6.337571e-11
6370.000000  6.308259e-11
6390.000000  6.289718e-11
6410.000000  6.213850e-11
6430.000000  6.168972e-11
6450.000000  6.071380e-11
6470.000000  6.033112e-11
6490.000000  5.941875e-11
6510.000000  5.856302e-11
6530.000000  5.732008e-11
6550.000000  5.210992e-11
6570.000000  4.401861e-11
6590.000000  5.463153e-11
6610.000000  5.560326e-11
6630.000000  5.529878e-11
6650.000000  5.489757e-11
6670.000000  5.409099e-11
6690.000000  5.360277e-11
6710.000000  5.326950e-11
6730.000000  5.272130e-11
6750.000000  5.220197e-11
6770.000000  5.172106e-11
6790.000000  5.109995e-11
6810.000000  5.062466e-11
6830.000000  4.999655e-11
6850.000000  4.960287e-11
6870.000000  4.913184e-11
6890.000000  4.864689e-11
6910.000000  4.815325e-11
6930.000000  4.753533e-11
6950.000000  4.722709e-11
6970.000000  4.677589e-11
6990.000000  4.634211e-11
7010.000000  4.579263e-11
7030.000000  4.540333e-11
7050.000000  4.479305e-11
7070.000000  4.426555e-11
7090.000000  4.413317e-11
7110.000000  4.357182e-11
7130.000000  4.319366e-11
7150.000000  4.281070e-11
7170.000000  4.241714e-11
7190.000000  4.203950e-11
7210.000000  4.164467e-11
7230.000000  4.104588e-11
7250.000000  4.077275e-11
7270.000000  4.047058e-11
7290.000000  4.001186e-11
7310.000000  3.969270e-11
7330.000000  3.932769e-11
7350.000000  3.899186e-11
7370.000000  3.862145e-11
7390.000000  3.825241e-11
7410.000000  3.788793e-11
7430.000000  3.740289e-11
7450.000000  3.712195e-11
7470.000000  3.666875e-11
7490.000000  3.641051e-11
7510.000000  3.608637e-11
7530.000000  3.581157e-11
7550.000000  3.548361e-11
7570.000000  3.517220e-11
7590.000000  3.482375e-11
7610.000000  3.455734e-11
7630.000000  3.422545e-11
7650.000000  3.389272e-11
7670.000000  3.359659e-11
7690.000000  3.328253e-11
7710.000000  3.298428e-11
7730.000000  3.269156e-11
7750.000000  3.239735e-11
7770.000000  3.161967e-11
7790.000000  3.182293e-11
7810.000000  3.156851e-11
7830.000000  3.127430e-11
7850.000000  3.080995e-11
7870.000000  3.055129e-11
7890.000000  3.017884e-11
7910.000000  3.014129e-11
7930.000000  2.992604e-11
7950.000000  2.946275e-11
7970.000000  2.939865e-11
7990.000000  2.882911e-11
8010.000000  2.889173e-11
8030.000000  2.862607e-11
8050.000000  2.836699e-11
8070.000000  2.813837e-11
8090.000000  2.788003e-11
8110.000000  2.762881e-11
8130.000000  2.740231e-11
8150.000000  2.718165e-11
8170.000000  2.696300e-11
8190.000000  2.666338e-11
8210.000000  2.635008e-11
8230.000000  2.601670e-11
8250.000000  2.604408e-11
8270.000000  2.587808e-11
8290.000000  2.557040e-11
8310.000000  2.543475e-11
8330.000000  2.520464e-11
8350.000000  2.500607e-11
8370.000000  2.481673e-11
8390.000000  2.464893e-11
8410.000000  2.440505e-11
8430.000000  2.415787e-11
8450.000000  2.371039e-11
8470.000000  2.362358e-11
8490.000000  2.353900e-11
8510.000000  2.296462e-11
8530.000000  2.331451e-11
8550.000000  2.212075e-11
8570.000000  2.320666e-11
8590.000000  2.204708e-11
8610.000000  2.168694e-11
8630.000000  2.300034e-11
8650.000000  2.215041e-11
8670.000000  1.975885e-11
8690.000000  2.233214e-11
8710.000000  2.287439e-11
8730.000000  2.200975e-11
8750.000000  1.857854e-11
8770.000000  2.103976e-11
8790.000000  2.242368e-11
8810.000000  2.251398e-11
8830.000000  2.188187e-11
8850.000000  1.991222e-11
8870.000000  1.760391e-11
8890.000000  2.090135e-11
8910.000000  2.160146e-11
8930.000000  2.156738e-11
8950.000000  2.153819e-11
8970.000000  2.118542e-11
8990.000000  2.025820e-11
9010.000000  1.691125e-11
9030.000000  1.803382e-11
9050.000000  2.009080e-11
9070.000000  2.021997e-11
9090.000000  2.019349e-11
9110.000000  2.020625e-11
9130.000000  2.008037e-11
9150.000000  1.996849e-11
9170.000000  1.966076e-11
9190.000000  1.916319e-11
9210.000000  1.797476e-11
9230.000000  1.481500e-11
9250.000000  1.735467e-11
9270.000000  1.824382e-11
9290.000000  1.872039e-11
9310.000000  1.872999e-11
9330.000000  1.858077e-11
9350.000000  1.851655e-11
9370.000000  1.838336e-11
9390.000000  1.820293e-11
9410.000000  1.783102e-11
9430.000000  1.793864e-11
9450.000000  1.780873e-11
9470.000000  1.760472e-11
9490.000000  1.738242e-11
9510.000000  1.694153e-11
9530.000000  1.567722e-11
9550.000000  1.321573e-11
9570.000000  1.573828e-11
9590.000000  1.653653e-11
9610.000000  1.661900e-11
9630.000000  1.635783e-11
9650.000000  1.650919e-11
9670.000000  1.634607e-11
9690.000000  1.628123e-11
9710.000000  1.618656e-11
9730.000000  1.606461e-11
9750.000000  1.592473e-11
9770.000000  1.583334e-11
9790.000000  1.570608e-11
9810.000000  1.558276e-11
9830.000000  1.543225e-11
9850.000000  1.534214e-11
9870.000000  1.522687e-11
9890.000000  1.506840e-11
9910.000000  1.497914e-11
9930.000000  1.487692e-11
9950.000000  1.474563e-11
9970.000000  1.460318e-11
9990.000000  1.443673e-11
10025.000000  1.327871e-11
10075.000000  1.261833e-11
10125.000000  1.363744e-11
10175.000000  1.357728e-11
10225.000000  1.338518e-11
10275.000000  1.315455e-11
10325.000000  1.290609e-11
10375.000000  1.269127e-11
10425.000000  1.247464e-11
10475.000000  1.223998e-11
10525.000000  1.202059e-11
10575.000000  1.182445e-11
10625.000000  1.163159e-11
10675.000000  1.135713e-11
10725.000000  1.121734e-11
10775.000000  1.103511e-11
10825.000000  1.077347e-11
10875.000000  1.055245e-11
10925.000000  9.161094e-12
10975.000000  9.781270e-12
11025.000000  1.007677e-11
11075.000000  9.970121e-12
11125.000000  9.817724e-12
11175.000000  9.654697e-12
11225.000000  9.501543e-12
11275.000000  9.266876e-12
11325.000000  9.136966e-12
11375.000000  9.044303e-12
11425.000000  8.898474e-12
11475.000000  8.759963e-12
11525.000000  8.622093e-12
11575.000000  8.482947e-12
11625.000000  8.320556e-12
11675.000000  8.191282e-12
11725.000000  8.081731e-12
11775.000000  7.912857e-12
11825.000000  7.832554e-12
11875.000000  7.700158e-12
11925.000000  7.601113e-12
11975.000000  7.469058e-12
12025.000000  7.367112e-12
12075.000000  7.254120e-12
12125.000000  7.140320e-12
12175.000000  7.034948e-12
12225.000000  6.926720e-12
12275.000000  6.820339e-12
12325.000000  6.719276e-12
12375.000000  6.621058e-12
12425.000000  6.525821e-12
12475.000000  6.410812e-12
12525.000000  6.331443e-12
12575.000000  6.226633e-12
12625.000000  6.142732e-12
12675.000000  6.052392e-12
12725.000000  5.942141e-12
12775.000000  5.721983e-12
12825.000000  5.064729e-12
12875.000000  5.604352e-12
12925.000000  5.612164e-12
12975.000000  5.546676e-12
13025.000000  5.476408e-12
13075.000000  5.398461e-12
13125.000000  5.322711e-12
13175.000000  5.236199e-12
13225.000000  5.173918e-12
13275.000000  5.101873e-12
13325.000000  5.030963e-12
13375.000000  4.961104e-12
13425.000000  4.890057e-12
13475.000000  4.822649e-12
13525.000000  4.754446e-12
13575.000000  4.691019e-12
13625.000000  4.626795e-12
13675.000000  4.559919e-12
13725.000000  4.498679e-12
13775.000000  4.443148e-12
13825.000000  4.383892e-12
13875.000000  4.325240e-12
13925.000000  4.265720e-12
13975.000000  4.209648e-12
14025.000000  4.154775e-12
14075.000000  4.099032e-12
14125.000000  4.044351e-12
14175.000000  3.992927e-12
14225.000000  3.940295e-12
14275.000000  3.889402e-12
14325.000000  3.838298e-12
14375.000000  3.787989e-12
14425.000000  3.728723e-12
14475.000000  3.688911e-12
14525.000000  3.639186e-12
14570.000000  3.602218e-12
14620.000000  3.556029e-12
14675.000000  3.508904e-12
14725.000000  3.463903e-12
14775.000000  3.417170e-12
14825.000000  3.379004e-12
14875.000000  3.335647e-12
14925.000000  3.296886e-12
14975.000000  3.254538e-12
15025.000000  3.215692e-12
15075.000000  3.173875e-12
15125.000000  3.136229e-12
15175.000000  3.097256e-12
15225.000000  3.059482e-12
15275.000000  3.020107e-12
15325.000000  2.981464e-12
15375.000000  2.948061e-12
15425.000000  2.902258e-12
15475.000000  2.875950e-12
15525.000000  2.839226e-12
15575.000000  2.783806e-12
15625.000000  2.787275e-12
15675.000000  2.722362e-12
15725.000000  2.670187e-12
15775.000000  2.695752e-12
15825.000000  2.658826e-12
15875.000000  2.525660e-12
15925.000000  2.573304e-12
15975.000000  2.585613e-12
16050.000000  2.511348e-12
16150.000000  2.396044e-12
16250.000000  2.440483e-12
16350.000000  2.334638e-12
16450.000000  2.218533e-12
16550.000000  2.284795e-12
16650.000000  2.235750e-12
16750.000000  2.125061e-12
16850.000000  2.014386e-12
16950.000000  2.085355e-12
17050.000000  2.045676e-12
17150.000000  2.001650e-12
17250.000000  1.946752e-12
17350.000000  1.770395e-12
17450.000000  1.844920e-12
17550.000000  1.831629e-12
17650.000000  1.794919e-12
17750.000000  1.755744e-12
17850.000000  1.719488e-12
17950.000000  1.684154e-12
18050.000000  1.637483e-12
18150.000000  1.499856e-12
18250.000000  1.543195e-12
18350.000000  1.544891e-12
18450.000000  1.516396e-12
18550.000000  1.482655e-12
18650.000000  1.443679e-12
18750.000000  1.323415e-12
18850.000000  1.385929e-12
18950.000000  1.368049e-12
19050.000000  1.341346e-12
19150.000000  1.315492e-12
19250.000000  1.288182e-12
19350.000000  1.252506e-12
19450.000000  1.142943e-12
19550.000000  1.203789e-12
19650.000000  1.191672e-12
19750.000000  1.169268e-12
19850.000000  1.147266e-12
19950.000000  1.125328e-12
20050.000000  1.104249e-12
20150.000000  1.083170e-12
20250.000000  1.062887e-12
20350.000000  1.042796e-12
20450.000000  1.023713e-12
20550.000000  1.004226e-12
20650.000000  9.859280e-13
20750.000000  9.678323e-13
20850.000000  9.500654e-13
20950.000000  9.328390e-13
21050.000000  9.158680e-13
21150.000000  8.987693e-13
21250.000000  8.830617e-13
21350.000000  8.669503e-13
21450.000000  8.511034e-13
21550.000000  8.303510e-13
21650.000000  7.604379e-13
21750.000000  7.967939e-13
21850.000000  7.924413e-13
21950.000000  7.797739e-13
22050.000000  7.665815e-13
22150.000000  7.532008e-13
22250.000000  7.403944e-13
22350.000000  7.277802e-13
22450.000000  7.154514e-13
22550.000000  7.032616e-13
22650.000000  6.913967e-13
22750.000000  6.798035e-13
22850.000000  6.685425e-13
22950.000000  6.574396e-13
23050.000000  6.466222e-13
23150.000000  6.359768e-13
23250.000000  6.255903e-13
23350.000000  6.153492e-13
23450.000000  6.053598e-13
23550.000000  5.955963e-13
23650.000000  5.859857e-13
23750.000000  5.765799e-13
23850.000000  5.673461e-13
23950.000000  5.582853e-13
24050.000000  5.491174e-13
24150.000000  5.404747e-13
24250.000000  5.321483e-13
24350.000000  5.236841e-13
24450.000000  5.152856e-13
24550.000000  5.074642e-13
24650.000000  4.992050e-13
24750.000000  4.914698e-13
24850.000000  4.844898e-13
24950.000000  4.750365e-13
