2505.000000  1.514846e-15
2513.000000  8.805142e-16
2518.000000  9.236876e-16
2525.000000  1.252080e-15
2535.000000  4.628038e-15
2545.000000  5.849530e-15
2555.000000  7.162614e-15
2565.000000  2.727511e-15
2575.000000  6.924215e-15
2585.000000  3.226987e-15
2595.000000  5.279375e-15
2605.000000  8.274297e-15
2615.000000  6.407233e-15
2625.000000  1.378900e-14
2635.000000  3.041498e-14
2645.000000  2.148485e-14
2655.000000  4.981489e-14
2665.000000  2.560108e-14
2675.000000  2.796657e-14
2685.000000  3.849849e-14
2695.000000  1.638034e-14
2705.000000  4.735673e-14
2715.000000  3.290797e-14
2725.000000  2.144335e-14
2735.000000  2.573349e-14
2745.000000  3.676593e-14
2755.000000  3.826948e-14
2765.000000  6.684280e-14
2775.000000  9.411595e-14
2785.000000  4.678830e-14
2795.000000  4.000857e-14
2805.000000  4.227265e-14
2815.000000  7.883425e-14
2825.000000  7.974825e-14
2835.000000  5.571565e-14
2845.000000  2.812960e-14
2855.000000  9.444591e-15
2865.000000  5.345511e-14
2875.000000  7.964952e-14
2885.000000  1.633506e-13
2895.000000  2.295432e-13
2910.000000  3.362535e-13
2930.000000  3.511311e-13
2950.000000  3.094126e-13
2970.000000  3.144863e-13
2990.000000  3.391483e-13
3010.000000  3.215587e-13
3030.000000  4.890304e-13
3050.000000  5.695054e-13
3070.000000  9.744994e-13
3090.000000  1.206037e-12
3110.000000  2.075612e-12
3130.000000  1.739692e-12
3150.000000  2.706145e-12
3170.000000  3.666073e-12
3190.000000  2.819801e-12
3210.000000  3.322379e-12
3230.000000  2.503605e-12
3250.000000  4.398448e-12
3270.000000  6.335963e-12
3290.000000  7.468454e-12
3310.000000  5.969981e-12
3330.000000  6.348542e-12
3350.000000  5.791715e-12
3370.000000  3.778920e-12
3390.000000  4.427791e-12
3410.000000  5.642416e-12
3430.000000  6.909436e-12
3450.000000  6.294753e-12
3470.000000  6.890502e-12
3490.000000  8.889436e-12
3510.000000  1.051123e-11
3530.000000  8.439595e-12
3550.000000  1.142130e-11
3570.000000  5.063863e-12
3590.000000  5.339193e-12
3610.000000  9.248297e-12
3630.000000  1.343343e-11
3640.000000  1.484692e-11
3650.000000  1.611434e-11
3670.000000  1.995036e-11
3690.000000  1.730756e-11
3710.000000  1.607211e-11
3730.000000  6.340732e-12
3750.000000  7.997810e-12
3770.000000  1.475004e-11
3790.000000  1.581036e-11
3810.000000  1.300768e-11
3830.000000  5.368548e-12
3850.000000  7.856558e-12
3870.000000  8.359031e-12
3890.000000  1.419019e-11
3910.000000  1.755812e-11
3930.000000  4.993435e-12
3950.000000  1.152800e-11
3970.000000  6.731313e-12
3990.000000  2.821138e-11
4010.000000  3.919586e-11
4030.000000  3.574545e-11
4050.000000  3.463433e-11
4070.000000  3.193280e-11
4090.000000  4.388816e-11
4110.000000  3.704456e-11
4130.000000  3.399020e-11
4150.000000  3.073204e-11
4170.000000  3.101991e-11
4190.000000  3.434106e-11
4210.000000  3.633550e-11
4230.000000  3.348719e-11
4250.000000  4.541687e-11
4270.000000  4.281681e-11
4290.000000  4.026900e-11
4310.000000  3.841236e-11
4330.000000  5.872715e-11
4350.000000  6.094113e-11
4370.000000  6.518268e-11
4390.000000  5.670482e-11
4410.000000  6.048632e-11
4430.000000  6.599356e-11
4450.000000  6.871511e-11
4470.000000  7.510330e-11
4490.000000  7.976735e-11
4510.000000  9.555948e-11
4530.000000  7.939316e-11
4550.000000  8.446174e-11
4570.000000  9.429600e-11
4590.000000  9.296252e-11
4610.000000  9.732737e-11
4630.000000  9.469825e-11
4650.000000  9.626727e-11
4670.000000  1.028326e-10
4690.000000  1.014772e-10
4710.000000  9.877448e-11
4730.000000  1.022437e-10
4750.000000  1.075873e-10
4770.000000  1.056099e-10
4790.000000  1.057423e-10
4810.000000  1.092979e-10
4830.000000  1.146011e-10
4850.000000  1.110599e-10
4870.000000  1.057324e-10
4890.000000  1.157542e-10
4910.000000  1.161006e-10
4930.000000  1.127253e-10
4950.000000  1.203277e-10
4970.000000  1.137401e-10
4990.000000  1.049651e-10
5010.000000  9.683419e-11
5030.000000  1.046610e-10
5050.000000  1.032852e-10
5070.000000  1.072044e-10
5090.000000  9.733694e-11
5110.000000  1.021470e-10
5130.000000  9.613729e-11
5150.000000  9.370578e-11
5170.000000  8.542421e-11
5190.000000  9.252710e-11
5210.000000  9.946224e-11
5230.000000  1.202664e-10
5250.000000  1.248995e-10
5270.000000  1.112501e-10
5290.000000  1.311380e-10
5310.000000  1.443957e-10
5330.000000  1.238202e-10
5350.000000  1.385538e-10
5370.000000  1.406666e-10
5390.000000  1.324197e-10
5410.000000  1.337239e-10
5430.000000  1.345152e-10
5450.000000  1.425851e-10
5470.000000  1.365596e-10
5490.000000  1.357857e-10
5510.000000  1.339687e-10
5530.000000  1.435154e-10
5550.000000  1.482152e-10
5570.000000  1.452877e-10
5590.000000  1.400189e-10
5610.000000  1.476985e-10
5630.000000  1.446652e-10
5650.000000  1.479586e-10
5670.000000  1.437558e-10
5690.000000  1.517125e-10
5710.000000  1.423924e-10
5730.000000  1.598087e-10
5750.000000  1.536968e-10
5770.000000  1.576335e-10
5790.000000  1.465466e-10
5810.000000  1.588421e-10
5830.000000  1.665408e-10
5850.000000  1.590974e-10
5870.000000  1.593008e-10
5890.000000  1.247460e-10
5910.000000  1.548401e-10
5930.000000  1.572168e-10
5950.000000  1.570247e-10
5970.000000  1.633989e-10
5990.000000  1.589926e-10
6010.000000  1.559938e-10
6030.000000  1.633945e-10
6050.000000  1.674529e-10
6070.000000  1.666635e-10
6090.000000  1.587161e-10
6110.000000  1.608304e-10
6130.000000  1.490196e-10
6150.000000  1.569943e-10
6170.000000  1.468208e-10
6190.000000  1.579057e-10
6210.000000  1.547913e-10
6230.000000  1.485495e-10
6250.000000  1.422854e-10
6270.000000  1.511180e-10
6290.000000  1.573087e-10
6310.000000  1.523300e-10
6330.000000  1.569326e-10
6350.000000  1.571498e-10
6370.000000  1.559107e-10
6390.000000  1.607543e-10
6410.000000  1.583772e-10
6430.000000  1.593426e-10
6450.000000  1.596671e-10
6470.000000  1.607387e-10
6490.000000  1.548452e-10
6510.000000  1.606820e-10
6530.000000  1.630647e-10
6550.000000  1.600229e-10
6570.000000  1.595826e-10
6590.000000  1.629256e-10
6610.000000  1.632946e-10
6630.000000  1.630606e-10
6650.000000  1.621060e-10
6670.000000  1.584028e-10
6690.000000  1.625151e-10
6710.000000  1.554636e-10
6730.000000  1.623116e-10
6750.000000  1.579879e-10
6770.000000  1.613963e-10
6790.000000  1.589879e-10
6810.000000  1.601225e-10
6830.000000  1.635208e-10
6850.000000  1.590843e-10
6870.000000  1.615715e-10
6890.000000  1.649381e-10
6910.000000  1.641550e-10
6930.000000  1.607863e-10
6950.000000  1.578858e-10
6970.000000  1.612311e-10
6990.000000  1.578258e-10
7010.000000  1.556268e-10
7030.000000  1.601183e-10
7050.000000  1.618290e-10
7070.000000  1.545112e-10
7090.000000  1.518583e-10
7110.000000  1.498648e-10
7130.000000  1.447632e-10
7150.000000  1.453052e-10
7170.000000  1.501329e-10
7190.000000  1.466716e-10
7210.000000  1.500675e-10
7230.000000  1.561334e-10
7250.000000  1.552435e-10
7270.000000  1.554126e-10
7290.000000  1.521859e-10
7310.000000  1.550153e-10
7330.000000  1.549178e-10
7350.000000  1.544431e-10
7370.000000  1.598913e-10
7390.000000  1.570314e-10
7410.000000  1.562059e-10
7430.000000  1.583456e-10
7450.000000  1.584694e-10
7470.000000  1.583838e-10
7490.000000  1.573905e-10
7510.000000  1.607773e-10
7530.000000  1.621509e-10
7550.000000  1.631012e-10
7570.000000  1.618214e-10
7590.000000  1.598856e-10
7610.000000  1.603068e-10
7630.000000  1.611335e-10
7650.000000  1.615798e-10
7670.000000  1.545774e-10
7690.000000  1.609475e-10
7710.000000  1.565953e-10
7730.000000  1.576436e-10
7750.000000  1.565465e-10
7770.000000  1.607442e-10
7790.000000  1.602416e-10
7810.000000  1.607004e-10
7830.000000  1.585996e-10
7850.000000  1.567365e-10
7870.000000  1.578799e-10
7890.000000  1.512448e-10
7910.000000  1.467983e-10
7930.000000  1.479787e-10
7950.000000  1.443924e-10
7970.000000  1.519995e-10
7990.000000  1.510516e-10
8010.000000  1.515636e-10
8030.000000  1.520923e-10
8050.000000  1.505656e-10
8070.000000  1.478561e-10
8090.000000  1.445348e-10
8110.000000  1.437185e-10
8130.000000  1.468256e-10
8150.000000  1.472829e-10
8170.000000  1.480856e-10
8190.000000  1.449207e-10
8210.000000  1.442041e-10
8230.000000  1.476872e-10
8250.000000  1.478978e-10
8270.000000  1.503649e-10
8290.000000  1.485557e-10
8310.000000  1.417333e-10
8330.000000  1.433221e-10
8350.000000  1.431346e-10
8370.000000  1.448135e-10
8390.000000  1.386968e-10
8410.000000  1.457971e-10
8430.000000  1.410514e-10
8450.000000  1.448511e-10
8470.000000  1.450110e-10
8490.000000  1.438050e-10
8510.000000  1.365230e-10
8530.000000  1.416028e-10
8550.000000  1.180972e-10
8570.000000  1.465858e-10
8590.000000  1.451497e-10
8610.000000  1.455330e-10
8630.000000  1.466240e-10
8650.000000  1.459068e-10
8670.000000  1.218123e-10
8690.000000  1.401113e-10
8710.000000  1.455383e-10
8730.000000  1.460272e-10
8750.000000  1.454345e-10
8770.000000  1.462682e-10
8790.000000  1.459242e-10
8810.000000  1.416908e-10
8830.000000  1.442055e-10
8850.000000  1.463300e-10
8870.000000  1.429586e-10
8890.000000  1.453605e-10
8910.000000  1.469158e-10
8930.000000  1.427761e-10
8950.000000  1.421640e-10
8970.000000  1.429033e-10
8990.000000  1.438399e-10
9010.000000  1.380489e-10
9030.000000  1.418372e-10
9050.000000  1.454457e-10
9070.000000  1.450874e-10
9090.000000  1.390660e-10
9110.000000  1.384434e-10
9130.000000  1.424924e-10
9150.000000  1.325020e-10
9170.000000  1.290027e-10
9190.000000  1.311267e-10
9210.000000  1.278968e-10
9230.000000  1.309071e-10
9250.000000  1.294994e-10
9270.000000  1.315675e-10
9290.000000  1.297401e-10
9310.000000  1.341028e-10
9330.000000  1.343454e-10
9350.000000  1.325444e-10
9370.000000  1.309533e-10
9390.000000  1.291878e-10
9410.000000  1.265261e-10
9430.000000  1.280921e-10
9450.000000  1.249009e-10
9470.000000  1.292992e-10
9490.000000  1.285883e-10
9510.000000  1.311546e-10
9530.000000  1.300931e-10
9550.000000  1.285547e-10
9570.000000  1.289977e-10
9590.000000  1.314959e-10
9610.000000  1.293442e-10
9630.000000  1.294908e-10
9650.000000  1.255540e-10
9670.000000  1.249838e-10
9690.000000  1.282104e-10
9710.000000  1.272196e-10
9730.000000  1.267119e-10
9750.000000  1.264402e-10
9770.000000  1.272806e-10
9790.000000  1.241188e-10
9810.000000  1.292584e-10
9830.000000  1.278418e-10
9850.000000  1.297087e-10
9870.000000  1.293651e-10
9890.000000  1.299580e-10
9910.000000  1.284238e-10
9930.000000  1.295745e-10
9950.000000  1.285986e-10
9970.000000  1.295867e-10
9990.000000  1.297014e-10
10025.000000  1.280564e-10
10075.000000  1.270438e-10
10125.000000  1.279306e-10
10175.000000  1.262494e-10
10225.000000  1.268024e-10
10275.000000  1.271872e-10
10325.000000  1.248228e-10
10375.000000  1.242151e-10
10425.000000  1.249034e-10
10475.000000  1.238191e-10
10525.000000  1.240816e-10
10575.000000  1.225460e-10
10625.000000  1.222882e-10
10675.000000  1.200399e-10
10725.000000  1.201220e-10
10775.000000  1.191975e-10
10825.000000  1.173671e-10
10875.000000  1.158610e-10
10925.000000  1.138022e-10
10975.000000  1.062091e-10
11025.000000  1.058038e-10
11075.000000  1.076980e-10
11125.000000  1.076821e-10
11175.000000  1.091142e-10
11225.000000  1.089207e-10
11275.000000  1.072387e-10
11325.000000  1.083048e-10
11375.000000  1.058503e-10
11425.000000  1.067984e-10
11475.000000  1.082680e-10
11525.000000  1.082793e-10
11575.000000  1.071223e-10
11625.000000  1.057823e-10
11675.000000  1.060495e-10
11725.000000  1.077763e-10
11775.000000  1.056260e-10
11825.000000  1.052769e-10
11875.000000  1.039729e-10
11925.000000  1.060933e-10
11975.000000  1.016944e-10
12025.000000  1.039808e-10
12075.000000  1.030224e-10
12125.000000  1.034415e-10
12175.000000  1.037103e-10
12225.000000  1.033186e-10
12275.000000  1.027794e-10
12325.000000  1.019524e-10
12375.000000  1.017326e-10
12425.000000  1.009126e-10
12475.000000  1.011968e-10
12525.000000  1.001739e-10
12575.000000  1.002165e-10
12625.000000  9.995762e-11
12675.000000  9.885751e-11
12725.000000  9.905208e-11
12775.000000  9.933740e-11
12825.000000  9.590623e-11
12875.000000  9.743872e-11
12925.000000  9.600124e-11
12975.000000  9.749092e-11
13025.000000  9.633167e-11
13075.000000  9.697958e-11
13125.000000  9.514887e-11
13175.000000  9.510564e-11
13225.000000  9.541912e-11
13275.000000  9.374514e-11
13325.000000  9.469785e-11
13375.000000  9.419594e-11
13425.000000  9.462629e-11
13475.000000  9.424250e-11
13525.000000  9.407790e-11
13575.000000  9.257081e-11
13625.000000  9.205393e-11
13675.000000  9.261227e-11
13725.000000  9.301590e-11
13775.000000  9.240550e-11
13825.000000  9.262843e-11
13875.000000  9.150752e-11
13925.000000  9.034602e-11
13975.000000  9.033537e-11
14025.000000  8.940296e-11
14075.000000  8.761609e-11
14125.000000  8.456727e-11
14175.000000  8.467724e-11
14225.000000  8.447957e-11
14275.000000  8.319082e-11
14325.000000  8.507953e-11
14375.000000  8.574624e-11
14425.000000  8.337625e-11
14475.000000  8.639471e-11
14525.000000  8.363429e-11
14570.000000  8.352221e-11
14620.000000  8.181988e-11
14675.000000  8.147868e-11
14725.000000  8.098510e-11
14775.000000  8.195484e-11
14825.000000  8.225626e-11
14875.000000  8.212869e-11
14925.000000  8.393324e-11
14975.000000  8.362513e-11
15025.000000  8.163794e-11
15075.000000  8.124492e-11
15125.000000  8.149669e-11
15175.000000  8.249785e-11
15225.000000  8.244004e-11
15275.000000  8.229459e-11
15325.000000  8.288098e-11
15375.000000  8.316347e-11
15425.000000  8.251047e-11
15475.000000  8.343625e-11
15525.000000  8.171563e-11
15575.000000  8.011401e-11
15625.000000  8.250113e-11
15675.000000  8.124927e-11
15725.000000  8.197738e-11
15775.000000  7.742613e-11
15825.000000  7.962714e-11
15875.000000  7.761264e-11
15925.000000  7.969727e-11
15975.000000  7.965612e-11
16050.000000  7.914922e-11
16150.000000  7.914453e-11
16250.000000  7.833291e-11
16350.000000  7.933289e-11
16450.000000  7.550707e-11
16550.000000  7.739275e-11
16650.000000  7.431596e-11
16750.000000  7.430539e-11
16850.000000  7.159152e-11
16950.000000  7.286216e-11
17050.000000  7.006303e-11
17150.000000  6.962952e-11
17250.000000  6.795262e-11
17350.000000  6.580311e-11
17450.000000  6.596997e-11
17550.000000  6.440200e-11
17650.000000  6.375255e-11
17750.000000  6.207237e-11
17850.000000  6.149421e-11
17950.000000  6.061487e-11
18050.000000  5.865826e-11
18150.000000  5.808800e-11
18250.000000  5.674801e-11
18350.000000  5.582700e-11
18450.000000  5.440562e-11
18550.000000  5.387617e-11
18650.000000  5.234893e-11
18750.000000  5.127821e-11
18850.000000  5.088408e-11
18950.000000  4.865329e-11
19050.000000  4.951763e-11
19150.000000  4.835377e-11
19250.000000  4.787238e-11
19350.000000  4.619009e-11
19450.000000  4.523080e-11
19550.000000  4.515349e-11
19650.000000  4.392087e-11
19750.000000  4.248360e-11
19850.000000  4.211291e-11
19950.000000  4.135984e-11
20050.000000  4.130994e-11
20150.000000  4.077368e-11
20250.000000  3.939086e-11
20350.000000  3.883992e-11
20450.000000  3.867435e-11
20550.000000  3.758780e-11
20650.000000  3.687625e-11
20750.000000  3.634486e-11
20850.000000  3.572990e-11
20950.000000  3.491723e-11
21050.000000  3.479633e-11
21150.000000  3.419038e-11
21250.000000  3.353683e-11
21350.000000  3.323104e-11
21450.000000  3.257172e-11
21550.000000  3.208797e-11
21650.000000  3.136406e-11
21750.000000  3.074732e-11
21850.000000  3.045726e-11
21950.000000  3.012086e-11
22050.000000  2.916396e-11
22150.000000  2.936374e-11
22250.000000  2.837958e-11
22350.000000  2.807222e-11
22450.000000  2.766672e-11
22550.000000  2.733502e-11
22650.000000  2.667160e-11
22750.000000  2.666227e-11
22850.000000  2.597317e-11
22950.000000  2.206960e-11
23050.000000  2.369790e-11
23150.000000  2.347409e-11
23250.000000  2.017572e-11
23350.000000  2.165152e-11
23450.000000  2.138992e-11
23550.000000  1.835394e-11
23650.000000  2.020336e-11
23750.000000  1.974454e-11
23850.000000  1.735703e-11
23950.000000  1.880327e-11
24050.000000  1.879329e-11
24150.000000  1.682889e-11
24250.000000  1.784432e-11
24350.000000  1.792023e-11
24450.000000  1.661666e-11
24550.000000  1.662091e-11
24650.000000  1.731961e-11
24750.000000  1.655790e-11
24850.000000  1.564852e-11
24950.000000  1.630615e-11
