2505.000000  2.442787e-12
2513.000000  1.018572e-12
2518.000000  6.471415e-13
2525.000000  6.478248e-13
2535.000000  1.043347e-12
2545.000000  1.498280e-12
2555.000000  3.360052e-12
2565.000000  2.335266e-12
2575.000000  3.099777e-12
2585.000000  2.406299e-12
2595.000000  1.993562e-12
2605.000000  1.438549e-12
2615.000000  1.311078e-12
2625.000000  2.004281e-12
2635.000000  4.577291e-12
2645.000000  7.057996e-12
2655.000000  9.431364e-12
2665.000000  5.848215e-12
2675.000000  6.766025e-12
2685.000000  7.759777e-12
2695.000000  5.710523e-12
2705.000000  7.209251e-12
2715.000000  4.845573e-12
2725.000000  3.938901e-12
2735.000000  4.878794e-12
2745.000000  2.090790e-12
2755.000000  3.228411e-12
2765.000000  4.579272e-12
2775.000000  5.051583e-12
2785.000000  2.403393e-12
2795.000000  7.424953e-13
2805.000000  9.677749e-13
2815.000000  3.964570e-12
2825.000000  7.163538e-12
2835.000000  7.016959e-12
2845.000000  5.048111e-12
2855.000000  2.342041e-12
2865.000000  6.996067e-12
2875.000000  9.225639e-12
2885.000000  8.201524e-12
2895.000000  9.359973e-12
2910.000000  1.254375e-11
2930.000000  1.132751e-11
2950.000000  1.094873e-11
2970.000000  1.203102e-11
2990.000000  1.200849e-11
3010.000000  1.260255e-11
3030.000000  1.308849e-11
3050.000000  1.375538e-11
3070.000000  1.334012e-11
3090.000000  1.338287e-11
3110.000000  1.419922e-11
3130.000000  1.331585e-11
3150.000000  1.288235e-11
3170.000000  1.408791e-11
3190.000000  1.264364e-11
3210.000000  1.425750e-11
3230.000000  1.180294e-11
3250.000000  1.604736e-11
3270.000000  1.856566e-11
3290.000000  1.793577e-11
3310.000000  1.737868e-11
3330.000000  1.748487e-11
3350.000000  1.695777e-11
3370.000000  1.352377e-11
3390.000000  1.574141e-11
3410.000000  1.650045e-11
3430.000000  1.747405e-11
3450.000000  1.842473e-11
3470.000000  1.865102e-11
3490.000000  1.975474e-11
3510.000000  2.072221e-11
3530.000000  1.931634e-11
3550.000000  2.219843e-11
3570.000000  1.750162e-11
3590.000000  1.766057e-11
3610.000000  1.952679e-11
3630.000000  1.981956e-11
3640.000000  1.983246e-11
3650.000000  2.224886e-11
3670.000000  2.236400e-11
3690.000000  2.188212e-11
3710.000000  2.418067e-11
3730.000000  2.078613e-11
3750.000000  2.317534e-11
3770.000000  2.605725e-11
3790.000000  2.699037e-11
3810.000000  2.741000e-11
3830.000000  1.985717e-11
3850.000000  2.369621e-11
3870.000000  2.310787e-11
3890.000000  2.499507e-11
3910.000000  2.842657e-11
3930.000000  1.467709e-11
3950.000000  2.519595e-11
3970.000000  1.698346e-11
3990.000000  3.295494e-11
4010.000000  3.530913e-11
4030.000000  3.509775e-11
4050.000000  3.434999e-11
4070.000000  3.367508e-11
4090.000000  3.723178e-11
4110.000000  3.589148e-11
4130.000000  3.641910e-11
4150.000000  3.683890e-11
4170.000000  3.656323e-11
4190.000000  3.543897e-11
4210.000000  3.582405e-11
4230.000000  3.489651e-11
4250.000000  3.503746e-11
4270.000000  3.331955e-11
4290.000000  3.018285e-11
4310.000000  2.504789e-11
4330.000000  3.558323e-11
4350.000000  3.378645e-11
4370.000000  3.705696e-11
4390.000000  3.442896e-11
4410.000000  3.685322e-11
4430.000000  3.887072e-11
4450.000000  3.859627e-11
4470.000000  4.024980e-11
4490.000000  4.070932e-11
4510.000000  4.402224e-11
4530.000000  4.031477e-11
4550.000000  4.123939e-11
4570.000000  4.368406e-11
4590.000000  4.148555e-11
4610.000000  4.270452e-11
4630.000000  4.205226e-11
4650.000000  4.249690e-11
4670.000000  4.336246e-11
4690.000000  4.268280e-11
4710.000000  4.137599e-11
4730.000000  4.299145e-11
4750.000000  4.367424e-11
4770.000000  4.355558e-11
4790.000000  4.338313e-11
4810.000000  4.299277e-11
4830.000000  4.341621e-11
4850.000000  4.110809e-11
4870.000000  3.712108e-11
4890.000000  4.183042e-11
4910.000000  4.166069e-11
4930.000000  4.103312e-11
4950.000000  4.251891e-11
4970.000000  4.271681e-11
4990.000000  4.010432e-11
5010.000000  3.864678e-11
5030.000000  4.064317e-11
5050.000000  4.067869e-11
5070.000000  4.201638e-11
5090.000000  4.054024e-11
5110.000000  4.104249e-11
5130.000000  4.003395e-11
5150.000000  3.901402e-11
5170.000000  3.744619e-11
5190.000000  3.758557e-11
5210.000000  3.914546e-11
5230.000000  3.961754e-11
5250.000000  4.041135e-11
5270.000000  3.694977e-11
5290.000000  4.019084e-11
5310.000000  4.107591e-11
5330.000000  3.817871e-11
5350.000000  4.034879e-11
5370.000000  4.030024e-11
5390.000000  3.975215e-11
5410.000000  3.878340e-11
5430.000000  3.938701e-11
5450.000000  4.038074e-11
5470.000000  3.959978e-11
5490.000000  3.936157e-11
5510.000000  3.929956e-11
5530.000000  3.956890e-11
5550.000000  3.995577e-11
5570.000000  3.904643e-11
5590.000000  3.840327e-11
5610.000000  3.923466e-11
5630.000000  3.929919e-11
5650.000000  3.907714e-11
5670.000000  3.827700e-11
5690.000000  3.881372e-11
5710.000000  3.807306e-11
5730.000000  3.990380e-11
5750.000000  3.886346e-11
5770.000000  3.911654e-11
5790.000000  3.821467e-11
5810.000000  3.881703e-11
5830.000000  3.915727e-11
5850.000000  3.839765e-11
5870.000000  3.843412e-11
5890.000000  3.671043e-11
5910.000000  3.803223e-11
5930.000000  3.789280e-11
5950.000000  3.788424e-11
5970.000000  3.791276e-11
5990.000000  3.752435e-11
6010.000000  3.700666e-11
6030.000000  3.709374e-11
6050.000000  3.752435e-11
6070.000000  3.730542e-11
6090.000000  3.656286e-11
6110.000000  3.625297e-11
6130.000000  3.522447e-11
6150.000000  3.548815e-11
6170.000000  3.469746e-11
6190.000000  3.592777e-11
6210.000000  3.595106e-11
6230.000000  3.512136e-11
6250.000000  3.410752e-11
6270.000000  3.534086e-11
6290.000000  3.536492e-11
6310.000000  3.446362e-11
6330.000000  3.459999e-11
6350.000000  3.464492e-11
6370.000000  3.445712e-11
6390.000000  3.455252e-11
6410.000000  3.385628e-11
6430.000000  3.406901e-11
6450.000000  3.375976e-11
6470.000000  3.365986e-11
6490.000000  3.311392e-11
6510.000000  3.368402e-11
6530.000000  3.368056e-11
6550.000000  3.284990e-11
6570.000000  2.971872e-11
6590.000000  3.293788e-11
6610.000000  3.316267e-11
6630.000000  3.300840e-11
6650.000000  3.286155e-11
6670.000000  3.249623e-11
6690.000000  3.282508e-11
6710.000000  3.225276e-11
6730.000000  3.247986e-11
6750.000000  3.209760e-11
6770.000000  3.205954e-11
6790.000000  3.189092e-11
6810.000000  3.170417e-11
6830.000000  3.175628e-11
6850.000000  3.120167e-11
6870.000000  3.135795e-11
6890.000000  3.135585e-11
6910.000000  3.111881e-11
6930.000000  3.098358e-11
6950.000000  3.080468e-11
6970.000000  3.077332e-11
6990.000000  3.060994e-11
7010.000000  2.989929e-11
7030.000000  3.018515e-11
7050.000000  3.021770e-11
7070.000000  2.996452e-11
7090.000000  2.981701e-11
7110.000000  2.972699e-11
7130.000000  2.938749e-11
7150.000000  2.922873e-11
7170.000000  2.912545e-11
7190.000000  2.849018e-11
7210.000000  2.880337e-11
7230.000000  2.875661e-11
7250.000000  2.881569e-11
7270.000000  2.868313e-11
7290.000000  2.806444e-11
7310.000000  2.828903e-11
7330.000000  2.818961e-11
7350.000000  2.817732e-11
7370.000000  2.817749e-11
7390.000000  2.759869e-11
7410.000000  2.722670e-11
7430.000000  2.741291e-11
7450.000000  2.741058e-11
7470.000000  2.747898e-11
7490.000000  2.723095e-11
7510.000000  2.719903e-11
7530.000000  2.713884e-11
7550.000000  2.715143e-11
7570.000000  2.688818e-11
7590.000000  2.678315e-11
7610.000000  2.664671e-11
7630.000000  2.664318e-11
7650.000000  2.651581e-11
7670.000000  2.595521e-11
7690.000000  2.628221e-11
7710.000000  2.592473e-11
7730.000000  2.591320e-11
7750.000000  2.565247e-11
7770.000000  2.580139e-11
7790.000000  2.577991e-11
7810.000000  2.565483e-11
7830.000000  2.538560e-11
7850.000000  2.529309e-11
7870.000000  2.537502e-11
7890.000000  2.519968e-11
7910.000000  2.489199e-11
7930.000000  2.453953e-11
7950.000000  2.449407e-11
7970.000000  2.474101e-11
7990.000000  2.467104e-11
8010.000000  2.438881e-11
8030.000000  2.430226e-11
8050.000000  2.411000e-11
8070.000000  2.416884e-11
8090.000000  2.379214e-11
8110.000000  2.393340e-11
8130.000000  2.392241e-11
8150.000000  2.376341e-11
8170.000000  2.366819e-11
8190.000000  2.312128e-11
8210.000000  2.312333e-11
8230.000000  2.303693e-11
8250.000000  2.308529e-11
8270.000000  2.320330e-11
8290.000000  2.305426e-11
8310.000000  2.269553e-11
8330.000000  2.251193e-11
8350.000000  2.260211e-11
8370.000000  2.258726e-11
8390.000000  2.222922e-11
8410.000000  2.241917e-11
8430.000000  2.205056e-11
8450.000000  2.208821e-11
8470.000000  2.190689e-11
8490.000000  2.170221e-11
8510.000000  2.068949e-11
8530.000000  2.140221e-11
8550.000000  1.844563e-11
8570.000000  2.173316e-11
8590.000000  2.132799e-11
8610.000000  2.116867e-11
8630.000000  2.143737e-11
8650.000000  2.115428e-11
8670.000000  1.834361e-11
8690.000000  2.074897e-11
8710.000000  2.099900e-11
8730.000000  2.092124e-11
8750.000000  2.021562e-11
8770.000000  2.082454e-11
8790.000000  2.067735e-11
8810.000000  2.034727e-11
8830.000000  2.046030e-11
8850.000000  2.034491e-11
8870.000000  1.962494e-11
8890.000000  2.032737e-11
8910.000000  2.031133e-11
8930.000000  1.999147e-11
8950.000000  1.997141e-11
8970.000000  1.994921e-11
8990.000000  1.991902e-11
9010.000000  1.889143e-11
9030.000000  1.954325e-11
9050.000000  1.979057e-11
9070.000000  1.941908e-11
9090.000000  1.895652e-11
9110.000000  1.914826e-11
9130.000000  1.937230e-11
9150.000000  1.918715e-11
9170.000000  1.905582e-11
9190.000000  1.905546e-11
9210.000000  1.861353e-11
9230.000000  1.798487e-11
9250.000000  1.837682e-11
9270.000000  1.857105e-11
9290.000000  1.856782e-11
9310.000000  1.859007e-11
9330.000000  1.847887e-11
9350.000000  1.838342e-11
9370.000000  1.827670e-11
9390.000000  1.822333e-11
9410.000000  1.763131e-11
9430.000000  1.796914e-11
9450.000000  1.778443e-11
9470.000000  1.794287e-11
9490.000000  1.791355e-11
9510.000000  1.779824e-11
9530.000000  1.763703e-11
9550.000000  1.694374e-11
9570.000000  1.746613e-11
9590.000000  1.754829e-11
9610.000000  1.736481e-11
9630.000000  1.721210e-11
9650.000000  1.714620e-11
9670.000000  1.702721e-11
9690.000000  1.712283e-11
9710.000000  1.707706e-11
9730.000000  1.701528e-11
9750.000000  1.682208e-11
9770.000000  1.683649e-11
9790.000000  1.671597e-11
9810.000000  1.677288e-11
9830.000000  1.668518e-11
9850.000000  1.663067e-11
9870.000000  1.650421e-11
9890.000000  1.643017e-11
9910.000000  1.634508e-11
9930.000000  1.640074e-11
9950.000000  1.633077e-11
9970.000000  1.627863e-11
9990.000000  1.620290e-11
10025.000000  1.598518e-11
10075.000000  1.566222e-11
10125.000000  1.571661e-11
10175.000000  1.548426e-11
10225.000000  1.539940e-11
10275.000000  1.531383e-11
10325.000000  1.503570e-11
10375.000000  1.491691e-11
10425.000000  1.484050e-11
10475.000000  1.457474e-11
10525.000000  1.452711e-11
10575.000000  1.434651e-11
10625.000000  1.418506e-11
10675.000000  1.386455e-11
10725.000000  1.386155e-11
10775.000000  1.369912e-11
10825.000000  1.346961e-11
10875.000000  1.337643e-11
10925.000000  1.305002e-11
10975.000000  1.298192e-11
11025.000000  1.299457e-11
11075.000000  1.294507e-11
11125.000000  1.278620e-11
11175.000000  1.266786e-11
11225.000000  1.260602e-11
11275.000000  1.235227e-11
11325.000000  1.230360e-11
11375.000000  1.218786e-11
11425.000000  1.202167e-11
11475.000000  1.207035e-11
11525.000000  1.196697e-11
11575.000000  1.179710e-11
11625.000000  1.159843e-11
11675.000000  1.152271e-11
11725.000000  1.156306e-11
11775.000000  1.129737e-11
11825.000000  1.122178e-11
11875.000000  1.108056e-11
11925.000000  1.117259e-11
11975.000000  1.082733e-11
12025.000000  1.087474e-11
12075.000000  1.074499e-11
12125.000000  1.069057e-11
12175.000000  1.067845e-11
12225.000000  1.058081e-11
12275.000000  1.045429e-11
12325.000000  1.038753e-11
12375.000000  1.028951e-11
12425.000000  1.019484e-11
12475.000000  1.013669e-11
12525.000000  1.002293e-11
12575.000000  9.931298e-12
12625.000000  9.853288e-12
12675.000000  9.757531e-12
12725.000000  9.713573e-12
12775.000000  9.622798e-12
12825.000000  9.092419e-12
12875.000000  9.435904e-12
12925.000000  9.347204e-12
12975.000000  9.318344e-12
13025.000000  9.209396e-12
13075.000000  9.170493e-12
13125.000000  9.030847e-12
13175.000000  8.945671e-12
13225.000000  8.943006e-12
13275.000000  8.800503e-12
13325.000000  8.777928e-12
13375.000000  8.698703e-12
13425.000000  8.665297e-12
13475.000000  8.592472e-12
13525.000000  8.521818e-12
13575.000000  8.394753e-12
13625.000000  8.355568e-12
13675.000000  8.293369e-12
13725.000000  8.210654e-12
13775.000000  8.163958e-12
13825.000000  8.112785e-12
13875.000000  8.060508e-12
13925.000000  7.998060e-12
13975.000000  7.934325e-12
14025.000000  7.837621e-12
14075.000000  7.808702e-12
14125.000000  7.688491e-12
14175.000000  7.685396e-12
14225.000000  7.546757e-12
14275.000000  7.450368e-12
14325.000000  7.489861e-12
14375.000000  7.471621e-12
14425.000000  7.233318e-12
14475.000000  7.343249e-12
14525.000000  7.190958e-12
14570.000000  7.198779e-12
14620.000000  7.141049e-12
14675.000000  7.102319e-12
14725.000000  6.986079e-12
14775.000000  6.946755e-12
14825.000000  6.915015e-12
14875.000000  6.793166e-12
14925.000000  6.878155e-12
14975.000000  6.779307e-12
15025.000000  6.653507e-12
15075.000000  6.596870e-12
15125.000000  6.639902e-12
15175.000000  6.616511e-12
15225.000000  6.513040e-12
15275.000000  6.504315e-12
15325.000000  6.441765e-12
15375.000000  6.404390e-12
15425.000000  6.337570e-12
15475.000000  6.313221e-12
15525.000000  6.240314e-12
15575.000000  6.147136e-12
15625.000000  6.206375e-12
15675.000000  6.059967e-12
15725.000000  6.007145e-12
15775.000000  5.916236e-12
15825.000000  5.945185e-12
15875.000000  5.664899e-12
15925.000000  5.832735e-12
15975.000000  5.842906e-12
16050.000000  5.746130e-12
16150.000000  5.553887e-12
16250.000000  5.611301e-12
16350.000000  5.449231e-12
16450.000000  5.236542e-12
16550.000000  5.307324e-12
16650.000000  5.206150e-12
16750.000000  5.028949e-12
16850.000000  4.810815e-12
16950.000000  4.915709e-12
17050.000000  4.771620e-12
17150.000000  4.690193e-12
17250.000000  4.563933e-12
17350.000000  4.289499e-12
17450.000000  4.371349e-12
17550.000000  4.320942e-12
17650.000000  4.232092e-12
17750.000000  4.149044e-12
17850.000000  4.078951e-12
17950.000000  4.006708e-12
18050.000000  3.911001e-12
18150.000000  3.694967e-12
18250.000000  3.729686e-12
18350.000000  3.689785e-12
18450.000000  3.599616e-12
18550.000000  3.547276e-12
18650.000000  3.457278e-12
18750.000000  3.241300e-12
18850.000000  3.334006e-12
18950.000000  3.227991e-12
19050.000000  3.230998e-12
19150.000000  3.162735e-12
19250.000000  3.107970e-12
19350.000000  3.028022e-12
19450.000000  2.856596e-12
19550.000000  2.930441e-12
19650.000000  2.879483e-12
19750.000000  2.817007e-12
19850.000000  2.778083e-12
19950.000000  2.727748e-12
20050.000000  2.690419e-12
20150.000000  2.651182e-12
20250.000000  2.587293e-12
20350.000000  2.529187e-12
20450.000000  2.511388e-12
20550.000000  2.461455e-12
20650.000000  2.408708e-12
20750.000000  2.372635e-12
20850.000000  2.332103e-12
20950.000000  2.282212e-12
21050.000000  2.256471e-12
21150.000000  2.213699e-12
21250.000000  2.175196e-12
21350.000000  2.141875e-12
21450.000000  2.109082e-12
21550.000000  2.071277e-12
21650.000000  1.955974e-12
21750.000000  1.988680e-12
21850.000000  1.962141e-12
21950.000000  1.939786e-12
22050.000000  1.894393e-12
22150.000000  1.873383e-12
22250.000000  1.842029e-12
22350.000000  1.811660e-12
22450.000000  1.783128e-12
22550.000000  1.748046e-12
22650.000000  1.720966e-12
22750.000000  1.699362e-12
22850.000000  1.665153e-12
22950.000000  1.625366e-12
23050.000000  1.613248e-12
23150.000000  1.586498e-12
23250.000000  1.542219e-12
23350.000000  1.528977e-12
23450.000000  1.514609e-12
23550.000000  1.466203e-12
23650.000000  1.462156e-12
23750.000000  1.437618e-12
23850.000000  1.397162e-12
23950.000000  1.392861e-12
24050.000000  1.373830e-12
24150.000000  1.337507e-12
24250.000000  1.327085e-12
24350.000000  1.307851e-12
24450.000000  1.284064e-12
24550.000000  1.259537e-12
24650.000000  1.254578e-12
24750.000000  1.228585e-12
24850.000000  1.203826e-12
24950.000000  1.194087e-12
