2505.000000  1.266769e-09
2513.000000  1.170632e-09
2518.000000  1.224764e-09
2525.000000  1.154459e-09
2535.000000  1.163609e-09
2545.000000  1.114329e-09
2555.000000  1.163017e-09
2565.000000  1.144491e-09
2575.000000  1.200568e-09
2585.000000  1.187915e-09
2595.000000  1.192157e-09
2605.000000  1.146012e-09
2615.000000  1.137335e-09
2625.000000  1.142036e-09
2635.000000  1.147038e-09
2645.000000  1.179141e-09
2655.000000  1.164702e-09
2665.000000  1.098085e-09
2675.000000  1.133833e-09
2685.000000  1.113171e-09
2695.000000  1.086693e-09
2705.000000  1.096361e-09
2715.000000  1.062152e-09
2725.000000  1.054444e-09
2735.000000  1.087914e-09
2745.000000  9.995914e-10
2755.000000  9.931787e-10
2765.000000  1.008065e-09
2775.000000  1.033893e-09
2785.000000  1.032473e-09
2795.000000  9.518900e-10
2805.000000  9.945852e-10
2815.000000  1.017388e-09
2825.000000  1.002369e-09
2835.000000  9.483657e-10
2845.000000  9.338818e-10
2855.000000  9.417981e-10
2865.000000  9.629244e-10
2875.000000  9.422182e-10
2885.000000  9.428772e-10
2895.000000  9.324356e-10
2910.000000  9.467471e-10
2930.000000  9.188895e-10
2950.000000  9.007484e-10
2970.000000  8.920405e-10
2990.000000  8.755047e-10
3010.000000  8.737668e-10
3030.000000  8.639708e-10
3050.000000  8.436582e-10
3070.000000  8.277504e-10
3090.000000  8.189584e-10
3110.000000  7.982478e-10
3130.000000  7.876204e-10
3150.000000  7.767455e-10
3170.000000  7.607891e-10
3190.000000  7.344485e-10
3210.000000  7.339975e-10
3230.000000  7.231357e-10
3250.000000  7.125085e-10
3270.000000  7.031902e-10
3290.000000  6.924877e-10
3310.000000  6.841424e-10
3330.000000  6.707422e-10
3350.000000  6.571651e-10
3370.000000  6.474311e-10
3390.000000  6.369276e-10
3410.000000  6.291484e-10
3430.000000  6.177029e-10
3450.000000  6.073321e-10
3470.000000  5.972620e-10
3490.000000  5.888637e-10
3510.000000  5.814914e-10
3530.000000  5.737298e-10
3550.000000  5.651501e-10
3570.000000  5.573842e-10
3590.000000  5.450675e-10
3610.000000  5.383585e-10
3630.000000  5.304157e-10
3640.000000  5.288501e-10
3650.000000  5.246531e-10
3670.000000  5.185810e-10
3690.000000  5.083561e-10
3710.000000  4.917098e-10
3730.000000  4.690620e-10
3750.000000  5.057381e-10
3770.000000  5.127964e-10
3790.000000  5.705636e-10
3810.000000  6.174956e-10
3830.000000  5.170998e-10
3850.000000  6.464322e-10
3870.000000  6.822815e-10
3890.000000  4.755588e-10
3910.000000  6.799375e-10
3930.000000  6.745423e-10
3950.000000  6.602662e-10
3970.000000  4.457378e-10
3990.000000  6.264338e-10
4010.000000  6.467864e-10
4030.000000  6.040384e-10
4050.000000  6.361282e-10
4070.000000  6.111674e-10
4090.000000  5.301552e-10
4110.000000  4.396082e-10
4130.000000  5.686624e-10
4150.000000  5.756015e-10
4170.000000  5.730851e-10
4190.000000  5.683131e-10
4210.000000  5.620066e-10
4230.000000  5.515783e-10
4250.000000  5.407387e-10
4270.000000  5.226771e-10
4290.000000  5.230308e-10
4310.000000  5.065967e-10
4330.000000  4.243374e-10
4350.000000  3.767067e-10
4370.000000  4.784561e-10
4390.000000  4.670107e-10
4410.000000  4.764129e-10
4430.000000  4.656706e-10
4450.000000  4.650824e-10
4470.000000  4.350093e-10
4490.000000  4.438056e-10
4510.000000  4.451633e-10
4530.000000  4.357345e-10
4550.000000  4.295783e-10
4570.000000  4.257661e-10
4590.000000  4.181240e-10
4610.000000  4.122111e-10
4630.000000  4.026982e-10
4650.000000  3.988594e-10
4670.000000  3.938045e-10
4690.000000  3.889839e-10
4710.000000  3.735360e-10
4730.000000  3.746638e-10
4750.000000  3.686137e-10
4770.000000  3.681228e-10
4790.000000  3.609981e-10
4810.000000  3.522592e-10
4830.000000  3.426932e-10
4850.000000  2.965882e-10
4870.000000  2.558788e-10
4890.000000  3.264669e-10
4910.000000  3.280370e-10
4930.000000  3.165385e-10
4950.000000  3.219118e-10
4970.000000  3.189133e-10
4990.000000  3.135311e-10
5010.000000  3.000292e-10
5030.000000  3.022271e-10
5050.000000  2.927187e-10
5070.000000  2.956906e-10
5090.000000  2.912062e-10
5110.000000  2.857974e-10
5130.000000  2.818570e-10
5150.000000  2.765720e-10
5170.000000  2.751081e-10
5190.000000  2.717514e-10
5210.000000  2.641668e-10
5230.000000  2.643172e-10
5250.000000  2.617300e-10
5270.000000  2.569360e-10
5290.000000  2.561443e-10
5310.000000  2.514520e-10
5330.000000  2.483784e-10
5350.000000  2.445617e-10
5370.000000  2.428679e-10
5390.000000  2.396129e-10
5410.000000  2.358184e-10
5430.000000  2.323599e-10
5450.000000  2.300027e-10
5470.000000  2.263365e-10
5490.000000  2.248239e-10
5510.000000  2.216972e-10
5530.000000  2.192383e-10
5550.000000  2.166998e-10
5570.000000  2.138030e-10
5590.000000  2.114192e-10
5610.000000  2.088321e-10
5630.000000  2.069348e-10
5650.000000  2.014509e-10
5670.000000  1.994784e-10
5690.000000  1.983241e-10
5710.000000  1.966568e-10
5730.000000  1.942996e-10
5750.000000  1.919159e-10
5770.000000  1.897621e-10
5790.000000  1.872501e-10
5810.000000  1.848664e-10
5830.000000  1.827657e-10
5850.000000  1.806119e-10
5870.000000  1.734651e-10
5890.000000  1.748980e-10
5910.000000  1.741019e-10
5930.000000  1.724612e-10
5950.000000  1.690514e-10
5970.000000  1.681801e-10
5990.000000  1.657964e-10
6010.000000  1.645669e-10
6030.000000  1.625414e-10
6050.000000  1.606707e-10
6070.000000  1.587734e-10
6090.000000  1.568010e-10
6110.000000  1.553902e-10
6130.000000  1.536212e-10
6150.000000  1.503662e-10
6170.000000  1.498797e-10
6190.000000  1.483672e-10
6210.000000  1.466247e-10
6230.000000  1.447275e-10
6250.000000  1.423437e-10
6270.000000  1.416007e-10
6290.000000  1.399865e-10
6310.000000  1.382069e-10
6330.000000  1.369509e-10
6350.000000  1.337870e-10
6370.000000  1.330387e-10
6390.000000  1.323090e-10
6410.000000  1.306788e-10
6430.000000  1.297890e-10
6450.000000  1.279050e-10
6470.000000  1.266703e-10
6490.000000  1.249831e-10
6510.000000  1.230809e-10
6530.000000  1.206680e-10
6550.000000  1.108977e-10
6570.000000  9.507430e-11
6590.000000  1.147931e-10
6610.000000  1.166780e-10
6630.000000  1.160195e-10
6650.000000  1.150584e-10
6670.000000  1.128246e-10
6690.000000  1.117867e-10
6710.000000  1.114855e-10
6730.000000  1.103679e-10
6750.000000  1.092477e-10
6770.000000  1.081814e-10
6790.000000  1.066136e-10
6810.000000  1.058003e-10
6830.000000  1.044979e-10
6850.000000  1.036828e-10
6870.000000  1.026550e-10
6890.000000  1.015887e-10
6910.000000  1.005455e-10
6930.000000  9.919968e-11
6950.000000  9.854869e-11
6970.000000  9.759519e-11
6990.000000  9.657004e-11
7010.000000  9.549846e-11
7030.000000  9.457327e-11
7050.000000  9.333496e-11
7070.000000  9.156817e-11
7090.000000  9.187154e-11
7110.000000  9.071550e-11
7130.000000  8.987477e-11
7150.000000  8.903405e-11
7170.000000  8.820349e-11
7190.000000  8.740125e-11
7210.000000  8.654504e-11
7230.000000  8.486228e-11
7250.000000  8.469687e-11
7270.000000  8.404587e-11
7290.000000  8.282393e-11
7310.000000  8.241042e-11
7330.000000  8.160817e-11
7350.000000  8.087757e-11
7370.000000  8.008814e-11
7390.000000  7.930889e-11
7410.000000  7.855264e-11
7430.000000  7.755801e-11
7450.000000  7.694549e-11
7470.000000  7.601234e-11
7490.000000  7.541264e-11
7510.000000  7.476916e-11
7530.000000  7.410799e-11
7550.000000  7.342604e-11
7570.000000  7.277239e-11
7590.000000  7.201879e-11
7610.000000  7.144209e-11
7630.000000  7.074996e-11
7650.000000  7.007066e-11
7670.000000  6.942984e-11
7690.000000  6.877353e-11
7710.000000  6.815836e-11
7730.000000  6.749453e-11
7750.000000  6.688953e-11
7770.000000  6.543319e-11
7790.000000  6.568218e-11
7810.000000  6.509796e-11
7830.000000  6.450313e-11
7850.000000  6.354167e-11
7870.000000  6.306227e-11
7890.000000  6.229319e-11
7910.000000  6.212425e-11
7930.000000  6.164750e-11
7950.000000  6.072717e-11
7970.000000  6.051710e-11
7990.000000  5.947869e-11
8010.000000  5.947117e-11
8030.000000  5.890730e-11
8050.000000  5.835360e-11
8070.000000  5.788702e-11
8090.000000  5.733597e-11
8110.000000  5.682075e-11
8130.000000  5.631569e-11
8150.000000  5.585442e-11
8170.000000  5.539802e-11
8190.000000  5.480849e-11
8210.000000  5.412919e-11
8230.000000  5.349323e-11
8250.000000  5.344989e-11
8270.000000  5.297093e-11
8290.000000  5.246809e-11
8310.000000  5.209660e-11
8330.000000  5.166584e-11
8350.000000  5.115858e-11
8370.000000  5.075347e-11
8390.000000  5.045097e-11
8410.000000  4.998174e-11
8430.000000  4.947934e-11
8450.000000  4.856432e-11
8470.000000  4.854088e-11
8490.000000  4.809774e-11
8510.000000  4.737156e-11
8530.000000  4.746222e-11
8550.000000  4.589974e-11
8570.000000  4.709825e-11
8590.000000  4.514968e-11
8610.000000  4.470035e-11
8630.000000  4.641673e-11
8650.000000  4.483745e-11
8670.000000  4.127951e-11
8690.000000  4.507582e-11
8710.000000  4.587630e-11
8730.000000  4.419972e-11
8750.000000  3.863660e-11
8770.000000  4.242009e-11
8790.000000  4.478217e-11
8810.000000  4.497455e-11
8830.000000  4.381540e-11
8850.000000  4.016415e-11
8870.000000  3.635546e-11
8890.000000  4.188717e-11
8910.000000  4.313389e-11
8930.000000  4.303925e-11
8950.000000  4.296230e-11
8970.000000  4.227769e-11
8990.000000  4.044189e-11
9010.000000  3.461033e-11
9030.000000  3.651556e-11
9050.000000  4.011374e-11
9070.000000  4.029639e-11
9090.000000  4.030391e-11
9110.000000  4.031674e-11
9130.000000  4.005006e-11
9150.000000  3.976569e-11
9170.000000  3.917086e-11
9190.000000  3.829608e-11
9210.000000  3.593488e-11
9230.000000  3.046995e-11
9250.000000  3.485755e-11
9270.000000  3.649124e-11
9290.000000  3.729924e-11
9310.000000  3.720990e-11
9330.000000  3.697905e-11
9350.000000  3.681497e-11
9370.000000  3.658677e-11
9390.000000  3.625862e-11
9410.000000  3.555853e-11
9430.000000  3.566644e-11
9450.000000  3.539224e-11
9470.000000  3.490798e-11
9490.000000  3.455373e-11
9510.000000  3.362057e-11
9530.000000  3.128193e-11
9550.000000  2.702745e-11
9570.000000  3.142787e-11
9590.000000  3.287184e-11
9610.000000  3.299523e-11
9630.000000  3.251317e-11
9650.000000  3.276702e-11
9670.000000  3.248752e-11
9690.000000  3.230310e-11
9710.000000  3.206738e-11
9730.000000  3.186217e-11
9750.000000  3.158267e-11
9770.000000  3.139560e-11
9790.000000  3.114174e-11
9810.000000  3.090071e-11
9830.000000  3.062386e-11
9850.000000  3.042396e-11
9870.000000  3.018559e-11
9890.000000  2.989326e-11
9910.000000  2.962172e-11
9930.000000  2.948816e-11
9950.000000  2.922413e-11
9970.000000  2.893445e-11
9990.000000  2.861382e-11
10025.000000  2.644456e-11
10075.000000  2.525976e-11
10125.000000  2.706018e-11
10175.000000  2.688859e-11
10225.000000  2.647597e-11
10275.000000  2.600939e-11
10325.000000  2.547117e-11
10375.000000  2.508640e-11
10425.000000  2.464548e-11
10475.000000  2.419173e-11
10525.000000  2.375080e-11
10575.000000  2.335852e-11
10625.000000  2.295607e-11
10675.000000  2.243554e-11
10725.000000  2.214586e-11
10775.000000  2.176906e-11
10825.000000  2.117954e-11
10875.000000  2.081777e-11
10925.000000  1.827658e-11
10975.000000  1.935877e-11
11025.000000  1.981563e-11
11075.000000  1.963607e-11
11125.000000  1.933357e-11
11175.000000  1.900542e-11
11225.000000  1.870026e-11
11275.000000  1.826951e-11
11325.000000  1.800548e-11
11375.000000  1.779276e-11
11425.000000  1.749025e-11
11475.000000  1.722358e-11
11525.000000  1.694672e-11
11575.000000  1.666987e-11
11625.000000  1.635455e-11
11675.000000  1.610069e-11
11725.000000  1.587249e-11
11775.000000  1.555716e-11
11825.000000  1.538026e-11
11875.000000  1.512641e-11
11925.000000  1.491368e-11
11975.000000  1.459349e-11
12025.000000  1.444711e-11
12075.000000  1.422156e-11
12125.000000  1.400353e-11
12175.000000  1.379080e-11
12225.000000  1.357595e-11
12275.000000  1.337234e-11
12325.000000  1.317032e-11
12375.000000  1.296962e-11
12425.000000  1.278016e-11
12475.000000  1.255890e-11
12525.000000  1.238691e-11
12575.000000  1.219254e-11
12625.000000  1.202232e-11
12675.000000  1.184387e-11
12725.000000  1.162774e-11
12775.000000  1.119238e-11
12825.000000  1.003217e-11
12875.000000  1.097493e-11
12925.000000  1.097347e-11
12975.000000  1.081616e-11
13025.000000  1.070122e-11
13075.000000  1.054714e-11
13125.000000  1.039792e-11
13175.000000  1.023459e-11
13225.000000  1.010386e-11
13275.000000  9.962078e-12
13325.000000  9.820822e-12
13375.000000  9.683149e-12
13425.000000  9.543175e-12
13475.000000  9.412666e-12
13525.000000  9.278840e-12
13575.000000  9.152444e-12
13625.000000  9.026048e-12
13675.000000  8.896821e-12
13725.000000  8.775821e-12
13775.000000  8.663532e-12
13825.000000  8.545849e-12
13875.000000  8.429978e-12
13925.000000  8.313577e-12
13975.000000  8.202306e-12
14025.000000  8.093865e-12
14075.000000  7.984894e-12
14125.000000  7.877470e-12
14175.000000  7.775177e-12
14225.000000  7.672884e-12
14275.000000  7.571873e-12
14325.000000  7.471879e-12
14375.000000  7.373168e-12
14425.000000  7.262915e-12
14475.000000  7.177560e-12
14525.000000  7.083713e-12
14570.000000  7.008088e-12
14620.000000  6.915790e-12
14675.000000  6.821191e-12
14725.000000  6.733758e-12
14775.000000  6.644025e-12
14825.000000  6.565834e-12
14875.000000  6.482513e-12
14925.000000  6.404058e-12
14975.000000  6.322020e-12
15025.000000  6.244846e-12
15075.000000  6.160508e-12
15125.000000  6.089482e-12
15175.000000  6.014609e-12
15225.000000  5.938983e-12
15275.000000  5.864375e-12
15325.000000  5.789767e-12
15375.000000  5.721571e-12
15425.000000  5.640285e-12
15475.000000  5.580050e-12
15525.000000  5.508007e-12
15575.000000  5.417743e-12
15625.000000  5.394702e-12
15675.000000  5.288782e-12
15725.000000  5.202365e-12
15775.000000  5.212670e-12
15825.000000  5.141644e-12
15875.000000  4.944399e-12
15925.000000  4.985749e-12
15975.000000  4.989111e-12
16050.000000  4.855771e-12
16150.000000  4.659587e-12
16250.000000  4.699169e-12
16350.000000  4.510415e-12
16450.000000  4.308084e-12
16550.000000  4.395606e-12
16650.000000  4.299725e-12
16750.000000  4.100711e-12
16850.000000  3.906075e-12
16950.000000  4.008722e-12
17050.000000  3.923633e-12
17150.000000  3.846681e-12
17250.000000  3.742574e-12
17350.000000  3.434057e-12
17450.000000  3.550017e-12
17550.000000  3.519015e-12
17650.000000  3.446972e-12
17750.000000  3.371081e-12
17850.000000  3.300320e-12
17950.000000  3.232125e-12
18050.000000  3.144426e-12
18150.000000  2.899771e-12
18250.000000  2.966728e-12
18350.000000  2.963676e-12
18450.000000  2.908041e-12
18550.000000  2.843428e-12
18650.000000  2.762937e-12
18750.000000  2.554680e-12
18850.000000  2.659583e-12
18950.000000  2.622168e-12
19050.000000  2.567815e-12
19150.000000  2.520892e-12
19250.000000  2.468839e-12
19350.000000  2.400378e-12
19450.000000  2.205211e-12
19550.000000  2.306531e-12
19650.000000  2.281677e-12
19750.000000  2.238601e-12
19850.000000  2.195791e-12
19950.000000  2.153733e-12
20050.000000  2.112205e-12
20150.000000  2.072712e-12
20250.000000  2.033484e-12
20350.000000  1.995538e-12
20450.000000  1.957593e-12
20550.000000  1.918630e-12
20650.000000  1.885550e-12
20750.000000  1.850170e-12
20850.000000  1.817089e-12
20950.000000  1.782991e-12
21050.000000  1.751193e-12
21150.000000  1.716078e-12
21250.000000  1.687862e-12
21350.000000  1.656595e-12
21450.000000  1.626079e-12
21550.000000  1.586852e-12
21650.000000  1.461694e-12
21750.000000  1.523255e-12
21850.000000  1.513260e-12
21950.000000  1.489158e-12
22050.000000  1.464038e-12
22150.000000  1.438652e-12
22250.000000  1.413532e-12
22350.000000  1.389429e-12
22450.000000  1.365327e-12
22550.000000  1.342427e-12
22650.000000  1.319633e-12
22750.000000  1.296945e-12
22850.000000  1.275407e-12
22950.000000  1.253923e-12
23050.000000  1.233128e-12
23150.000000  1.212744e-12
23250.000000  1.192746e-12
23350.000000  1.173132e-12
23450.000000  1.154031e-12
23550.000000  1.135160e-12
23650.000000  1.116674e-12
23750.000000  1.098700e-12
23850.000000  1.081085e-12
23950.000000  1.063625e-12
24050.000000  1.046267e-12
24150.000000  1.029576e-12
24250.000000  1.013602e-12
24350.000000  9.974243e-13
24450.000000  9.815783e-13
24550.000000  9.663736e-13
24650.000000  9.508107e-13
24750.000000  9.355574e-13
24850.000000  9.220952e-13
24950.000000  9.055549e-13
