2505.000000  6.968838e-10
2513.000000  6.338376e-10
2518.000000  6.432228e-10
2525.000000  6.026795e-10
2535.000000  5.915010e-10
2545.000000  5.949397e-10
2555.000000  6.314988e-10
2565.000000  6.299870e-10
2575.000000  6.688828e-10
2585.000000  6.687514e-10
2595.000000  6.582630e-10
2605.000000  6.309621e-10
2615.000000  6.254341e-10
2625.000000  6.587058e-10
2635.000000  6.618806e-10
2645.000000  7.257616e-10
2655.000000  7.166679e-10
2665.000000  6.672772e-10
2675.000000  6.900406e-10
2685.000000  6.897679e-10
2695.000000  6.606604e-10
2705.000000  6.726638e-10
2715.000000  6.432814e-10
2725.000000  6.476996e-10
2735.000000  6.908733e-10
2745.000000  5.992717e-10
2755.000000  6.074323e-10
2765.000000  6.281197e-10
2775.000000  6.660636e-10
2785.000000  6.536405e-10
2795.000000  5.199232e-10
2805.000000  5.745471e-10
2815.000000  6.789074e-10
2825.000000  6.819530e-10
2835.000000  6.589223e-10
2845.000000  6.386478e-10
2855.000000  6.208448e-10
2865.000000  6.532761e-10
2875.000000  6.378296e-10
2885.000000  6.517589e-10
2895.000000  6.314767e-10
2910.000000  6.833554e-10
2930.000000  6.592248e-10
2950.000000  6.567413e-10
2970.000000  6.625454e-10
2990.000000  6.644823e-10
3010.000000  6.723425e-10
3030.000000  6.666919e-10
3050.000000  6.606306e-10
3070.000000  6.530542e-10
3090.000000  6.595418e-10
3110.000000  6.468526e-10
3130.000000  6.427204e-10
3150.000000  6.485244e-10
3170.000000  6.443923e-10
3190.000000  6.241112e-10
3210.000000  6.336344e-10
3230.000000  6.219082e-10
3250.000000  6.267471e-10
3270.000000  6.278558e-10
3290.000000  6.310350e-10
3310.000000  6.313177e-10
3330.000000  6.197328e-10
3350.000000  6.103553e-10
3370.000000  6.107694e-10
3390.000000  6.059492e-10
3410.000000  6.132628e-10
3430.000000  6.109251e-10
3450.000000  6.070624e-10
3470.000000  6.004433e-10
3490.000000  5.979632e-10
3510.000000  6.007327e-10
3530.000000  6.005968e-10
3550.000000  5.990873e-10
3570.000000  5.901140e-10
3590.000000  5.872219e-10
3610.000000  5.848820e-10
3630.000000  5.826811e-10
3640.000000  5.799205e-10
3650.000000  5.869569e-10
3670.000000  5.828214e-10
3690.000000  5.591027e-10
3710.000000  6.010330e-10
3730.000000  6.462673e-10
3750.000000  8.668732e-10
3770.000000  9.394062e-10
3790.000000  1.188735e-09
3810.000000  1.399784e-09
3830.000000  1.087408e-09
3850.000000  1.537762e-09
3870.000000  1.735065e-09
3890.000000  9.358637e-10
3910.000000  1.710274e-09
3930.000000  1.747488e-09
3950.000000  1.702025e-09
3970.000000  8.888416e-10
3990.000000  1.622043e-09
4010.000000  1.760143e-09
4030.000000  1.747753e-09
4050.000000  1.725668e-09
4070.000000  1.653901e-09
4090.000000  1.299937e-09
4110.000000  9.748279e-10
4130.000000  1.565603e-09
4150.000000  1.615340e-09
4170.000000  1.594668e-09
4190.000000  1.579484e-09
4210.000000  1.560170e-09
4230.000000  1.528445e-09
4250.000000  1.510522e-09
4270.000000  1.482914e-09
4290.000000  1.464987e-09
4310.000000  1.389047e-09
4330.000000  1.049627e-09
4350.000000  8.839751e-10
4370.000000  1.346590e-09
4390.000000  1.359892e-09
4410.000000  1.352986e-09
4430.000000  1.345551e-09
4450.000000  1.335632e-09
4470.000000  1.317845e-09
4490.000000  1.289849e-09
4510.000000  1.282959e-09
4530.000000  1.263499e-09
4550.000000  1.236456e-09
4570.000000  1.237438e-09
4590.000000  1.215363e-09
4610.000000  1.215651e-09
4630.000000  1.187778e-09
4650.000000  1.185028e-09
4670.000000  1.169303e-09
4690.000000  1.148455e-09
4710.000000  1.116852e-09
4730.000000  1.126538e-09
4750.000000  1.113158e-09
4770.000000  1.097569e-09
4790.000000  1.081841e-09
4810.000000  1.060312e-09
4830.000000  1.017789e-09
4850.000000  7.935617e-10
4870.000000  6.343765e-10
4890.000000  9.613492e-10
4910.000000  9.953364e-10
4930.000000  9.840298e-10
4950.000000  9.830746e-10
4970.000000  9.757688e-10
4990.000000  9.628002e-10
5010.000000  9.425158e-10
5030.000000  9.396293e-10
5050.000000  9.251456e-10
5070.000000  9.201830e-10
5090.000000  9.095621e-10
5110.000000  8.989424e-10
5130.000000  8.881779e-10
5150.000000  8.767266e-10
5170.000000  8.569911e-10
5190.000000  8.492667e-10
5210.000000  8.472050e-10
5230.000000  8.320246e-10
5250.000000  8.298304e-10
5270.000000  8.124337e-10
5290.000000  8.110688e-10
5310.000000  7.972710e-10
5330.000000  7.896769e-10
5350.000000  7.854111e-10
5370.000000  7.751988e-10
5390.000000  7.672005e-10
5410.000000  7.572632e-10
5430.000000  7.499562e-10
5450.000000  7.431992e-10
5470.000000  7.350607e-10
5490.000000  7.274766e-10
5510.000000  7.196130e-10
5530.000000  7.107811e-10
5550.000000  7.047153e-10
5570.000000  6.968507e-10
5590.000000  6.895382e-10
5610.000000  6.826420e-10
5630.000000  6.756089e-10
5650.000000  6.680215e-10
5670.000000  6.609850e-10
5690.000000  6.543649e-10
5710.000000  6.476057e-10
5730.000000  6.412605e-10
5750.000000  6.342252e-10
5770.000000  6.278790e-10
5790.000000  6.211197e-10
5810.000000  6.149115e-10
5830.000000  6.085675e-10
5850.000000  6.024962e-10
5870.000000  5.957380e-10
5890.000000  5.869017e-10
5910.000000  5.841498e-10
5930.000000  5.783557e-10
5950.000000  5.720106e-10
5970.000000  5.666294e-10
5990.000000  5.604212e-10
6010.000000  5.550401e-10
6030.000000  5.497992e-10
6050.000000  5.442812e-10
6070.000000  5.390392e-10
6090.000000  5.336592e-10
6110.000000  5.282792e-10
6130.000000  5.228981e-10
6150.000000  5.153084e-10
6170.000000  5.126880e-10
6190.000000  5.080003e-10
6210.000000  5.031714e-10
6230.000000  4.980663e-10
6250.000000  4.915809e-10
6270.000000  4.886866e-10
6290.000000  4.839968e-10
6310.000000  4.788917e-10
6330.000000  4.746149e-10
6350.000000  4.677165e-10
6370.000000  4.641298e-10
6390.000000  4.610953e-10
6410.000000  4.564043e-10
6430.000000  4.524036e-10
6450.000000  4.463290e-10
6470.000000  4.428836e-10
6490.000000  4.372254e-10
6510.000000  4.310160e-10
6530.000000  4.185930e-10
6550.000000  3.638101e-10
6570.000000  2.908254e-10
6590.000000  3.955468e-10
6610.000000  4.093557e-10
6630.000000  4.094971e-10
6650.000000  4.070158e-10
6670.000000  4.038421e-10
6690.000000  4.008087e-10
6710.000000  3.973600e-10
6730.000000  3.934973e-10
6750.000000  3.900487e-10
6770.000000  3.867381e-10
6790.000000  3.832883e-10
6810.000000  3.798397e-10
6830.000000  3.762530e-10
6850.000000  3.729424e-10
6870.000000  3.696318e-10
6890.000000  3.664570e-10
6910.000000  3.631464e-10
6930.000000  3.598358e-10
6950.000000  3.566632e-10
6970.000000  3.534906e-10
6990.000000  3.504550e-10
7010.000000  3.470053e-10
7030.000000  3.442468e-10
7050.000000  3.413492e-10
7070.000000  3.383146e-10
7090.000000  3.355551e-10
7110.000000  3.312749e-10
7130.000000  3.294838e-10
7150.000000  3.267242e-10
7170.000000  3.239657e-10
7190.000000  3.212062e-10
7210.000000  3.184477e-10
7230.000000  3.156881e-10
7250.000000  3.127916e-10
7270.000000  3.103081e-10
7290.000000  3.076854e-10
7310.000000  3.049281e-10
7330.000000  3.024446e-10
7350.000000  2.999611e-10
7370.000000  2.974776e-10
7390.000000  2.949941e-10
7410.000000  2.923725e-10
7430.000000  2.896140e-10
7450.000000  2.874055e-10
7470.000000  2.846459e-10
7490.000000  2.825765e-10
7510.000000  2.803702e-10
7530.000000  2.781627e-10
7550.000000  2.759553e-10
7570.000000  2.737479e-10
7590.000000  2.714035e-10
7610.000000  2.691961e-10
7630.000000  2.669875e-10
7650.000000  2.647801e-10
7670.000000  2.625726e-10
7690.000000  2.605032e-10
7710.000000  2.582958e-10
7730.000000  2.563644e-10
7750.000000  2.542950e-10
7770.000000  2.483607e-10
7790.000000  2.502931e-10
7810.000000  2.482248e-10
7830.000000  2.461543e-10
7850.000000  2.440849e-10
7870.000000  2.417394e-10
7890.000000  2.395320e-10
7910.000000  2.382908e-10
7930.000000  2.364964e-10
7950.000000  2.342889e-10
7970.000000  2.329108e-10
7990.000000  2.298751e-10
8010.000000  2.291850e-10
8030.000000  2.273916e-10
8050.000000  2.257352e-10
8070.000000  2.239419e-10
8090.000000  2.221486e-10
8110.000000  2.204933e-10
8130.000000  2.188368e-10
8150.000000  2.170446e-10
8170.000000  2.153882e-10
8190.000000  2.131797e-10
8210.000000  2.123504e-10
8230.000000  2.106951e-10
8250.000000  2.093147e-10
8270.000000  2.084887e-10
8290.000000  2.069714e-10
8310.000000  2.055911e-10
8330.000000  2.033826e-10
8350.000000  2.024174e-10
8370.000000  2.006241e-10
8390.000000  1.985547e-10
8410.000000  1.963484e-10
8430.000000  1.951060e-10
8450.000000  1.922073e-10
8470.000000  1.873806e-10
8490.000000  1.933105e-10
8510.000000  1.806180e-10
8530.000000  1.935866e-10
8550.000000  1.702677e-10
8570.000000  1.957929e-10
8590.000000  1.792366e-10
8610.000000  1.738554e-10
8630.000000  1.984133e-10
8650.000000  1.890314e-10
8670.000000  1.532961e-10
8690.000000  1.939951e-10
8710.000000  2.021358e-10
8730.000000  1.927539e-10
8750.000000  1.477781e-10
8770.000000  1.819928e-10
8790.000000  2.002078e-10
8810.000000  2.015870e-10
8830.000000  1.959287e-10
8850.000000  1.719208e-10
8870.000000  1.429485e-10
8890.000000  1.850285e-10
8910.000000  1.937246e-10
8930.000000  1.944159e-10
8950.000000  1.941409e-10
8970.000000  1.906901e-10
8990.000000  1.806147e-10
9010.000000  1.406029e-10
9030.000000  1.550906e-10
9050.000000  1.803397e-10
9070.000000  1.826863e-10
9090.000000  1.817201e-10
9110.000000  1.831037e-10
9130.000000  1.826896e-10
9150.000000  1.811734e-10
9170.000000  1.788258e-10
9190.000000  1.742706e-10
9210.000000  1.603325e-10
9230.000000  1.227220e-10
9250.000000  1.537102e-10
9270.000000  1.658539e-10
9290.000000  1.709622e-10
9310.000000  1.709634e-10
9330.000000  1.701351e-10
9350.000000  1.690320e-10
9370.000000  1.679288e-10
9390.000000  1.662724e-10
9410.000000  1.636498e-10
9430.000000  1.640639e-10
9450.000000  1.628227e-10
9470.000000  1.611674e-10
9490.000000  1.589588e-10
9510.000000  1.544037e-10
9530.000000  1.399139e-10
9550.000000  1.110222e-10
9570.000000  1.411562e-10
9590.000000  1.509539e-10
9610.000000  1.521963e-10
9630.000000  1.510942e-10
9650.000000  1.516463e-10
9670.000000  1.498530e-10
9690.000000  1.497161e-10
9710.000000  1.490259e-10
9730.000000  1.479227e-10
9750.000000  1.468185e-10
9770.000000  1.458533e-10
9790.000000  1.448871e-10
9810.000000  1.437835e-10
9830.000000  1.426798e-10
9850.000000  1.417127e-10
9870.000000  1.407471e-10
9890.000000  1.392295e-10
9910.000000  1.386776e-10
9930.000000  1.374356e-10
9950.000000  1.364422e-10
9970.000000  1.352140e-10
9990.000000  1.334748e-10
10025.000000  1.205164e-10
10075.000000  1.142105e-10
10125.000000  1.273900e-10
10175.000000  1.265355e-10
10225.000000  1.247284e-10
10275.000000  1.226452e-10
10325.000000  1.205753e-10
10375.000000  1.185885e-10
10425.000000  1.166430e-10
10475.000000  1.144621e-10
10525.000000  1.126966e-10
10575.000000  1.109305e-10
10625.000000  1.091642e-10
10675.000000  1.064452e-10
10725.000000  1.052453e-10
10775.000000  1.038517e-10
10825.000000  1.018785e-10
10875.000000  9.913180e-11
10925.000000  8.340012e-11
10975.000000  9.108641e-11
11025.000000  9.529677e-11
11075.000000  9.438652e-11
11125.000000  9.307575e-11
11175.000000  9.165467e-11
11225.000000  9.024738e-11
11275.000000  8.828741e-11
11325.000000  8.696262e-11
11375.000000  8.609377e-11
11425.000000  8.472768e-11
11475.000000  8.356886e-11
11525.000000  8.231341e-11
11575.000000  8.107144e-11
11625.000000  7.964969e-11
11675.000000  7.822805e-11
11725.000000  7.749768e-11
11775.000000  7.575823e-11
11825.000000  7.497210e-11
11875.000000  7.382653e-11
11925.000000  7.304073e-11
11975.000000  7.177082e-11
12025.000000  7.088806e-11
12075.000000  6.981162e-11
12125.000000  6.883191e-11
12175.000000  6.789372e-11
12225.000000  6.690032e-11
12275.000000  6.590669e-11
12325.000000  6.499589e-11
12375.000000  6.408531e-11
12425.000000  6.321602e-11
12475.000000  6.225012e-11
12525.000000  6.142225e-11
12575.000000  6.045590e-11
12625.000000  5.964205e-11
12675.000000  5.881396e-11
12725.000000  5.773762e-11
12775.000000  5.536344e-11
12825.000000  4.753857e-11
12875.000000  5.434254e-11
12925.000000  5.470187e-11
12975.000000  5.417756e-11
13025.000000  5.350164e-11
13075.000000  5.278408e-11
13125.000000  5.206652e-11
13175.000000  5.130756e-11
13225.000000  5.068663e-11
13275.000000  5.001048e-11
13325.000000  4.934814e-11
13375.000000  4.869960e-11
13425.000000  4.805106e-11
13475.000000  4.741632e-11
13525.000000  4.676768e-11
13575.000000  4.617424e-11
13625.000000  4.558103e-11
13675.000000  4.497390e-11
13725.000000  4.432503e-11
13775.000000  4.382844e-11
13825.000000  4.327641e-11
13875.000000  4.273830e-11
13925.000000  4.215878e-11
13975.000000  4.164816e-11
14025.000000  4.112385e-11
14075.000000  4.059943e-11
14125.000000  4.008882e-11
14175.000000  3.959201e-11
14225.000000  3.908161e-11
14275.000000  3.859849e-11
14325.000000  3.811560e-11
14375.000000  3.764650e-11
14425.000000  3.698361e-11
14475.000000  3.672189e-11
14525.000000  3.618345e-11
14570.000000  3.586630e-11
14620.000000  3.545209e-11
14675.000000  3.502441e-11
14725.000000  3.459661e-11
14775.000000  3.414121e-11
14825.000000  3.378243e-11
14875.000000  3.334072e-11
14925.000000  3.302347e-11
14975.000000  3.260948e-11
15025.000000  3.218168e-11
15075.000000  3.180910e-11
15125.000000  3.145032e-11
15175.000000  3.105024e-11
15225.000000  3.071907e-11
15275.000000  3.023606e-11
15325.000000  2.984968e-11
15375.000000  2.964263e-11
15425.000000  2.892507e-11
15475.000000  2.895268e-11
15525.000000  2.863520e-11
15575.000000  2.755887e-11
15625.000000  2.838674e-11
15675.000000  2.732421e-11
15725.000000  2.641341e-11
15775.000000  2.757256e-11
15825.000000  2.721378e-11
15875.000000  2.460549e-11
15925.000000  2.617875e-11
15975.000000  2.664807e-11
16050.000000  2.573726e-11
16150.000000  2.409488e-11
16250.000000  2.535088e-11
16350.000000  2.405347e-11
16450.000000  2.248021e-11
16550.000000  2.379165e-11
16650.000000  2.330864e-11
16750.000000  2.198351e-11
16850.000000  2.053449e-11
16950.000000  2.179070e-11
17050.000000  2.140432e-11
17150.000000  2.094892e-11
17250.000000  2.034157e-11
17350.000000  1.806412e-11
17450.000000  1.926512e-11
17550.000000  1.919622e-11
17650.000000  1.882364e-11
17750.000000  1.845106e-11
17850.000000  1.806467e-11
17950.000000  1.769209e-11
18050.000000  1.720897e-11
18150.000000  1.545616e-11
18250.000000  1.617383e-11
18350.000000  1.625687e-11
18450.000000  1.598080e-11
18550.000000  1.563572e-11
18650.000000  1.520792e-11
18750.000000  1.361651e-11
18850.000000  1.455938e-11
18950.000000  1.443515e-11
19050.000000  1.418680e-11
19150.000000  1.391083e-11
19250.000000  1.362651e-11
19350.000000  1.323039e-11
19450.000000  1.186261e-11
19550.000000  1.272945e-11
19650.000000  1.262050e-11
19750.000000  1.239418e-11
19850.000000  1.216648e-11
19950.000000  1.194016e-11
20050.000000  1.171936e-11
20150.000000  1.150407e-11
20250.000000  1.129154e-11
20350.000000  1.108454e-11
20450.000000  1.088444e-11
20550.000000  1.068710e-11
20650.000000  1.049250e-11
20750.000000  1.030620e-11
20850.000000  1.012265e-11
20950.000000  9.941869e-12
21050.000000  9.765230e-12
21150.000000  9.587188e-12
21250.000000  9.418820e-12
21350.000000  9.255984e-12
21450.000000  9.088985e-12
21550.000000  8.857121e-12
21650.000000  8.001387e-12
21750.000000  8.498288e-12
21850.000000  8.473486e-12
21950.000000  8.346550e-12
22050.000000  8.203027e-12
22150.000000  8.062244e-12
22250.000000  7.931156e-12
22350.000000  7.798676e-12
22450.000000  7.668946e-12
22550.000000  7.539228e-12
22650.000000  7.416411e-12
22750.000000  7.294963e-12
22850.000000  7.179036e-12
22950.000000  7.061730e-12
23050.000000  6.949944e-12
23150.000000  6.838170e-12
23250.000000  6.729145e-12
23350.000000  6.622881e-12
23450.000000  6.517997e-12
23550.000000  6.414494e-12
23650.000000  6.313751e-12
23750.000000  6.214389e-12
23850.000000  6.116407e-12
23950.000000  6.021174e-12
24050.000000  5.924584e-12
24150.000000  5.830732e-12
24250.000000  5.743792e-12
24350.000000  5.649951e-12
24450.000000  5.557491e-12
24550.000000  5.482963e-12
24650.000000  5.384992e-12
24750.000000  5.304944e-12
24850.000000  5.248361e-12
24950.000000  5.096556e-12
