2505.000000  6.267439e-11
2513.000000  5.702838e-11
2518.000000  5.784120e-11
2525.000000  5.421111e-11
2535.000000  5.320829e-11
2545.000000  5.348429e-11
2555.000000  5.678834e-11
2565.000000  5.666371e-11
2575.000000  6.015666e-11
2585.000000  6.016958e-11
2595.000000  5.925372e-11
2605.000000  5.680369e-11
2615.000000  5.629749e-11
2625.000000  5.927156e-11
2635.000000  5.954669e-11
2645.000000  6.525509e-11
2655.000000  6.444714e-11
2665.000000  6.002421e-11
2675.000000  6.205945e-11
2685.000000  6.206025e-11
2695.000000  5.942532e-11
2705.000000  6.048791e-11
2715.000000  5.785072e-11
2725.000000  5.823642e-11
2735.000000  6.208986e-11
2745.000000  5.391548e-11
2755.000000  5.464696e-11
2765.000000  5.650738e-11
2775.000000  5.988176e-11
2785.000000  5.875542e-11
2795.000000  4.675463e-11
2805.000000  5.166297e-11
2815.000000  6.104147e-11
2825.000000  6.129897e-11
2835.000000  5.924188e-11
2845.000000  5.741661e-11
2855.000000  5.581203e-11
2865.000000  5.872414e-11
2875.000000  5.734564e-11
2885.000000  5.859031e-11
2895.000000  5.678949e-11
2910.000000  6.141446e-11
2930.000000  5.924284e-11
2950.000000  5.901656e-11
2970.000000  5.952497e-11
2990.000000  5.968896e-11
3010.000000  6.037931e-11
3030.000000  5.987451e-11
3050.000000  5.933743e-11
3070.000000  5.866494e-11
3090.000000  5.922549e-11
3110.000000  5.809800e-11
3130.000000  5.773006e-11
3150.000000  5.824165e-11
3170.000000  5.786739e-11
3190.000000  5.604570e-11
3210.000000  5.688978e-11
3230.000000  5.583421e-11
3250.000000  5.627075e-11
3270.000000  5.637698e-11
3290.000000  5.665166e-11
3310.000000  5.667284e-11
3330.000000  5.563584e-11
3350.000000  5.479241e-11
3370.000000  5.482449e-11
3390.000000  5.438867e-11
3410.000000  5.503264e-11
3430.000000  5.481999e-11
3450.000000  5.446906e-11
3470.000000  5.387823e-11
3490.000000  5.365651e-11
3510.000000  5.390064e-11
3530.000000  5.387855e-11
3550.000000  5.374286e-11
3570.000000  5.293360e-11
3590.000000  5.267188e-11
3610.000000  5.245927e-11
3630.000000  5.226521e-11
3640.000000  5.201753e-11
3650.000000  5.263564e-11
3670.000000  5.228542e-11
3690.000000  5.017633e-11
3710.000000  5.360040e-11
3730.000000  5.729162e-11
3750.000000  7.629549e-11
3770.000000  8.254161e-11
3790.000000  1.042959e-10
3810.000000  1.229689e-10
3830.000000  9.560649e-11
3850.000000  1.353812e-10
3870.000000  1.531321e-10
3890.000000  8.230360e-11
3910.000000  1.511380e-10
3930.000000  1.550349e-10
3950.000000  1.504778e-10
3970.000000  7.823370e-11
3990.000000  1.433085e-10
4010.000000  1.565312e-10
4030.000000  1.556133e-10
4050.000000  1.535972e-10
4070.000000  1.469140e-10
4090.000000  1.146025e-10
4110.000000  8.591355e-11
4130.000000  1.388948e-10
4150.000000  1.437679e-10
4170.000000  1.420809e-10
4190.000000  1.407272e-10
4210.000000  1.390203e-10
4230.000000  1.361903e-10
4250.000000  1.346060e-10
4270.000000  1.320978e-10
4290.000000  1.304338e-10
4310.000000  1.233689e-10
4330.000000  9.261512e-11
4350.000000  7.801175e-11
4370.000000  1.195025e-10
4390.000000  1.210849e-10
4410.000000  1.205511e-10
4430.000000  1.198951e-10
4450.000000  1.190468e-10
4470.000000  1.174768e-10
4490.000000  1.149909e-10
4510.000000  1.143979e-10
4530.000000  1.126616e-10
4550.000000  1.102641e-10
4570.000000  1.103433e-10
4590.000000  1.083808e-10
4610.000000  1.083890e-10
4630.000000  1.059211e-10
4650.000000  1.056619e-10
4670.000000  1.042653e-10
4690.000000  1.023775e-10
4710.000000  9.953788e-11
4730.000000  1.004282e-10
4750.000000  9.923453e-11
4770.000000  9.783605e-11
4790.000000  9.640937e-11
4810.000000  9.442484e-11
4830.000000  9.042110e-11
4850.000000  7.016154e-11
4870.000000  5.612129e-11
4890.000000  8.529806e-11
4910.000000  8.861288e-11
4930.000000  8.769125e-11
4950.000000  8.763327e-11
4970.000000  8.699518e-11
4990.000000  8.584002e-11
5010.000000  8.405050e-11
5030.000000  8.379960e-11
5050.000000  8.251062e-11
5070.000000  8.206910e-11
5090.000000  8.112314e-11
5110.000000  8.017868e-11
5130.000000  7.921740e-11
5150.000000  7.819604e-11
5170.000000  7.643033e-11
5190.000000  7.574599e-11
5210.000000  7.556578e-11
5230.000000  7.421716e-11
5250.000000  7.402141e-11
5270.000000  7.246663e-11
5290.000000  7.234950e-11
5310.000000  7.112701e-11
5330.000000  7.043441e-11
5350.000000  7.005890e-11
5370.000000  6.914684e-11
5390.000000  6.843621e-11
5410.000000  6.754554e-11
5430.000000  6.690119e-11
5450.000000  6.629655e-11
5470.000000  6.557203e-11
5490.000000  6.489840e-11
5510.000000  6.419853e-11
5530.000000  6.340949e-11
5550.000000  6.286950e-11
5570.000000  6.216650e-11
5590.000000  6.151270e-11
5610.000000  6.089899e-11
5630.000000  6.027453e-11
5650.000000  5.960093e-11
5670.000000  5.897015e-11
5690.000000  5.838105e-11
5710.000000  5.777968e-11
5730.000000  5.721355e-11
5750.000000  5.658599e-11
5770.000000  5.601990e-11
5790.000000  5.541853e-11
5810.000000  5.486475e-11
5830.000000  5.430029e-11
5850.000000  5.375722e-11
5870.000000  5.315740e-11
5890.000000  5.236218e-11
5910.000000  5.212373e-11
5930.000000  5.160689e-11
5950.000000  5.104243e-11
5970.000000  5.056092e-11
5990.000000  5.000876e-11
6010.000000  4.952569e-11
6030.000000  4.905966e-11
6050.000000  4.856739e-11
6070.000000  4.810135e-11
6090.000000  4.762146e-11
6110.000000  4.714158e-11
6130.000000  4.666165e-11
6150.000000  4.598652e-11
6170.000000  4.574941e-11
6190.000000  4.533422e-11
6210.000000  4.490346e-11
6230.000000  4.444822e-11
6250.000000  4.387152e-11
6270.000000  4.361302e-11
6290.000000  4.319460e-11
6310.000000  4.273933e-11
6330.000000  4.235786e-11
6350.000000  4.174253e-11
6370.000000  4.142261e-11
6390.000000  4.115191e-11
6410.000000  4.073195e-11
6430.000000  4.036868e-11
6450.000000  3.982418e-11
6470.000000  3.951644e-11
6490.000000  3.900403e-11
6510.000000  3.843444e-11
6530.000000  3.727796e-11
6550.000000  3.232020e-11
6570.000000  2.585537e-11
6590.000000  3.518503e-11
6610.000000  3.648986e-11
6630.000000  3.652902e-11
6650.000000  3.631704e-11
6670.000000  3.603723e-11
6690.000000  3.576645e-11
6710.000000  3.546513e-11
6730.000000  3.512379e-11
6750.000000  3.481455e-11
6770.000000  3.452079e-11
6790.000000  3.421155e-11
6810.000000  3.390390e-11
6830.000000  3.358558e-11
6850.000000  3.329028e-11
6870.000000  3.299494e-11
6890.000000  3.271030e-11
6910.000000  3.241658e-11
6930.000000  3.212124e-11
6950.000000  3.183824e-11
6970.000000  3.155523e-11
6990.000000  3.128449e-11
7010.000000  3.097689e-11
7030.000000  3.073075e-11
7050.000000  3.047072e-11
7070.000000  3.020162e-11
7090.000000  2.995388e-11
7110.000000  2.956937e-11
7130.000000  2.941249e-11
7150.000000  2.916635e-11
7170.000000  2.892026e-11
7190.000000  2.867412e-11
7210.000000  2.842803e-11
7230.000000  2.818193e-11
7250.000000  2.792517e-11
7270.000000  2.770364e-11
7290.000000  2.746821e-11
7310.000000  2.722375e-11
7330.000000  2.700067e-11
7350.000000  2.678073e-11
7370.000000  2.655765e-11
7390.000000  2.633612e-11
7410.000000  2.610237e-11
7430.000000  2.585628e-11
7450.000000  2.565939e-11
7470.000000  2.541167e-11
7490.000000  2.522713e-11
7510.000000  2.503179e-11
7530.000000  2.483491e-11
7550.000000  2.463803e-11
7570.000000  2.443955e-11
7590.000000  2.423196e-11
7610.000000  2.403508e-11
7630.000000  2.383819e-11
7650.000000  2.363972e-11
7670.000000  2.344283e-11
7690.000000  2.325825e-11
7710.000000  2.306137e-11
7730.000000  2.288909e-11
7750.000000  2.270451e-11
7770.000000  2.217542e-11
7790.000000  2.234765e-11
7810.000000  2.216311e-11
7830.000000  2.197853e-11
7850.000000  2.179236e-11
7870.000000  2.158317e-11
7890.000000  2.138629e-11
7910.000000  2.127557e-11
7930.000000  2.111559e-11
7950.000000  2.091871e-11
7970.000000  2.079564e-11
7990.000000  2.052653e-11
8010.000000  2.046343e-11
8030.000000  2.030345e-11
8050.000000  2.015573e-11
8070.000000  1.999421e-11
8090.000000  1.983583e-11
8110.000000  1.968815e-11
8130.000000  1.953889e-11
8150.000000  1.938055e-11
8170.000000  1.923292e-11
8190.000000  1.903444e-11
8210.000000  1.895904e-11
8230.000000  1.881140e-11
8250.000000  1.868679e-11
8270.000000  1.861452e-11
8290.000000  1.847915e-11
8310.000000  1.835613e-11
8330.000000  1.815769e-11
8350.000000  1.807468e-11
8370.000000  1.791788e-11
8390.000000  1.773495e-11
8410.000000  1.754284e-11
8430.000000  1.742725e-11
8450.000000  1.716730e-11
8470.000000  1.675890e-11
8490.000000  1.724659e-11
8510.000000  1.615763e-11
8530.000000  1.725534e-11
8550.000000  1.523801e-11
8570.000000  1.743634e-11
8590.000000  1.598678e-11
8610.000000  1.551805e-11
8630.000000  1.764942e-11
8650.000000  1.681431e-11
8670.000000  1.368155e-11
8690.000000  1.724463e-11
8710.000000  1.796420e-11
8730.000000  1.712594e-11
8750.000000  1.316383e-11
8770.000000  1.617090e-11
8790.000000  1.779504e-11
8810.000000  1.792595e-11
8830.000000  1.741362e-11
8850.000000  1.526946e-11
8870.000000  1.272045e-11
8890.000000  1.643520e-11
8910.000000  1.723414e-11
8930.000000  1.731149e-11
8950.000000  1.728684e-11
8970.000000  1.696813e-11
8990.000000  1.604459e-11
9010.000000  1.250254e-11
9030.000000  1.377619e-11
9050.000000  1.602946e-11
9070.000000  1.626406e-11
9090.000000  1.618746e-11
9110.000000  1.631677e-11
9130.000000  1.628136e-11
9150.000000  1.614448e-11
9170.000000  1.592734e-11
9190.000000  1.550387e-11
9210.000000  1.424059e-11
9230.000000  1.091718e-11
9250.000000  1.365153e-11
9270.000000  1.475493e-11
9290.000000  1.522760e-11
9310.000000  1.523548e-11
9330.000000  1.516480e-11
9350.000000  1.507116e-11
9370.000000  1.497278e-11
9390.000000  1.482515e-11
9410.000000  1.458978e-11
9430.000000  1.462660e-11
9450.000000  1.451428e-11
9470.000000  1.436346e-11
9490.000000  1.415866e-11
9510.000000  1.373520e-11
9530.000000  1.242799e-11
9550.000000  9.875467e-12
9570.000000  1.254083e-11
9590.000000  1.343232e-11
9610.000000  1.355731e-11
9630.000000  1.346681e-11
9650.000000  1.351916e-11
9670.000000  1.336249e-11
9690.000000  1.335010e-11
9710.000000  1.328855e-11
9730.000000  1.319331e-11
9750.000000  1.309485e-11
9770.000000  1.301032e-11
9790.000000  1.292258e-11
9810.000000  1.282575e-11
9830.000000  1.272732e-11
9850.000000  1.263957e-11
9870.000000  1.255187e-11
9890.000000  1.241495e-11
9910.000000  1.236573e-11
9930.000000  1.225581e-11
9950.000000  1.216544e-11
9970.000000  1.205324e-11
9990.000000  1.189216e-11
10025.000000  1.071826e-11
10075.000000  1.015819e-11
10125.000000  1.135352e-11
10175.000000  1.128436e-11
10225.000000  1.112522e-11
10275.000000  1.094101e-11
10325.000000  1.075644e-11
10375.000000  1.057941e-11
10425.000000  1.040592e-11
10475.000000  1.021058e-11
10525.000000  1.005402e-11
10575.000000  9.896524e-12
10625.000000  9.739022e-12
10675.000000  9.495550e-12
10725.000000  9.389121e-12
10775.000000  9.262769e-12
10825.000000  9.085867e-12
10875.000000  8.833405e-12
10925.000000  7.419807e-12
10975.000000  8.105281e-12
11025.000000  8.496403e-12
11075.000000  8.419321e-12
11125.000000  8.303689e-12
11175.000000  8.178067e-12
11225.000000  8.052719e-12
11275.000000  7.877538e-12
11325.000000  7.759263e-12
11375.000000  7.682045e-12
11425.000000  7.560242e-12
11475.000000  7.457189e-12
11525.000000  7.345378e-12
11575.000000  7.234480e-12
11625.000000  7.107283e-12
11675.000000  6.980086e-12
11725.000000  6.915957e-12
11775.000000  6.759842e-12
11825.000000  6.690170e-12
11875.000000  6.587732e-12
11925.000000  6.518373e-12
11975.000000  6.404872e-12
12025.000000  6.326270e-12
12075.000000  6.230142e-12
12125.000000  6.142778e-12
12175.000000  6.059104e-12
12225.000000  5.970518e-12
12275.000000  5.881931e-12
12325.000000  5.800559e-12
12375.000000  5.719509e-12
12425.000000  5.641990e-12
12475.000000  5.555864e-12
12525.000000  5.481882e-12
12575.000000  5.395437e-12
12625.000000  5.322208e-12
12675.000000  5.247742e-12
12725.000000  5.150186e-12
12775.000000  4.931733e-12
12825.000000  4.231262e-12
12875.000000  4.842430e-12
12925.000000  4.879967e-12
12975.000000  4.834160e-12
13025.000000  4.774981e-12
13075.000000  4.711318e-12
13125.000000  4.647340e-12
13175.000000  4.579664e-12
13225.000000  4.524295e-12
13275.000000  4.464008e-12
13325.000000  4.404789e-12
13375.000000  4.346959e-12
13425.000000  4.289128e-12
13475.000000  4.232529e-12
13525.000000  4.174544e-12
13575.000000  4.121476e-12
13625.000000  4.068725e-12
13675.000000  4.014590e-12
13725.000000  3.956291e-12
13775.000000  3.912308e-12
13825.000000  3.862930e-12
13875.000000  3.814942e-12
13925.000000  3.763272e-12
13975.000000  3.717740e-12
14025.000000  3.670827e-12
14075.000000  3.624233e-12
14125.000000  3.578546e-12
14175.000000  3.534094e-12
14225.000000  3.488729e-12
14275.000000  3.445507e-12
14325.000000  3.402603e-12
14375.000000  3.360607e-12
14425.000000  3.301087e-12
14475.000000  3.278013e-12
14525.000000  3.229875e-12
14570.000000  3.201730e-12
14620.000000  3.164504e-12
14675.000000  3.126357e-12
14725.000000  3.088379e-12
14775.000000  3.047618e-12
14825.000000  3.015464e-12
14875.000000  2.976095e-12
14925.000000  2.947787e-12
14975.000000  2.911039e-12
15025.000000  2.872901e-12
15075.000000  2.839840e-12
15125.000000  2.807845e-12
15175.000000  2.772323e-12
15225.000000  2.742474e-12
15275.000000  2.700049e-12
15325.000000  2.665598e-12
15375.000000  2.646184e-12
15425.000000  2.583959e-12
15475.000000  2.584507e-12
15525.000000  2.555567e-12
15575.000000  2.463105e-12
15625.000000  2.532147e-12
15675.000000  2.439163e-12
15725.000000  2.360189e-12
15775.000000  2.459081e-12
15825.000000  2.426771e-12
15875.000000  2.199174e-12
15925.000000  2.334650e-12
15975.000000  2.376323e-12
16050.000000  2.294644e-12
16150.000000  2.149349e-12
16250.000000  2.260663e-12
16350.000000  2.143741e-12
16450.000000  2.003959e-12
16550.000000  2.122266e-12
16650.000000  2.079358e-12
16750.000000  1.958865e-12
16850.000000  1.830004e-12
16950.000000  1.944018e-12
17050.000000  1.909726e-12
17150.000000  1.869124e-12
17250.000000  1.814197e-12
17350.000000  1.608969e-12
17450.000000  1.717437e-12
17550.000000  1.712707e-12
17650.000000  1.679805e-12
17750.000000  1.646584e-12
17850.000000  1.612133e-12
17950.000000  1.578598e-12
18050.000000  1.535058e-12
18150.000000  1.376901e-12
18250.000000  1.441352e-12
18350.000000  1.450480e-12
18450.000000  1.425712e-12
18550.000000  1.394952e-12
18650.000000  1.356337e-12
18750.000000  1.212767e-12
18850.000000  1.298352e-12
18950.000000  1.287754e-12
19050.000000  1.266082e-12
19150.000000  1.241314e-12
19250.000000  1.215730e-12
19350.000000  1.179722e-12
19450.000000  1.056528e-12
19550.000000  1.135044e-12
19650.000000  1.126007e-12
19750.000000  1.106083e-12
19850.000000  1.085782e-12
19950.000000  1.065588e-12
20050.000000  1.045886e-12
20150.000000  1.026660e-12
20250.000000  1.007697e-12
20350.000000  9.892258e-13
20450.000000  9.713692e-13
20550.000000  9.537591e-13
20650.000000  9.363796e-13
20750.000000  9.197373e-13
20850.000000  9.033575e-13
20950.000000  8.872400e-13
21050.000000  8.714598e-13
21150.000000  8.555725e-13
21250.000000  8.405300e-13
21350.000000  8.259799e-13
21450.000000  8.109016e-13
21550.000000  7.898667e-13
21650.000000  7.127612e-13
21750.000000  7.576388e-13
21850.000000  7.559639e-13
21950.000000  7.448189e-13
22050.000000  7.320394e-13
22150.000000  7.194582e-13
22250.000000  7.077851e-13
22350.000000  6.959575e-13
22450.000000  6.843765e-13
22550.000000  6.727954e-13
22650.000000  6.618450e-13
22750.000000  6.509858e-13
22850.000000  6.406353e-13
22950.000000  6.301774e-13
23050.000000  6.201953e-13
23150.000000  6.102294e-13
23250.000000  6.004937e-13
23350.000000  5.910037e-13
23450.000000  5.816530e-13
23550.000000  5.724095e-13
23650.000000  5.634278e-13
23750.000000  5.545533e-13
23850.000000  5.458177e-13
23950.000000  5.373123e-13
24050.000000  5.287161e-13
24150.000000  5.203492e-13
24250.000000  5.125664e-13
24350.000000  5.042317e-13
24450.000000  4.960042e-13
24550.000000  4.892804e-13
24650.000000  4.806090e-13
24750.000000  4.734568e-13
24850.000000  4.682693e-13
24950.000000  4.550701e-13
