2505.000000  9.813530e-13
2513.000000  6.192313e-13
2518.000000  4.201311e-13
2525.000000  4.319987e-13
2535.000000  8.667648e-13
2545.000000  1.119530e-12
2555.000000  3.420418e-12
2565.000000  2.219366e-12
2575.000000  3.444014e-12
2585.000000  2.912394e-12
2595.000000  2.573993e-12
2605.000000  2.311378e-12
2615.000000  2.110359e-12
2625.000000  3.014956e-12
2635.000000  7.612204e-12
2645.000000  1.031355e-11
2655.000000  1.861763e-11
2665.000000  9.627281e-12
2675.000000  1.000466e-11
2685.000000  1.376784e-11
2695.000000  8.309812e-12
2705.000000  1.232852e-11
2715.000000  7.550299e-12
2725.000000  3.974249e-12
2735.000000  6.150179e-12
2745.000000  3.730001e-12
2755.000000  5.484042e-12
2765.000000  7.973925e-12
2775.000000  8.265166e-12
2785.000000  4.477113e-12
2795.000000  1.652094e-12
2805.000000  2.150647e-12
2815.000000  6.763858e-12
2825.000000  1.023755e-11
2835.000000  8.001479e-12
2845.000000  3.832012e-12
2855.000000  1.484143e-12
2865.000000  6.063968e-12
2875.000000  1.288436e-11
2885.000000  1.428228e-11
2895.000000  2.098772e-11
2910.000000  3.078572e-11
2930.000000  2.846301e-11
2950.000000  2.547839e-11
2970.000000  2.609899e-11
2990.000000  2.647880e-11
3010.000000  2.334726e-11
3030.000000  2.990808e-11
3050.000000  3.118668e-11
3070.000000  3.771143e-11
3090.000000  3.611244e-11
3110.000000  4.671192e-11
3130.000000  3.954883e-11
3150.000000  4.236945e-11
3170.000000  4.894890e-11
3190.000000  4.122161e-11
3210.000000  4.465327e-11
3230.000000  3.544990e-11
3250.000000  5.679225e-11
3270.000000  7.040214e-11
3290.000000  6.926362e-11
3310.000000  6.020227e-11
3330.000000  6.287648e-11
3350.000000  5.812349e-11
3370.000000  3.990046e-11
3390.000000  4.698635e-11
3410.000000  5.064369e-11
3430.000000  5.568420e-11
3450.000000  5.869336e-11
3470.000000  6.159819e-11
3490.000000  7.193183e-11
3510.000000  7.683694e-11
3530.000000  6.609562e-11
3550.000000  7.615734e-11
3570.000000  4.465936e-11
3590.000000  5.143787e-11
3610.000000  7.149859e-11
3630.000000  7.620427e-11
3640.000000  7.845708e-11
3650.000000  9.118664e-11
3670.000000  9.683037e-11
3690.000000  8.934453e-11
3710.000000  9.596881e-11
3730.000000  5.634295e-11
3750.000000  6.594277e-11
3770.000000  8.584487e-11
3790.000000  8.368504e-11
3810.000000  7.420329e-11
3830.000000  3.900799e-11
3850.000000  4.546270e-11
3870.000000  4.877286e-11
3890.000000  8.198247e-11
3910.000000  1.033025e-10
3930.000000  4.575809e-11
3950.000000  8.806520e-11
3970.000000  5.842843e-11
3990.000000  1.374324e-10
4010.000000  1.513988e-10
4030.000000  1.459204e-10
4050.000000  1.383372e-10
4070.000000  1.313757e-10
4090.000000  1.627331e-10
4110.000000  1.590341e-10
4130.000000  1.440500e-10
4150.000000  1.349487e-10
4170.000000  1.379400e-10
4190.000000  1.352206e-10
4210.000000  1.465621e-10
4230.000000  1.503479e-10
4250.000000  1.538330e-10
4270.000000  1.419702e-10
4290.000000  1.274328e-10
4310.000000  1.066116e-10
4330.000000  1.672205e-10
4350.000000  1.617400e-10
4370.000000  1.762070e-10
4390.000000  1.563077e-10
4410.000000  1.721501e-10
4430.000000  1.878258e-10
4450.000000  1.890403e-10
4470.000000  2.038840e-10
4490.000000  2.084883e-10
4510.000000  2.376454e-10
4530.000000  2.095420e-10
4550.000000  2.179873e-10
4570.000000  2.351879e-10
4590.000000  2.237078e-10
4610.000000  2.308025e-10
4630.000000  2.251222e-10
4650.000000  2.286266e-10
4670.000000  2.368398e-10
4690.000000  2.320985e-10
4710.000000  2.250803e-10
4730.000000  2.352842e-10
4750.000000  2.442444e-10
4770.000000  2.459294e-10
4790.000000  2.453992e-10
4810.000000  2.418432e-10
4830.000000  2.491387e-10
4850.000000  2.348584e-10
4870.000000  2.158309e-10
4890.000000  2.380591e-10
4910.000000  2.371017e-10
4930.000000  2.326762e-10
4950.000000  2.471201e-10
4970.000000  2.438985e-10
4990.000000  2.256046e-10
5010.000000  2.139549e-10
5030.000000  2.275004e-10
5050.000000  2.282498e-10
5070.000000  2.390916e-10
5090.000000  2.247413e-10
5110.000000  2.301515e-10
5130.000000  2.222550e-10
5150.000000  2.135414e-10
5170.000000  1.904072e-10
5190.000000  1.996006e-10
5210.000000  2.213174e-10
5230.000000  2.300881e-10
5250.000000  2.389076e-10
5270.000000  2.095116e-10
5290.000000  2.404119e-10
5310.000000  2.546465e-10
5330.000000  2.237451e-10
5350.000000  2.456381e-10
5370.000000  2.467287e-10
5390.000000  2.398070e-10
5410.000000  2.336050e-10
5430.000000  2.387604e-10
5450.000000  2.506198e-10
5470.000000  2.425833e-10
5490.000000  2.399059e-10
5510.000000  2.392579e-10
5530.000000  2.450895e-10
5550.000000  2.498449e-10
5570.000000  2.431058e-10
5590.000000  2.359491e-10
5610.000000  2.480310e-10
5630.000000  2.455099e-10
5650.000000  2.460277e-10
5670.000000  2.396582e-10
5690.000000  2.460240e-10
5710.000000  2.381635e-10
5730.000000  2.589436e-10
5750.000000  2.484520e-10
5770.000000  2.523278e-10
5790.000000  2.405865e-10
5810.000000  2.511080e-10
5830.000000  2.575996e-10
5850.000000  2.499105e-10
5870.000000  2.508034e-10
5890.000000  2.244682e-10
5910.000000  2.472878e-10
5930.000000  2.474369e-10
5950.000000  2.478413e-10
5970.000000  2.508497e-10
5990.000000  2.467047e-10
6010.000000  2.419207e-10
6030.000000  2.458518e-10
6050.000000  2.505035e-10
6070.000000  2.489407e-10
6090.000000  2.389852e-10
6110.000000  2.389893e-10
6130.000000  2.275249e-10
6150.000000  2.338792e-10
6170.000000  2.240498e-10
6190.000000  2.386878e-10
6210.000000  2.387259e-10
6230.000000  2.307822e-10
6250.000000  2.232020e-10
6270.000000  2.337745e-10
6290.000000  2.360768e-10
6310.000000  2.281162e-10
6330.000000  2.298699e-10
6350.000000  2.299892e-10
6370.000000  2.286200e-10
6390.000000  2.324300e-10
6410.000000  2.269021e-10
6430.000000  2.294270e-10
6450.000000  2.271844e-10
6470.000000  2.262699e-10
6490.000000  2.219449e-10
6510.000000  2.281662e-10
6530.000000  2.285740e-10
6550.000000  2.247991e-10
6570.000000  2.128650e-10
6590.000000  2.249145e-10
6610.000000  2.269004e-10
6630.000000  2.246715e-10
6650.000000  2.243640e-10
6670.000000  2.207272e-10
6690.000000  2.258011e-10
6710.000000  2.186459e-10
6730.000000  2.242212e-10
6750.000000  2.205405e-10
6770.000000  2.210017e-10
6790.000000  2.193878e-10
6810.000000  2.181294e-10
6830.000000  2.204914e-10
6850.000000  2.137796e-10
6870.000000  2.168384e-10
6890.000000  2.178081e-10
6910.000000  2.158522e-10
6930.000000  2.139728e-10
6950.000000  2.121532e-10
6970.000000  2.124758e-10
6990.000000  2.108681e-10
7010.000000  2.041363e-10
7030.000000  2.083785e-10
7050.000000  2.101739e-10
7070.000000  2.070227e-10
7090.000000  2.060195e-10
7110.000000  2.061803e-10
7130.000000  2.018181e-10
7150.000000  2.006034e-10
7170.000000  2.015464e-10
7190.000000  1.944993e-10
7210.000000  1.995709e-10
7230.000000  2.010056e-10
7250.000000  2.013070e-10
7270.000000  2.001510e-10
7290.000000  1.935409e-10
7310.000000  1.973304e-10
7330.000000  1.965457e-10
7350.000000  1.964122e-10
7370.000000  1.980905e-10
7390.000000  1.927615e-10
7410.000000  1.908846e-10
7430.000000  1.931051e-10
7450.000000  1.931735e-10
7470.000000  1.943097e-10
7490.000000  1.921900e-10
7510.000000  1.931727e-10
7530.000000  1.935241e-10
7550.000000  1.940212e-10
7570.000000  1.917184e-10
7590.000000  1.910503e-10
7610.000000  1.902067e-10
7630.000000  1.912441e-10
7650.000000  1.907989e-10
7670.000000  1.846109e-10
7690.000000  1.896423e-10
7710.000000  1.863100e-10
7730.000000  1.861525e-10
7750.000000  1.842044e-10
7770.000000  1.881122e-10
7790.000000  1.873313e-10
7810.000000  1.860936e-10
7830.000000  1.840352e-10
7850.000000  1.834116e-10
7870.000000  1.840825e-10
7890.000000  1.807475e-10
7910.000000  1.764035e-10
7930.000000  1.741825e-10
7950.000000  1.727874e-10
7970.000000  1.775127e-10
7990.000000  1.770561e-10
8010.000000  1.752649e-10
8030.000000  1.751615e-10
8050.000000  1.732520e-10
8070.000000  1.733657e-10
8090.000000  1.689128e-10
8110.000000  1.697498e-10
8130.000000  1.712323e-10
8150.000000  1.701907e-10
8170.000000  1.701302e-10
8190.000000  1.654308e-10
8210.000000  1.655890e-10
8230.000000  1.659767e-10
8250.000000  1.675751e-10
8270.000000  1.689334e-10
8290.000000  1.676013e-10
8310.000000  1.623942e-10
8330.000000  1.623904e-10
8350.000000  1.627106e-10
8370.000000  1.637652e-10
8390.000000  1.590978e-10
8410.000000  1.634613e-10
8430.000000  1.593499e-10
8450.000000  1.617045e-10
8470.000000  1.603823e-10
8490.000000  1.594119e-10
8510.000000  1.513920e-10
8530.000000  1.565064e-10
8550.000000  1.339614e-10
8570.000000  1.602323e-10
8590.000000  1.571401e-10
8610.000000  1.570382e-10
8630.000000  1.584600e-10
8650.000000  1.567375e-10
8670.000000  1.345423e-10
8690.000000  1.518073e-10
8710.000000  1.548684e-10
8730.000000  1.550678e-10
8750.000000  1.527418e-10
8770.000000  1.552528e-10
8790.000000  1.535607e-10
8810.000000  1.493185e-10
8830.000000  1.522051e-10
8850.000000  1.528969e-10
8870.000000  1.490693e-10
8890.000000  1.524656e-10
8910.000000  1.532550e-10
8930.000000  1.493778e-10
8950.000000  1.490599e-10
8970.000000  1.492102e-10
8990.000000  1.496513e-10
9010.000000  1.428899e-10
9030.000000  1.473616e-10
9050.000000  1.499857e-10
9070.000000  1.476708e-10
9090.000000  1.428854e-10
9110.000000  1.431117e-10
9130.000000  1.464450e-10
9150.000000  1.407020e-10
9170.000000  1.382818e-10
9190.000000  1.390397e-10
9210.000000  1.351751e-10
9230.000000  1.353917e-10
9250.000000  1.350568e-10
9270.000000  1.369945e-10
9290.000000  1.357656e-10
9310.000000  1.378963e-10
9330.000000  1.373820e-10
9350.000000  1.362717e-10
9370.000000  1.353942e-10
9390.000000  1.341684e-10
9410.000000  1.299238e-10
9430.000000  1.323061e-10
9450.000000  1.298028e-10
9470.000000  1.327408e-10
9490.000000  1.325883e-10
9510.000000  1.329873e-10
9530.000000  1.316063e-10
9550.000000  1.298858e-10
9570.000000  1.306208e-10
9590.000000  1.319698e-10
9610.000000  1.305438e-10
9630.000000  1.294060e-10
9650.000000  1.278962e-10
9670.000000  1.273950e-10
9690.000000  1.292531e-10
9710.000000  1.282179e-10
9730.000000  1.279880e-10
9750.000000  1.267453e-10
9770.000000  1.270194e-10
9790.000000  1.251866e-10
9810.000000  1.275033e-10
9830.000000  1.266668e-10
9850.000000  1.271262e-10
9870.000000  1.261974e-10
9890.000000  1.263048e-10
9910.000000  1.250587e-10
9930.000000  1.262166e-10
9950.000000  1.254694e-10
9970.000000  1.255286e-10
9990.000000  1.250090e-10
10025.000000  1.239799e-10
10075.000000  1.223218e-10
10125.000000  1.221413e-10
10175.000000  1.199799e-10
10225.000000  1.197898e-10
10275.000000  1.196861e-10
10325.000000  1.173653e-10
10375.000000  1.164578e-10
10425.000000  1.164732e-10
10475.000000  1.147813e-10
10525.000000  1.145459e-10
10575.000000  1.131094e-10
10625.000000  1.121610e-10
10675.000000  1.098221e-10
10725.000000  1.097649e-10
10775.000000  1.083743e-10
10825.000000  1.061896e-10
10875.000000  1.053509e-10
10925.000000  1.040033e-10
10975.000000  9.898346e-11
11025.000000  9.868624e-11
11075.000000  9.929975e-11
11125.000000  9.857092e-11
11175.000000  9.873181e-11
11225.000000  9.836168e-11
11275.000000  9.644180e-11
11325.000000  9.706598e-11
11375.000000  9.526718e-11
11425.000000  9.489129e-11
11475.000000  9.578792e-11
11525.000000  9.530210e-11
11575.000000  9.390046e-11
11625.000000  9.254470e-11
11675.000000  9.248602e-11
11725.000000  9.325947e-11
11775.000000  9.128488e-11
11825.000000  9.030050e-11
11875.000000  8.940874e-11
11925.000000  9.074766e-11
11975.000000  8.698327e-11
12025.000000  8.817983e-11
12075.000000  8.703629e-11
12125.000000  8.711688e-11
12175.000000  8.733892e-11
12225.000000  8.669453e-11
12275.000000  8.583100e-11
12325.000000  8.522216e-11
12375.000000  8.465965e-11
12425.000000  8.374453e-11
12475.000000  8.373974e-11
12525.000000  8.270307e-11
12575.000000  8.233912e-11
12625.000000  8.180503e-11
12675.000000  8.073428e-11
12725.000000  8.073237e-11
12775.000000  8.047113e-11
12825.000000  7.698797e-11
12875.000000  7.866092e-11
12925.000000  7.770604e-11
12975.000000  7.809962e-11
13025.000000  7.695195e-11
13075.000000  7.711291e-11
13125.000000  7.556695e-11
13175.000000  7.510532e-11
13225.000000  7.532201e-11
13275.000000  7.387125e-11
13325.000000  7.411502e-11
13375.000000  7.346083e-11
13425.000000  7.360729e-11
13475.000000  7.294229e-11
13525.000000  7.263127e-11
13575.000000  7.119147e-11
13625.000000  7.092809e-11
13675.000000  7.066894e-11
13725.000000  7.051966e-11
13775.000000  6.996448e-11
13825.000000  6.973845e-11
13875.000000  6.913903e-11
13925.000000  6.889508e-11
13975.000000  6.836504e-11
14025.000000  6.732568e-11
14075.000000  6.679360e-11
14125.000000  6.504540e-11
14175.000000  6.525763e-11
14225.000000  6.399494e-11
14275.000000  6.285443e-11
14325.000000  6.390925e-11
14375.000000  6.414137e-11
14425.000000  6.185828e-11
14475.000000  6.335875e-11
14525.000000  6.179826e-11
14570.000000  6.183811e-11
14620.000000  6.137460e-11
14675.000000  6.089992e-11
14725.000000  5.978756e-11
14775.000000  5.992975e-11
14825.000000  5.969977e-11
14875.000000  5.861790e-11
14925.000000  6.003948e-11
14975.000000  5.913434e-11
15025.000000  5.746038e-11
15075.000000  5.731742e-11
15125.000000  5.798711e-11
15175.000000  5.813094e-11
15225.000000  5.719450e-11
15275.000000  5.748947e-11
15325.000000  5.701132e-11
15375.000000  5.691083e-11
15425.000000  5.667481e-11
15475.000000  5.633695e-11
15525.000000  5.535108e-11
15575.000000  5.487147e-11
15625.000000  5.567609e-11
15675.000000  5.397685e-11
15725.000000  5.435264e-11
15775.000000  5.217591e-11
15825.000000  5.307909e-11
15875.000000  5.087508e-11
15925.000000  5.207242e-11
15975.000000  5.253832e-11
16050.000000  5.189226e-11
16150.000000  5.069953e-11
16250.000000  5.083681e-11
16350.000000  4.980446e-11
16450.000000  4.829898e-11
16550.000000  4.851762e-11
16650.000000  4.754627e-11
16750.000000  4.622479e-11
16850.000000  4.465106e-11
16950.000000  4.530848e-11
17050.000000  4.367137e-11
17150.000000  4.308933e-11
17250.000000  4.185577e-11
17350.000000  4.009391e-11
17450.000000  4.031432e-11
17550.000000  3.976958e-11
17650.000000  3.905314e-11
17750.000000  3.810831e-11
17850.000000  3.765969e-11
17950.000000  3.695695e-11
18050.000000  3.602940e-11
18150.000000  3.476086e-11
18250.000000  3.450105e-11
18350.000000  3.397045e-11
18450.000000  3.303200e-11
18550.000000  3.272191e-11
18650.000000  3.172992e-11
18750.000000  3.040729e-11
18850.000000  3.079190e-11
18950.000000  2.947395e-11
19050.000000  2.985923e-11
19150.000000  2.916273e-11
19250.000000  2.871989e-11
19350.000000  2.786553e-11
19450.000000  2.678915e-11
19550.000000  2.713555e-11
19650.000000  2.653079e-11
19750.000000  2.588680e-11
19850.000000  2.559507e-11
19950.000000  2.513819e-11
20050.000000  2.491861e-11
20150.000000  2.461804e-11
20250.000000  2.386468e-11
20350.000000  2.333799e-11
20450.000000  2.330604e-11
20550.000000  2.274976e-11
20650.000000  2.225533e-11
20750.000000  2.195774e-11
20850.000000  2.155394e-11
20950.000000  2.104708e-11
21050.000000  2.094078e-11
21150.000000  2.052990e-11
21250.000000  2.015403e-11
21350.000000  1.990798e-11
21450.000000  1.957826e-11
21550.000000  1.925819e-11
21650.000000  1.845977e-11
21750.000000  1.842581e-11
21850.000000  1.820645e-11
21950.000000  1.803067e-11
22050.000000  1.753135e-11
22150.000000  1.746667e-11
22250.000000  1.707603e-11
22350.000000  1.680214e-11
22450.000000  1.655192e-11
22550.000000  1.627176e-11
22650.000000  1.595166e-11
22750.000000  1.583702e-11
22850.000000  1.543484e-11
22950.000000  1.436574e-11
23050.000000  1.466707e-11
23150.000000  1.450009e-11
23250.000000  1.339403e-11
23350.000000  1.373563e-11
23450.000000  1.376875e-11
23550.000000  1.261385e-11
23650.000000  1.308705e-11
23750.000000  1.294085e-11
23850.000000  1.199041e-11
23950.000000  1.237490e-11
24050.000000  1.235747e-11
24150.000000  1.155122e-11
24250.000000  1.175065e-11
24350.000000  1.174105e-11
24450.000000  1.123149e-11
24550.000000  1.104024e-11
24650.000000  1.128162e-11
24750.000000  1.090033e-11
24850.000000  1.053972e-11
24950.000000  1.070109e-11
