2505.000000  3.783540e-14
2513.000000  2.022762e-14
2518.000000  1.023724e-14
2525.000000  1.292336e-14
2535.000000  4.727267e-14
2545.000000  5.969746e-14
2555.000000  1.892731e-13
2565.000000  9.942861e-14
2575.000000  1.361348e-13
2585.000000  1.018466e-13
2595.000000  8.584423e-14
2605.000000  7.781689e-14
2615.000000  7.506946e-14
2625.000000  1.105093e-13
2635.000000  2.728365e-13
2645.000000  4.701414e-13
2655.000000  8.762876e-13
2665.000000  4.742691e-13
2675.000000  4.643163e-13
2685.000000  6.758546e-13
2695.000000  4.291111e-13
2705.000000  6.349554e-13
2715.000000  3.391101e-13
2725.000000  1.916710e-13
2735.000000  2.947266e-13
2745.000000  1.827522e-13
2755.000000  2.581416e-13
2765.000000  3.719249e-13
2775.000000  3.898415e-13
2785.000000  2.134109e-13
2795.000000  5.703468e-14
2805.000000  7.816585e-14
2815.000000  3.226109e-13
2825.000000  4.863439e-13
2835.000000  4.513418e-13
2845.000000  2.110069e-13
2855.000000  5.408892e-14
2865.000000  3.706096e-13
2875.000000  7.998479e-13
2885.000000  9.071237e-13
2895.000000  1.332257e-12
2910.000000  2.011851e-12
2930.000000  1.915131e-12
2950.000000  1.675854e-12
2970.000000  1.881757e-12
2990.000000  1.852152e-12
3010.000000  1.643901e-12
3030.000000  2.199336e-12
3050.000000  2.320546e-12
3070.000000  2.760344e-12
3090.000000  3.268884e-12
3110.000000  4.124475e-12
3130.000000  3.536915e-12
3150.000000  4.017312e-12
3170.000000  4.587437e-12
3190.000000  3.925763e-12
3210.000000  4.454062e-12
3230.000000  3.056877e-12
3250.000000  5.194785e-12
3270.000000  6.823720e-12
3290.000000  6.783819e-12
3310.000000  6.165034e-12
3330.000000  6.194016e-12
3350.000000  5.621261e-12
3370.000000  4.398353e-12
3390.000000  4.917569e-12
3410.000000  5.792313e-12
3430.000000  6.555163e-12
3450.000000  6.885039e-12
3470.000000  7.194381e-12
3490.000000  7.980065e-12
3510.000000  8.355434e-12
3530.000000  6.852756e-12
3550.000000  7.791119e-12
3570.000000  4.262270e-12
3590.000000  5.472849e-12
3610.000000  8.009678e-12
3630.000000  9.407537e-12
3640.000000  9.678777e-12
3650.000000  1.073339e-11
3670.000000  1.164921e-11
3690.000000  1.127293e-11
3710.000000  1.258004e-11
3730.000000  7.743718e-12
3750.000000  8.531047e-12
3770.000000  1.036391e-11
3790.000000  1.018028e-11
3810.000000  8.822158e-12
3830.000000  4.464345e-12
3850.000000  4.545150e-12
3870.000000  5.481105e-12
3890.000000  1.094587e-11
3910.000000  1.171300e-11
3930.000000  3.733314e-12
3950.000000  7.827057e-12
3970.000000  4.761639e-12
3990.000000  1.616377e-11
4010.000000  2.059655e-11
4030.000000  2.105688e-11
4050.000000  1.950929e-11
4070.000000  1.823567e-11
4090.000000  2.319269e-11
4110.000000  2.353721e-11
4130.000000  1.966412e-11
4150.000000  1.797852e-11
4170.000000  1.803667e-11
4190.000000  1.897076e-11
4210.000000  2.194761e-11
4230.000000  2.419063e-11
4250.000000  2.502393e-11
4270.000000  2.338805e-11
4290.000000  2.116866e-11
4310.000000  1.702568e-11
4330.000000  2.727890e-11
4350.000000  2.670335e-11
4370.000000  2.910851e-11
4390.000000  2.610052e-11
4410.000000  2.861390e-11
4430.000000  3.076661e-11
4450.000000  3.150244e-11
4470.000000  3.434256e-11
4490.000000  3.528627e-11
4510.000000  4.086503e-11
4530.000000  3.566078e-11
4550.000000  3.637961e-11
4570.000000  4.004192e-11
4590.000000  3.850676e-11
4610.000000  4.022603e-11
4630.000000  3.847124e-11
4650.000000  3.956146e-11
4670.000000  4.046784e-11
4690.000000  3.945598e-11
4710.000000  3.863008e-11
4730.000000  4.121820e-11
4750.000000  4.467550e-11
4770.000000  4.566631e-11
4790.000000  4.522613e-11
4810.000000  4.405842e-11
4830.000000  4.615978e-11
4850.000000  4.287252e-11
4870.000000  3.957326e-11
4890.000000  4.474379e-11
4910.000000  4.431630e-11
4930.000000  4.358362e-11
4950.000000  4.725647e-11
4970.000000  4.557230e-11
4990.000000  4.175394e-11
5010.000000  3.963295e-11
5030.000000  4.230449e-11
5050.000000  4.332211e-11
5070.000000  4.528028e-11
5090.000000  4.163955e-11
5110.000000  4.304116e-11
5130.000000  4.061112e-11
5150.000000  3.995847e-11
5170.000000  3.833817e-11
5190.000000  4.055174e-11
5210.000000  4.308395e-11
5230.000000  4.377933e-11
5250.000000  4.492699e-11
5270.000000  3.991280e-11
5290.000000  4.578023e-11
5310.000000  4.848082e-11
5330.000000  4.263745e-11
5350.000000  4.739591e-11
5370.000000  4.841361e-11
5390.000000  4.619214e-11
5410.000000  4.527919e-11
5430.000000  4.618805e-11
5450.000000  4.972689e-11
5470.000000  4.677624e-11
5490.000000  4.571399e-11
5510.000000  4.578875e-11
5530.000000  4.730079e-11
5550.000000  4.855297e-11
5570.000000  4.784979e-11
5590.000000  4.617606e-11
5610.000000  4.922626e-11
5630.000000  4.762187e-11
5650.000000  4.825549e-11
5670.000000  4.679631e-11
5690.000000  4.880043e-11
5710.000000  4.685488e-11
5730.000000  5.215481e-11
5750.000000  4.906627e-11
5770.000000  5.033034e-11
5790.000000  4.739106e-11
5810.000000  5.023580e-11
5830.000000  5.213028e-11
5850.000000  5.037103e-11
5870.000000  5.062456e-11
5890.000000  4.584302e-11
5910.000000  4.979906e-11
5930.000000  4.987995e-11
5950.000000  4.995441e-11
5970.000000  5.109784e-11
5990.000000  4.976012e-11
6010.000000  4.866279e-11
6030.000000  5.001909e-11
6050.000000  5.097825e-11
6070.000000  5.103769e-11
6090.000000  4.799686e-11
6110.000000  4.804925e-11
6130.000000  4.550907e-11
6150.000000  4.692653e-11
6170.000000  4.536849e-11
6190.000000  4.851553e-11
6210.000000  4.844197e-11
6230.000000  4.625548e-11
6250.000000  4.412607e-11
6270.000000  4.721426e-11
6290.000000  4.803115e-11
6310.000000  4.594437e-11
6330.000000  4.670685e-11
6350.000000  4.639227e-11
6370.000000  4.589099e-11
6390.000000  4.721418e-11
6410.000000  4.627652e-11
6430.000000  4.681109e-11
6450.000000  4.666341e-11
6470.000000  4.667401e-11
6490.000000  4.518308e-11
6510.000000  4.657281e-11
6530.000000  4.662893e-11
6550.000000  4.602737e-11
6570.000000  4.370741e-11
6590.000000  4.629032e-11
6610.000000  4.664143e-11
6630.000000  4.623124e-11
6650.000000  4.613645e-11
6670.000000  4.515691e-11
6690.000000  4.678539e-11
6710.000000  4.487401e-11
6730.000000  4.666057e-11
6750.000000  4.553475e-11
6770.000000  4.592792e-11
6790.000000  4.531289e-11
6810.000000  4.523936e-11
6830.000000  4.580726e-11
6850.000000  4.419082e-11
6870.000000  4.507623e-11
6890.000000  4.562524e-11
6910.000000  4.497376e-11
6930.000000  4.420623e-11
6950.000000  4.323119e-11
6970.000000  4.352862e-11
6990.000000  4.314396e-11
7010.000000  4.136307e-11
7030.000000  4.263464e-11
7050.000000  4.352214e-11
7070.000000  4.253623e-11
7090.000000  4.223819e-11
7110.000000  4.176542e-11
7130.000000  4.077183e-11
7150.000000  4.085483e-11
7170.000000  4.111607e-11
7190.000000  3.943443e-11
7210.000000  4.098324e-11
7230.000000  4.134536e-11
7250.000000  4.149855e-11
7270.000000  4.101286e-11
7290.000000  3.919389e-11
7310.000000  4.023749e-11
7330.000000  4.034554e-11
7350.000000  4.014931e-11
7370.000000  4.099896e-11
7390.000000  3.977212e-11
7410.000000  3.951072e-11
7430.000000  3.984965e-11
7450.000000  4.002866e-11
7470.000000  4.022094e-11
7490.000000  3.965975e-11
7510.000000  4.021987e-11
7530.000000  4.049788e-11
7550.000000  4.080187e-11
7570.000000  4.025792e-11
7590.000000  4.008974e-11
7610.000000  4.010086e-11
7630.000000  4.037094e-11
7650.000000  4.031664e-11
7670.000000  3.879992e-11
7690.000000  4.014798e-11
7710.000000  3.925157e-11
7730.000000  3.920596e-11
7750.000000  3.893724e-11
7770.000000  3.984756e-11
7790.000000  3.991267e-11
7810.000000  3.961056e-11
7830.000000  3.919072e-11
7850.000000  3.871385e-11
7870.000000  3.870910e-11
7890.000000  3.709770e-11
7910.000000  3.575012e-11
7930.000000  3.567230e-11
7950.000000  3.517811e-11
7970.000000  3.667977e-11
7990.000000  3.666371e-11
8010.000000  3.642666e-11
8030.000000  3.648988e-11
8050.000000  3.601598e-11
8070.000000  3.572820e-11
8090.000000  3.438625e-11
8110.000000  3.428672e-11
8130.000000  3.486998e-11
8150.000000  3.474272e-11
8170.000000  3.494799e-11
8190.000000  3.429498e-11
8210.000000  3.409682e-11
8230.000000  3.447275e-11
8250.000000  3.487679e-11
8270.000000  3.524004e-11
8290.000000  3.486619e-11
8310.000000  3.316332e-11
8330.000000  3.351848e-11
8350.000000  3.352032e-11
8370.000000  3.398017e-11
8390.000000  3.306653e-11
8410.000000  3.410994e-11
8430.000000  3.312229e-11
8450.000000  3.378596e-11
8470.000000  3.355433e-11
8490.000000  3.283909e-11
8510.000000  3.070034e-11
8530.000000  3.164143e-11
8550.000000  2.511626e-11
8570.000000  3.351400e-11
8590.000000  3.298170e-11
8610.000000  3.316314e-11
8630.000000  3.357710e-11
8650.000000  3.255626e-11
8670.000000  2.588498e-11
8690.000000  3.197698e-11
8710.000000  3.294194e-11
8730.000000  3.311064e-11
8750.000000  3.248254e-11
8770.000000  3.330522e-11
8790.000000  3.281041e-11
8810.000000  3.197938e-11
8830.000000  3.264385e-11
8850.000000  3.289436e-11
8870.000000  3.195744e-11
8890.000000  3.268922e-11
8910.000000  3.314309e-11
8930.000000  3.204695e-11
8950.000000  3.204931e-11
8970.000000  3.206864e-11
8990.000000  3.215884e-11
9010.000000  3.075159e-11
9030.000000  3.170766e-11
9050.000000  3.253639e-11
9070.000000  3.190262e-11
9090.000000  3.058602e-11
9110.000000  3.043610e-11
9130.000000  3.164718e-11
9150.000000  2.906721e-11
9170.000000  2.815701e-11
9190.000000  2.853539e-11
9210.000000  2.760900e-11
9230.000000  2.804395e-11
9250.000000  2.793605e-11
9270.000000  2.857757e-11
9290.000000  2.818985e-11
9310.000000  2.903105e-11
9330.000000  2.902367e-11
9350.000000  2.864725e-11
9370.000000  2.852603e-11
9390.000000  2.772729e-11
9410.000000  2.682227e-11
9430.000000  2.729008e-11
9450.000000  2.666453e-11
9470.000000  2.762129e-11
9490.000000  2.743862e-11
9510.000000  2.801088e-11
9530.000000  2.768040e-11
9550.000000  2.744026e-11
9570.000000  2.755486e-11
9590.000000  2.794074e-11
9610.000000  2.756166e-11
9630.000000  2.725462e-11
9650.000000  2.689759e-11
9670.000000  2.663646e-11
9690.000000  2.719318e-11
9710.000000  2.705909e-11
9730.000000  2.716552e-11
9750.000000  2.677129e-11
9770.000000  2.692446e-11
9790.000000  2.640543e-11
9810.000000  2.719784e-11
9830.000000  2.708369e-11
9850.000000  2.717650e-11
9870.000000  2.707224e-11
9890.000000  2.721402e-11
9910.000000  2.677629e-11
9930.000000  2.722655e-11
9950.000000  2.696385e-11
9970.000000  2.710287e-11
9990.000000  2.706744e-11
10025.000000  2.678453e-11
10075.000000  2.648827e-11
10125.000000  2.649804e-11
10175.000000  2.598699e-11
10225.000000  2.606855e-11
10275.000000  2.613287e-11
10325.000000  2.556685e-11
10375.000000  2.542825e-11
10425.000000  2.544522e-11
10475.000000  2.507574e-11
10525.000000  2.506535e-11
10575.000000  2.483420e-11
10625.000000  2.463975e-11
10675.000000  2.403820e-11
10725.000000  2.403654e-11
10775.000000  2.380273e-11
10825.000000  2.337516e-11
10875.000000  2.293805e-11
10925.000000  2.239336e-11
10975.000000  2.062234e-11
11025.000000  2.056460e-11
11075.000000  2.092120e-11
11125.000000  2.087202e-11
11175.000000  2.118228e-11
11225.000000  2.107956e-11
11275.000000  2.067110e-11
11325.000000  2.090627e-11
11375.000000  2.039588e-11
11425.000000  2.048982e-11
11475.000000  2.080664e-11
11525.000000  2.070033e-11
11575.000000  2.040180e-11
11625.000000  2.010882e-11
11675.000000  2.010092e-11
11725.000000  2.043121e-11
11775.000000  1.995054e-11
11825.000000  1.985222e-11
11875.000000  1.954444e-11
11925.000000  1.996411e-11
11975.000000  1.909284e-11
12025.000000  1.941933e-11
12075.000000  1.911897e-11
12125.000000  1.909370e-11
12175.000000  1.919520e-11
12225.000000  1.907419e-11
12275.000000  1.894598e-11
12325.000000  1.875193e-11
12375.000000  1.862826e-11
12425.000000  1.845021e-11
12475.000000  1.848146e-11
12525.000000  1.823163e-11
12575.000000  1.814544e-11
12625.000000  1.810106e-11
12675.000000  1.783334e-11
12725.000000  1.785390e-11
12775.000000  1.785586e-11
12825.000000  1.703908e-11
12875.000000  1.741813e-11
12925.000000  1.716324e-11
12975.000000  1.732640e-11
13025.000000  1.702560e-11
13075.000000  1.711767e-11
13125.000000  1.679899e-11
13175.000000  1.668671e-11
13225.000000  1.670726e-11
13275.000000  1.635428e-11
13325.000000  1.648383e-11
13375.000000  1.631033e-11
13425.000000  1.636016e-11
13475.000000  1.622999e-11
13525.000000  1.616283e-11
13575.000000  1.578929e-11
13625.000000  1.574295e-11
13675.000000  1.569049e-11
13725.000000  1.563524e-11
13775.000000  1.554657e-11
13825.000000  1.552078e-11
13875.000000  1.539463e-11
13925.000000  1.533741e-11
13975.000000  1.519071e-11
14025.000000  1.492905e-11
14075.000000  1.460841e-11
14125.000000  1.404994e-11
14175.000000  1.405251e-11
14225.000000  1.386884e-11
14275.000000  1.366282e-11
14325.000000  1.390152e-11
14375.000000  1.399481e-11
14425.000000  1.340499e-11
14475.000000  1.390413e-11
14525.000000  1.341436e-11
14570.000000  1.342735e-11
14620.000000  1.322764e-11
14675.000000  1.312580e-11
14725.000000  1.289840e-11
14775.000000  1.296349e-11
14825.000000  1.292073e-11
14875.000000  1.288425e-11
14925.000000  1.309910e-11
14975.000000  1.291420e-11
15025.000000  1.272294e-11
15075.000000  1.252465e-11
15125.000000  1.255024e-11
15175.000000  1.263524e-11
15225.000000  1.247855e-11
15275.000000  1.251058e-11
15325.000000  1.242809e-11
15375.000000  1.249078e-11
15425.000000  1.233058e-11
15475.000000  1.232759e-11
15525.000000  1.210180e-11
15575.000000  1.186074e-11
15625.000000  1.222459e-11
15675.000000  1.183397e-11
15725.000000  1.187305e-11
15775.000000  1.147840e-11
15825.000000  1.162990e-11
15875.000000  1.102610e-11
15925.000000  1.141613e-11
15975.000000  1.155680e-11
16050.000000  1.138283e-11
16150.000000  1.113226e-11
16250.000000  1.119539e-11
16350.000000  1.106273e-11
16450.000000  1.059420e-11
16550.000000  1.073596e-11
16650.000000  1.048523e-11
16750.000000  1.031579e-11
16850.000000  9.890885e-12
16950.000000  1.009793e-11
17050.000000  9.688270e-12
17150.000000  9.660677e-12
17250.000000  9.332282e-12
17350.000000  8.965737e-12
17450.000000  9.020574e-12
17550.000000  8.856563e-12
17650.000000  8.722739e-12
17750.000000  8.489620e-12
17850.000000  8.402950e-12
17950.000000  8.265589e-12
18050.000000  8.040087e-12
18150.000000  7.831784e-12
18250.000000  7.738311e-12
18350.000000  7.613514e-12
18450.000000  7.417529e-12
18550.000000  7.337226e-12
18650.000000  7.107458e-12
18750.000000  6.875503e-12
18850.000000  6.912616e-12
18950.000000  6.590602e-12
19050.000000  6.727518e-12
19150.000000  6.562835e-12
19250.000000  6.479901e-12
19350.000000  6.274243e-12
19450.000000  6.076309e-12
19550.000000  6.125303e-12
19650.000000  5.967048e-12
19750.000000  5.815160e-12
19850.000000  5.750389e-12
19950.000000  5.645126e-12
20050.000000  5.605590e-12
20150.000000  5.544371e-12
20250.000000  5.361613e-12
20350.000000  5.248456e-12
20450.000000  5.248373e-12
20550.000000  5.113983e-12
20650.000000  5.008332e-12
20750.000000  4.929423e-12
20850.000000  4.848859e-12
20950.000000  4.737863e-12
21050.000000  4.719199e-12
21150.000000  4.623432e-12
21250.000000  4.540267e-12
21350.000000  4.490966e-12
21450.000000  4.409167e-12
21550.000000  4.342926e-12
21650.000000  4.186173e-12
21750.000000  4.156842e-12
21850.000000  4.112319e-12
21950.000000  4.071348e-12
22050.000000  3.958584e-12
22150.000000  3.945431e-12
22250.000000  3.853920e-12
22350.000000  3.793019e-12
22450.000000  3.738027e-12
22550.000000  3.668232e-12
22650.000000  3.600076e-12
22750.000000  3.583537e-12
22850.000000  3.493264e-12
22950.000000  3.088918e-12
23050.000000  3.243192e-12
23150.000000  3.214705e-12
23250.000000  2.852721e-12
23350.000000  3.006673e-12
23450.000000  3.016422e-12
23550.000000  2.651719e-12
23650.000000  2.834921e-12
23750.000000  2.815040e-12
23850.000000  2.512607e-12
23950.000000  2.657138e-12
24050.000000  2.671965e-12
24150.000000  2.431799e-12
24250.000000  2.520513e-12
24350.000000  2.538103e-12
24450.000000  2.381183e-12
24550.000000  2.364077e-12
24650.000000  2.446813e-12
24750.000000  2.348721e-12
24850.000000  2.238567e-12
24950.000000  2.303224e-12
