2505.000000  5.457411e-10
2513.000000  4.961080e-10
2518.000000  5.018555e-10
2525.000000  4.706780e-10
2535.000000  4.616319e-10
2545.000000  4.617040e-10
2555.000000  4.923142e-10
2565.000000  4.921834e-10
2575.000000  5.232547e-10
2585.000000  5.250618e-10
2595.000000  5.182009e-10
2605.000000  4.970099e-10
2615.000000  4.914584e-10
2625.000000  5.183356e-10
2635.000000  5.202325e-10
2645.000000  5.699251e-10
2655.000000  5.636679e-10
2665.000000  5.246716e-10
2675.000000  5.424503e-10
2685.000000  5.440183e-10
2695.000000  5.192214e-10
2705.000000  5.279788e-10
2715.000000  5.045018e-10
2725.000000  5.074956e-10
2735.000000  5.404299e-10
2745.000000  4.703542e-10
2755.000000  4.776384e-10
2765.000000  4.941553e-10
2775.000000  5.226629e-10
2785.000000  5.117277e-10
2795.000000  4.034177e-10
2805.000000  4.472375e-10
2815.000000  5.339705e-10
2825.000000  5.357688e-10
2835.000000  5.183209e-10
2845.000000  5.019199e-10
2855.000000  4.869435e-10
2865.000000  5.134646e-10
2875.000000  5.017887e-10
2885.000000  5.124261e-10
2895.000000  4.973359e-10
2910.000000  5.371075e-10
2930.000000  5.178952e-10
2950.000000  5.156436e-10
2970.000000  5.198751e-10
2990.000000  5.209723e-10
3010.000000  5.261339e-10
3030.000000  5.219704e-10
3050.000000  5.179392e-10
3070.000000  5.128280e-10
3090.000000  5.167205e-10
3110.000000  5.074110e-10
3130.000000  5.046330e-10
3150.000000  5.090127e-10
3170.000000  5.057067e-10
3190.000000  4.893542e-10
3210.000000  4.963968e-10
3230.000000  4.868064e-10
3250.000000  4.912525e-10
3270.000000  4.927788e-10
3290.000000  4.949072e-10
3310.000000  4.950727e-10
3330.000000  4.861177e-10
3350.000000  4.786966e-10
3370.000000  4.786635e-10
3390.000000  4.748876e-10
3410.000000  4.800004e-10
3430.000000  4.782283e-10
3450.000000  4.748639e-10
3470.000000  4.699166e-10
3490.000000  4.681193e-10
3510.000000  4.703880e-10
3530.000000  4.697037e-10
3550.000000  4.687893e-10
3570.000000  4.611774e-10
3590.000000  4.588441e-10
3610.000000  4.570058e-10
3630.000000  4.557367e-10
3640.000000  4.534853e-10
3650.000000  4.583428e-10
3670.000000  4.565786e-10
3690.000000  4.391377e-10
3710.000000  4.503957e-10
3730.000000  4.619987e-10
3750.000000  5.826047e-10
3770.000000  6.219446e-10
3790.000000  7.760408e-10
3810.000000  9.238145e-10
3830.000000  7.231848e-10
3850.000000  1.035007e-09
3870.000000  1.193033e-09
3890.000000  6.256673e-10
3910.000000  1.190733e-09
3930.000000  1.254309e-09
3950.000000  1.189992e-09
3970.000000  5.986457e-10
3990.000000  1.128479e-09
4010.000000  1.297385e-09
4030.000000  1.301596e-09
4050.000000  1.281225e-09
4070.000000  1.206505e-09
4090.000000  8.887029e-10
4110.000000  6.648555e-10
4130.000000  1.130325e-09
4150.000000  1.199839e-09
4170.000000  1.195473e-09
4190.000000  1.184011e-09
4210.000000  1.170736e-09
4230.000000  1.146408e-09
4250.000000  1.134304e-09
4270.000000  1.109479e-09
4290.000000  1.091914e-09
4310.000000  1.012425e-09
4330.000000  7.242572e-10
4350.000000  6.111374e-10
4370.000000  9.764164e-10
4390.000000  1.014930e-09
4410.000000  1.015071e-09
4430.000000  1.010422e-09
4450.000000  1.005938e-09
4470.000000  9.937835e-10
4490.000000  9.737716e-10
4510.000000  9.703093e-10
4530.000000  9.551182e-10
4550.000000  9.355665e-10
4570.000000  9.363512e-10
4590.000000  9.199243e-10
4610.000000  9.193969e-10
4630.000000  8.993174e-10
4650.000000  8.965796e-10
4670.000000  8.852168e-10
4690.000000  8.668584e-10
4710.000000  8.410380e-10
4730.000000  8.513075e-10
4750.000000  8.412388e-10
4770.000000  8.287863e-10
4790.000000  8.151542e-10
4810.000000  7.941652e-10
4830.000000  7.467677e-10
4850.000000  5.593432e-10
4870.000000  4.495276e-10
4890.000000  6.977994e-10
4910.000000  7.438539e-10
4930.000000  7.413575e-10
4950.000000  7.429011e-10
4970.000000  7.386474e-10
4990.000000  7.287761e-10
5010.000000  7.144021e-10
5030.000000  7.131501e-10
5050.000000  7.023723e-10
5070.000000  6.988844e-10
5090.000000  6.909349e-10
5110.000000  6.832251e-10
5130.000000  6.748214e-10
5150.000000  6.660884e-10
5170.000000  6.504606e-10
5190.000000  6.449440e-10
5210.000000  6.438890e-10
5230.000000  6.325830e-10
5250.000000  6.314713e-10
5270.000000  6.174424e-10
5290.000000  6.172624e-10
5310.000000  6.072761e-10
5330.000000  6.002409e-10
5350.000000  5.978095e-10
5370.000000  5.898348e-10
5390.000000  5.840295e-10
5410.000000  5.760548e-10
5430.000000  5.711735e-10
5450.000000  5.660114e-10
5470.000000  5.599918e-10
5490.000000  5.545081e-10
5510.000000  5.486698e-10
5530.000000  5.418334e-10
5550.000000  5.374219e-10
5570.000000  5.313028e-10
5590.000000  5.256126e-10
5610.000000  5.205578e-10
5630.000000  5.155031e-10
5650.000000  5.099533e-10
5670.000000  5.044034e-10
5690.000000  4.995300e-10
5710.000000  4.944830e-10
5730.000000  4.897168e-10
5750.000000  4.843814e-10
5770.000000  4.795820e-10
5790.000000  4.745683e-10
5810.000000  4.698430e-10
5830.000000  4.651840e-10
5850.000000  4.604587e-10
5870.000000  4.555521e-10
5890.000000  4.481545e-10
5910.000000  4.467448e-10
5930.000000  4.423412e-10
5950.000000  4.376491e-10
5970.000000  4.334599e-10
5990.000000  4.288418e-10
6010.000000  4.245454e-10
6030.000000  4.207110e-10
6050.000000  4.165218e-10
6070.000000  4.126542e-10
6090.000000  4.085722e-10
6110.000000  4.044902e-10
6130.000000  4.003420e-10
6150.000000  3.946852e-10
6170.000000  3.924665e-10
6190.000000  3.892344e-10
6210.000000  3.855482e-10
6230.000000  3.816475e-10
6250.000000  3.767820e-10
6270.000000  3.746629e-10
6290.000000  3.710838e-10
6310.000000  3.672163e-10
6330.000000  3.639588e-10
6350.000000  3.587308e-10
6370.000000  3.560094e-10
6390.000000  3.537169e-10
6410.000000  3.499643e-10
6430.000000  3.465256e-10
6450.000000  3.416601e-10
6470.000000  3.390790e-10
6490.000000  3.341802e-10
6510.000000  3.283495e-10
6530.000000  3.155089e-10
6550.000000  2.689071e-10
6570.000000  2.161862e-10
6590.000000  2.953952e-10
6610.000000  3.110566e-10
6630.000000  3.130528e-10
6650.000000  3.118657e-10
6670.000000  3.096805e-10
6690.000000  3.073880e-10
6710.000000  3.052028e-10
6730.000000  3.024814e-10
6750.000000  2.997601e-10
6770.000000  2.973273e-10
6790.000000  2.946391e-10
6810.000000  2.920250e-10
6830.000000  2.893777e-10
6850.000000  2.868708e-10
6870.000000  2.843639e-10
6890.000000  2.818570e-10
6910.000000  2.794242e-10
6930.000000  2.769173e-10
6950.000000  2.744845e-10
6970.000000  2.720848e-10
6990.000000  2.697592e-10
7010.000000  2.671451e-10
7030.000000  2.650339e-10
7050.000000  2.627415e-10
7070.000000  2.605562e-10
7090.000000  2.583378e-10
7110.000000  2.547999e-10
7130.000000  2.536866e-10
7150.000000  2.516086e-10
7170.000000  2.494974e-10
7190.000000  2.473862e-10
7210.000000  2.453082e-10
7230.000000  2.431970e-10
7250.000000  2.410858e-10
7270.000000  2.392222e-10
7290.000000  2.371111e-10
7310.000000  2.351071e-10
7330.000000  2.331363e-10
7350.000000  2.313467e-10
7370.000000  2.293759e-10
7390.000000  2.274460e-10
7410.000000  2.254421e-10
7430.000000  2.233641e-10
7450.000000  2.216818e-10
7470.000000  2.194634e-10
7490.000000  2.178883e-10
7510.000000  2.163132e-10
7530.000000  2.146308e-10
7550.000000  2.129817e-10
7570.000000  2.111921e-10
7590.000000  2.095098e-10
7610.000000  2.078275e-10
7630.000000  2.061452e-10
7650.000000  2.043557e-10
7670.000000  2.026734e-10
7690.000000  2.010983e-10
7710.000000  1.994160e-10
7730.000000  1.979481e-10
7750.000000  1.963730e-10
7770.000000  1.918291e-10
7790.000000  1.932968e-10
7810.000000  1.917549e-10
7830.000000  1.901466e-10
7850.000000  1.884644e-10
7870.000000  1.867080e-10
7890.000000  1.850257e-10
7910.000000  1.840607e-10
7930.000000  1.827000e-10
7950.000000  1.810178e-10
7970.000000  1.799787e-10
7990.000000  1.777604e-10
8010.000000  1.771502e-10
8030.000000  1.757564e-10
8050.000000  1.744697e-10
8070.000000  1.730350e-10
8090.000000  1.717484e-10
8110.000000  1.704950e-10
8130.000000  1.691343e-10
8150.000000  1.678808e-10
8170.000000  1.665943e-10
8190.000000  1.647716e-10
8210.000000  1.640211e-10
8230.000000  1.627677e-10
8250.000000  1.616214e-10
8270.000000  1.611184e-10
8290.000000  1.599391e-10
8310.000000  1.589000e-10
8330.000000  1.570774e-10
8350.000000  1.565744e-10
8370.000000  1.553950e-10
8390.000000  1.539603e-10
8410.000000  1.525996e-10
8430.000000  1.513131e-10
8450.000000  1.489876e-10
8470.000000  1.468022e-10
8490.000000  1.485917e-10
8510.000000  1.417222e-10
8530.000000  1.477340e-10
8550.000000  1.339949e-10
8570.000000  1.483441e-10
8590.000000  1.375661e-10
8610.000000  1.341683e-10
8630.000000  1.489212e-10
8650.000000  1.419034e-10
8670.000000  1.181775e-10
8690.000000  1.447729e-10
8710.000000  1.505372e-10
8730.000000  1.433050e-10
8750.000000  1.123060e-10
8770.000000  1.354626e-10
8790.000000  1.492174e-10
8810.000000  1.507594e-10
8830.000000  1.459269e-10
8850.000000  1.275540e-10
8870.000000  1.077454e-10
8890.000000  1.372931e-10
8910.000000  1.454571e-10
8930.000000  1.470322e-10
8950.000000  1.468840e-10
8970.000000  1.434531e-10
8990.000000  1.341429e-10
9010.000000  1.053595e-10
9030.000000  1.152749e-10
9050.000000  1.345386e-10
9070.000000  1.379774e-10
9090.000000  1.378703e-10
9110.000000  1.394043e-10
9130.000000  1.392230e-10
9150.000000  1.379695e-10
9170.000000  1.356108e-10
9190.000000  1.309596e-10
9210.000000  1.190021e-10
9230.000000  9.231235e-11
9250.000000  1.140624e-10
9270.000000  1.246593e-10
9290.000000  1.297393e-10
9310.000000  1.303085e-10
9330.000000  1.299128e-10
9350.000000  1.293435e-10
9370.000000  1.285521e-10
9390.000000  1.272656e-10
9410.000000  1.250882e-10
9430.000000  1.254429e-10
9450.000000  1.244038e-10
9470.000000  1.229359e-10
9490.000000  1.206844e-10
9510.000000  1.160663e-10
9530.000000  1.040080e-10
9550.000000  8.348747e-11
9570.000000  1.050858e-10
9590.000000  1.137407e-10
9610.000000  1.156375e-10
9630.000000  1.153490e-10
9650.000000  1.159923e-10
9670.000000  1.148129e-10
9690.000000  1.147057e-10
9710.000000  1.142027e-10
9730.000000  1.135594e-10
9750.000000  1.127348e-10
9770.000000  1.120915e-10
9790.000000  1.112670e-10
9810.000000  1.105297e-10
9830.000000  1.096886e-10
9850.000000  1.088242e-10
9870.000000  1.079797e-10
9890.000000  1.067329e-10
9910.000000  1.063140e-10
9930.000000  1.054093e-10
9950.000000  1.045359e-10
9970.000000  1.034127e-10
9990.000000  1.016643e-10
10025.000000  9.052454e-11
10075.000000  8.584449e-11
10125.000000  9.728369e-11
10175.000000  9.713454e-11
10225.000000  9.589921e-11
10275.000000  9.442061e-11
10325.000000  9.283557e-11
10375.000000  9.132889e-11
10425.000000  8.984034e-11
10475.000000  8.809197e-11
10525.000000  8.681706e-11
10575.000000  8.547120e-11
10625.000000  8.411872e-11
10675.000000  8.193487e-11
10725.000000  8.108141e-11
10775.000000  7.987570e-11
10825.000000  7.829806e-11
10875.000000  7.567301e-11
10925.000000  6.288953e-11
10975.000000  6.879928e-11
11025.000000  7.309514e-11
11075.000000  7.268948e-11
11125.000000  7.176664e-11
11175.000000  7.076057e-11
11225.000000  6.969757e-11
11275.000000  6.814962e-11
11325.000000  6.712619e-11
11375.000000  6.649201e-11
11425.000000  6.544052e-11
11475.000000  6.458453e-11
11525.000000  6.363616e-11
11575.000000  6.267375e-11
11625.000000  6.154060e-11
11675.000000  6.041075e-11
11725.000000  5.994734e-11
11775.000000  5.852141e-11
11825.000000  5.795899e-11
11875.000000  5.705098e-11
11925.000000  5.652656e-11
11975.000000  5.551543e-11
12025.000000  5.485984e-11
12075.000000  5.401947e-11
12125.000000  5.327149e-11
12175.000000  5.255898e-11
12225.000000  5.179697e-11
12275.000000  5.103165e-11
12325.000000  5.032324e-11
12375.000000  4.963959e-11
12425.000000  4.897406e-11
12475.000000  4.823350e-11
12525.000000  4.758611e-11
12575.000000  4.681747e-11
12625.000000  4.614532e-11
12675.000000  4.547570e-11
12725.000000  4.454213e-11
12775.000000  4.225355e-11
12825.000000  3.603773e-11
12875.000000  4.158803e-11
12925.000000  4.224537e-11
12975.000000  4.191222e-11
13025.000000  4.146523e-11
13075.000000  4.094240e-11
13125.000000  4.039151e-11
13175.000000  3.980514e-11
13225.000000  3.933260e-11
13275.000000  3.881387e-11
13325.000000  3.829514e-11
13375.000000  3.779785e-11
13425.000000  3.730056e-11
13475.000000  3.681068e-11
13525.000000  3.629936e-11
13575.000000  3.583755e-11
13625.000000  3.539387e-11
13675.000000  3.492543e-11
13725.000000  3.438936e-11
13775.000000  3.403476e-11
13825.000000  3.360180e-11
13875.000000  3.319028e-11
13925.000000  3.274329e-11
13975.000000  3.234990e-11
14025.000000  3.193839e-11
14075.000000  3.154500e-11
14125.000000  3.114421e-11
14175.000000  3.075414e-11
14225.000000  3.036816e-11
14275.000000  2.998881e-11
14325.000000  2.962758e-11
14375.000000  2.925896e-11
14425.000000  2.870554e-11
14475.000000  2.853651e-11
14525.000000  2.810434e-11
14570.000000  2.787840e-11
14620.000000  2.753531e-11
14675.000000  2.720957e-11
14725.000000  2.688792e-11
14775.000000  2.652670e-11
14825.000000  2.624384e-11
14875.000000  2.589744e-11
14925.000000  2.566409e-11
14975.000000  2.535317e-11
15025.000000  2.501748e-11
15075.000000  2.474535e-11
15125.000000  2.447321e-11
15175.000000  2.417632e-11
15225.000000  2.390087e-11
15275.000000  2.357181e-11
15325.000000  2.327492e-11
15375.000000  2.305308e-11
15425.000000  2.261350e-11
15475.000000  2.250959e-11
15525.000000  2.222674e-11
15575.000000  2.162964e-11
15625.000000  2.194798e-11
15675.000000  2.124697e-11
15725.000000  2.069608e-11
15775.000000  2.128655e-11
15825.000000  2.099297e-11
15875.000000  1.931221e-11
15925.000000  2.020951e-11
15975.000000  2.055338e-11
16050.000000  1.982353e-11
16150.000000  1.863265e-11
16250.000000  1.955881e-11
16350.000000  1.847183e-11
16450.000000  1.729167e-11
16550.000000  1.840009e-11
16650.000000  1.803887e-11
16750.000000  1.685871e-11
16850.000000  1.575769e-11
16950.000000  1.686943e-11
17050.000000  1.658658e-11
17150.000000  1.623607e-11
17250.000000  1.571071e-11
17350.000000  1.380479e-11
17450.000000  1.482745e-11
17550.000000  1.487033e-11
17650.000000  1.460892e-11
17750.000000  1.432275e-11
17850.000000  1.402586e-11
17950.000000  1.371824e-11
18050.000000  1.331082e-11
18150.000000  1.182714e-11
18250.000000  1.241683e-11
18350.000000  1.259910e-11
18450.000000  1.238057e-11
18550.000000  1.211253e-11
18650.000000  1.174799e-11
18750.000000  1.040163e-11
18850.000000  1.123667e-11
18950.000000  1.117566e-11
19050.000000  1.101483e-11
19150.000000  1.079597e-11
19250.000000  1.055902e-11
19350.000000  1.020613e-11
19450.000000  9.062807e-12
19550.000000  9.819503e-12
19650.000000  9.782563e-12
19750.000000  9.624878e-12
19850.000000  9.450290e-12
19950.000000  9.274708e-12
20050.000000  9.103415e-12
20150.000000  8.935670e-12
20250.000000  8.770811e-12
20350.000000  8.610239e-12
20450.000000  8.455029e-12
20550.000000  8.301963e-12
20650.000000  8.149969e-12
20750.000000  8.004408e-12
20850.000000  7.862064e-12
20950.000000  7.722273e-12
21050.000000  7.584218e-12
21150.000000  7.445500e-12
21250.000000  7.313545e-12
21350.000000  7.186543e-12
21450.000000  7.044607e-12
21550.000000  6.841149e-12
21650.000000  6.123305e-12
21750.000000  6.548292e-12
21850.000000  6.566110e-12
21950.000000  6.480590e-12
22050.000000  6.370820e-12
22150.000000  6.260310e-12
22250.000000  6.160520e-12
22350.000000  6.057183e-12
22450.000000  5.956321e-12
22550.000000  5.855129e-12
22650.000000  5.760700e-12
22750.000000  5.665200e-12
22850.000000  5.574729e-12
22950.000000  5.483926e-12
23050.000000  5.397003e-12
23150.000000  5.310488e-12
23250.000000  5.225710e-12
23350.000000  5.142744e-12
23450.000000  5.061922e-12
23550.000000  4.981432e-12
23650.000000  4.903495e-12
23750.000000  4.825890e-12
23850.000000  4.750429e-12
23950.000000  4.676040e-12
24050.000000  4.602724e-12
24150.000000  4.530148e-12
24250.000000  4.461120e-12
24350.000000  4.391020e-12
24450.000000  4.320589e-12
24550.000000  4.257994e-12
24650.000000  4.186822e-12
24750.000000  4.123895e-12
24850.000000  4.070619e-12
24950.000000  3.975859e-12
