2505.000000  4.291771e-13
2513.000000  1.778124e-13
2518.000000  1.146428e-13
2525.000000  1.217777e-13
2535.000000  2.316414e-13
2545.000000  3.573229e-13
2555.000000  8.676442e-13
2565.000000  4.975128e-13
2575.000000  6.552017e-13
2585.000000  4.328803e-13
2595.000000  3.335331e-13
2605.000000  2.311071e-13
2615.000000  2.180819e-13
2625.000000  3.251189e-13
2635.000000  9.498670e-13
2645.000000  1.748897e-12
2655.000000  2.497215e-12
2665.000000  1.497232e-12
2675.000000  1.708591e-12
2685.000000  2.031433e-12
2695.000000  1.484487e-12
2705.000000  1.928842e-12
2715.000000  1.166779e-12
2725.000000  8.622070e-13
2735.000000  1.098286e-12
2745.000000  4.311250e-13
2755.000000  6.766831e-13
2765.000000  1.010192e-12
2775.000000  1.049445e-12
2785.000000  5.118666e-13
2795.000000  1.523172e-13
2805.000000  2.017032e-13
2815.000000  7.872560e-13
2825.000000  1.582135e-12
2835.000000  1.724820e-12
2845.000000  1.262185e-12
2855.000000  5.637076e-13
2865.000000  1.854126e-12
2875.000000  2.643021e-12
2885.000000  2.371757e-12
2895.000000  2.781890e-12
2910.000000  3.834591e-12
2930.000000  3.512917e-12
2950.000000  3.360771e-12
2970.000000  3.785140e-12
2990.000000  3.818108e-12
3010.000000  4.008634e-12
3030.000000  4.277734e-12
3050.000000  4.575643e-12
3070.000000  4.314420e-12
3090.000000  4.505162e-12
3110.000000  4.879651e-12
3130.000000  4.420420e-12
3150.000000  4.358713e-12
3170.000000  4.860683e-12
3190.000000  4.364645e-12
3210.000000  4.969550e-12
3230.000000  3.937523e-12
3250.000000  5.821034e-12
3270.000000  6.917380e-12
3290.000000  6.679199e-12
3310.000000  6.384642e-12
3330.000000  6.440287e-12
3350.000000  6.144302e-12
3370.000000  4.818478e-12
3390.000000  5.725166e-12
3410.000000  6.265560e-12
3430.000000  6.827265e-12
3450.000000  7.325569e-12
3470.000000  7.399829e-12
3490.000000  7.886411e-12
3510.000000  8.382515e-12
3530.000000  7.727051e-12
3550.000000  8.932301e-12
3570.000000  6.801687e-12
3590.000000  6.993153e-12
3610.000000  8.021045e-12
3630.000000  8.266066e-12
3640.000000  8.256862e-12
3650.000000  9.207494e-12
3670.000000  9.353602e-12
3690.000000  9.470176e-12
3710.000000  1.088154e-11
3730.000000  9.384351e-12
3750.000000  1.035010e-11
3770.000000  1.143097e-11
3790.000000  1.164447e-11
3810.000000  1.149942e-11
3830.000000  8.294227e-12
3850.000000  9.031070e-12
3870.000000  8.650352e-12
3890.000000  1.075920e-11
3910.000000  1.201736e-11
3930.000000  5.229650e-12
3950.000000  9.877629e-12
3970.000000  6.316956e-12
3990.000000  1.446726e-11
4010.000000  1.613470e-11
4030.000000  1.607521e-11
4050.000000  1.573635e-11
4070.000000  1.540105e-11
4090.000000  1.764567e-11
4110.000000  1.746517e-11
4130.000000  1.692386e-11
4150.000000  1.705437e-11
4170.000000  1.685181e-11
4190.000000  1.635673e-11
4210.000000  1.676966e-11
4230.000000  1.667406e-11
4250.000000  1.657973e-11
4270.000000  1.574395e-11
4290.000000  1.409411e-11
4310.000000  1.133914e-11
4330.000000  1.729896e-11
4350.000000  1.654291e-11
4370.000000  1.779407e-11
4390.000000  1.646986e-11
4410.000000  1.792372e-11
4430.000000  1.927862e-11
4450.000000  1.923701e-11
4470.000000  2.029212e-11
4490.000000  2.068834e-11
4510.000000  2.265855e-11
4530.000000  2.058254e-11
4550.000000  2.110401e-11
4570.000000  2.252592e-11
4590.000000  2.135837e-11
4610.000000  2.223578e-11
4630.000000  2.192709e-11
4650.000000  2.220588e-11
4670.000000  2.268029e-11
4690.000000  2.239269e-11
4710.000000  2.178248e-11
4730.000000  2.266274e-11
4750.000000  2.321497e-11
4770.000000  2.319749e-11
4790.000000  2.312125e-11
4810.000000  2.290104e-11
4830.000000  2.315721e-11
4850.000000  2.214672e-11
4870.000000  2.034478e-11
4890.000000  2.257772e-11
4910.000000  2.244873e-11
4930.000000  2.214561e-11
4950.000000  2.313658e-11
4970.000000  2.315505e-11
4990.000000  2.163620e-11
5010.000000  2.083880e-11
5030.000000  2.202137e-11
5050.000000  2.216440e-11
5070.000000  2.291750e-11
5090.000000  2.201747e-11
5110.000000  2.232319e-11
5130.000000  2.166843e-11
5150.000000  2.120493e-11
5170.000000  2.073400e-11
5190.000000  2.090823e-11
5210.000000  2.151419e-11
5230.000000  2.179689e-11
5250.000000  2.220179e-11
5270.000000  2.039424e-11
5290.000000  2.225295e-11
5310.000000  2.280604e-11
5330.000000  2.122231e-11
5350.000000  2.256204e-11
5370.000000  2.261521e-11
5390.000000  2.221205e-11
5410.000000  2.173694e-11
5430.000000  2.200019e-11
5450.000000  2.277228e-11
5470.000000  2.226057e-11
5490.000000  2.210723e-11
5510.000000  2.208475e-11
5530.000000  2.234520e-11
5550.000000  2.262111e-11
5570.000000  2.215921e-11
5590.000000  2.176855e-11
5610.000000  2.234865e-11
5630.000000  2.234399e-11
5650.000000  2.223432e-11
5670.000000  2.175423e-11
5690.000000  2.216854e-11
5710.000000  2.164744e-11
5730.000000  2.289522e-11
5750.000000  2.226706e-11
5770.000000  2.247480e-11
5790.000000  2.188914e-11
5810.000000  2.232946e-11
5830.000000  2.260647e-11
5850.000000  2.214936e-11
5870.000000  2.221639e-11
5890.000000  2.127000e-11
5910.000000  2.199525e-11
5930.000000  2.194117e-11
5950.000000  2.195143e-11
5970.000000  2.204484e-11
5990.000000  2.179776e-11
6010.000000  2.149242e-11
6030.000000  2.162124e-11
6050.000000  2.190835e-11
6070.000000  2.178403e-11
6090.000000  2.129447e-11
6110.000000  2.113977e-11
6130.000000  2.053629e-11
6150.000000  2.073517e-11
6170.000000  2.027491e-11
6190.000000  2.105582e-11
6210.000000  2.108870e-11
6230.000000  2.054525e-11
6250.000000  1.989573e-11
6270.000000  2.073928e-11
6290.000000  2.077743e-11
6310.000000  2.022461e-11
6330.000000  2.037662e-11
6350.000000  2.046061e-11
6370.000000  2.034799e-11
6390.000000  2.041446e-11
6410.000000  2.001056e-11
6430.000000  2.015421e-11
6450.000000  2.003046e-11
6470.000000  1.997483e-11
6490.000000  1.960247e-11
6510.000000  2.000679e-11
6530.000000  2.007417e-11
6550.000000  1.972354e-11
6570.000000  1.816729e-11
6590.000000  1.968477e-11
6610.000000  1.975420e-11
6630.000000  1.972359e-11
6650.000000  1.962101e-11
6670.000000  1.942569e-11
6690.000000  1.968097e-11
6710.000000  1.929206e-11
6730.000000  1.950612e-11
6750.000000  1.925424e-11
6770.000000  1.925453e-11
6790.000000  1.915830e-11
6810.000000  1.907143e-11
6830.000000  1.912600e-11
6850.000000  1.877216e-11
6870.000000  1.889668e-11
6890.000000  1.894761e-11
6910.000000  1.879463e-11
6930.000000  1.871923e-11
6950.000000  1.858369e-11
6970.000000  1.860881e-11
6990.000000  1.849780e-11
7010.000000  1.805560e-11
7030.000000  1.826509e-11
7050.000000  1.832223e-11
7070.000000  1.815192e-11
7090.000000  1.808507e-11
7110.000000  1.804437e-11
7130.000000  1.782210e-11
7150.000000  1.774822e-11
7170.000000  1.771975e-11
7190.000000  1.727393e-11
7210.000000  1.750615e-11
7230.000000  1.751701e-11
7250.000000  1.757968e-11
7270.000000  1.749026e-11
7290.000000  1.709880e-11
7310.000000  1.724294e-11
7330.000000  1.722312e-11
7350.000000  1.720201e-11
7370.000000  1.726302e-11
7390.000000  1.689716e-11
7410.000000  1.666272e-11
7430.000000  1.680623e-11
7450.000000  1.682571e-11
7470.000000  1.687614e-11
7490.000000  1.673283e-11
7510.000000  1.673498e-11
7530.000000  1.670759e-11
7550.000000  1.674189e-11
7570.000000  1.658352e-11
7590.000000  1.652575e-11
7610.000000  1.647104e-11
7630.000000  1.646774e-11
7650.000000  1.640414e-11
7670.000000  1.604959e-11
7690.000000  1.629684e-11
7710.000000  1.603039e-11
7730.000000  1.604092e-11
7750.000000  1.590316e-11
7770.000000  1.604252e-11
7790.000000  1.600921e-11
7810.000000  1.596482e-11
7830.000000  1.579812e-11
7850.000000  1.573693e-11
7870.000000  1.579566e-11
7890.000000  1.564785e-11
7910.000000  1.542325e-11
7930.000000  1.524374e-11
7950.000000  1.519166e-11
7970.000000  1.539882e-11
7990.000000  1.535657e-11
8010.000000  1.519523e-11
8030.000000  1.515407e-11
8050.000000  1.503441e-11
8070.000000  1.506433e-11
8090.000000  1.480914e-11
8110.000000  1.491003e-11
8130.000000  1.492071e-11
8150.000000  1.483430e-11
8170.000000  1.479095e-11
8190.000000  1.446529e-11
8210.000000  1.446449e-11
8230.000000  1.442514e-11
8250.000000  1.446988e-11
8270.000000  1.455917e-11
8290.000000  1.446529e-11
8310.000000  1.422124e-11
8330.000000  1.411855e-11
8350.000000  1.419091e-11
8370.000000  1.417350e-11
8390.000000  1.393651e-11
8410.000000  1.409692e-11
8430.000000  1.384940e-11
8450.000000  1.392863e-11
8470.000000  1.380575e-11
8490.000000  1.364002e-11
8510.000000  1.294287e-11
8530.000000  1.344155e-11
8550.000000  1.131931e-11
8570.000000  1.373818e-11
8590.000000  1.351955e-11
8610.000000  1.342132e-11
8630.000000  1.357706e-11
8650.000000  1.338251e-11
8670.000000  1.139653e-11
8690.000000  1.316094e-11
8710.000000  1.332990e-11
8730.000000  1.330708e-11
8750.000000  1.296690e-11
8770.000000  1.327603e-11
8790.000000  1.315430e-11
8810.000000  1.294702e-11
8830.000000  1.303159e-11
8850.000000  1.300779e-11
8870.000000  1.264653e-11
8890.000000  1.297931e-11
8910.000000  1.296945e-11
8930.000000  1.276372e-11
8950.000000  1.273177e-11
8970.000000  1.273653e-11
8990.000000  1.273405e-11
9010.000000  1.220358e-11
9030.000000  1.255579e-11
9050.000000  1.267941e-11
9070.000000  1.244618e-11
9090.000000  1.213454e-11
9110.000000  1.225631e-11
9130.000000  1.240968e-11
9150.000000  1.222531e-11
9170.000000  1.211821e-11
9190.000000  1.212633e-11
9210.000000  1.186104e-11
9230.000000  1.164608e-11
9250.000000  1.174212e-11
9270.000000  1.187372e-11
9290.000000  1.184134e-11
9310.000000  1.189077e-11
9330.000000  1.183210e-11
9350.000000  1.176221e-11
9370.000000  1.168821e-11
9390.000000  1.165833e-11
9410.000000  1.130870e-11
9430.000000  1.149799e-11
9450.000000  1.138255e-11
9470.000000  1.150337e-11
9490.000000  1.148530e-11
9510.000000  1.144370e-11
9530.000000  1.135929e-11
9550.000000  1.109237e-11
9570.000000  1.125996e-11
9590.000000  1.130560e-11
9610.000000  1.119679e-11
9630.000000  1.109913e-11
9650.000000  1.104068e-11
9670.000000  1.097488e-11
9690.000000  1.105649e-11
9710.000000  1.102127e-11
9730.000000  1.098769e-11
9750.000000  1.086505e-11
9770.000000  1.088414e-11
9790.000000  1.079642e-11
9810.000000  1.086408e-11
9830.000000  1.082117e-11
9850.000000  1.078920e-11
9870.000000  1.071351e-11
9890.000000  1.067736e-11
9910.000000  1.062391e-11
9930.000000  1.066022e-11
9950.000000  1.062030e-11
9970.000000  1.059768e-11
9990.000000  1.055677e-11
10025.000000  1.043987e-11
10075.000000  1.027934e-11
10125.000000  1.025858e-11
10175.000000  1.011230e-11
10225.000000  1.006706e-11
10275.000000  1.002598e-11
10325.000000  9.844358e-12
10375.000000  9.778171e-12
10425.000000  9.743953e-12
10475.000000  9.579361e-12
10525.000000  9.558334e-12
10575.000000  9.447438e-12
10625.000000  9.349196e-12
10675.000000  9.153097e-12
10725.000000  9.155741e-12
10775.000000  9.051863e-12
10825.000000  8.914638e-12
10875.000000  8.849020e-12
10925.000000  8.701106e-12
10975.000000  8.547098e-12
11025.000000  8.528653e-12
11075.000000  8.513419e-12
11125.000000  8.422265e-12
11175.000000  8.369914e-12
11225.000000  8.337043e-12
11275.000000  8.186622e-12
11325.000000  8.171233e-12
11375.000000  8.083669e-12
11425.000000  7.996064e-12
11475.000000  8.034758e-12
11525.000000  7.978633e-12
11575.000000  7.868245e-12
11625.000000  7.744353e-12
11675.000000  7.706542e-12
11725.000000  7.745137e-12
11775.000000  7.574365e-12
11825.000000  7.532249e-12
11875.000000  7.435705e-12
11925.000000  7.508514e-12
11975.000000  7.280727e-12
12025.000000  7.324365e-12
12075.000000  7.245059e-12
12125.000000  7.206912e-12
12175.000000  7.202587e-12
12225.000000  7.144277e-12
12275.000000  7.065784e-12
12325.000000  7.027748e-12
12375.000000  6.962474e-12
12425.000000  6.907453e-12
12475.000000  6.873752e-12
12525.000000  6.800987e-12
12575.000000  6.747286e-12
12625.000000  6.696604e-12
12675.000000  6.638526e-12
12725.000000  6.616228e-12
12775.000000  6.572422e-12
12825.000000  6.292987e-12
12875.000000  6.448744e-12
12925.000000  6.381268e-12
12975.000000  6.369697e-12
13025.000000  6.303733e-12
13075.000000  6.279869e-12
13125.000000  6.192511e-12
13175.000000  6.138434e-12
13225.000000  6.137161e-12
13275.000000  6.041596e-12
13325.000000  6.033271e-12
13375.000000  5.986260e-12
13425.000000  5.969193e-12
13475.000000  5.922814e-12
13525.000000  5.881720e-12
13575.000000  5.794708e-12
13625.000000  5.769853e-12
13675.000000  5.737299e-12
13725.000000  5.684121e-12
13775.000000  5.656651e-12
13825.000000  5.625820e-12
13875.000000  5.587419e-12
13925.000000  5.555315e-12
13975.000000  5.516716e-12
14025.000000  5.451002e-12
14075.000000  5.427475e-12
14125.000000  5.341789e-12
14175.000000  5.339638e-12
14225.000000  5.246836e-12
14275.000000  5.189276e-12
14325.000000  5.220117e-12
14375.000000  5.214902e-12
14425.000000  5.056350e-12
14475.000000  5.141514e-12
14525.000000  5.036685e-12
14570.000000  5.041779e-12
14620.000000  5.003600e-12
14675.000000  4.978296e-12
14725.000000  4.901814e-12
14775.000000  4.887181e-12
14825.000000  4.866608e-12
14875.000000  4.800136e-12
14925.000000  4.851733e-12
14975.000000  4.787465e-12
15025.000000  4.718205e-12
15075.000000  4.668708e-12
15125.000000  4.699025e-12
15175.000000  4.686260e-12
15225.000000  4.625614e-12
15275.000000  4.613451e-12
15325.000000  4.574924e-12
15375.000000  4.559640e-12
15425.000000  4.504714e-12
15475.000000  4.509545e-12
15525.000000  4.463418e-12
15575.000000  4.373468e-12
15625.000000  4.449190e-12
15675.000000  4.347879e-12
15725.000000  4.287279e-12
15775.000000  4.260512e-12
15825.000000  4.280759e-12
15875.000000  4.054489e-12
15925.000000  4.212397e-12
15975.000000  4.220906e-12
16050.000000  4.157481e-12
16150.000000  4.019782e-12
16250.000000  4.064522e-12
16350.000000  3.964627e-12
16450.000000  3.809218e-12
16550.000000  3.851397e-12
16650.000000  3.775502e-12
16750.000000  3.667317e-12
16850.000000  3.513635e-12
16950.000000  3.571588e-12
17050.000000  3.463550e-12
17150.000000  3.408530e-12
17250.000000  3.320547e-12
17350.000000  3.152282e-12
17450.000000  3.186663e-12
17550.000000  3.141916e-12
17650.000000  3.077713e-12
17750.000000  3.017209e-12
17850.000000  2.966755e-12
17950.000000  2.915508e-12
18050.000000  2.847596e-12
18150.000000  2.719483e-12
18250.000000  2.724881e-12
18350.000000  2.688014e-12
18450.000000  2.622426e-12
18550.000000  2.584532e-12
18650.000000  2.521769e-12
18750.000000  2.391862e-12
18850.000000  2.433741e-12
18950.000000  2.352382e-12
19050.000000  2.355496e-12
19150.000000  2.305923e-12
19250.000000  2.267608e-12
19350.000000  2.211005e-12
19450.000000  2.109685e-12
19550.000000  2.139885e-12
19650.000000  2.100760e-12
19750.000000  2.054770e-12
19850.000000  2.025900e-12
19950.000000  1.989365e-12
20050.000000  1.963525e-12
20150.000000  1.935367e-12
20250.000000  1.888336e-12
20350.000000  1.846317e-12
20450.000000  1.834052e-12
20550.000000  1.797711e-12
20650.000000  1.759560e-12
20750.000000  1.732559e-12
20850.000000  1.703919e-12
20950.000000  1.667624e-12
21050.000000  1.649043e-12
21150.000000  1.617899e-12
21250.000000  1.590272e-12
21350.000000  1.565958e-12
21450.000000  1.542004e-12
21550.000000  1.516219e-12
21650.000000  1.448049e-12
21750.000000  1.457719e-12
21850.000000  1.435679e-12
21950.000000  1.419209e-12
22050.000000  1.386067e-12
22150.000000  1.370952e-12
22250.000000  1.347389e-12
22350.000000  1.325590e-12
22450.000000  1.305235e-12
22550.000000  1.279422e-12
22650.000000  1.259479e-12
22750.000000  1.244264e-12
22850.000000  1.219674e-12
22950.000000  1.167549e-12
23050.000000  1.170462e-12
23150.000000  1.154767e-12
23250.000000  1.097743e-12
23350.000000  1.105319e-12
23450.000000  1.099975e-12
23550.000000  1.041122e-12
23650.000000  1.054683e-12
23750.000000  1.043919e-12
23850.000000  9.934638e-13
23950.000000  1.003210e-12
24050.000000  9.943461e-13
24150.000000  9.547875e-13
24250.000000  9.557913e-13
24350.000000  9.463090e-13
24450.000000  9.205312e-13
24550.000000  9.070488e-13
24650.000000  9.089817e-13
24750.000000  8.871144e-13
24850.000000  8.674063e-13
24950.000000  8.636030e-13
