2505.000000  1.857797e-16
2513.000000  1.182567e-16
2518.000000  1.458291e-16
2525.000000  1.910279e-16
2535.000000  5.301326e-16
2545.000000  6.778578e-16
2555.000000  6.984742e-16
2565.000000  3.191889e-16
2575.000000  6.421053e-16
2585.000000  3.832905e-16
2595.000000  5.376063e-16
2605.000000  8.018185e-16
2615.000000  6.928442e-16
2625.000000  1.287047e-15
2635.000000  2.056009e-15
2645.000000  1.466863e-15
2655.000000  2.189204e-15
2665.000000  1.802824e-15
2675.000000  1.649587e-15
2685.000000  2.386680e-15
2695.000000  1.573167e-15
2705.000000  3.101425e-15
2715.000000  2.960637e-15
2725.000000  2.433690e-15
2735.000000  2.539946e-15
2745.000000  3.892397e-15
2755.000000  3.551516e-15
2765.000000  5.669705e-15
2775.000000  7.531671e-15
2785.000000  4.952042e-15
2795.000000  6.524614e-15
2805.000000  6.485214e-15
2815.000000  7.758711e-15
2825.000000  7.699827e-15
2835.000000  6.704930e-15
2845.000000  4.478822e-15
2855.000000  1.819903e-15
2865.000000  7.852699e-15
2875.000000  9.243520e-15
2885.000000  1.622212e-14
2895.000000  1.865596e-14
2910.000000  2.190537e-14
2930.000000  2.439416e-14
2950.000000  2.507887e-14
2970.000000  2.590030e-14
2990.000000  3.121721e-14
3010.000000  3.446081e-14
3030.000000  4.161835e-14
3050.000000  5.126837e-14
3070.000000  6.161420e-14
3090.000000  6.992409e-14
3110.000000  9.403456e-14
3130.000000  9.862762e-14
3150.000000  1.424738e-13
3170.000000  1.921989e-13
3190.000000  1.672144e-13
3210.000000  2.100145e-13
3230.000000  2.187823e-13
3250.000000  2.948861e-13
3270.000000  4.015741e-13
3290.000000  5.434741e-13
3310.000000  5.018691e-13
3330.000000  5.637049e-13
3350.000000  5.914955e-13
3370.000000  4.733904e-13
3390.000000  5.785799e-13
3410.000000  7.169916e-13
3430.000000  8.268711e-13
3450.000000  7.678849e-13
3470.000000  8.823006e-13
3490.000000  1.058795e-12
3510.000000  1.456942e-12
3530.000000  1.302235e-12
3550.000000  2.027252e-12
3570.000000  1.022018e-12
3590.000000  8.152540e-13
3610.000000  1.313608e-12
3630.000000  2.246244e-12
3640.000000  2.537641e-12
3650.000000  2.605042e-12
3670.000000  3.817159e-12
3690.000000  3.321633e-12
3710.000000  2.859874e-12
3730.000000  1.264251e-12
3750.000000  1.590207e-12
3770.000000  3.430717e-12
3790.000000  4.154448e-12
3810.000000  3.568179e-12
3830.000000  1.617305e-12
3850.000000  2.744246e-12
3870.000000  2.718044e-12
3890.000000  3.275308e-12
3910.000000  3.753926e-12
3930.000000  1.246877e-12
3950.000000  2.326630e-12
3970.000000  1.532927e-12
3990.000000  6.170900e-12
4010.000000  1.023534e-11
4030.000000  8.676910e-12
4050.000000  9.532333e-12
4070.000000  9.256817e-12
4090.000000  1.248497e-11
4110.000000  8.547555e-12
4130.000000  9.349228e-12
4150.000000  9.701393e-12
4170.000000  8.652079e-12
4190.000000  1.004066e-11
4210.000000  8.782673e-12
4230.000000  5.075022e-12
4250.000000  1.084142e-11
4270.000000  1.044985e-11
4290.000000  1.085207e-11
4310.000000  1.263744e-11
4330.000000  1.802602e-11
4350.000000  1.893814e-11
4370.000000  1.970407e-11
4390.000000  1.753910e-11
4410.000000  1.768713e-11
4430.000000  1.860826e-11
4450.000000  2.021237e-11
4470.000000  2.105401e-11
4490.000000  2.339012e-11
4510.000000  2.749594e-11
4530.000000  2.216386e-11
4550.000000  2.449624e-11
4570.000000  2.946718e-11
4590.000000  2.560061e-11
4610.000000  2.777520e-11
4630.000000  2.604956e-11
4650.000000  2.632020e-11
4670.000000  2.883889e-11
4690.000000  2.875558e-11
4710.000000  2.933169e-11
4730.000000  2.911781e-11
4750.000000  3.189787e-11
4770.000000  2.081302e-11
4790.000000  2.453172e-11
4810.000000  2.437318e-11
4830.000000  2.779724e-11
4850.000000  2.974242e-11
4870.000000  3.191050e-11
4890.000000  3.641988e-11
4910.000000  3.867443e-11
4930.000000  4.025122e-11
4950.000000  3.844082e-11
4970.000000  2.356635e-11
4990.000000  2.693355e-11
5010.000000  2.047811e-11
5030.000000  2.634380e-11
5050.000000  2.720400e-11
5070.000000  2.977500e-11
5090.000000  2.902229e-11
5110.000000  3.322071e-11
5130.000000  3.217164e-11
5150.000000  3.211002e-11
5170.000000  2.564722e-11
5190.000000  2.297370e-11
5210.000000  2.816539e-11
5230.000000  4.341394e-11
5250.000000  4.165607e-11
5270.000000  4.158931e-11
5290.000000  5.049019e-11
5310.000000  5.751284e-11
5330.000000  4.996648e-11
5350.000000  5.686967e-11
5370.000000  5.505299e-11
5390.000000  5.467892e-11
5410.000000  5.644799e-11
5430.000000  5.663976e-11
5450.000000  4.887460e-11
5470.000000  4.315225e-11
5490.000000  4.787657e-11
5510.000000  4.369097e-11
5530.000000  5.303760e-11
5550.000000  5.742228e-11
5570.000000  5.810546e-11
5590.000000  5.593950e-11
5610.000000  4.418203e-11
5630.000000  4.527801e-11
5650.000000  5.022864e-11
5670.000000  4.888562e-11
5690.000000  5.735885e-11
5710.000000  5.412408e-11
5730.000000  6.417177e-11
5750.000000  6.642156e-11
5770.000000  6.222815e-11
5790.000000  6.284090e-11
5810.000000  6.745185e-11
5830.000000  7.080616e-11
5850.000000  6.369018e-11
5870.000000  5.631115e-11
5890.000000  3.983184e-11
5910.000000  4.598472e-11
5930.000000  4.846361e-11
5950.000000  5.014684e-11
5970.000000  5.357908e-11
5990.000000  5.702595e-11
6010.000000  5.824834e-11
6030.000000  6.658293e-11
6050.000000  7.129612e-11
6070.000000  7.488290e-11
6090.000000  7.615266e-11
6110.000000  7.713099e-11
6130.000000  7.385040e-11
6150.000000  7.711136e-11
6170.000000  5.024015e-11
6190.000000  5.046020e-11
6210.000000  4.896111e-11
6230.000000  4.100399e-11
6250.000000  4.461593e-11
6270.000000  5.276216e-11
6290.000000  5.834945e-11
6310.000000  6.285815e-11
6330.000000  6.762888e-11
6350.000000  7.167104e-11
6370.000000  7.005224e-11
6390.000000  7.337462e-11
6410.000000  7.501614e-11
6430.000000  7.057809e-11
6450.000000  7.411950e-11
6470.000000  7.930678e-11
6490.000000  7.197470e-11
6510.000000  7.855793e-11
6530.000000  8.411862e-11
6550.000000  8.034071e-11
6570.000000  8.082520e-11
6590.000000  8.195323e-11
6610.000000  8.092608e-11
6630.000000  7.860475e-11
6650.000000  7.209036e-11
6670.000000  6.764123e-11
6690.000000  5.791276e-11
6710.000000  5.928645e-11
6730.000000  5.044992e-11
6750.000000  5.261763e-11
6770.000000  6.054473e-11
6790.000000  5.425355e-11
6810.000000  5.996961e-11
6830.000000  6.506964e-11
6850.000000  6.772862e-11
6870.000000  6.963914e-11
6890.000000  7.729577e-11
6910.000000  8.446741e-11
6930.000000  8.275365e-11
6950.000000  8.924889e-11
6970.000000  9.764881e-11
6990.000000  9.745871e-11
7010.000000  1.001926e-10
7030.000000  1.049697e-10
7050.000000  9.866177e-11
7070.000000  6.927957e-11
7090.000000  6.274656e-11
7110.000000  6.042340e-11
7130.000000  4.995923e-11
7150.000000  5.021736e-11
7170.000000  5.588723e-11
7190.000000  6.501794e-11
7210.000000  6.223074e-11
7230.000000  7.387759e-11
7250.000000  8.129337e-11
7270.000000  8.893156e-11
7290.000000  9.439903e-11
7310.000000  9.999435e-11
7330.000000  1.050244e-10
7350.000000  1.080304e-10
7370.000000  1.156067e-10
7390.000000  1.172016e-10
7410.000000  1.183694e-10
7430.000000  1.206577e-10
7450.000000  1.226127e-10
7470.000000  1.232508e-10
7490.000000  1.238225e-10
7510.000000  1.271423e-10
7530.000000  1.284879e-10
7550.000000  1.288600e-10
7570.000000  1.286504e-10
7590.000000  1.195257e-10
7610.000000  1.155327e-10
7630.000000  1.113152e-10
7650.000000  1.103765e-10
7670.000000  9.869655e-11
7690.000000  9.918591e-11
7710.000000  9.605530e-11
7730.000000  1.012367e-10
7750.000000  9.813629e-11
7770.000000  9.956964e-11
7790.000000  1.009047e-10
7810.000000  1.073431e-10
7830.000000  1.042223e-10
7850.000000  1.051981e-10
7870.000000  1.099989e-10
7890.000000  1.122166e-10
7910.000000  1.097638e-10
7930.000000  1.129061e-10
7950.000000  1.113137e-10
7970.000000  1.197906e-10
7990.000000  1.183658e-10
8010.000000  1.212068e-10
8030.000000  1.225517e-10
8050.000000  1.238576e-10
8070.000000  1.215964e-10
8090.000000  1.229899e-10
8110.000000  1.240676e-10
8130.000000  1.272423e-10
8150.000000  1.283122e-10
8170.000000  1.293884e-10
8190.000000  1.241566e-10
8210.000000  1.175213e-10
8230.000000  1.237928e-10
8250.000000  1.231369e-10
8270.000000  1.247063e-10
8290.000000  1.205755e-10
8310.000000  1.169024e-10
8330.000000  1.192869e-10
8350.000000  1.173616e-10
8370.000000  1.181116e-10
8390.000000  1.129453e-10
8410.000000  1.200792e-10
8430.000000  1.138885e-10
8450.000000  1.124913e-10
8470.000000  1.117882e-10
8490.000000  1.126646e-10
8510.000000  1.079122e-10
8530.000000  1.128034e-10
8550.000000  9.716876e-11
8570.000000  1.198632e-10
8590.000000  1.208218e-10
8610.000000  1.220488e-10
8630.000000  1.247882e-10
8650.000000  1.251564e-10
8670.000000  1.059505e-10
8690.000000  1.215855e-10
8710.000000  1.286755e-10
8730.000000  1.291095e-10
8750.000000  1.298274e-10
8770.000000  1.295059e-10
8790.000000  1.313604e-10
8810.000000  1.282536e-10
8830.000000  1.295306e-10
8850.000000  1.316996e-10
8870.000000  1.106552e-10
8890.000000  1.137895e-10
8910.000000  1.183550e-10
8930.000000  1.171390e-10
8950.000000  1.146774e-10
8970.000000  1.169644e-10
8990.000000  1.211425e-10
9010.000000  1.177107e-10
9030.000000  1.211153e-10
9050.000000  1.254669e-10
9070.000000  1.279590e-10
9090.000000  1.240532e-10
9110.000000  1.256739e-10
9130.000000  1.289836e-10
9150.000000  1.255098e-10
9170.000000  1.246198e-10
9190.000000  1.268712e-10
9210.000000  1.242192e-10
9230.000000  1.248917e-10
9250.000000  1.233951e-10
9270.000000  1.247777e-10
9290.000000  1.230543e-10
9310.000000  1.259250e-10
9330.000000  1.264718e-10
9350.000000  1.260539e-10
9370.000000  1.231145e-10
9390.000000  1.246743e-10
9410.000000  1.235877e-10
9430.000000  1.253825e-10
9450.000000  1.224236e-10
9470.000000  1.260263e-10
9490.000000  1.265406e-10
9510.000000  1.272491e-10
9530.000000  1.269726e-10
9550.000000  1.244965e-10
9570.000000  1.258038e-10
9590.000000  1.287233e-10
9610.000000  1.264453e-10
9630.000000  1.281568e-10
9650.000000  1.219966e-10
9670.000000  1.218252e-10
9690.000000  1.260977e-10
9710.000000  1.252833e-10
9730.000000  1.223471e-10
9750.000000  1.216319e-10
9770.000000  1.233449e-10
9790.000000  1.209218e-10
9810.000000  1.252980e-10
9830.000000  1.223325e-10
9850.000000  1.253818e-10
9870.000000  1.256201e-10
9890.000000  1.259999e-10
9910.000000  1.243212e-10
9930.000000  1.248130e-10
9950.000000  1.249416e-10
9970.000000  1.263774e-10
9990.000000  1.267771e-10
10025.000000  1.243202e-10
10075.000000  1.239957e-10
10125.000000  1.256579e-10
10175.000000  1.244783e-10
10225.000000  1.261196e-10
10275.000000  1.266345e-10
10325.000000  1.249967e-10
10375.000000  1.247870e-10
10425.000000  1.257768e-10
10475.000000  1.251558e-10
10525.000000  1.257945e-10
10575.000000  1.243101e-10
10625.000000  1.247488e-10
10675.000000  1.225366e-10
10725.000000  1.228625e-10
10775.000000  1.225682e-10
10825.000000  1.209991e-10
10875.000000  1.211119e-10
10925.000000  1.204094e-10
10975.000000  1.162315e-10
11025.000000  1.156428e-10
11075.000000  1.162185e-10
11125.000000  1.164673e-10
11175.000000  1.166835e-10
11225.000000  1.174252e-10
11275.000000  1.158151e-10
11325.000000  1.165658e-10
11375.000000  1.150251e-10
11425.000000  1.156295e-10
11475.000000  1.170651e-10
11525.000000  1.175073e-10
11575.000000  1.164903e-10
11625.000000  1.150501e-10
11675.000000  1.155463e-10
11725.000000  1.172859e-10
11775.000000  1.149389e-10
11825.000000  1.153744e-10
11875.000000  1.137606e-10
11925.000000  1.159607e-10
11975.000000  1.121608e-10
12025.000000  1.147111e-10
12075.000000  1.143075e-10
12125.000000  1.147948e-10
12175.000000  1.148664e-10
12225.000000  1.146060e-10
12275.000000  1.141156e-10
12325.000000  1.136265e-10
12375.000000  1.136131e-10
12425.000000  1.130497e-10
12475.000000  1.129723e-10
12525.000000  1.123455e-10
12575.000000  1.123428e-10
12625.000000  1.120791e-10
12675.000000  1.115797e-10
12725.000000  1.117702e-10
12775.000000  1.121816e-10
12825.000000  1.088986e-10
12875.000000  1.108000e-10
12925.000000  1.091790e-10
12975.000000  1.111356e-10
13025.000000  1.103146e-10
13075.000000  1.108428e-10
13125.000000  1.090777e-10
13175.000000  1.095301e-10
13225.000000  1.099206e-10
13275.000000  1.083187e-10
13325.000000  1.083325e-10
13375.000000  1.068409e-10
13425.000000  1.066555e-10
13475.000000  1.075394e-10
13525.000000  1.067782e-10
13575.000000  1.062788e-10
13625.000000  1.053535e-10
13675.000000  1.070494e-10
13725.000000  1.078860e-10
13775.000000  1.074694e-10
13825.000000  1.080750e-10
13875.000000  1.061183e-10
13925.000000  9.751608e-11
13975.000000  1.017649e-10
14025.000000  1.026879e-10
14075.000000  1.025557e-10
14125.000000  1.000146e-10
14175.000000  1.004766e-10
14225.000000  1.011918e-10
14275.000000  9.964606e-11
14325.000000  1.016982e-10
14375.000000  1.012047e-10
14425.000000  1.012188e-10
14475.000000  1.034712e-10
14525.000000  1.013764e-10
14570.000000  1.015852e-10
14620.000000  9.597915e-11
14675.000000  9.740358e-11
14725.000000  9.899519e-11
14775.000000  9.999026e-11
14825.000000  1.015043e-10
14875.000000  1.014317e-10
14925.000000  1.042468e-10
14975.000000  1.055701e-10
15025.000000  1.024892e-10
15075.000000  1.024405e-10
15125.000000  1.033057e-10
15175.000000  1.049678e-10
15225.000000  1.068567e-10
15275.000000  1.050976e-10
15325.000000  1.078402e-10
15375.000000  1.050448e-10
15425.000000  1.042027e-10
15475.000000  1.100494e-10
15525.000000  1.070040e-10
15575.000000  1.030805e-10
15625.000000  1.079051e-10
15675.000000  1.091775e-10
15725.000000  1.101551e-10
15775.000000  1.024794e-10
15825.000000  1.065232e-10
15875.000000  1.066597e-10
15925.000000  1.107018e-10
15975.000000  1.081859e-10
16050.000000  1.079530e-10
16150.000000  1.114131e-10
16250.000000  1.066446e-10
16350.000000  1.123388e-10
16450.000000  1.057094e-10
16550.000000  1.117306e-10
16650.000000  1.046494e-10
16750.000000  1.071799e-10
16850.000000  1.030421e-10
16950.000000  1.051491e-10
17050.000000  1.013483e-10
17150.000000  9.889318e-11
17250.000000  9.801035e-11
17350.000000  9.390627e-11
17450.000000  9.496781e-11
17550.000000  9.074289e-11
17650.000000  8.979845e-11
17750.000000  8.764065e-11
17850.000000  8.523672e-11
17950.000000  8.510595e-11
18050.000000  8.050127e-11
18150.000000  8.070825e-11
18250.000000  7.788492e-11
18350.000000  7.801241e-11
18450.000000  7.499434e-11
18550.000000  7.280691e-11
18650.000000  7.235500e-11
18750.000000  7.069196e-11
18850.000000  7.078649e-11
18950.000000  6.872334e-11
19050.000000  6.911989e-11
19150.000000  6.807394e-11
19250.000000  6.782891e-11
19350.000000  6.505389e-11
19450.000000  6.429277e-11
19550.000000  6.387591e-11
19650.000000  6.221393e-11
19750.000000  5.993189e-11
19850.000000  5.923802e-11
19950.000000  5.777513e-11
20050.000000  5.806221e-11
20150.000000  5.669650e-11
20250.000000  5.500075e-11
20350.000000  5.501772e-11
20450.000000  5.454766e-11
20550.000000  5.312409e-11
20650.000000  5.227644e-11
20750.000000  5.189839e-11
20850.000000  5.067464e-11
20950.000000  5.012752e-11
21050.000000  4.985641e-11
21150.000000  4.934991e-11
21250.000000  4.855298e-11
21350.000000  4.827402e-11
21450.000000  4.762341e-11
21550.000000  4.694088e-11
21650.000000  4.656330e-11
21750.000000  4.551628e-11
21850.000000  4.516876e-11
21950.000000  4.476779e-11
22050.000000  4.338881e-11
22150.000000  4.414013e-11
22250.000000  4.233445e-11
22350.000000  4.220273e-11
22450.000000  4.173569e-11
22550.000000  4.143673e-11
22650.000000  4.023284e-11
22750.000000  4.039875e-11
22850.000000  3.952263e-11
22950.000000  3.245568e-11
23050.000000  3.534398e-11
23150.000000  3.491728e-11
23250.000000  2.936085e-11
23350.000000  3.184723e-11
23450.000000  3.049416e-11
23550.000000  2.575253e-11
23650.000000  2.908776e-11
23750.000000  2.781197e-11
23850.000000  2.422938e-11
23950.000000  2.659858e-11
24050.000000  2.575468e-11
24150.000000  2.299177e-11
24250.000000  2.467391e-11
24350.000000  2.422150e-11
24450.000000  2.225608e-11
24550.000000  2.224743e-11
24650.000000  2.281372e-11
24750.000000  2.163065e-11
24850.000000  2.051271e-11
24950.000000  2.115733e-11
