2505.000000  3.198233e-11
2513.000000  2.426094e-11
2518.000000  2.493222e-11
2525.000000  2.115023e-11
2535.000000  1.918046e-11
2545.000000  1.904820e-11
2555.000000  2.387510e-11
2565.000000  2.217200e-11
2575.000000  2.654054e-11
2585.000000  2.618904e-11
2595.000000  2.477117e-11
2605.000000  2.237874e-11
2615.000000  2.063099e-11
2625.000000  2.686289e-11
2635.000000  2.974989e-11
2645.000000  3.850872e-11
2655.000000  4.051385e-11
2665.000000  3.175437e-11
2675.000000  3.580821e-11
2685.000000  3.534811e-11
2695.000000  3.198747e-11
2705.000000  3.476066e-11
2715.000000  3.043587e-11
2725.000000  3.104223e-11
2735.000000  3.439874e-11
2745.000000  2.233209e-11
2755.000000  2.549347e-11
2765.000000  2.836991e-11
2775.000000  3.387796e-11
2785.000000  2.835720e-11
2795.000000  1.157901e-11
2805.000000  1.531656e-11
2815.000000  3.442519e-11
2825.000000  3.994475e-11
2835.000000  3.741351e-11
2845.000000  3.532862e-11
2855.000000  3.093566e-11
2865.000000  3.789844e-11
2875.000000  3.694331e-11
2885.000000  3.732338e-11
2895.000000  3.501541e-11
2910.000000  4.250226e-11
2930.000000  3.966805e-11
2950.000000  3.923793e-11
2970.000000  4.192133e-11
2990.000000  4.210439e-11
3010.000000  4.350128e-11
3030.000000  4.287851e-11
3050.000000  4.287203e-11
3070.000000  4.360623e-11
3090.000000  4.477625e-11
3110.000000  4.312847e-11
3130.000000  4.274996e-11
3150.000000  4.451259e-11
3170.000000  4.425145e-11
3190.000000  4.088767e-11
3210.000000  4.282353e-11
3230.000000  4.017779e-11
3250.000000  4.270077e-11
3270.000000  4.418115e-11
3290.000000  4.431218e-11
3310.000000  4.542042e-11
3330.000000  4.429769e-11
3350.000000  4.373490e-11
3370.000000  4.283975e-11
3390.000000  4.345340e-11
3410.000000  4.372361e-11
3430.000000  4.413486e-11
3450.000000  4.399979e-11
3470.000000  4.335623e-11
3490.000000  4.330891e-11
3510.000000  4.446005e-11
3530.000000  4.403756e-11
3550.000000  4.584772e-11
3570.000000  4.309448e-11
3590.000000  4.280476e-11
3610.000000  4.311930e-11
3630.000000  4.357249e-11
3640.000000  4.289461e-11
3650.000000  4.541579e-11
3670.000000  4.478178e-11
3690.000000  4.294362e-11
3710.000000  4.569832e-11
3730.000000  4.727042e-11
3750.000000  5.886247e-11
3770.000000  6.357344e-11
3790.000000  7.731436e-11
3810.000000  8.968304e-11
3830.000000  7.102747e-11
3850.000000  9.838706e-11
3870.000000  1.100015e-10
3890.000000  6.658670e-11
3910.000000  1.083593e-10
3930.000000  8.788769e-11
3950.000000  1.061508e-10
3970.000000  5.921760e-11
3990.000000  1.078968e-10
4010.000000  1.208504e-10
4030.000000  1.205555e-10
4050.000000  1.188920e-10
4070.000000  1.137682e-10
4090.000000  9.330722e-11
4110.000000  7.258221e-11
4130.000000  1.094873e-10
4150.000000  1.165870e-10
4170.000000  1.157316e-10
4190.000000  1.147961e-10
4210.000000  1.145763e-10
4230.000000  1.111313e-10
4250.000000  1.120853e-10
4270.000000  1.071822e-10
4290.000000  1.079921e-10
4310.000000  9.860449e-11
4330.000000  7.982029e-11
4350.000000  6.844007e-11
4370.000000  1.013257e-10
4390.000000  1.035176e-10
4410.000000  1.020731e-10
4430.000000  1.007309e-10
4450.000000  1.023520e-10
4470.000000  1.020260e-10
4490.000000  1.008322e-10
4510.000000  1.039446e-10
4530.000000  9.908890e-11
4550.000000  9.781506e-11
4570.000000  1.010700e-10
4590.000000  9.677633e-11
4610.000000  9.873333e-11
4630.000000  9.575826e-11
4650.000000  9.640778e-11
4670.000000  9.630066e-11
4690.000000  9.239336e-11
4710.000000  8.884310e-11
4730.000000  9.298336e-11
4750.000000  9.276784e-11
4770.000000  9.102768e-11
4790.000000  9.005030e-11
4810.000000  8.793395e-11
4830.000000  8.415150e-11
4850.000000  6.653100e-11
4870.000000  5.346988e-11
4890.000000  7.880604e-11
4910.000000  8.270348e-11
4930.000000  8.172134e-11
4950.000000  8.341581e-11
4970.000000  8.383392e-11
4990.000000  8.030181e-11
5010.000000  7.742597e-11
5030.000000  7.968505e-11
5050.000000  7.816192e-11
5070.000000  7.957440e-11
5090.000000  7.822709e-11
5110.000000  7.813716e-11
5130.000000  7.633974e-11
5150.000000  7.452647e-11
5170.000000  7.317337e-11
5190.000000  7.233887e-11
5210.000000  7.254847e-11
5230.000000  7.197838e-11
5250.000000  7.300795e-11
5270.000000  6.806998e-11
5290.000000  7.121759e-11
5310.000000  7.026228e-11
5330.000000  6.748653e-11
5350.000000  6.951357e-11
5370.000000  6.872836e-11
5390.000000  6.794599e-11
5410.000000  6.632548e-11
5430.000000  6.670906e-11
5450.000000  6.703142e-11
5470.000000  6.607354e-11
5490.000000  6.564481e-11
5510.000000  6.514471e-11
5530.000000  6.447834e-11
5550.000000  6.440833e-11
5570.000000  6.331634e-11
5590.000000  6.256396e-11
5610.000000  6.249383e-11
5630.000000  6.238593e-11
5650.000000  6.160320e-11
5670.000000  6.055965e-11
5690.000000  6.058485e-11
5710.000000  5.998078e-11
5730.000000  6.043701e-11
5750.000000  5.930072e-11
5770.000000  5.903975e-11
5790.000000  5.832851e-11
5810.000000  5.802476e-11
5830.000000  5.770741e-11
5850.000000  5.694628e-11
5870.000000  5.654605e-11
5890.000000  5.517539e-11
5910.000000  5.558791e-11
5930.000000  5.511191e-11
5950.000000  5.464283e-11
5970.000000  5.426996e-11
5990.000000  5.355718e-11
6010.000000  5.275681e-11
6030.000000  5.259627e-11
6050.000000  5.231576e-11
6070.000000  5.213265e-11
6090.000000  5.145951e-11
6110.000000  5.081502e-11
6130.000000  4.984674e-11
6150.000000  4.899815e-11
6170.000000  4.882505e-11
6190.000000  4.939696e-11
6210.000000  4.904704e-11
6230.000000  4.828104e-11
6250.000000  4.690405e-11
6270.000000  4.789649e-11
6290.000000  4.752655e-11
6310.000000  4.659086e-11
6330.000000  4.642684e-11
6350.000000  4.572817e-11
6370.000000  4.545877e-11
6390.000000  4.538128e-11
6410.000000  4.456786e-11
6430.000000  4.448179e-11
6450.000000  4.356936e-11
6470.000000  4.361283e-11
6490.000000  4.272445e-11
6510.000000  4.247758e-11
6530.000000  4.121905e-11
6550.000000  3.599600e-11
6570.000000  2.884063e-11
6590.000000  3.891154e-11
6610.000000  4.070850e-11
6630.000000  4.094081e-11
6650.000000  4.076757e-11
6670.000000  4.038419e-11
6690.000000  4.031368e-11
6710.000000  3.998646e-11
6730.000000  3.969868e-11
6750.000000  3.912608e-11
6770.000000  3.917854e-11
6790.000000  3.882236e-11
6810.000000  3.852195e-11
6830.000000  3.813448e-11
6850.000000  3.781142e-11
6870.000000  3.765404e-11
6890.000000  3.738258e-11
6910.000000  3.706302e-11
6930.000000  3.674549e-11
6950.000000  3.649182e-11
6970.000000  3.618052e-11
6990.000000  3.596610e-11
7010.000000  3.529969e-11
7030.000000  3.526366e-11
7050.000000  3.508364e-11
7070.000000  3.484012e-11
7090.000000  3.457928e-11
7110.000000  3.361707e-11
7130.000000  3.380298e-11
7150.000000  3.361715e-11
7170.000000  3.333422e-11
7190.000000  3.300248e-11
7210.000000  3.287408e-11
7230.000000  3.260456e-11
7250.000000  3.229860e-11
7270.000000  3.225975e-11
7290.000000  3.178044e-11
7310.000000  3.164919e-11
7330.000000  3.143457e-11
7350.000000  3.131825e-11
7370.000000  3.112169e-11
7390.000000  3.069776e-11
7410.000000  3.030008e-11
7430.000000  3.003982e-11
7450.000000  2.994042e-11
7470.000000  2.958956e-11
7490.000000  2.948877e-11
7510.000000  2.939853e-11
7530.000000  2.923898e-11
7550.000000  2.915117e-11
7570.000000  2.885956e-11
7590.000000  2.869302e-11
7610.000000  2.846546e-11
7630.000000  2.828421e-11
7650.000000  2.800992e-11
7670.000000  2.761870e-11
7690.000000  2.753462e-11
7710.000000  2.733639e-11
7730.000000  2.725670e-11
7750.000000  2.697749e-11
7770.000000  2.631091e-11
7790.000000  2.673673e-11
7810.000000  2.649995e-11
7830.000000  2.616822e-11
7850.000000  2.590798e-11
7870.000000  2.579677e-11
7890.000000  2.555746e-11
7910.000000  2.535628e-11
7930.000000  2.510129e-11
7950.000000  2.492514e-11
7970.000000  2.506461e-11
7990.000000  2.464598e-11
8010.000000  2.463002e-11
8030.000000  2.439325e-11
8050.000000  2.427859e-11
8070.000000  2.411390e-11
8090.000000  2.391636e-11
8110.000000  2.385235e-11
8130.000000  2.372551e-11
8150.000000  2.354928e-11
8170.000000  2.338458e-11
8190.000000  2.282585e-11
8210.000000  2.275036e-11
8230.000000  2.259705e-11
8250.000000  2.251403e-11
8270.000000  2.265562e-11
8290.000000  2.246408e-11
8310.000000  2.224695e-11
8330.000000  2.189160e-11
8350.000000  2.199040e-11
8370.000000  2.187763e-11
8390.000000  2.161933e-11
8410.000000  2.152367e-11
8430.000000  2.131729e-11
8450.000000  2.087712e-11
8470.000000  2.071393e-11
8490.000000  2.097309e-11
8510.000000  1.968422e-11
8530.000000  2.084438e-11
8550.000000  1.806096e-11
8570.000000  2.100328e-11
8590.000000  1.966301e-11
8610.000000  1.915680e-11
8630.000000  2.091892e-11
8650.000000  2.018816e-11
8670.000000  1.652817e-11
8690.000000  2.004401e-11
8710.000000  2.091920e-11
8730.000000  2.018519e-11
8750.000000  1.638353e-11
8770.000000  1.940961e-11
8790.000000  2.067407e-11
8810.000000  2.069960e-11
8830.000000  2.002674e-11
8850.000000  1.826859e-11
8870.000000  1.569081e-11
8890.000000  1.934625e-11
8910.000000  2.007220e-11
8930.000000  2.009213e-11
8950.000000  2.020063e-11
8970.000000  1.979522e-11
8990.000000  1.895740e-11
9010.000000  1.534197e-11
9030.000000  1.683078e-11
9050.000000  1.893118e-11
9070.000000  1.888798e-11
9090.000000  1.865899e-11
9110.000000  1.909010e-11
9130.000000  1.917630e-11
9150.000000  1.911907e-11
9170.000000  1.881813e-11
9190.000000  1.831657e-11
9210.000000  1.703877e-11
9230.000000  1.355885e-11
9250.000000  1.638090e-11
9270.000000  1.741086e-11
9290.000000  1.812105e-11
9310.000000  1.817478e-11
9330.000000  1.807253e-11
9350.000000  1.802503e-11
9370.000000  1.795013e-11
9390.000000  1.771013e-11
9410.000000  1.702378e-11
9430.000000  1.737802e-11
9450.000000  1.728925e-11
9470.000000  1.724381e-11
9490.000000  1.702840e-11
9510.000000  1.652389e-11
9530.000000  1.525409e-11
9550.000000  1.241383e-11
9570.000000  1.531895e-11
9590.000000  1.619788e-11
9610.000000  1.624605e-11
9630.000000  1.606518e-11
9650.000000  1.625100e-11
9670.000000  1.599497e-11
9690.000000  1.594149e-11
9710.000000  1.613628e-11
9730.000000  1.601829e-11
9750.000000  1.578367e-11
9770.000000  1.584430e-11
9790.000000  1.573657e-11
9810.000000  1.564750e-11
9830.000000  1.551554e-11
9850.000000  1.533057e-11
9870.000000  1.523371e-11
9890.000000  1.505214e-11
9910.000000  1.498257e-11
9930.000000  1.497073e-11
9950.000000  1.485278e-11
9970.000000  1.476181e-11
9990.000000  1.457139e-11
10025.000000  1.329353e-11
10075.000000  1.262033e-11
10125.000000  1.388731e-11
10175.000000  1.387433e-11
10225.000000  1.377250e-11
10275.000000  1.360283e-11
10325.000000  1.333522e-11
10375.000000  1.316408e-11
10425.000000  1.297204e-11
10475.000000  1.260713e-11
10525.000000  1.250665e-11
10575.000000  1.235390e-11
10625.000000  1.218890e-11
10675.000000  1.176761e-11
10725.000000  1.174493e-11
10775.000000  1.158931e-11
10825.000000  1.137861e-11
10875.000000  1.108748e-11
10925.000000  9.465741e-12
10975.000000  1.025837e-11
11025.000000  1.078487e-11
11075.000000  1.074166e-11
11125.000000  1.057445e-11
11175.000000  1.043971e-11
11225.000000  1.032530e-11
11275.000000  9.975216e-12
11325.000000  9.861468e-12
11375.000000  9.833620e-12
11425.000000  9.626890e-12
11475.000000  9.634710e-12
11525.000000  9.514207e-12
11575.000000  9.363284e-12
11625.000000  9.108271e-12
11675.000000  8.933663e-12
11725.000000  9.005667e-12
11775.000000  8.691913e-12
11825.000000  8.661308e-12
11875.000000  8.485122e-12
11925.000000  8.552793e-12
11975.000000  8.319685e-12
12025.000000  8.273582e-12
12075.000000  8.137733e-12
12125.000000  8.041827e-12
12175.000000  7.976649e-12
12225.000000  7.855940e-12
12275.000000  7.741378e-12
12325.000000  7.647632e-12
12375.000000  7.562300e-12
12425.000000  7.486212e-12
12475.000000  7.368718e-12
12525.000000  7.261373e-12
12575.000000  7.121443e-12
12625.000000  7.062044e-12
12675.000000  6.985567e-12
12725.000000  6.870255e-12
12775.000000  6.565602e-12
12825.000000  5.609753e-12
12875.000000  6.453475e-12
12925.000000  6.523445e-12
12975.000000  6.479947e-12
13025.000000  6.415008e-12
13075.000000  6.352360e-12
13125.000000  6.254621e-12
13175.000000  6.153891e-12
13225.000000  6.116903e-12
13275.000000  6.034503e-12
13325.000000  5.968883e-12
13375.000000  5.892371e-12
13425.000000  5.822346e-12
13475.000000  5.750898e-12
13525.000000  5.663796e-12
13575.000000  5.585562e-12
13625.000000  5.541856e-12
13675.000000  5.464316e-12
13725.000000  5.347520e-12
13775.000000  5.323556e-12
13825.000000  5.265906e-12
13875.000000  5.227912e-12
13925.000000  5.134866e-12
13975.000000  5.087182e-12
14025.000000  5.029141e-12
14075.000000  4.980813e-12
14125.000000  4.905841e-12
14175.000000  4.859436e-12
14225.000000  4.789491e-12
14275.000000  4.725270e-12
14325.000000  4.688126e-12
14375.000000  4.644967e-12
14425.000000  4.480607e-12
14475.000000  4.526986e-12
14525.000000  4.418917e-12
14570.000000  4.422864e-12
14620.000000  4.359942e-12
14675.000000  4.323407e-12
14725.000000  4.257194e-12
14775.000000  4.192843e-12
14825.000000  4.162533e-12
14875.000000  4.092751e-12
14925.000000  4.100358e-12
14975.000000  4.036247e-12
15025.000000  3.975768e-12
15075.000000  3.923529e-12
15125.000000  3.910543e-12
15175.000000  3.869001e-12
15225.000000  3.819740e-12
15275.000000  3.774068e-12
15325.000000  3.726763e-12
15375.000000  3.696104e-12
15425.000000  3.606781e-12
15475.000000  3.605154e-12
15525.000000  3.571210e-12
15575.000000  3.464786e-12
15625.000000  3.533741e-12
15675.000000  3.417214e-12
15725.000000  3.319327e-12
15775.000000  3.396602e-12
15825.000000  3.374996e-12
15875.000000  3.084474e-12
15925.000000  3.261393e-12
15975.000000  3.303592e-12
16050.000000  3.192453e-12
16150.000000  3.001208e-12
16250.000000  3.152721e-12
16350.000000  2.982998e-12
16450.000000  2.781991e-12
16550.000000  2.963360e-12
16650.000000  2.908175e-12
16750.000000  2.727978e-12
16850.000000  2.538573e-12
16950.000000  2.724440e-12
17050.000000  2.663911e-12
17150.000000  2.618709e-12
17250.000000  2.523293e-12
17350.000000  2.220130e-12
17450.000000  2.381542e-12
17550.000000  2.390136e-12
17650.000000  2.344471e-12
17750.000000  2.305708e-12
17850.000000  2.255280e-12
17950.000000  2.219367e-12
18050.000000  2.145528e-12
18150.000000  1.910298e-12
18250.000000  2.009653e-12
18350.000000  2.034368e-12
18450.000000  1.998991e-12
18550.000000  1.951795e-12
18650.000000  1.898630e-12
18750.000000  1.676586e-12
18850.000000  1.813911e-12
18950.000000  1.791829e-12
19050.000000  1.782492e-12
19150.000000  1.746534e-12
19250.000000  1.708635e-12
19350.000000  1.653782e-12
19450.000000  1.466356e-12
19550.000000  1.593664e-12
19650.000000  1.584363e-12
19750.000000  1.553919e-12
19850.000000  1.530506e-12
19950.000000  1.502278e-12
20050.000000  1.476170e-12
20150.000000  1.450471e-12
20250.000000  1.421396e-12
20350.000000  1.392855e-12
20450.000000  1.372979e-12
20550.000000  1.347355e-12
20650.000000  1.319647e-12
20750.000000  1.297467e-12
20850.000000  1.275393e-12
20950.000000  1.251403e-12
21050.000000  1.229884e-12
21150.000000  1.204864e-12
21250.000000  1.184310e-12
21350.000000  1.163575e-12
21450.000000  1.144691e-12
21550.000000  1.113599e-12
21650.000000  9.928227e-13
21750.000000  1.065498e-12
21850.000000  1.065526e-12
21950.000000  1.053545e-12
22050.000000  1.032074e-12
22150.000000  1.014731e-12
22250.000000  1.001520e-12
22350.000000  9.847166e-13
22450.000000  9.684585e-13
22550.000000  9.478443e-13
22650.000000  9.352919e-13
22750.000000  9.206942e-13
22850.000000  9.052568e-13
22950.000000  8.897256e-13
23050.000000  8.776201e-13
23150.000000  8.628195e-13
23250.000000  8.501312e-13
23350.000000  8.360628e-13
23450.000000  8.233003e-13
23550.000000  8.103771e-13
23650.000000  7.979253e-13
23750.000000  7.842051e-13
23850.000000  7.721051e-13
23950.000000  7.605689e-13
24050.000000  7.481223e-13
24150.000000  7.362356e-13
24250.000000  7.257257e-13
24350.000000  7.133244e-13
24450.000000  7.027153e-13
24550.000000  6.914453e-13
24650.000000  6.810074e-13
24750.000000  6.702814e-13
24850.000000  6.605229e-13
24950.000000  6.453235e-13
