2505.000000  2.522189e-11
2513.000000  1.925334e-11
2518.000000  1.962327e-11
2525.000000  1.685497e-11
2535.000000  1.527819e-11
2545.000000  1.486446e-11
2555.000000  1.849607e-11
2565.000000  1.751970e-11
2575.000000  2.105158e-11
2585.000000  2.099214e-11
2595.000000  2.001223e-11
2605.000000  1.818204e-11
2615.000000  1.679499e-11
2625.000000  2.168346e-11
2635.000000  2.358422e-11
2645.000000  3.004013e-11
2655.000000  3.159230e-11
2665.000000  2.485390e-11
2675.000000  2.799764e-11
2685.000000  2.769870e-11
2695.000000  2.500787e-11
2705.000000  2.714706e-11
2715.000000  2.387609e-11
2725.000000  2.438533e-11
2735.000000  2.703747e-11
2745.000000  1.799127e-11
2755.000000  2.030345e-11
2765.000000  2.242114e-11
2775.000000  2.654695e-11
2785.000000  2.241802e-11
2795.000000  9.463297e-12
2805.000000  1.246845e-11
2815.000000  2.712836e-11
2825.000000  3.109755e-11
2835.000000  2.913262e-11
2845.000000  2.746076e-11
2855.000000  2.406904e-11
2865.000000  2.941312e-11
2875.000000  2.870396e-11
2885.000000  2.892506e-11
2895.000000  2.717328e-11
2910.000000  3.285135e-11
2930.000000  3.065005e-11
2950.000000  3.034725e-11
2970.000000  3.231167e-11
2990.000000  3.241656e-11
3010.000000  3.339965e-11
3030.000000  3.292549e-11
3050.000000  3.290841e-11
3070.000000  3.346723e-11
3090.000000  3.425550e-11
3110.000000  3.302123e-11
3130.000000  3.273885e-11
3150.000000  3.400319e-11
3170.000000  3.379000e-11
3190.000000  3.124945e-11
3210.000000  3.264208e-11
3230.000000  3.064520e-11
3250.000000  3.248273e-11
3270.000000  3.360390e-11
3290.000000  3.366908e-11
3310.000000  3.446888e-11
3330.000000  3.362420e-11
3350.000000  3.317953e-11
3370.000000  3.251362e-11
3390.000000  3.291466e-11
3410.000000  3.304764e-11
3430.000000  3.329580e-11
3450.000000  3.318950e-11
3470.000000  3.271939e-11
3490.000000  3.271261e-11
3510.000000  3.350559e-11
3530.000000  3.314496e-11
3550.000000  3.445051e-11
3570.000000  3.241441e-11
3590.000000  3.215189e-11
3610.000000  3.236235e-11
3630.000000  3.266662e-11
3640.000000  3.217818e-11
3650.000000  3.404633e-11
3670.000000  3.361906e-11
3690.000000  3.223543e-11
3710.000000  3.339297e-11
3730.000000  3.372696e-11
3750.000000  4.122624e-11
3770.000000  4.433686e-11
3790.000000  5.373726e-11
3810.000000  6.225139e-11
3830.000000  4.938540e-11
3850.000000  6.845031e-11
3870.000000  7.656380e-11
3890.000000  4.633064e-11
3910.000000  7.570373e-11
3930.000000  6.252464e-11
3950.000000  7.439382e-11
3970.000000  4.170458e-11
3990.000000  7.540011e-11
4010.000000  8.501621e-11
4030.000000  8.506967e-11
4050.000000  8.386006e-11
4070.000000  7.997349e-11
4090.000000  6.494805e-11
4110.000000  5.052951e-11
4130.000000  7.688270e-11
4150.000000  8.220289e-11
4170.000000  8.192688e-11
4190.000000  8.123241e-11
4210.000000  8.116729e-11
4230.000000  7.864256e-11
4250.000000  7.937450e-11
4270.000000  7.581669e-11
4290.000000  7.636009e-11
4310.000000  6.950189e-11
4330.000000  5.567586e-11
4350.000000  4.774356e-11
4370.000000  7.127510e-11
4390.000000  7.326145e-11
4410.000000  7.240967e-11
4430.000000  7.136137e-11
4450.000000  7.263275e-11
4470.000000  7.243316e-11
4490.000000  7.152510e-11
4510.000000  7.375373e-11
4530.000000  7.041084e-11
4550.000000  6.953318e-11
4570.000000  7.175213e-11
4590.000000  6.879867e-11
4610.000000  7.006587e-11
4630.000000  6.801037e-11
4650.000000  6.843941e-11
4670.000000  6.837451e-11
4690.000000  6.552173e-11
4710.000000  6.293484e-11
4730.000000  6.599714e-11
4750.000000  6.578923e-11
4770.000000  6.458699e-11
4790.000000  6.382450e-11
4810.000000  6.221634e-11
4830.000000  5.925778e-11
4850.000000  4.643289e-11
4870.000000  3.734352e-11
4890.000000  5.539830e-11
4910.000000  5.850392e-11
4930.000000  5.795845e-11
4950.000000  5.918389e-11
4970.000000  5.949546e-11
4990.000000  5.705830e-11
5010.000000  5.507352e-11
5030.000000  5.663446e-11
5050.000000  5.553379e-11
5070.000000  5.654585e-11
5090.000000  5.560185e-11
5110.000000  5.555228e-11
5130.000000  5.431411e-11
5150.000000  5.301677e-11
5170.000000  5.201056e-11
5190.000000  5.142660e-11
5210.000000  5.162728e-11
5230.000000  5.120337e-11
5250.000000  5.193557e-11
5270.000000  4.840769e-11
5290.000000  5.065409e-11
5310.000000  5.000310e-11
5330.000000  4.795111e-11
5350.000000  4.940635e-11
5370.000000  4.884705e-11
5390.000000  4.832125e-11
5410.000000  4.713272e-11
5430.000000  4.746057e-11
5450.000000  4.763987e-11
5470.000000  4.697220e-11
5490.000000  4.664973e-11
5510.000000  4.633011e-11
5530.000000  4.583126e-11
5550.000000  4.576845e-11
5570.000000  4.499390e-11
5590.000000  4.445537e-11
5610.000000  4.440622e-11
5630.000000  4.433545e-11
5650.000000  4.379710e-11
5670.000000  4.304986e-11
5690.000000  4.305186e-11
5710.000000  4.261557e-11
5730.000000  4.294496e-11
5750.000000  4.212091e-11
5770.000000  4.193884e-11
5790.000000  4.144837e-11
5810.000000  4.122384e-11
5830.000000  4.100026e-11
5850.000000  4.045831e-11
5870.000000  4.016210e-11
5890.000000  3.919271e-11
5910.000000  3.948479e-11
5930.000000  3.914499e-11
5950.000000  3.881467e-11
5970.000000  3.854929e-11
5990.000000  3.804553e-11
6010.000000  3.746825e-11
6030.000000  3.734594e-11
6050.000000  3.716009e-11
6070.000000  3.702434e-11
6090.000000  3.655350e-11
6110.000000  3.609355e-11
6130.000000  3.539962e-11
6150.000000  3.479667e-11
6170.000000  3.466402e-11
6190.000000  3.508393e-11
6210.000000  3.482585e-11
6230.000000  3.428859e-11
6250.000000  3.333340e-11
6270.000000  3.401041e-11
6290.000000  3.374200e-11
6310.000000  3.308879e-11
6330.000000  3.295701e-11
6350.000000  3.244410e-11
6370.000000  3.225691e-11
6390.000000  3.221233e-11
6410.000000  3.162543e-11
6430.000000  3.155751e-11
6450.000000  3.090705e-11
6470.000000  3.091508e-11
6490.000000  3.029111e-11
6510.000000  3.005278e-11
6530.000000  2.903511e-11
6550.000000  2.515642e-11
6570.000000  2.016480e-11
6590.000000  2.732059e-11
6610.000000  2.875679e-11
6630.000000  2.898048e-11
6650.000000  2.888667e-11
6670.000000  2.862691e-11
6690.000000  2.857600e-11
6710.000000  2.834536e-11
6730.000000  2.815054e-11
6750.000000  2.773713e-11
6770.000000  2.777916e-11
6790.000000  2.753027e-11
6810.000000  2.730891e-11
6830.000000  2.703652e-11
6850.000000  2.680741e-11
6870.000000  2.669201e-11
6890.000000  2.649552e-11
6910.000000  2.627020e-11
6930.000000  2.604865e-11
6950.000000  2.586488e-11
6970.000000  2.564249e-11
6990.000000  2.549097e-11
7010.000000  2.501487e-11
7030.000000  2.499285e-11
7050.000000  2.486573e-11
7070.000000  2.468938e-11
7090.000000  2.450509e-11
7110.000000  2.381322e-11
7130.000000  2.394876e-11
7150.000000  2.381349e-11
7170.000000  2.361263e-11
7190.000000  2.337613e-11
7210.000000  2.329243e-11
7230.000000  2.310074e-11
7250.000000  2.288020e-11
7270.000000  2.284952e-11
7290.000000  2.250750e-11
7310.000000  2.242612e-11
7330.000000  2.226643e-11
7350.000000  2.217843e-11
7370.000000  2.203482e-11
7390.000000  2.173136e-11
7410.000000  2.145084e-11
7430.000000  2.126680e-11
7450.000000  2.119552e-11
7470.000000  2.095040e-11
7490.000000  2.087632e-11
7510.000000  2.081811e-11
7530.000000  2.069658e-11
7550.000000  2.063158e-11
7570.000000  2.042333e-11
7590.000000  2.030698e-11
7610.000000  2.014379e-11
7630.000000  2.001472e-11
7650.000000  1.982697e-11
7670.000000  1.953971e-11
7690.000000  1.947569e-11
7710.000000  1.934947e-11
7730.000000  1.928505e-11
7750.000000  1.908428e-11
7770.000000  1.860705e-11
7790.000000  1.891411e-11
7810.000000  1.874594e-11
7830.000000  1.851032e-11
7850.000000  1.831968e-11
7870.000000  1.823853e-11
7890.000000  1.806794e-11
7910.000000  1.792430e-11
7930.000000  1.774269e-11
7950.000000  1.761740e-11
7970.000000  1.771721e-11
7990.000000  1.742412e-11
8010.000000  1.741076e-11
8030.000000  1.724258e-11
8050.000000  1.716100e-11
8070.000000  1.704271e-11
8090.000000  1.690590e-11
8110.000000  1.685556e-11
8130.000000  1.676368e-11
8150.000000  1.664338e-11
8170.000000  1.652420e-11
8190.000000  1.612829e-11
8210.000000  1.606962e-11
8230.000000  1.596158e-11
8250.000000  1.590636e-11
8270.000000  1.600569e-11
8290.000000  1.587081e-11
8310.000000  1.571253e-11
8330.000000  1.547100e-11
8350.000000  1.553604e-11
8370.000000  1.547082e-11
8390.000000  1.528894e-11
8410.000000  1.523208e-11
8430.000000  1.507488e-11
8450.000000  1.475376e-11
8470.000000  1.470629e-11
8490.000000  1.478529e-11
8510.000000  1.399984e-11
8530.000000  1.465991e-11
8550.000000  1.287840e-11
8570.000000  1.472522e-11
8590.000000  1.386353e-11
8610.000000  1.354819e-11
8630.000000  1.462595e-11
8650.000000  1.410986e-11
8670.000000  1.170024e-11
8690.000000  1.398762e-11
8710.000000  1.458496e-11
8730.000000  1.405650e-11
8750.000000  1.148228e-11
8770.000000  1.351039e-11
8790.000000  1.440394e-11
8810.000000  1.443322e-11
8830.000000  1.395351e-11
8850.000000  1.268617e-11
8870.000000  1.093538e-11
8890.000000  1.344760e-11
8910.000000  1.399898e-11
8930.000000  1.403382e-11
8950.000000  1.411722e-11
8970.000000  1.381216e-11
8990.000000  1.317830e-11
9010.000000  1.065625e-11
9030.000000  1.166689e-11
9050.000000  1.317428e-11
9070.000000  1.319199e-11
9090.000000  1.304819e-11
9110.000000  1.336219e-11
9130.000000  1.342844e-11
9150.000000  1.337645e-11
9170.000000  1.315210e-11
9190.000000  1.276796e-11
9210.000000  1.182209e-11
9230.000000  9.401438e-12
9250.000000  1.136016e-11
9270.000000  1.213078e-11
9290.000000  1.266213e-11
9310.000000  1.271924e-11
9330.000000  1.265681e-11
9350.000000  1.262802e-11
9370.000000  1.257769e-11
9390.000000  1.241001e-11
9410.000000  1.191415e-11
9430.000000  1.217213e-11
9450.000000  1.210558e-11
9470.000000  1.206520e-11
9490.000000  1.189390e-11
9510.000000  1.150457e-11
9530.000000  1.056655e-11
9550.000000  8.592530e-12
9570.000000  1.062045e-11
9590.000000  1.128364e-11
9610.000000  1.135152e-11
9630.000000  1.123907e-11
9650.000000  1.137845e-11
9670.000000  1.120325e-11
9690.000000  1.116681e-11
9710.000000  1.130329e-11
9730.000000  1.122317e-11
9750.000000  1.106177e-11
9770.000000  1.110440e-11
9790.000000  1.102925e-11
9810.000000  1.096694e-11
9830.000000  1.087102e-11
9850.000000  1.074312e-11
9870.000000  1.066850e-11
9890.000000  1.053781e-11
9910.000000  1.049012e-11
9930.000000  1.048380e-11
9950.000000  1.039725e-11
9970.000000  1.032403e-11
9990.000000  1.017521e-11
10025.000000  9.226400e-12
10075.000000  8.755907e-12
10125.000000  9.705550e-12
10175.000000  9.711643e-12
10225.000000  9.645930e-12
10275.000000  9.529695e-12
10325.000000  9.345605e-12
10375.000000  9.222981e-12
10425.000000  9.086997e-12
10475.000000  8.830881e-12
10525.000000  8.760448e-12
10575.000000  8.652443e-12
10625.000000  8.537647e-12
10675.000000  8.233788e-12
10725.000000  8.220951e-12
10775.000000  8.110008e-12
10825.000000  7.956361e-12
10875.000000  7.731410e-12
10925.000000  6.555112e-12
10975.000000  7.119401e-12
11025.000000  7.530331e-12
11075.000000  7.513378e-12
11125.000000  7.398233e-12
11175.000000  7.307138e-12
11225.000000  7.227886e-12
11275.000000  6.980274e-12
11325.000000  6.901295e-12
11375.000000  6.881647e-12
11425.000000  6.737005e-12
11475.000000  6.742588e-12
11525.000000  6.658374e-12
11575.000000  6.552499e-12
11625.000000  6.373164e-12
11675.000000  6.249753e-12
11725.000000  6.301615e-12
11775.000000  6.077563e-12
11825.000000  6.059149e-12
11875.000000  5.934579e-12
11925.000000  5.983298e-12
11975.000000  5.819257e-12
12025.000000  5.786398e-12
12075.000000  5.690797e-12
12125.000000  5.623787e-12
12175.000000  5.578796e-12
12225.000000  5.494134e-12
12275.000000  5.413272e-12
12325.000000  5.347092e-12
12375.000000  5.288001e-12
12425.000000  5.234841e-12
12475.000000  5.152068e-12
12525.000000  5.076543e-12
12575.000000  4.976884e-12
12625.000000  4.931658e-12
12675.000000  4.878824e-12
12725.000000  4.791292e-12
12775.000000  4.556784e-12
12825.000000  3.873833e-12
12875.000000  4.483510e-12
12925.000000  4.550655e-12
12975.000000  4.525016e-12
13025.000000  4.480206e-12
13075.000000  4.438623e-12
13125.000000  4.370259e-12
13175.000000  4.299915e-12
13225.000000  4.274110e-12
13275.000000  4.216448e-12
13325.000000  4.170749e-12
13375.000000  4.117143e-12
13425.000000  4.067971e-12
13475.000000  4.017491e-12
13525.000000  3.956395e-12
13575.000000  3.902056e-12
13625.000000  3.871127e-12
13675.000000  3.816727e-12
13725.000000  3.735451e-12
13775.000000  3.718218e-12
13825.000000  3.678144e-12
13875.000000  3.651262e-12
13925.000000  3.585337e-12
13975.000000  3.552311e-12
14025.000000  3.511657e-12
14075.000000  3.478268e-12
14125.000000  3.425693e-12
14175.000000  3.392847e-12
14225.000000  3.343750e-12
14275.000000  3.298508e-12
14325.000000  3.273070e-12
14375.000000  3.242341e-12
14425.000000  3.127122e-12
14475.000000  3.160191e-12
14525.000000  3.084253e-12
14570.000000  3.087433e-12
14620.000000  3.043304e-12
14675.000000  3.017457e-12
14725.000000  2.970846e-12
14775.000000  2.925734e-12
14825.000000  2.905012e-12
14875.000000  2.855096e-12
14925.000000  2.861471e-12
14975.000000  2.816276e-12
15025.000000  2.773970e-12
15075.000000  2.737995e-12
15125.000000  2.729623e-12
15175.000000  2.700589e-12
15225.000000  2.665090e-12
15275.000000  2.636008e-12
15325.000000  2.603268e-12
15375.000000  2.578983e-12
15425.000000  2.522634e-12
15475.000000  2.514536e-12
15525.000000  2.489931e-12
15575.000000  2.427516e-12
15625.000000  2.458934e-12
15675.000000  2.384098e-12
15725.000000  2.326216e-12
15775.000000  2.360479e-12
15825.000000  2.345520e-12
15875.000000  2.165930e-12
15925.000000  2.267687e-12
15975.000000  2.293955e-12
16050.000000  2.216395e-12
16150.000000  2.091021e-12
16250.000000  2.188423e-12
16350.000000  2.067510e-12
16450.000000  1.931308e-12
16550.000000  2.058230e-12
16650.000000  2.020300e-12
16750.000000  1.887630e-12
16850.000000  1.757090e-12
16950.000000  1.892131e-12
17050.000000  1.852473e-12
17150.000000  1.820818e-12
17250.000000  1.750359e-12
17350.000000  1.533623e-12
17450.000000  1.649295e-12
17550.000000  1.660798e-12
17650.000000  1.630675e-12
17750.000000  1.603700e-12
17850.000000  1.568525e-12
17950.000000  1.542595e-12
18050.000000  1.488969e-12
18150.000000  1.318815e-12
18250.000000  1.390338e-12
18350.000000  1.412784e-12
18450.000000  1.389359e-12
18550.000000  1.356073e-12
18650.000000  1.316324e-12
18750.000000  1.156232e-12
18850.000000  1.256893e-12
18950.000000  1.244681e-12
19050.000000  1.238186e-12
19150.000000  1.213215e-12
19250.000000  1.186761e-12
19350.000000  1.145783e-12
19450.000000  1.010753e-12
19550.000000  1.104071e-12
19650.000000  1.100296e-12
19750.000000  1.079841e-12
19850.000000  1.063853e-12
19950.000000  1.044206e-12
20050.000000  1.026048e-12
20150.000000  1.008106e-12
20250.000000  9.878780e-13
20350.000000  9.679735e-13
20450.000000  9.541916e-13
20550.000000  9.363284e-13
20650.000000  9.169801e-13
20750.000000  9.016011e-13
20850.000000  8.862635e-13
20950.000000  8.695215e-13
21050.000000  8.545870e-13
21150.000000  8.370936e-13
21250.000000  8.227307e-13
21350.000000  8.081598e-13
21450.000000  7.945218e-13
21550.000000  7.714210e-13
21650.000000  6.843024e-13
21750.000000  7.373037e-13
21850.000000  7.394213e-13
21950.000000  7.315564e-13
22050.000000  7.168656e-13
22150.000000  7.048776e-13
22250.000000  6.956974e-13
22350.000000  6.839706e-13
22450.000000  6.726693e-13
22550.000000  6.583621e-13
22650.000000  6.496309e-13
22750.000000  6.394181e-13
22850.000000  6.286554e-13
22950.000000  6.178849e-13
23050.000000  6.094804e-13
23150.000000  5.991660e-13
23250.000000  5.903562e-13
23350.000000  5.805794e-13
23450.000000  5.716668e-13
23550.000000  5.627148e-13
23650.000000  5.540372e-13
23750.000000  5.444276e-13
23850.000000  5.361248e-13
23950.000000  5.280427e-13
24050.000000  5.194950e-13
24150.000000  5.112517e-13
24250.000000  5.039088e-13
24350.000000  4.953713e-13
24450.000000  4.880886e-13
24550.000000  4.799533e-13
24650.000000  4.729560e-13
24750.000000  4.654953e-13
24850.000000  4.582668e-13
24950.000000  4.488924e-13
