2505.000000  3.319386e-10
2513.000000  3.080840e-10
2518.000000  3.234682e-10
2525.000000  3.062679e-10
2535.000000  3.071518e-10
2545.000000  2.941478e-10
2555.000000  3.061674e-10
2565.000000  3.016731e-10
2575.000000  3.135971e-10
2585.000000  3.110890e-10
2595.000000  3.111662e-10
2605.000000  3.014477e-10
2615.000000  2.990036e-10
2625.000000  2.988388e-10
2635.000000  2.996535e-10
2645.000000  3.053612e-10
2655.000000  3.027276e-10
2665.000000  2.871881e-10
2675.000000  2.946371e-10
2685.000000  2.901624e-10
2695.000000  2.825143e-10
2705.000000  2.835365e-10
2715.000000  2.765791e-10
2725.000000  2.736408e-10
2735.000000  2.804576e-10
2745.000000  2.608333e-10
2755.000000  2.599020e-10
2765.000000  2.621881e-10
2775.000000  2.677694e-10
2785.000000  2.666681e-10
2795.000000  2.491946e-10
2805.000000  2.581297e-10
2815.000000  2.617983e-10
2825.000000  2.574549e-10
2835.000000  2.436017e-10
2845.000000  2.417725e-10
2855.000000  2.433910e-10
2865.000000  2.482685e-10
2875.000000  2.432728e-10
2885.000000  2.425832e-10
2895.000000  2.402511e-10
2910.000000  2.413319e-10
2930.000000  2.348823e-10
2950.000000  2.293042e-10
2970.000000  2.271427e-10
2990.000000  2.224328e-10
3010.000000  2.206041e-10
3030.000000  2.187476e-10
3050.000000  2.136405e-10
3070.000000  2.095857e-10
3090.000000  2.062875e-10
3110.000000  2.017630e-10
3130.000000  1.989057e-10
3150.000000  1.957349e-10
3170.000000  1.913847e-10
3190.000000  1.851103e-10
3210.000000  1.846250e-10
3230.000000  1.818114e-10
3250.000000  1.790354e-10
3270.000000  1.763512e-10
3290.000000  1.734175e-10
3310.000000  1.710929e-10
3330.000000  1.677623e-10
3350.000000  1.643486e-10
3370.000000  1.617839e-10
3390.000000  1.592042e-10
3410.000000  1.569369e-10
3430.000000  1.537793e-10
3450.000000  1.509376e-10
3470.000000  1.485172e-10
3490.000000  1.462474e-10
3510.000000  1.442096e-10
3530.000000  1.422758e-10
3550.000000  1.400444e-10
3570.000000  1.382582e-10
3590.000000  1.348201e-10
3610.000000  1.329928e-10
3630.000000  1.310900e-10
3640.000000  1.308512e-10
3650.000000  1.296112e-10
3670.000000  1.281311e-10
3690.000000  1.255151e-10
3710.000000  1.212539e-10
3730.000000  1.160053e-10
3750.000000  1.248046e-10
3770.000000  1.262411e-10
3790.000000  1.385649e-10
3810.000000  1.482349e-10
3830.000000  1.249451e-10
3850.000000  1.544703e-10
3870.000000  1.602803e-10
3890.000000  1.161851e-10
3910.000000  1.601858e-10
3930.000000  1.570108e-10
3950.000000  1.549656e-10
3970.000000  1.085466e-10
3990.000000  1.473823e-10
4010.000000  1.505063e-10
4030.000000  1.399455e-10
4050.000000  1.476498e-10
4070.000000  1.416627e-10
4090.000000  1.258020e-10
4110.000000  1.057563e-10
4130.000000  1.325046e-10
4150.000000  1.332218e-10
4170.000000  1.327694e-10
4190.000000  1.318327e-10
4210.000000  1.304516e-10
4230.000000  1.278760e-10
4250.000000  1.252079e-10
4270.000000  1.207940e-10
4290.000000  1.210390e-10
4310.000000  1.174497e-10
4330.000000  1.006397e-10
4350.000000  8.997285e-11
4370.000000  1.108953e-10
4390.000000  1.080698e-10
4410.000000  1.100928e-10
4430.000000  1.077932e-10
4450.000000  1.075708e-10
4470.000000  1.003254e-10
4490.000000  1.028190e-10
4510.000000  1.030686e-10
4530.000000  1.008164e-10
4550.000000  9.953653e-11
4570.000000  9.842776e-11
4590.000000  9.677200e-11
4610.000000  9.509043e-11
4630.000000  9.304222e-11
4650.000000  9.189468e-11
4670.000000  9.095773e-11
4690.000000  8.995312e-11
4710.000000  8.613047e-11
4730.000000  8.635805e-11
4750.000000  8.506068e-11
4770.000000  8.510640e-11
4790.000000  8.339054e-11
4810.000000  8.131440e-11
4830.000000  7.941516e-11
4850.000000  7.007731e-11
4870.000000  6.085072e-11
4890.000000  7.586973e-11
4910.000000  7.582728e-11
4930.000000  7.288761e-11
4950.000000  7.429558e-11
4970.000000  7.360861e-11
4990.000000  7.232309e-11
5010.000000  6.897188e-11
5030.000000  6.975489e-11
5050.000000  6.756123e-11
5070.000000  6.824339e-11
5090.000000  6.719698e-11
5110.000000  6.591200e-11
5130.000000  6.474336e-11
5150.000000  6.367012e-11
5170.000000  6.353595e-11
5190.000000  6.272777e-11
5210.000000  6.087540e-11
5230.000000  6.100108e-11
5250.000000  6.032689e-11
5270.000000  5.928135e-11
5290.000000  5.897633e-11
5310.000000  5.799444e-11
5330.000000  5.716621e-11
5350.000000  5.622737e-11
5370.000000  5.591438e-11
5390.000000  5.515598e-11
5410.000000  5.429724e-11
5430.000000  5.345625e-11
5450.000000  5.288271e-11
5470.000000  5.206955e-11
5490.000000  5.170480e-11
5510.000000  5.097811e-11
5530.000000  5.037231e-11
5550.000000  4.980214e-11
5570.000000  4.912296e-11
5590.000000  4.857335e-11
5610.000000  4.792252e-11
5630.000000  4.752693e-11
5650.000000  4.618578e-11
5670.000000  4.571594e-11
5690.000000  4.544848e-11
5710.000000  4.509240e-11
5730.000000  4.457255e-11
5750.000000  4.401764e-11
5770.000000  4.353144e-11
5790.000000  4.297403e-11
5810.000000  4.242497e-11
5830.000000  4.189840e-11
5850.000000  4.141276e-11
5870.000000  3.961044e-11
5890.000000  4.001933e-11
5910.000000  3.988480e-11
5930.000000  3.946916e-11
5950.000000  3.871357e-11
5970.000000  3.853456e-11
5990.000000  3.797964e-11
6010.000000  3.769749e-11
6030.000000  3.722124e-11
6050.000000  3.680173e-11
6070.000000  3.636306e-11
6090.000000  3.589212e-11
6110.000000  3.555378e-11
6130.000000  3.516012e-11
6150.000000  3.440172e-11
6170.000000  3.429078e-11
6190.000000  3.395581e-11
6210.000000  3.356216e-11
6230.000000  3.311818e-11
6250.000000  3.258718e-11
6270.000000  3.238618e-11
6290.000000  3.201309e-11
6310.000000  3.159552e-11
6330.000000  3.131281e-11
6350.000000  3.063506e-11
6370.000000  3.044683e-11
6390.000000  3.023468e-11
6410.000000  2.987330e-11
6430.000000  2.964004e-11
6450.000000  2.924445e-11
6470.000000  2.890805e-11
6490.000000  2.857011e-11
6510.000000  2.815543e-11
6530.000000  2.764769e-11
6550.000000  2.564910e-11
6570.000000  2.210250e-11
6590.000000  2.630485e-11
6610.000000  2.666543e-11
6630.000000  2.650286e-11
6650.000000  2.626267e-11
6670.000000  2.571039e-11
6690.000000  2.546663e-11
6710.000000  2.543488e-11
6730.000000  2.516943e-11
6750.000000  2.492418e-11
6770.000000  2.467759e-11
6790.000000  2.426076e-11
6810.000000  2.411479e-11
6830.000000  2.383496e-11
6850.000000  2.364113e-11
6870.000000  2.340310e-11
6890.000000  2.315465e-11
6910.000000  2.291579e-11
6930.000000  2.261215e-11
6950.000000  2.245516e-11
6970.000000  2.223292e-11
6990.000000  2.199425e-11
7010.000000  2.175606e-11
7030.000000  2.153905e-11
7050.000000  2.126110e-11
7070.000000  2.078545e-11
7090.000000  2.090927e-11
7110.000000  2.062347e-11
7130.000000  2.043037e-11
7150.000000  2.025543e-11
7170.000000  2.007215e-11
7190.000000  1.988697e-11
7210.000000  1.969064e-11
7230.000000  1.924351e-11
7250.000000  1.926538e-11
7270.000000  1.911423e-11
7290.000000  1.880499e-11
7310.000000  1.873928e-11
7330.000000  1.855405e-11
7350.000000  1.838413e-11
7370.000000  1.820393e-11
7390.000000  1.802717e-11
7410.000000  1.785192e-11
7430.000000  1.762952e-11
7450.000000  1.748762e-11
7470.000000  1.727492e-11
7490.000000  1.713672e-11
7510.000000  1.698460e-11
7530.000000  1.682735e-11
7550.000000  1.667629e-11
7570.000000  1.652647e-11
7590.000000  1.635308e-11
7610.000000  1.622022e-11
7630.000000  1.606248e-11
7650.000000  1.591030e-11
7670.000000  1.575993e-11
7690.000000  1.561006e-11
7710.000000  1.547055e-11
7730.000000  1.531623e-11
7750.000000  1.517990e-11
7770.000000  1.485817e-11
7790.000000  1.490239e-11
7810.000000  1.476339e-11
7830.000000  1.463267e-11
7850.000000  1.442170e-11
7870.000000  1.430933e-11
7890.000000  1.413580e-11
7910.000000  1.409043e-11
7930.000000  1.397997e-11
7950.000000  1.377097e-11
7970.000000  1.371614e-11
7990.000000  1.349230e-11
8010.000000  1.347594e-11
8030.000000  1.334753e-11
8050.000000  1.321937e-11
8070.000000  1.311262e-11
8090.000000  1.298276e-11
8110.000000  1.286783e-11
8130.000000  1.275427e-11
8150.000000  1.264535e-11
8170.000000  1.254527e-11
8190.000000  1.241052e-11
8210.000000  1.225723e-11
8230.000000  1.211971e-11
8250.000000  1.210436e-11
8270.000000  1.196915e-11
8290.000000  1.187992e-11
8310.000000  1.178570e-11
8330.000000  1.168932e-11
8350.000000  1.155658e-11
8370.000000  1.147027e-11
8390.000000  1.140694e-11
8410.000000  1.130082e-11
8430.000000  1.118445e-11
8450.000000  1.096418e-11
8470.000000  1.097110e-11
8490.000000  1.086695e-11
8510.000000  1.071510e-11
8530.000000  1.072148e-11
8550.000000  1.038275e-11
8570.000000  1.065165e-11
8590.000000  1.019065e-11
8610.000000  1.011648e-11
8630.000000  1.049429e-11
8650.000000  1.013515e-11
8670.000000  9.365137e-12
8690.000000  1.019937e-11
8710.000000  1.035954e-11
8730.000000  9.977901e-12
8750.000000  8.782445e-12
8770.000000  9.592856e-12
8790.000000  1.009376e-11
8810.000000  1.011805e-11
8830.000000  9.881615e-12
8850.000000  9.086702e-12
8870.000000  8.270662e-12
8890.000000  9.470319e-12
8910.000000  9.701376e-12
8930.000000  9.661900e-12
8950.000000  9.646695e-12
8970.000000  9.506270e-12
8990.000000  9.116337e-12
9010.000000  7.858310e-12
9030.000000  8.291724e-12
9050.000000  9.042459e-12
9070.000000  9.040038e-12
9090.000000  9.044166e-12
9110.000000  9.045581e-12
9130.000000  8.985338e-12
9150.000000  8.918591e-12
9170.000000  8.789633e-12
9190.000000  8.620532e-12
9210.000000  8.106444e-12
9230.000000  6.932921e-12
9250.000000  7.893382e-12
9270.000000  8.217738e-12
9290.000000  8.373579e-12
9310.000000  8.330439e-12
9330.000000  8.288327e-12
9350.000000  8.249902e-12
9370.000000  8.195769e-12
9390.000000  8.122907e-12
9410.000000  7.975743e-12
9430.000000  7.993948e-12
9450.000000  7.927341e-12
9470.000000  7.808877e-12
9490.000000  7.748901e-12
9510.000000  7.542421e-12
9530.000000  7.053640e-12
9550.000000  6.142805e-12
9570.000000  7.098407e-12
9590.000000  7.383684e-12
9610.000000  7.388518e-12
9630.000000  7.281092e-12
9650.000000  7.336247e-12
9670.000000  7.273468e-12
9690.000000  7.228485e-12
9710.000000  7.168099e-12
9730.000000  7.128291e-12
9750.000000  7.065937e-12
9770.000000  7.021009e-12
9790.000000  6.965798e-12
9810.000000  6.910836e-12
9830.000000  6.848482e-12
9850.000000  6.805697e-12
9870.000000  6.750735e-12
9890.000000  6.687657e-12
9910.000000  6.614564e-12
9930.000000  6.597087e-12
9950.000000  6.538545e-12
9970.000000  6.473019e-12
9990.000000  6.406946e-12
10025.000000  5.948984e-12
10075.000000  5.697372e-12
10125.000000  6.056965e-12
10175.000000  6.012336e-12
10225.000000  5.914447e-12
10275.000000  5.809556e-12
10325.000000  5.685898e-12
10375.000000  5.604278e-12
10425.000000  5.504670e-12
10475.000000  5.402950e-12
10525.000000  5.305204e-12
10575.000000  5.214242e-12
10625.000000  5.125003e-12
10675.000000  5.007102e-12
10725.000000  4.944024e-12
10775.000000  4.859481e-12
10825.000000  4.719674e-12
10875.000000  4.654080e-12
10925.000000  4.110649e-12
10975.000000  4.344747e-12
11025.000000  4.418350e-12
11075.000000  4.378345e-12
11125.000000  4.311455e-12
11175.000000  4.238007e-12
11225.000000  4.167393e-12
11275.000000  4.075795e-12
11325.000000  4.015021e-12
11375.000000  3.965286e-12
11425.000000  3.897175e-12
11475.000000  3.836876e-12
11525.000000  3.773992e-12
11575.000000  3.712969e-12
11625.000000  3.645139e-12
11675.000000  3.589398e-12
11725.000000  3.535161e-12
11775.000000  3.466215e-12
11825.000000  3.424988e-12
11875.000000  3.369248e-12
11925.000000  3.319568e-12
11975.000000  3.241336e-12
12025.000000  3.217069e-12
12075.000000  3.167141e-12
12125.000000  3.117461e-12
12175.000000  3.070173e-12
12225.000000  3.020493e-12
12275.000000  2.975791e-12
12325.000000  2.930614e-12
12375.000000  2.886552e-12
12425.000000  2.842154e-12
12475.000000  2.794726e-12
12525.000000  2.753021e-12
12575.000000  2.712819e-12
12625.000000  2.674109e-12
12675.000000  2.634741e-12
12725.000000  2.588184e-12
12775.000000  2.493203e-12
12825.000000  2.251054e-12
12875.000000  2.446788e-12
12925.000000  2.441437e-12
12975.000000  2.399849e-12
13025.000000  2.378572e-12
13075.000000  2.344386e-12
13125.000000  2.310825e-12
13175.000000  2.274844e-12
13225.000000  2.245172e-12
13275.000000  2.213435e-12
13325.000000  2.182130e-12
13375.000000  2.151430e-12
13425.000000  2.119612e-12
13475.000000  2.091028e-12
13525.000000  2.061121e-12
13575.000000  2.033037e-12
13625.000000  2.004709e-12
13675.000000  1.976044e-12
13725.000000  1.949202e-12
13775.000000  1.923779e-12
13825.000000  1.897544e-12
13875.000000  1.871573e-12
13925.000000  1.845299e-12
13975.000000  1.820815e-12
14025.000000  1.796721e-12
14075.000000  1.772329e-12
14125.000000  1.748632e-12
14175.000000  1.725752e-12
14225.000000  1.702734e-12
14275.000000  1.680171e-12
14325.000000  1.658059e-12
14375.000000  1.636019e-12
14425.000000  1.611847e-12
14475.000000  1.592639e-12
14525.000000  1.571656e-12
14570.000000  1.554561e-12
14620.000000  1.534140e-12
14675.000000  1.513083e-12
14725.000000  1.493426e-12
14775.000000  1.473718e-12
14825.000000  1.456090e-12
14875.000000  1.437517e-12
14925.000000  1.419889e-12
14975.000000  1.401713e-12
15025.000000  1.384407e-12
15075.000000  1.364974e-12
15125.000000  1.349952e-12
15175.000000  1.333110e-12
15225.000000  1.316313e-12
15275.000000  1.299658e-12
15325.000000  1.283055e-12
15375.000000  1.267960e-12
15425.000000  1.249931e-12
15475.000000  1.236713e-12
15525.000000  1.220761e-12
15575.000000  1.200356e-12
15625.000000  1.195542e-12
15675.000000  1.172202e-12
15725.000000  1.152765e-12
15775.000000  1.154760e-12
15825.000000  1.139253e-12
15875.000000  1.096001e-12
15925.000000  1.105158e-12
15975.000000  1.104661e-12
16050.000000  1.076038e-12
16150.000000  1.033055e-12
16250.000000  1.039630e-12
16350.000000  9.996302e-13
16450.000000  9.556828e-13
16550.000000  9.718137e-13
16650.000000  9.504936e-13
16750.000000  9.086740e-13
16850.000000  8.667901e-13
16950.000000  8.860527e-13
17050.000000  8.653401e-13
17150.000000  8.496862e-13
17250.000000  8.272973e-13
17350.000000  7.628883e-13
17450.000000  7.855343e-13
17550.000000  7.772197e-13
17650.000000  7.609063e-13
17750.000000  7.442901e-13
17850.000000  7.282994e-13
17950.000000  7.135654e-13
18050.000000  6.946789e-13
18150.000000  6.435275e-13
18250.000000  6.565584e-13
18350.000000  6.543460e-13
18450.000000  6.415935e-13
18550.000000  6.274071e-13
18650.000000  6.093572e-13
18750.000000  5.665876e-13
18850.000000  5.875458e-13
18950.000000  5.785011e-13
19050.000000  5.657044e-13
19150.000000  5.559329e-13
19250.000000  5.446853e-13
19350.000000  5.303026e-13
19450.000000  4.889775e-13
19550.000000  5.090743e-13
19650.000000  5.031545e-13
19750.000000  4.936384e-13
19850.000000  4.841808e-13
19950.000000  4.747426e-13
20050.000000  4.657408e-13
20150.000000  4.568308e-13
20250.000000  4.481655e-13
20350.000000  4.397643e-13
20450.000000  4.313632e-13
20550.000000  4.226979e-13
20650.000000  4.155922e-13
20750.000000  4.077192e-13
20850.000000  4.003689e-13
20950.000000  3.929517e-13
21050.000000  3.856793e-13
21150.000000  3.777532e-13
21250.000000  3.717570e-13
21350.000000  3.651072e-13
21450.000000  3.583436e-13
21550.000000  3.500931e-13
21650.000000  3.235373e-13
21750.000000  3.362879e-13
21850.000000  3.334041e-13
21950.000000  3.278439e-13
22050.000000  3.223228e-13
22150.000000  3.167487e-13
22250.000000  3.112276e-13
22350.000000  3.059707e-13
22450.000000  3.007137e-13
22550.000000  2.954816e-13
22650.000000  2.904888e-13
22750.000000  2.854959e-13
22850.000000  2.807671e-13
22950.000000  2.760383e-13
23050.000000  2.713234e-13
23150.000000  2.668562e-13
23250.000000  2.624890e-13
23350.000000  2.581829e-13
23450.000000  2.539686e-13
23550.000000  2.497939e-13
23650.000000  2.457229e-13
23750.000000  2.417702e-13
23850.000000  2.378654e-13
23950.000000  2.339993e-13
24050.000000  2.302085e-13
24150.000000  2.265013e-13
24250.000000  2.229957e-13
24350.000000  2.194175e-13
24450.000000  2.158947e-13
24550.000000  2.125698e-13
24650.000000  2.091365e-13
24750.000000  2.057151e-13
24850.000000  2.028306e-13
24950.000000  1.991422e-13
