2505.000000  1.437163e-10
2513.000000  1.419322e-10
2518.000000  1.420673e-10
2525.000000  1.395509e-10
2535.000000  1.369618e-10
2545.000000  1.369349e-10
2555.000000  1.373741e-10
2565.000000  1.352842e-10
2575.000000  1.350307e-10
2585.000000  1.338644e-10
2595.000000  1.325065e-10
2605.000000  1.309841e-10
2615.000000  1.298363e-10
2625.000000  1.286739e-10
2635.000000  1.276988e-10
2645.000000  1.286891e-10
2655.000000  1.275455e-10
2665.000000  1.258382e-10
2675.000000  1.253039e-10
2685.000000  1.243473e-10
2695.000000  1.230124e-10
2705.000000  1.220911e-10
2715.000000  1.205793e-10
2725.000000  1.193193e-10
2735.000000  1.188327e-10
2745.000000  1.156445e-10
2755.000000  1.152017e-10
2765.000000  1.153976e-10
2775.000000  1.153353e-10
2785.000000  1.141479e-10
2795.000000  1.107435e-10
2805.000000  1.115257e-10
2815.000000  1.118191e-10
2825.000000  1.106340e-10
2835.000000  1.095630e-10
2845.000000  1.086874e-10
2855.000000  1.079949e-10
2865.000000  1.073317e-10
2875.000000  1.063647e-10
2885.000000  1.056120e-10
2895.000000  1.048490e-10
2910.000000  1.037053e-10
2930.000000  1.017817e-10
2950.000000  1.001557e-10
2970.000000  9.888727e-11
2990.000000  9.731314e-11
3010.000000  9.597824e-11
3030.000000  9.453928e-11
3050.000000  9.311068e-11
3070.000000  9.170705e-11
3090.000000  9.035334e-11
3110.000000  8.899964e-11
3130.000000  8.769162e-11
3150.000000  8.641280e-11
3170.000000  8.515472e-11
3190.000000  8.374496e-11
3210.000000  8.269270e-11
3230.000000  8.151987e-11
3250.000000  8.034704e-11
3270.000000  7.922413e-11
3290.000000  7.810122e-11
3310.000000  7.701364e-11
3330.000000  7.594066e-11
3350.000000  7.485308e-11
3370.000000  7.384039e-11
3390.000000  7.281310e-11
3410.000000  7.181078e-11
3430.000000  7.083342e-11
3450.000000  6.987065e-11
3470.000000  6.892862e-11
3490.000000  6.798659e-11
3510.000000  6.707375e-11
3530.000000  6.616705e-11
3550.000000  6.528954e-11
3570.000000  6.443276e-11
3590.000000  6.354065e-11
3610.000000  6.273380e-11
3630.000000  6.189162e-11
3640.000000  6.151104e-11
3650.000000  6.133251e-11
3670.000000  6.069617e-11
3690.000000  5.942538e-11
3710.000000  5.787620e-11
3730.000000  5.566571e-11
3750.000000  6.215993e-11
3770.000000  6.414661e-11
3790.000000  7.278911e-11
3810.000000  8.053338e-11
3830.000000  6.716378e-11
3850.000000  8.593726e-11
3870.000000  9.240882e-11
3890.000000  6.019337e-11
3910.000000  9.100899e-11
3930.000000  9.387595e-11
3950.000000  8.890638e-11
3970.000000  5.702815e-11
3990.000000  8.456557e-11
4010.000000  8.884082e-11
4030.000000  8.538305e-11
4050.000000  8.714565e-11
4070.000000  8.455183e-11
4090.000000  7.028461e-11
4110.000000  5.723062e-11
4130.000000  7.923367e-11
4150.000000  8.020531e-11
4170.000000  7.971028e-11
4190.000000  7.873058e-11
4210.000000  7.765950e-11
4230.000000  7.645938e-11
4250.000000  7.518859e-11
4270.000000  7.390744e-11
4290.000000  7.250761e-11
4310.000000  7.007392e-11
4330.000000  5.675106e-11
4350.000000  5.006604e-11
4370.000000  6.646741e-11
4390.000000  6.617485e-11
4410.000000  6.654886e-11
4430.000000  6.562756e-11
4450.000000  6.486216e-11
4470.000000  6.206950e-11
4490.000000  6.284673e-11
4510.000000  6.212088e-11
4530.000000  6.123068e-11
4550.000000  6.034048e-11
4570.000000  5.948983e-11
4590.000000  5.864955e-11
4610.000000  5.782387e-11
4630.000000  5.699395e-11
4650.000000  5.620360e-11
4670.000000  5.541324e-11
4690.000000  5.464785e-11
4710.000000  5.355604e-11
4730.000000  5.314203e-11
4750.000000  5.240161e-11
4770.000000  5.162162e-11
4790.000000  5.079170e-11
4810.000000  4.985157e-11
4830.000000  4.823743e-11
4850.000000  4.047244e-11
4870.000000  3.459851e-11
4890.000000  4.566244e-11
4910.000000  4.645512e-11
4930.000000  4.558185e-11
4950.000000  4.565440e-11
4970.000000  4.514901e-11
4990.000000  4.455836e-11
5010.000000  4.368698e-11
5030.000000  4.338319e-11
5050.000000  4.270729e-11
5070.000000  4.227255e-11
5090.000000  4.172759e-11
5110.000000  4.117228e-11
5130.000000  4.065228e-11
5150.000000  4.013652e-11
5170.000000  3.961653e-11
5190.000000  3.912150e-11
5210.000000  3.861611e-11
5230.000000  3.812107e-11
5250.000000  3.765101e-11
5270.000000  3.717058e-11
5290.000000  3.670051e-11
5310.000000  3.625540e-11
5330.000000  3.579994e-11
5350.000000  3.535483e-11
5370.000000  3.492010e-11
5390.000000  3.448959e-11
5410.000000  3.405485e-11
5430.000000  3.364931e-11
5450.000000  3.322917e-11
5470.000000  3.281940e-11
5490.000000  3.242422e-11
5510.000000  3.202904e-11
5530.000000  3.165882e-11
5550.000000  3.127401e-11
5570.000000  3.089344e-11
5590.000000  3.053359e-11
5610.000000  3.016337e-11
5630.000000  2.980352e-11
5650.000000  2.945827e-11
5670.000000  2.911302e-11
5690.000000  2.876777e-11
5710.000000  2.843288e-11
5730.000000  2.809800e-11
5750.000000  2.777771e-11
5770.000000  2.744283e-11
5790.000000  2.712254e-11
5810.000000  2.681262e-11
5830.000000  2.650269e-11
5850.000000  2.620737e-11
5870.000000  2.552241e-11
5890.000000  2.560066e-11
5910.000000  2.531716e-11
5930.000000  2.503366e-11
5950.000000  2.473980e-11
5970.000000  2.447104e-11
5990.000000  2.419338e-11
6010.000000  2.391864e-11
6030.000000  2.365573e-11
6050.000000  2.339055e-11
6070.000000  2.313055e-11
6090.000000  2.287493e-11
6110.000000  2.262243e-11
6130.000000  2.237284e-11
6150.000000  2.212824e-11
6170.000000  2.188572e-11
6190.000000  2.164716e-11
6210.000000  2.141212e-11
6230.000000  2.117959e-11
6250.000000  2.094997e-11
6270.000000  2.072492e-11
6290.000000  2.050091e-11
6310.000000  2.028085e-11
6330.000000  2.006579e-11
6350.000000  1.983825e-11
6370.000000  1.963275e-11
6390.000000  1.943120e-11
6410.000000  1.922612e-11
6430.000000  1.902312e-11
6450.000000  1.882157e-11
6470.000000  1.861066e-11
6490.000000  1.837209e-11
6510.000000  1.811812e-11
6530.000000  1.770147e-11
6550.000000  1.604151e-11
6570.000000  1.373184e-11
6590.000000  1.684179e-11
6610.000000  1.714158e-11
6630.000000  1.706589e-11
6650.000000  1.692986e-11
6670.000000  1.672587e-11
6690.000000  1.655885e-11
6710.000000  1.644962e-11
6730.000000  1.628260e-11
6750.000000  1.611954e-11
6770.000000  1.595605e-11
6790.000000  1.579652e-11
6810.000000  1.563845e-11
6830.000000  1.548245e-11
6850.000000  1.532791e-11
6870.000000  1.517441e-11
6890.000000  1.502487e-11
6910.000000  1.487636e-11
6930.000000  1.472931e-11
6950.000000  1.458433e-11
6970.000000  1.444082e-11
6990.000000  1.429980e-11
7010.000000  1.416024e-11
7030.000000  1.402275e-11
7050.000000  1.388569e-11
7070.000000  1.368979e-11
7090.000000  1.361966e-11
7110.000000  1.348717e-11
7130.000000  1.335863e-11
7150.000000  1.323009e-11
7170.000000  1.310362e-11
7190.000000  1.297758e-11
7210.000000  1.285507e-11
7230.000000  1.273256e-11
7250.000000  1.261255e-11
7270.000000  1.249254e-11
7290.000000  1.235736e-11
7310.000000  1.225751e-11
7330.000000  1.214352e-11
7350.000000  1.202996e-11
7370.000000  1.191847e-11
7390.000000  1.180595e-11
7410.000000  1.169696e-11
7430.000000  1.158943e-11
7450.000000  1.148190e-11
7470.000000  1.137540e-11
7490.000000  1.127140e-11
7510.000000  1.116740e-11
7530.000000  1.106590e-11
7550.000000  1.096440e-11
7570.000000  1.086436e-11
7590.000000  1.076535e-11
7610.000000  1.066884e-11
7630.000000  1.057233e-11
7650.000000  1.047582e-11
7670.000000  1.038181e-11
7690.000000  1.028883e-11
7710.000000  1.019628e-11
7730.000000  1.010580e-11
7750.000000  1.001428e-11
7770.000000  9.920269e-12
7790.000000  9.837277e-12
7810.000000  9.750752e-12
7830.000000  9.665264e-12
7850.000000  9.578740e-12
7870.000000  9.494289e-12
7890.000000  9.410261e-12
7910.000000  9.329765e-12
7930.000000  9.248233e-12
7950.000000  9.167738e-12
7970.000000  9.087243e-12
7990.000000  9.008208e-12
8010.000000  8.930209e-12
8030.000000  8.854706e-12
8050.000000  8.776707e-12
8070.000000  8.701205e-12
8090.000000  8.627162e-12
8110.000000  8.552696e-12
8130.000000  8.479690e-12
8150.000000  8.406684e-12
8170.000000  8.336173e-12
8190.000000  8.265663e-12
8210.000000  8.204526e-12
8230.000000  8.137549e-12
8250.000000  8.073068e-12
8270.000000  8.006514e-12
8290.000000  7.944529e-12
8310.000000  7.881509e-12
8330.000000  7.818487e-12
8350.000000  7.752970e-12
8370.000000  7.690985e-12
8390.000000  7.629001e-12
8410.000000  7.559528e-12
8430.000000  7.489018e-12
8450.000000  7.425997e-12
8470.000000  7.328640e-12
8490.000000  7.297035e-12
8510.000000  7.163694e-12
8530.000000  7.195956e-12
8550.000000  6.914910e-12
8570.000000  7.151869e-12
8590.000000  6.830691e-12
8610.000000  6.727306e-12
8630.000000  7.092191e-12
8650.000000  6.833421e-12
8670.000000  6.175241e-12
8690.000000  6.897712e-12
8710.000000  7.045417e-12
8730.000000  6.779159e-12
8750.000000  5.783786e-12
8770.000000  6.469849e-12
8790.000000  6.910850e-12
8810.000000  6.946222e-12
8830.000000  6.786881e-12
8850.000000  6.126014e-12
8870.000000  5.473674e-12
8890.000000  6.426608e-12
8910.000000  6.683729e-12
8930.000000  6.701626e-12
8950.000000  6.653160e-12
8970.000000  6.538753e-12
8990.000000  6.230056e-12
9010.000000  5.250508e-12
9030.000000  5.545687e-12
9050.000000  6.193458e-12
9070.000000  6.307676e-12
9090.000000  6.315165e-12
9110.000000  6.284172e-12
9130.000000  6.235706e-12
9150.000000  6.178714e-12
9170.000000  6.096759e-12
9190.000000  5.954893e-12
9210.000000  5.549263e-12
9230.000000  4.645641e-12
9250.000000  5.358930e-12
9270.000000  5.745436e-12
9290.000000  5.815332e-12
9310.000000  5.802238e-12
9330.000000  5.773742e-12
9350.000000  5.735260e-12
9370.000000  5.694283e-12
9390.000000  5.653919e-12
9410.000000  5.603803e-12
9430.000000  5.559292e-12
9450.000000  5.510826e-12
9470.000000  5.450301e-12
9490.000000  5.377908e-12
9510.000000  5.230012e-12
9530.000000  4.816471e-12
9550.000000  4.129605e-12
9570.000000  4.835405e-12
9590.000000  5.103547e-12
9610.000000  5.144948e-12
9630.000000  5.132890e-12
9650.000000  5.109386e-12
9670.000000  5.079431e-12
9690.000000  5.047402e-12
9710.000000  5.008921e-12
9730.000000  4.974395e-12
9750.000000  4.936951e-12
9770.000000  4.899929e-12
9790.000000  4.863944e-12
9810.000000  4.827959e-12
9830.000000  4.791975e-12
9850.000000  4.755990e-12
9870.000000  4.721465e-12
9890.000000  4.685480e-12
9910.000000  4.651991e-12
9930.000000  4.608517e-12
9950.000000  4.567540e-12
9970.000000  4.524066e-12
9990.000000  4.465615e-12
10025.000000  4.099926e-12
10075.000000  3.932060e-12
10125.000000  4.262610e-12
10175.000000  4.216640e-12
10225.000000  4.148626e-12
10275.000000  4.075620e-12
10325.000000  4.001154e-12
10375.000000  3.934177e-12
10425.000000  3.864703e-12
10475.000000  3.797726e-12
10525.000000  3.732209e-12
10575.000000  3.667728e-12
10625.000000  3.605743e-12
10675.000000  3.542299e-12
10725.000000  3.482811e-12
10775.000000  3.423323e-12
10825.000000  3.341791e-12
10875.000000  3.264405e-12
10925.000000  2.853784e-12
10975.000000  3.020613e-12
11025.000000  3.121926e-12
11075.000000  3.089897e-12
11125.000000  3.043927e-12
11175.000000  2.994424e-12
11225.000000  2.945957e-12
11275.000000  2.898951e-12
11325.000000  2.850484e-12
11375.000000  2.805974e-12
11425.000000  2.760004e-12
11475.000000  2.715494e-12
11525.000000  2.672020e-12
11575.000000  2.631042e-12
11625.000000  2.589028e-12
11675.000000  2.548197e-12
11725.000000  2.509131e-12
11775.000000  2.469322e-12
11825.000000  2.430987e-12
11875.000000  2.393546e-12
11925.000000  2.356709e-12
11975.000000  2.318501e-12
12025.000000  2.285031e-12
12075.000000  2.250294e-12
12125.000000  2.216057e-12
12175.000000  2.182714e-12
12225.000000  2.149725e-12
12275.000000  2.117485e-12
12325.000000  2.085993e-12
12375.000000  2.054855e-12
12425.000000  2.024465e-12
12475.000000  1.994472e-12
12525.000000  1.964831e-12
12575.000000  1.936293e-12
12625.000000  1.908004e-12
12675.000000  1.877719e-12
12725.000000  1.842483e-12
12775.000000  1.771196e-12
12825.000000  1.581735e-12
12875.000000  1.735254e-12
12925.000000  1.740665e-12
12975.000000  1.721156e-12
13025.000000  1.699419e-12
13075.000000  1.675478e-12
13125.000000  1.651786e-12
13175.000000  1.628594e-12
13225.000000  1.605901e-12
13275.000000  1.583457e-12
13325.000000  1.561513e-12
13375.000000  1.539922e-12
13425.000000  1.518581e-12
13475.000000  1.497885e-12
13525.000000  1.477292e-12
13575.000000  1.457053e-12
13625.000000  1.437356e-12
13675.000000  1.417865e-12
13725.000000  1.398771e-12
13775.000000  1.379926e-12
13825.000000  1.361434e-12
13875.000000  1.343192e-12
13925.000000  1.325346e-12
13975.000000  1.307603e-12
14025.000000  1.290359e-12
14075.000000  1.273365e-12
14125.000000  1.256621e-12
14175.000000  1.240126e-12
14225.000000  1.223985e-12
14275.000000  1.207990e-12
14325.000000  1.192348e-12
14375.000000  1.176997e-12
14425.000000  1.161855e-12
14475.000000  1.146961e-12
14525.000000  1.132214e-12
14570.000000  1.119172e-12
14620.000000  1.105569e-12
14675.000000  1.090426e-12
14725.000000  1.076781e-12
14775.000000  1.063386e-12
14825.000000  1.050240e-12
14875.000000  1.037344e-12
14925.000000  1.024551e-12
14975.000000  1.011905e-12
15025.000000  9.995080e-13
15075.000000  9.871111e-13
15125.000000  9.750675e-13
15175.000000  9.631699e-13
15225.000000  9.513759e-13
15275.000000  9.393322e-13
15325.000000  9.272886e-13
15375.000000  9.166391e-13
15425.000000  9.034510e-13
15475.000000  8.941533e-13
15525.000000  8.825053e-13
15575.000000  8.675698e-13
15625.000000  8.655537e-13
15675.000000  8.469774e-13
15725.000000  8.325411e-13
15775.000000  8.372651e-13
15825.000000  8.254711e-13
15875.000000  7.897739e-13
15925.000000  7.992409e-13
15975.000000  8.025707e-13
16050.000000  7.797930e-13
16150.000000  7.465730e-13
16250.000000  7.576838e-13
16350.000000  7.248171e-13
16450.000000  6.910979e-13
16550.000000  7.098012e-13
16650.000000  6.946584e-13
16750.000000  6.599407e-13
16850.000000  6.284258e-13
16950.000000  6.487306e-13
17050.000000  6.366256e-13
17150.000000  6.228346e-13
17250.000000  6.052991e-13
17350.000000  5.529612e-13
17450.000000  5.738689e-13
17550.000000  5.700632e-13
17650.000000  5.587684e-13
17750.000000  5.468708e-13
17850.000000  5.353264e-13
17950.000000  5.240317e-13
18050.000000  5.102407e-13
18150.000000  4.687405e-13
18250.000000  4.802659e-13
18350.000000  4.808075e-13
18450.000000  4.720091e-13
18550.000000  4.622122e-13
18650.000000  4.496693e-13
18750.000000  4.141603e-13
18850.000000  4.311353e-13
18950.000000  4.260813e-13
19050.000000  4.177822e-13
19150.000000  4.095867e-13
19250.000000  4.011415e-13
19350.000000  3.894512e-13
19450.000000  3.578327e-13
19550.000000  3.743084e-13
19650.000000  3.708558e-13
19750.000000  3.641581e-13
19850.000000  3.572108e-13
19950.000000  3.503671e-13
20050.000000  3.436694e-13
20150.000000  3.372213e-13
20250.000000  3.308769e-13
20350.000000  3.246785e-13
20450.000000  3.187296e-13
20550.000000  3.127808e-13
20650.000000  3.071852e-13
20750.000000  3.015897e-13
20850.000000  2.959942e-13
20950.000000  2.905446e-13
21050.000000  2.854483e-13
21150.000000  2.802484e-13
21250.000000  2.752558e-13
21350.000000  2.703055e-13
21450.000000  2.652092e-13
21550.000000  2.585115e-13
21650.000000  2.389347e-13
21750.000000  2.480255e-13
21850.000000  2.469380e-13
21950.000000  2.431190e-13
22050.000000  2.389257e-13
22150.000000  2.348133e-13
22250.000000  2.307801e-13
22350.000000  2.268571e-13
22450.000000  2.230090e-13
22550.000000  2.192461e-13
22650.000000  2.155581e-13
22750.000000  2.119347e-13
22850.000000  2.084610e-13
22950.000000  2.050081e-13
23050.000000  2.016342e-13
23150.000000  1.983311e-13
23250.000000  1.950779e-13
23350.000000  1.919099e-13
23450.000000  1.888106e-13
23550.000000  1.857675e-13
23650.000000  1.827742e-13
23750.000000  1.798455e-13
23850.000000  1.769771e-13
23950.000000  1.741586e-13
24050.000000  1.713900e-13
24150.000000  1.686714e-13
24250.000000  1.660380e-13
24350.000000  1.634088e-13
24450.000000  1.608254e-13
24550.000000  1.583521e-13
24650.000000  1.558082e-13
24750.000000  1.533995e-13
24850.000000  1.511405e-13
24950.000000  1.484426e-13
