2505.000000  4.922899e-15
2513.000000  2.568235e-15
2518.000000  2.027416e-15
2525.000000  2.760632e-15
2535.000000  1.378459e-14
2545.000000  1.736371e-14
2555.000000  2.954936e-14
2565.000000  1.184940e-14
2575.000000  2.780073e-14
2585.000000  1.490545e-14
2595.000000  2.097767e-14
2605.000000  3.031611e-14
2615.000000  2.419960e-14
2625.000000  4.743076e-14
2635.000000  1.107462e-13
2645.000000  9.910433e-14
2655.000000  2.194324e-13
2665.000000  1.207089e-13
2675.000000  1.088527e-13
2685.000000  1.668491e-13
2695.000000  7.332434e-14
2705.000000  1.737390e-13
2715.000000  1.129013e-13
2725.000000  6.702571e-14
2735.000000  8.957773e-14
2745.000000  1.075492e-13
2755.000000  1.205676e-13
2765.000000  1.973133e-13
2775.000000  2.594885e-13
2785.000000  1.282136e-13
2795.000000  7.677060e-14
2805.000000  8.913966e-14
2815.000000  2.070745e-13
2825.000000  2.287454e-13
2835.000000  1.600505e-13
2845.000000  6.758899e-14
2855.000000  1.779759e-14
2865.000000  1.312808e-13
2875.000000  2.269933e-13
2885.000000  4.189417e-13
2895.000000  6.357724e-13
2910.000000  9.525463e-13
2930.000000  9.858180e-13
2950.000000  8.464099e-13
2970.000000  8.711384e-13
2990.000000  8.659339e-13
3010.000000  7.550825e-13
3030.000000  1.188466e-12
3050.000000  1.324320e-12
3070.000000  2.185163e-12
3090.000000  2.618680e-12
3110.000000  4.242591e-12
3130.000000  3.525830e-12
3150.000000  5.058346e-12
3170.000000  6.528903e-12
3190.000000  5.076645e-12
3210.000000  5.837502e-12
3230.000000  4.297859e-12
3250.000000  7.521311e-12
3270.000000  1.044241e-11
3290.000000  1.164497e-11
3310.000000  9.472823e-12
3330.000000  9.933541e-12
3350.000000  8.967482e-12
3370.000000  5.977420e-12
3390.000000  6.919112e-12
3410.000000  8.495033e-12
3430.000000  1.012938e-11
3450.000000  9.476590e-12
3470.000000  1.031289e-11
3490.000000  1.296497e-11
3510.000000  1.452942e-11
3530.000000  1.149574e-11
3550.000000  1.450535e-11
3570.000000  6.745786e-12
3590.000000  7.828495e-12
3610.000000  1.309743e-11
3630.000000  1.782374e-11
3640.000000  1.906974e-11
3650.000000  2.127760e-11
3670.000000  2.523638e-11
3690.000000  2.216907e-11
3710.000000  2.152595e-11
3730.000000  9.104025e-12
3750.000000  1.116604e-11
3770.000000  1.859098e-11
3790.000000  1.904548e-11
3810.000000  1.569400e-11
3830.000000  6.952248e-12
3850.000000  9.158674e-12
3870.000000  1.013505e-11
3890.000000  1.867187e-11
3910.000000  2.319548e-11
3930.000000  7.057611e-12
3950.000000  1.603325e-11
3970.000000  9.490591e-12
3990.000000  3.592035e-11
4010.000000  4.671117e-11
4030.000000  4.343111e-11
4050.000000  4.097708e-11
4070.000000  3.727930e-11
4090.000000  5.070955e-11
4110.000000  4.597378e-11
4130.000000  3.983335e-11
4150.000000  3.536227e-11
4170.000000  3.655834e-11
4190.000000  4.000938e-11
4210.000000  4.417596e-11
4230.000000  4.375220e-11
4250.000000  5.444090e-11
4270.000000  5.102585e-11
4290.000000  4.709257e-11
4310.000000  4.287309e-11
4330.000000  6.610269e-11
4350.000000  6.782097e-11
4370.000000  7.307987e-11
4390.000000  6.366643e-11
4410.000000  6.857647e-11
4430.000000  7.418862e-11
4450.000000  7.660645e-11
4470.000000  8.393368e-11
4490.000000  8.817255e-11
4510.000000  1.048969e-10
4530.000000  8.808812e-11
4550.000000  9.288160e-11
4570.000000  1.029832e-10
4590.000000  1.016255e-10
4610.000000  1.057001e-10
4630.000000  1.020765e-10
4650.000000  1.043065e-10
4670.000000  1.104331e-10
4690.000000  1.086430e-10
4710.000000  1.056145e-10
4730.000000  1.106373e-10
4750.000000  1.172476e-10
4770.000000  1.178694e-10
4790.000000  1.174425e-10
4810.000000  1.190488e-10
4830.000000  1.249812e-10
4850.000000  1.186725e-10
4870.000000  1.115148e-10
4890.000000  1.228438e-10
4910.000000  1.227122e-10
4930.000000  1.194929e-10
4950.000000  1.287958e-10
4970.000000  1.235491e-10
4990.000000  1.130604e-10
5010.000000  1.055232e-10
5030.000000  1.132508e-10
5050.000000  1.129367e-10
5070.000000  1.179303e-10
5090.000000  1.069010e-10
5110.000000  1.115896e-10
5130.000000  1.051820e-10
5150.000000  1.023880e-10
5170.000000  9.234739e-11
5190.000000  1.003772e-10
5210.000000  1.088461e-10
5230.000000  1.246331e-10
5250.000000  1.299995e-10
5270.000000  1.142047e-10
5290.000000  1.346909e-10
5310.000000  1.475802e-10
5330.000000  1.256922e-10
5350.000000  1.411355e-10
5370.000000  1.434972e-10
5390.000000  1.353652e-10
5410.000000  1.355890e-10
5430.000000  1.372175e-10
5450.000000  1.471254e-10
5470.000000  1.402982e-10
5490.000000  1.381895e-10
5510.000000  1.370980e-10
5530.000000  1.450196e-10
5550.000000  1.498617e-10
5570.000000  1.465751e-10
5590.000000  1.412223e-10
5610.000000  1.509553e-10
5630.000000  1.467485e-10
5650.000000  1.492404e-10
5670.000000  1.451788e-10
5690.000000  1.524672e-10
5710.000000  1.440120e-10
5730.000000  1.614764e-10
5750.000000  1.533952e-10
5770.000000  1.577219e-10
5790.000000  1.465756e-10
5810.000000  1.585524e-10
5830.000000  1.661862e-10
5850.000000  1.590151e-10
5870.000000  1.596556e-10
5890.000000  1.286245e-10
5910.000000  1.562219e-10
5930.000000  1.580734e-10
5950.000000  1.578997e-10
5970.000000  1.633239e-10
5990.000000  1.586824e-10
6010.000000  1.553412e-10
6030.000000  1.617891e-10
6050.000000  1.654704e-10
6070.000000  1.646398e-10
6090.000000  1.555685e-10
6110.000000  1.573093e-10
6130.000000  1.458438e-10
6150.000000  1.532356e-10
6170.000000  1.454541e-10
6190.000000  1.571116e-10
6210.000000  1.547725e-10
6230.000000  1.486464e-10
6250.000000  1.418420e-10
6270.000000  1.505385e-10
6290.000000  1.557118e-10
6310.000000  1.495635e-10
6330.000000  1.530800e-10
6350.000000  1.518900e-10
6370.000000  1.507169e-10
6390.000000  1.563259e-10
6410.000000  1.537467e-10
6430.000000  1.551619e-10
6450.000000  1.549986e-10
6470.000000  1.554752e-10
6490.000000  1.501162e-10
6510.000000  1.553185e-10
6530.000000  1.566337e-10
6550.000000  1.544529e-10
6570.000000  1.527943e-10
6590.000000  1.568603e-10
6610.000000  1.576093e-10
6630.000000  1.565833e-10
6650.000000  1.562917e-10
6670.000000  1.527088e-10
6690.000000  1.580981e-10
6710.000000  1.509636e-10
6730.000000  1.588124e-10
6750.000000  1.544890e-10
6770.000000  1.567943e-10
6790.000000  1.547098e-10
6810.000000  1.549418e-10
6830.000000  1.577475e-10
6850.000000  1.525632e-10
6870.000000  1.552026e-10
6890.000000  1.577805e-10
6910.000000  1.562035e-10
6930.000000  1.527373e-10
6950.000000  1.492233e-10
6970.000000  1.514825e-10
6990.000000  1.487608e-10
7010.000000  1.451938e-10
7030.000000  1.496339e-10
7050.000000  1.523659e-10
7070.000000  1.474412e-10
7090.000000  1.456589e-10
7110.000000  1.438495e-10
7130.000000  1.398924e-10
7150.000000  1.401371e-10
7170.000000  1.435040e-10
7190.000000  1.387884e-10
7210.000000  1.429104e-10
7230.000000  1.471159e-10
7250.000000  1.461465e-10
7270.000000  1.451589e-10
7290.000000  1.405798e-10
7310.000000  1.437692e-10
7330.000000  1.434280e-10
7350.000000  1.427789e-10
7370.000000  1.473311e-10
7390.000000  1.440202e-10
7410.000000  1.435076e-10
7430.000000  1.453279e-10
7450.000000  1.452743e-10
7470.000000  1.452494e-10
7490.000000  1.438857e-10
7510.000000  1.468817e-10
7530.000000  1.482910e-10
7550.000000  1.491888e-10
7570.000000  1.476567e-10
7590.000000  1.463652e-10
7610.000000  1.467626e-10
7630.000000  1.479061e-10
7650.000000  1.482847e-10
7670.000000  1.419596e-10
7690.000000  1.479976e-10
7710.000000  1.442326e-10
7730.000000  1.445784e-10
7750.000000  1.437875e-10
7770.000000  1.478271e-10
7790.000000  1.474728e-10
7810.000000  1.471074e-10
7830.000000  1.454235e-10
7850.000000  1.434780e-10
7870.000000  1.438497e-10
7890.000000  1.370735e-10
7910.000000  1.326624e-10
7930.000000  1.333280e-10
7950.000000  1.303177e-10
7970.000000  1.370085e-10
7990.000000  1.364670e-10
8010.000000  1.364673e-10
8030.000000  1.371074e-10
8050.000000  1.353425e-10
8070.000000  1.332004e-10
8090.000000  1.291735e-10
8110.000000  1.280675e-10
8130.000000  1.309767e-10
8150.000000  1.311032e-10
8170.000000  1.319640e-10
8190.000000  1.293774e-10
8210.000000  1.289567e-10
8230.000000  1.315984e-10
8250.000000  1.324130e-10
8270.000000  1.342553e-10
8290.000000  1.326274e-10
8310.000000  1.258512e-10
8330.000000  1.274829e-10
8350.000000  1.272800e-10
8370.000000  1.292418e-10
8390.000000  1.241018e-10
8410.000000  1.301526e-10
8430.000000  1.259340e-10
8450.000000  1.293383e-10
8470.000000  1.291433e-10
8490.000000  1.282341e-10
8510.000000  1.212464e-10
8530.000000  1.255427e-10
8550.000000  1.045409e-10
8570.000000  1.301344e-10
8590.000000  1.283711e-10
8610.000000  1.290243e-10
8630.000000  1.300851e-10
8650.000000  1.289233e-10
8670.000000  1.073001e-10
8690.000000  1.239138e-10
8710.000000  1.284050e-10
8730.000000  1.289777e-10
8750.000000  1.281641e-10
8770.000000  1.295394e-10
8790.000000  1.285922e-10
8810.000000  1.245682e-10
8830.000000  1.272770e-10
8850.000000  1.291353e-10
8870.000000  1.266093e-10
8890.000000  1.286172e-10
8910.000000  1.301870e-10
8930.000000  1.260721e-10
8950.000000  1.258361e-10
8970.000000  1.262120e-10
8990.000000  1.268337e-10
9010.000000  1.217547e-10
9030.000000  1.251748e-10
9050.000000  1.284446e-10
9070.000000  1.275268e-10
9090.000000  1.220831e-10
9110.000000  1.210072e-10
9130.000000  1.252751e-10
9150.000000  1.151140e-10
9170.000000  1.116411e-10
9190.000000  1.136032e-10
9210.000000  1.103746e-10
9230.000000  1.132972e-10
9250.000000  1.121143e-10
9270.000000  1.142187e-10
9290.000000  1.123987e-10
9310.000000  1.164296e-10
9330.000000  1.165539e-10
9350.000000  1.148656e-10
9370.000000  1.138736e-10
9390.000000  1.113815e-10
9410.000000  1.085711e-10
9430.000000  1.101069e-10
9450.000000  1.072045e-10
9470.000000  1.113949e-10
9490.000000  1.105678e-10
9510.000000  1.131061e-10
9530.000000  1.121066e-10
9550.000000  1.109923e-10
9570.000000  1.112917e-10
9590.000000  1.133989e-10
9610.000000  1.115487e-10
9630.000000  1.111931e-10
9650.000000  1.082496e-10
9670.000000  1.075563e-10
9690.000000  1.103512e-10
9710.000000  1.093594e-10
9730.000000  1.093766e-10
9750.000000  1.088932e-10
9770.000000  1.094461e-10
9790.000000  1.067004e-10
9810.000000  1.110176e-10
9830.000000  1.100275e-10
9850.000000  1.114496e-10
9870.000000  1.112268e-10
9890.000000  1.118725e-10
9910.000000  1.102347e-10
9930.000000  1.115687e-10
9950.000000  1.105273e-10
9970.000000  1.113964e-10
9990.000000  1.113789e-10
10025.000000  1.101878e-10
10075.000000  1.092027e-10
10125.000000  1.098457e-10
10175.000000  1.081895e-10
10225.000000  1.085796e-10
10275.000000  1.089580e-10
10325.000000  1.067756e-10
10375.000000  1.062219e-10
10425.000000  1.067273e-10
10475.000000  1.057117e-10
10525.000000  1.058185e-10
10575.000000  1.045616e-10
10625.000000  1.042083e-10
10675.000000  1.020565e-10
10725.000000  1.020502e-10
10775.000000  1.012172e-10
10825.000000  9.938008e-11
10875.000000  9.778340e-11
10925.000000  9.583001e-11
10975.000000  8.854620e-11
11025.000000  8.823076e-11
11075.000000  8.994401e-11
11125.000000  8.993013e-11
11175.000000  9.136405e-11
11225.000000  9.100880e-11
11275.000000  8.944260e-11
11325.000000  9.048610e-11
11375.000000  8.822129e-11
11425.000000  8.909162e-11
11475.000000  9.043430e-11
11525.000000  9.030105e-11
11575.000000  8.922655e-11
11625.000000  8.808930e-11
11675.000000  8.823704e-11
11725.000000  8.970491e-11
11775.000000  8.789406e-11
11825.000000  8.741683e-11
11875.000000  8.632341e-11
11925.000000  8.815085e-11
11975.000000  8.419507e-11
12025.000000  8.610250e-11
12075.000000  8.508237e-11
12125.000000  8.541745e-11
12175.000000  8.576563e-11
12225.000000  8.537049e-11
12275.000000  8.491311e-11
12325.000000  8.402349e-11
12375.000000  8.381915e-11
12425.000000  8.300516e-11
12475.000000  8.332933e-11
12525.000000  8.235763e-11
12575.000000  8.236090e-11
12625.000000  8.216566e-11
12675.000000  8.100549e-11
12725.000000  8.118682e-11
12775.000000  8.145354e-11
12825.000000  7.830787e-11
12875.000000  7.962664e-11
12925.000000  7.841931e-11
12975.000000  7.964221e-11
13025.000000  7.839041e-11
13075.000000  7.903422e-11
13125.000000  7.740275e-11
13175.000000  7.729341e-11
13225.000000  7.750501e-11
13275.000000  7.599378e-11
13325.000000  7.680624e-11
13375.000000  7.622812e-11
13425.000000  7.665766e-11
13475.000000  7.615737e-11
13525.000000  7.602168e-11
13575.000000  7.453498e-11
13625.000000  7.420082e-11
13675.000000  7.447263e-11
13725.000000  7.470096e-11
13775.000000  7.416988e-11
13825.000000  7.423968e-11
13875.000000  7.341170e-11
13925.000000  7.310561e-11
13975.000000  7.256664e-11
14025.000000  7.156376e-11
14075.000000  6.985263e-11
14125.000000  6.707357e-11
14175.000000  6.719648e-11
14225.000000  6.682524e-11
14275.000000  6.569413e-11
14325.000000  6.722998e-11
14375.000000  6.781613e-11
14425.000000  6.547746e-11
14475.000000  6.798366e-11
14525.000000  6.562259e-11
14570.000000  6.553925e-11
14620.000000  6.438170e-11
14675.000000  6.391369e-11
14725.000000  6.320620e-11
14775.000000  6.389078e-11
14825.000000  6.395316e-11
14875.000000  6.382029e-11
14925.000000  6.520879e-11
14975.000000  6.468676e-11
15025.000000  6.314927e-11
15075.000000  6.270212e-11
15125.000000  6.283588e-11
15175.000000  6.356787e-11
15225.000000  6.319635e-11
15275.000000  6.329466e-11
15325.000000  6.343288e-11
15375.000000  6.380629e-11
15425.000000  6.327530e-11
15475.000000  6.347759e-11
15525.000000  6.216190e-11
15575.000000  6.115485e-11
15625.000000  6.288085e-11
15675.000000  6.134073e-11
15725.000000  6.209798e-11
15775.000000  5.880434e-11
15825.000000  6.021206e-11
15875.000000  5.819860e-11
15925.000000  5.961476e-11
15975.000000  6.010010e-11
16050.000000  5.955510e-11
16150.000000  5.909798e-11
16250.000000  5.887945e-11
16350.000000  5.905296e-11
16450.000000  5.648090e-11
16550.000000  5.749343e-11
16650.000000  5.558221e-11
16750.000000  5.524889e-11
16850.000000  5.321589e-11
16950.000000  5.417428e-11
17050.000000  5.201423e-11
17150.000000  5.182692e-11
17250.000000  5.031401e-11
17350.000000  4.872963e-11
17450.000000  4.883620e-11
17550.000000  4.776286e-11
17650.000000  4.724643e-11
17750.000000  4.589980e-11
17850.000000  4.556996e-11
17950.000000  4.480213e-11
18050.000000  4.347322e-11
18150.000000  4.290030e-11
18250.000000  4.200239e-11
18350.000000  4.120908e-11
18450.000000  4.017292e-11
18550.000000  3.985152e-11
18650.000000  3.857890e-11
18750.000000  3.776481e-11
18850.000000  3.757210e-11
18950.000000  3.580482e-11
19050.000000  3.658920e-11
19150.000000  3.567836e-11
19250.000000  3.530541e-11
19350.000000  3.407590e-11
19450.000000  3.331161e-11
19550.000000  3.335822e-11
19650.000000  3.241112e-11
19750.000000  3.139209e-11
19850.000000  3.111498e-11
19950.000000  3.057341e-11
20050.000000  3.050241e-11
20150.000000  3.013854e-11
20250.000000  2.908577e-11
20350.000000  2.861777e-11
20450.000000  2.855012e-11
20550.000000  2.774292e-11
20650.000000  2.720778e-11
20750.000000  2.679942e-11
20850.000000  2.635603e-11
20950.000000  2.573518e-11
21050.000000  2.568022e-11
21150.000000  2.521350e-11
21250.000000  2.471158e-11
21350.000000  2.450721e-11
21450.000000  2.401186e-11
21550.000000  2.365525e-11
21650.000000  2.305978e-11
21750.000000  2.264054e-11
21850.000000  2.243327e-11
21950.000000  2.219808e-11
22050.000000  2.150562e-11
22150.000000  2.161781e-11
22250.000000  2.094625e-11
22350.000000  2.067763e-11
22450.000000  2.037389e-11
22550.000000  2.011049e-11
22650.000000  1.963726e-11
22750.000000  1.962465e-11
22850.000000  1.909944e-11
22950.000000  1.647948e-11
23050.000000  1.754349e-11
23150.000000  1.738451e-11
23250.000000  1.512410e-11
23350.000000  1.610523e-11
23450.000000  1.604110e-11
23550.000000  1.388326e-11
23650.000000  1.511674e-11
23750.000000  1.485021e-11
23850.000000  1.313500e-11
23950.000000  1.410657e-11
24050.000000  1.414397e-11
24150.000000  1.274252e-11
24250.000000  1.338845e-11
24350.000000  1.347962e-11
24450.000000  1.255462e-11
24550.000000  1.250369e-11
24650.000000  1.301453e-11
24750.000000  1.245864e-11
24850.000000  1.180848e-11
24950.000000  1.226294e-11
