2505.000000  4.151552e-11
2513.000000  3.620443e-11
2518.000000  3.740322e-11
2525.000000  3.432057e-11
2535.000000  3.456574e-11
2545.000000  3.389250e-11
2555.000000  3.655906e-11
2565.000000  3.574914e-11
2575.000000  3.890353e-11
2585.000000  3.834692e-11
2595.000000  3.729163e-11
2605.000000  3.538202e-11
2615.000000  3.512383e-11
2625.000000  3.749669e-11
2635.000000  3.763558e-11
2645.000000  4.209251e-11
2655.000000  4.124310e-11
2665.000000  3.674563e-11
2675.000000  3.914520e-11
2685.000000  3.795196e-11
2695.000000  3.687076e-11
2705.000000  3.822508e-11
2715.000000  3.606765e-11
2725.000000  3.657196e-11
2735.000000  3.955137e-11
2745.000000  3.271417e-11
2755.000000  3.274766e-11
2765.000000  3.375246e-11
2775.000000  3.673429e-11
2785.000000  3.597408e-11
2795.000000  2.685961e-11
2805.000000  3.093836e-11
2815.000000  3.721672e-11
2825.000000  3.820486e-11
2835.000000  3.591578e-11
2845.000000  3.450894e-11
2855.000000  3.358344e-11
2865.000000  3.614460e-11
2875.000000  3.472312e-11
2885.000000  3.533099e-11
2895.000000  3.357205e-11
2910.000000  3.755809e-11
2930.000000  3.571401e-11
2950.000000  3.562437e-11
2970.000000  3.605894e-11
2990.000000  3.610678e-11
3010.000000  3.680879e-11
3030.000000  3.601352e-11
3050.000000  3.535581e-11
3070.000000  3.478359e-11
3090.000000  3.518451e-11
3110.000000  3.396427e-11
3130.000000  3.366519e-11
3150.000000  3.403401e-11
3170.000000  3.350979e-11
3190.000000  3.215310e-11
3210.000000  3.268353e-11
3230.000000  3.195171e-11
3250.000000  3.200310e-11
3270.000000  3.187316e-11
3290.000000  3.188891e-11
3310.000000  3.183070e-11
3330.000000  3.100045e-11
3350.000000  3.045552e-11
3370.000000  3.027144e-11
3390.000000  2.986895e-11
3410.000000  3.022003e-11
3430.000000  2.992915e-11
3450.000000  2.959855e-11
3470.000000  2.908869e-11
3490.000000  2.880735e-11
3510.000000  2.892708e-11
3530.000000  2.884624e-11
3550.000000  2.866689e-11
3570.000000  2.810903e-11
3590.000000  2.784444e-11
3610.000000  2.759845e-11
3630.000000  2.732535e-11
3640.000000  2.719021e-11
3650.000000  2.776851e-11
3670.000000  2.751729e-11
3690.000000  2.656182e-11
3710.000000  2.652648e-11
3730.000000  2.653064e-11
3750.000000  3.299321e-11
3770.000000  3.490250e-11
3790.000000  4.278322e-11
3810.000000  4.912519e-11
3830.000000  3.891354e-11
3850.000000  5.245900e-11
3870.000000  5.853030e-11
3890.000000  3.424124e-11
3910.000000  5.749490e-11
3930.000000  5.899112e-11
3950.000000  5.701957e-11
3970.000000  3.233564e-11
3990.000000  5.448627e-11
4010.000000  5.806485e-11
4030.000000  5.701834e-11
4050.000000  5.701791e-11
4070.000000  5.470981e-11
4090.000000  4.441097e-11
4110.000000  3.409007e-11
4130.000000  5.108253e-11
4150.000000  5.298948e-11
4170.000000  5.221027e-11
4190.000000  5.163938e-11
4210.000000  5.107257e-11
4230.000000  5.012361e-11
4250.000000  4.917370e-11
4270.000000  4.807816e-11
4290.000000  4.787122e-11
4310.000000  4.555744e-11
4330.000000  3.550237e-11
4350.000000  3.024286e-11
4370.000000  4.379316e-11
4390.000000  4.371056e-11
4410.000000  4.390034e-11
4430.000000  4.308244e-11
4450.000000  4.314013e-11
4470.000000  4.224213e-11
4490.000000  4.114252e-11
4510.000000  4.128792e-11
4530.000000  4.055271e-11
4550.000000  3.957794e-11
4570.000000  3.980854e-11
4590.000000  3.880168e-11
4610.000000  3.900898e-11
4630.000000  3.770784e-11
4650.000000  3.793082e-11
4670.000000  3.722585e-11
4690.000000  3.656289e-11
4710.000000  3.541825e-11
4730.000000  3.582582e-11
4750.000000  3.527269e-11
4770.000000  3.496110e-11
4790.000000  3.442158e-11
4810.000000  3.362387e-11
4830.000000  3.233263e-11
4850.000000  2.593308e-11
4870.000000  2.110891e-11
4890.000000  3.063507e-11
4910.000000  3.141748e-11
4930.000000  3.096264e-11
4950.000000  3.091819e-11
4970.000000  3.069439e-11
4990.000000  3.018653e-11
5010.000000  2.925843e-11
5030.000000  2.913862e-11
5050.000000  2.849991e-11
5070.000000  2.857661e-11
5090.000000  2.821518e-11
5110.000000  2.776004e-11
5130.000000  2.756006e-11
5150.000000  2.694678e-11
5170.000000  2.649924e-11
5190.000000  2.626676e-11
5210.000000  2.597235e-11
5230.000000  2.552187e-11
5250.000000  2.552746e-11
5270.000000  2.482481e-11
5290.000000  2.503211e-11
5310.000000  2.440803e-11
5330.000000  2.422064e-11
5350.000000  2.417225e-11
5370.000000  2.383640e-11
5390.000000  2.354213e-11
5410.000000  2.313528e-11
5430.000000  2.295637e-11
5450.000000  2.279207e-11
5470.000000  2.248033e-11
5490.000000  2.225530e-11
5510.000000  2.196857e-11
5530.000000  2.176521e-11
5550.000000  2.153446e-11
5570.000000  2.128131e-11
5590.000000  2.106677e-11
5610.000000  2.089034e-11
5630.000000  2.065451e-11
5650.000000  2.030655e-11
5670.000000  2.011094e-11
5690.000000  1.994341e-11
5710.000000  1.973345e-11
5730.000000  1.952166e-11
5750.000000  1.928193e-11
5770.000000  1.907499e-11
5790.000000  1.881817e-11
5810.000000  1.863854e-11
5830.000000  1.844105e-11
5850.000000  1.824929e-11
5870.000000  1.796942e-11
5890.000000  1.773169e-11
5910.000000  1.764087e-11
5930.000000  1.747417e-11
5950.000000  1.717760e-11
5970.000000  1.705244e-11
5990.000000  1.682600e-11
6010.000000  1.670138e-11
6030.000000  1.654476e-11
6050.000000  1.634111e-11
6070.000000  1.618046e-11
6090.000000  1.600939e-11
6110.000000  1.584844e-11
6130.000000  1.566882e-11
6150.000000  1.527505e-11
6170.000000  1.533003e-11
6190.000000  1.519402e-11
6210.000000  1.503486e-11
6230.000000  1.485346e-11
6250.000000  1.457270e-11
6270.000000  1.456950e-11
6290.000000  1.441747e-11
6310.000000  1.422711e-11
6330.000000  1.411209e-11
6350.000000  1.376066e-11
6370.000000  1.370063e-11
6390.000000  1.367084e-11
6410.000000  1.350860e-11
6430.000000  1.339762e-11
6450.000000  1.313795e-11
6470.000000  1.311733e-11
6490.000000  1.289759e-11
6510.000000  1.272871e-11
6530.000000  1.238806e-11
6550.000000  1.087292e-11
6570.000000  8.829328e-12
6590.000000  1.173688e-11
6610.000000  1.208023e-11
6630.000000  1.204612e-11
6650.000000  1.197167e-11
6670.000000  1.185524e-11
6690.000000  1.175539e-11
6710.000000  1.165730e-11
6730.000000  1.152053e-11
6750.000000  1.142462e-11
6770.000000  1.132612e-11
6790.000000  1.120708e-11
6810.000000  1.110235e-11
6830.000000  1.098023e-11
6850.000000  1.088391e-11
6870.000000  1.078369e-11
6890.000000  1.068553e-11
6910.000000  1.057771e-11
6930.000000  1.046484e-11
6950.000000  1.038069e-11
6970.000000  1.028219e-11
6990.000000  1.019484e-11
7010.000000  1.005806e-11
7030.000000  9.999603e-12
7050.000000  9.883652e-12
7070.000000  9.805611e-12
7090.000000  9.727290e-12
7110.000000  9.577762e-12
7130.000000  9.527130e-12
7150.000000  9.441553e-12
7170.000000  9.362633e-12
7190.000000  9.279800e-12
7210.000000  9.196901e-12
7230.000000  9.099705e-12
7250.000000  9.008375e-12
7270.000000  8.946768e-12
7290.000000  8.859897e-12
7310.000000  8.777005e-12
7330.000000  8.704304e-12
7350.000000  8.632557e-12
7370.000000  8.556366e-12
7390.000000  8.475249e-12
7410.000000  8.393718e-12
7430.000000  8.278299e-12
7450.000000  8.224362e-12
7470.000000  8.124141e-12
7490.000000  8.079034e-12
7510.000000  8.010312e-12
7530.000000  7.958209e-12
7550.000000  7.891262e-12
7570.000000  7.820891e-12
7590.000000  7.750454e-12
7610.000000  7.689868e-12
7630.000000  7.618535e-12
7650.000000  7.544133e-12
7670.000000  7.479982e-12
7690.000000  7.414884e-12
7710.000000  7.348419e-12
7730.000000  7.291870e-12
7750.000000  7.229028e-12
7770.000000  7.016118e-12
7790.000000  7.105060e-12
7810.000000  7.050700e-12
7830.000000  6.983000e-12
7850.000000  6.900928e-12
7870.000000  6.822947e-12
7890.000000  6.740462e-12
7910.000000  6.736971e-12
7930.000000  6.693299e-12
7950.000000  6.583634e-12
7970.000000  6.583634e-12
7990.000000  6.430431e-12
8010.000000  6.473970e-12
8030.000000  6.416467e-12
8050.000000  6.364305e-12
8070.000000  6.309953e-12
8090.000000  6.257791e-12
8110.000000  6.203372e-12
8130.000000  6.157984e-12
8150.000000  6.108492e-12
8170.000000  6.058999e-12
8190.000000  5.975338e-12
8210.000000  5.937361e-12
8230.000000  5.867744e-12
8250.000000  5.875880e-12
8270.000000  5.863225e-12
8290.000000  5.799022e-12
8310.000000  5.769240e-12
8330.000000  5.704682e-12
8350.000000  5.679159e-12
8370.000000  5.638571e-12
8390.000000  5.591408e-12
8410.000000  5.531665e-12
8430.000000  5.475538e-12
8450.000000  5.357509e-12
8470.000000  5.324185e-12
8490.000000  5.356088e-12
8510.000000  5.141155e-12
8530.000000  5.327524e-12
8550.000000  4.888331e-12
8570.000000  5.342928e-12
8590.000000  4.973016e-12
8610.000000  4.860801e-12
8630.000000  5.349909e-12
8650.000000  5.107719e-12
8670.000000  4.314823e-12
8690.000000  5.183791e-12
8710.000000  5.388476e-12
8730.000000  5.143979e-12
8750.000000  4.082068e-12
8770.000000  4.875431e-12
8790.000000  5.335597e-12
8810.000000  5.363664e-12
8830.000000  5.186927e-12
8850.000000  4.588164e-12
8870.000000  3.898377e-12
8890.000000  4.923695e-12
8910.000000  5.150244e-12
8930.000000  5.161339e-12
8950.000000  5.162574e-12
8970.000000  5.065518e-12
8990.000000  4.793522e-12
9010.000000  3.793511e-12
9030.000000  4.132761e-12
9050.000000  4.774693e-12
9070.000000  4.823226e-12
9090.000000  4.813886e-12
9110.000000  4.845340e-12
9130.000000  4.824809e-12
9150.000000  4.801660e-12
9170.000000  4.723250e-12
9190.000000  4.579483e-12
9210.000000  4.226021e-12
9230.000000  3.291375e-12
9250.000000  4.047480e-12
9270.000000  4.328713e-12
9290.000000  4.506250e-12
9310.000000  4.515524e-12
9330.000000  4.479877e-12
9350.000000  4.463451e-12
9370.000000  4.438527e-12
9390.000000  4.376639e-12
9410.000000  4.287579e-12
9430.000000  4.321334e-12
9450.000000  4.293259e-12
9470.000000  4.245186e-12
9490.000000  4.184156e-12
9510.000000  4.062221e-12
9530.000000  3.680242e-12
9550.000000  2.961086e-12
9570.000000  3.711882e-12
9590.000000  3.969485e-12
9610.000000  3.999269e-12
9630.000000  3.936457e-12
9650.000000  3.984530e-12
9670.000000  3.939142e-12
9690.000000  3.930592e-12
9710.000000  3.916703e-12
9730.000000  3.885559e-12
9750.000000  3.853935e-12
9770.000000  3.832576e-12
9790.000000  3.801772e-12
9810.000000  3.769734e-12
9830.000000  3.730507e-12
9850.000000  3.710583e-12
9870.000000  3.681554e-12
9890.000000  3.637046e-12
9910.000000  3.628496e-12
9930.000000  3.598647e-12
9950.000000  3.568864e-12
9970.000000  3.536271e-12
9990.000000  3.490513e-12
10025.000000  3.147643e-12
10075.000000  2.975692e-12
10125.000000  3.300227e-12
10175.000000  3.294436e-12
10225.000000  3.251999e-12
10275.000000  3.195392e-12
10325.000000  3.137069e-12
10375.000000  3.084492e-12
10425.000000  3.033765e-12
10475.000000  2.970923e-12
10525.000000  2.917939e-12
10575.000000  2.875561e-12
10625.000000  2.831889e-12
10675.000000  2.753568e-12
10725.000000  2.726329e-12
10775.000000  2.684533e-12
10825.000000  2.632322e-12
10875.000000  2.560606e-12
10925.000000  2.156317e-12
10975.000000  2.347227e-12
11025.000000  2.458041e-12
11075.000000  2.434323e-12
11125.000000  2.398644e-12
11175.000000  2.360812e-12
11225.000000  2.323565e-12
11275.000000  2.256741e-12
11325.000000  2.227648e-12
11375.000000  2.211714e-12
11425.000000  2.175636e-12
11475.000000  2.145580e-12
11525.000000  2.112618e-12
11575.000000  2.079123e-12
11625.000000  2.035877e-12
11675.000000  2.001599e-12
11725.000000  1.983730e-12
11775.000000  1.935485e-12
11825.000000  1.917736e-12
11875.000000  1.885403e-12
11925.000000  1.866609e-12
11975.000000  1.833132e-12
12025.000000  1.808790e-12
12075.000000  1.780208e-12
12125.000000  1.753826e-12
12175.000000  1.729361e-12
12225.000000  1.703032e-12
12275.000000  1.676039e-12
12325.000000  1.652422e-12
12375.000000  1.628730e-12
12425.000000  1.606886e-12
12475.000000  1.576607e-12
12525.000000  1.559713e-12
12575.000000  1.531172e-12
12625.000000  1.512366e-12
12675.000000  1.490793e-12
12725.000000  1.462924e-12
12775.000000  1.400193e-12
12825.000000  1.205981e-12
12875.000000  1.373894e-12
12925.000000  1.383443e-12
12975.000000  1.369673e-12
13025.000000  1.352517e-12
13075.000000  1.333843e-12
13125.000000  1.315359e-12
13175.000000  1.292646e-12
13225.000000  1.279366e-12
13275.000000  1.261902e-12
13325.000000  1.244617e-12
13375.000000  1.227592e-12
13425.000000  1.210136e-12
13475.000000  1.193563e-12
13525.000000  1.176065e-12
13575.000000  1.161094e-12
13625.000000  1.145678e-12
13675.000000  1.129330e-12
13725.000000  1.113612e-12
13775.000000  1.101352e-12
13825.000000  1.086696e-12
13875.000000  1.072882e-12
13925.000000  1.057875e-12
13975.000000  1.044595e-12
14025.000000  1.031274e-12
14075.000000  1.018000e-12
14125.000000  1.004412e-12
14175.000000  9.916720e-13
14225.000000  9.788847e-13
14275.000000  9.664598e-13
14325.000000  9.538093e-13
14375.000000  9.417335e-13
14425.000000  9.241589e-13
14475.000000  9.178081e-13
14525.000000  9.038353e-13
14570.000000  8.961621e-13
14620.000000  8.859212e-13
14675.000000  8.750501e-13
14725.000000  8.640083e-13
14775.000000  8.515353e-13
14825.000000  8.430198e-13
14875.000000  8.311828e-13
14925.000000  8.235511e-13
14975.000000  8.124197e-13
15025.000000  8.026233e-13
15075.000000  7.924652e-13
15125.000000  7.837241e-13
15175.000000  7.740586e-13
15225.000000  7.650150e-13
15275.000000  7.548170e-13
15325.000000  7.450619e-13
15375.000000  7.373178e-13
15425.000000  7.239530e-13
15475.000000  7.194023e-13
15525.000000  7.101871e-13
15575.000000  6.927340e-13
15625.000000  7.001051e-13
15675.000000  6.793157e-13
15725.000000  6.632500e-13
15775.000000  6.781492e-13
15825.000000  6.689207e-13
15875.000000  6.219824e-13
15925.000000  6.447033e-13
15975.000000  6.531004e-13
16050.000000  6.313849e-13
16150.000000  5.967876e-13
16250.000000  6.191471e-13
16350.000000  5.877690e-13
16450.000000  5.532227e-13
16550.000000  5.806639e-13
16650.000000  5.684594e-13
16750.000000  5.357826e-13
16850.000000  5.030623e-13
16950.000000  5.309044e-13
17050.000000  5.212463e-13
17150.000000  5.100128e-13
17250.000000  4.949217e-13
17350.000000  4.408881e-13
17450.000000  4.677614e-13
17550.000000  4.664125e-13
17650.000000  4.575013e-13
17750.000000  4.480614e-13
17850.000000  4.387582e-13
17950.000000  4.298921e-13
18050.000000  4.171092e-13
18150.000000  3.756647e-13
18250.000000  3.913231e-13
18350.000000  3.944789e-13
18450.000000  3.874833e-13
18550.000000  3.786246e-13
18650.000000  3.685183e-13
18750.000000  3.311200e-13
18850.000000  3.530189e-13
18950.000000  3.495311e-13
19050.000000  3.436108e-13
19150.000000  3.368407e-13
19250.000000  3.296719e-13
19350.000000  3.197490e-13
19450.000000  2.868030e-13
19550.000000  3.074957e-13
19650.000000  3.052193e-13
19750.000000  2.996481e-13
19850.000000  2.940827e-13
19950.000000  2.885995e-13
20050.000000  2.832597e-13
20150.000000  2.779200e-13
20250.000000  2.727037e-13
20350.000000  2.676474e-13
20450.000000  2.627221e-13
20550.000000  2.579123e-13
20650.000000  2.531293e-13
20750.000000  2.485646e-13
20850.000000  2.440971e-13
20950.000000  2.396741e-13
21050.000000  2.353539e-13
21150.000000  2.309054e-13
21250.000000  2.268521e-13
21350.000000  2.227365e-13
21450.000000  2.186715e-13
21550.000000  2.129270e-13
21650.000000  1.921547e-13
21750.000000  2.040384e-13
21850.000000  2.037000e-13
21950.000000  2.007203e-13
22050.000000  1.972639e-13
22150.000000  1.938260e-13
22250.000000  1.906456e-13
22350.000000  1.874111e-13
22450.000000  1.842668e-13
22550.000000  1.811144e-13
22650.000000  1.781345e-13
22750.000000  1.751635e-13
22850.000000  1.724197e-13
22950.000000  1.695787e-13
23050.000000  1.668481e-13
23150.000000  1.641228e-13
23250.000000  1.614858e-13
23350.000000  1.588715e-13
23450.000000  1.563188e-13
23550.000000  1.538201e-13
23650.000000  1.513755e-13
23750.000000  1.489611e-13
23850.000000  1.466054e-13
23950.000000  1.442848e-13
24050.000000  1.419156e-13
24150.000000  1.397065e-13
24250.000000  1.375727e-13
24350.000000  1.353903e-13
24450.000000  1.332121e-13
24550.000000  1.312261e-13
24650.000000  1.290479e-13
24750.000000  1.270798e-13
24850.000000  1.253652e-13
24950.000000  1.226136e-13
