2505.000000  5.456450e-10
2513.000000  5.389680e-10
2518.000000  5.386336e-10
2525.000000  5.320539e-10
2535.000000  5.236175e-10
2545.000000  5.213064e-10
2555.000000  5.191218e-10
2565.000000  5.117176e-10
2575.000000  5.088870e-10
2585.000000  5.033169e-10
2595.000000  4.977986e-10
2605.000000  4.930010e-10
2615.000000  4.886934e-10
2625.000000  4.846976e-10
2635.000000  4.794910e-10
2645.000000  4.789846e-10
2655.000000  4.739858e-10
2665.000000  4.677989e-10
2675.000000  4.640108e-10
2685.000000  4.610925e-10
2695.000000  4.544853e-10
2705.000000  4.521069e-10
2715.000000  4.471353e-10
2725.000000  4.405914e-10
2735.000000  4.391345e-10
2745.000000  4.296749e-10
2755.000000  4.267022e-10
2765.000000  4.240590e-10
2775.000000  4.233588e-10
2785.000000  4.189858e-10
2795.000000  4.079201e-10
2805.000000  4.083220e-10
2815.000000  4.081343e-10
2825.000000  4.018073e-10
2835.000000  3.985908e-10
2845.000000  3.964314e-10
2855.000000  3.931403e-10
2865.000000  3.899056e-10
2875.000000  3.861357e-10
2885.000000  3.827949e-10
2895.000000  3.794541e-10
2910.000000  3.744689e-10
2930.000000  3.673604e-10
2950.000000  3.595696e-10
2970.000000  3.549346e-10
2990.000000  3.486415e-10
3010.000000  3.427821e-10
3030.000000  3.369273e-10
3050.000000  3.311289e-10
3070.000000  3.254909e-10
3090.000000  3.200200e-10
3110.000000  3.146034e-10
3130.000000  3.094623e-10
3150.000000  3.043190e-10
3170.000000  2.992344e-10
3190.000000  2.929774e-10
3210.000000  2.894379e-10
3230.000000  2.846808e-10
3250.000000  2.800841e-10
3270.000000  2.757088e-10
3290.000000  2.711144e-10
3310.000000  2.669062e-10
3330.000000  2.626935e-10
3350.000000  2.583702e-10
3370.000000  2.544353e-10
3390.000000  2.504959e-10
3410.000000  2.465611e-10
3430.000000  2.425065e-10
3450.000000  2.385626e-10
3470.000000  2.350705e-10
3490.000000  2.316167e-10
3510.000000  2.281834e-10
3530.000000  2.247387e-10
3550.000000  2.212963e-10
3570.000000  2.183011e-10
3590.000000  2.145718e-10
3610.000000  2.116241e-10
3630.000000  2.082313e-10
3640.000000  2.071494e-10
3650.000000  2.053898e-10
3670.000000  2.030926e-10
3690.000000  1.990607e-10
3710.000000  1.929867e-10
3730.000000  1.845771e-10
3750.000000  1.996470e-10
3770.000000  2.034753e-10
3790.000000  2.255274e-10
3810.000000  2.441418e-10
3830.000000  2.053249e-10
3850.000000  2.587153e-10
3870.000000  2.724078e-10
3890.000000  1.885537e-10
3910.000000  2.688774e-10
3930.000000  2.729477e-10
3950.000000  2.618932e-10
3970.000000  1.774675e-10
3990.000000  2.495400e-10
4010.000000  2.569781e-10
4030.000000  2.420496e-10
4050.000000  2.524109e-10
4070.000000  2.457791e-10
4090.000000  2.102081e-10
4110.000000  1.746371e-10
4130.000000  2.297621e-10
4150.000000  2.309390e-10
4170.000000  2.296899e-10
4190.000000  2.271284e-10
4210.000000  2.235889e-10
4230.000000  2.200472e-10
4250.000000  2.165619e-10
4270.000000  2.124803e-10
4290.000000  2.087239e-10
4310.000000  2.025281e-10
4330.000000  1.691843e-10
4350.000000  1.507957e-10
4370.000000  1.920226e-10
4390.000000  1.876698e-10
4410.000000  1.907464e-10
4430.000000  1.876360e-10
4450.000000  1.854608e-10
4470.000000  1.742006e-10
4490.000000  1.795813e-10
4510.000000  1.774557e-10
4530.000000  1.748401e-10
4550.000000  1.722289e-10
4570.000000  1.697217e-10
4590.000000  1.672190e-10
4610.000000  1.647682e-10
4630.000000  1.623717e-10
4650.000000  1.600293e-10
4670.000000  1.577412e-10
4690.000000  1.554553e-10
4710.000000  1.515769e-10
4730.000000  1.510416e-10
4750.000000  1.488122e-10
4770.000000  1.467455e-10
4790.000000  1.442947e-10
4810.000000  1.417377e-10
4830.000000  1.377171e-10
4850.000000  1.186057e-10
4870.000000  1.027763e-10
4890.000000  1.306426e-10
4910.000000  1.317698e-10
4930.000000  1.278281e-10
4950.000000  1.292648e-10
4970.000000  1.276295e-10
4990.000000  1.259399e-10
5010.000000  1.228837e-10
5030.000000  1.225111e-10
5050.000000  1.202726e-10
5070.000000  1.192968e-10
5090.000000  1.176660e-10
5110.000000  1.160871e-10
5130.000000  1.145602e-10
5150.000000  1.130378e-10
5170.000000  1.115673e-10
5190.000000  1.100969e-10
5210.000000  1.086264e-10
5230.000000  1.072644e-10
5250.000000  1.058504e-10
5270.000000  1.044883e-10
5290.000000  1.031263e-10
5310.000000  1.018207e-10
5330.000000  1.005129e-10
5350.000000  9.920732e-11
5370.000000  9.795370e-11
5390.000000  9.670234e-11
5410.000000  9.545099e-11
5430.000000  9.425384e-11
5450.000000  9.310863e-11
5470.000000  9.191149e-11
5490.000000  9.076855e-11
5510.000000  8.962562e-11
5530.000000  8.853689e-11
5550.000000  8.744816e-11
5570.000000  8.635943e-11
5590.000000  8.527071e-11
5610.000000  8.423619e-11
5630.000000  8.320167e-11
5650.000000  8.222136e-11
5670.000000  8.118912e-11
5690.000000  8.020881e-11
5710.000000  7.928044e-11
5730.000000  7.830240e-11
5750.000000  7.737630e-11
5770.000000  7.645247e-11
5790.000000  7.552637e-11
5810.000000  7.465448e-11
5830.000000  7.378259e-11
5850.000000  7.291297e-11
5870.000000  7.023402e-11
5890.000000  7.111498e-11
5910.000000  7.035378e-11
5930.000000  6.953837e-11
5950.000000  6.872069e-11
5970.000000  6.795722e-11
5990.000000  6.714408e-11
6010.000000  6.638061e-11
6030.000000  6.561940e-11
6050.000000  6.485594e-11
6070.000000  6.409700e-11
6090.000000  6.338774e-11
6110.000000  6.267848e-11
6130.000000  6.197149e-11
6150.000000  6.126450e-11
6170.000000  6.055751e-11
6190.000000  5.990245e-11
6210.000000  5.924967e-11
6230.000000  5.859689e-11
6250.000000  5.794183e-11
6270.000000  5.729132e-11
6290.000000  5.663854e-11
6310.000000  5.603769e-11
6330.000000  5.538719e-11
6350.000000  5.478634e-11
6370.000000  5.418777e-11
6390.000000  5.361224e-11
6410.000000  5.302406e-11
6430.000000  5.245145e-11
6450.000000  5.188631e-11
6470.000000  5.132636e-11
6490.000000  5.066839e-11
6510.000000  4.998285e-11
6530.000000  4.897272e-11
6550.000000  4.503796e-11
6570.000000  3.900302e-11
6590.000000  4.673293e-11
6610.000000  4.726736e-11
6630.000000  4.697778e-11
6650.000000  4.660283e-11
6670.000000  4.579846e-11
6690.000000  4.533113e-11
6710.000000  4.519223e-11
6730.000000  4.472421e-11
6750.000000  4.426139e-11
6770.000000  4.380444e-11
6790.000000  4.335269e-11
6810.000000  4.290658e-11
6830.000000  4.246567e-11
6850.000000  4.203041e-11
6870.000000  4.160576e-11
6890.000000  4.118133e-11
6910.000000  4.076233e-11
6930.000000  4.034875e-11
6950.000000  3.994579e-11
6970.000000  3.954328e-11
6990.000000  3.914596e-11
7010.000000  3.875406e-11
7030.000000  3.836781e-11
7050.000000  3.798156e-11
7070.000000  3.722125e-11
7090.000000  3.723572e-11
7110.000000  3.686596e-11
7130.000000  3.650139e-11
7150.000000  3.614225e-11
7170.000000  3.578830e-11
7190.000000  3.544000e-11
7210.000000  3.509192e-11
7230.000000  3.474859e-11
7250.000000  3.441700e-11
7270.000000  3.408496e-11
7290.000000  3.361513e-11
7310.000000  3.342653e-11
7330.000000  3.310556e-11
7350.000000  3.279001e-11
7370.000000  3.247447e-11
7390.000000  3.216434e-11
7410.000000  3.185940e-11
7430.000000  3.156012e-11
7450.000000  3.126083e-11
7470.000000  3.096696e-11
7490.000000  3.067332e-11
7510.000000  3.038465e-11
7530.000000  3.010186e-11
7550.000000  2.981883e-11
7570.000000  2.954146e-11
7590.000000  2.926408e-11
7610.000000  2.899190e-11
7630.000000  2.872514e-11
7650.000000  2.845860e-11
7670.000000  2.819749e-11
7690.000000  2.793638e-11
7710.000000  2.768069e-11
7730.000000  2.743019e-11
7750.000000  2.717992e-11
7770.000000  2.691880e-11
7790.000000  2.668479e-11
7810.000000  2.643994e-11
7830.000000  2.620594e-11
7850.000000  2.597215e-11
7870.000000  2.573815e-11
7890.000000  2.550437e-11
7910.000000  2.528120e-11
7930.000000  2.505284e-11
7950.000000  2.482967e-11
7970.000000  2.461170e-11
7990.000000  2.438876e-11
8010.000000  2.417666e-11
8030.000000  2.396434e-11
8050.000000  2.375224e-11
8070.000000  2.354014e-11
8090.000000  2.333301e-11
8110.000000  2.313176e-11
8130.000000  2.292531e-11
8150.000000  2.272879e-11
8170.000000  2.252822e-11
8190.000000  2.233193e-11
8210.000000  2.211396e-11
8230.000000  2.194545e-11
8250.000000  2.176611e-11
8270.000000  2.155852e-11
8290.000000  2.140674e-11
8310.000000  2.123259e-11
8330.000000  2.105301e-11
8350.000000  2.084566e-11
8370.000000  2.069364e-11
8390.000000  2.053056e-11
8410.000000  2.034037e-11
8430.000000  2.015538e-11
8450.000000  1.994780e-11
8470.000000  1.974790e-11
8490.000000  1.961644e-11
8510.000000  1.932394e-11
8530.000000  1.931150e-11
8550.000000  1.872131e-11
8570.000000  1.916468e-11
8590.000000  1.839287e-11
8610.000000  1.818778e-11
8630.000000  1.892976e-11
8650.000000  1.829912e-11
8670.000000  1.684113e-11
8690.000000  1.841341e-11
8710.000000  1.871088e-11
8730.000000  1.804725e-11
8750.000000  1.576956e-11
8770.000000  1.728742e-11
8790.000000  1.829142e-11
8810.000000  1.834495e-11
8830.000000  1.796480e-11
8850.000000  1.639023e-11
8870.000000  1.487101e-11
8890.000000  1.707983e-11
8910.000000  1.762712e-11
8930.000000  1.763706e-11
8950.000000  1.752322e-11
8970.000000  1.724629e-11
8990.000000  1.649684e-11
9010.000000  1.418411e-11
9030.000000  1.489042e-11
9050.000000  1.637712e-11
9070.000000  1.655940e-11
9090.000000  1.658719e-11
9110.000000  1.651152e-11
9130.000000  1.638639e-11
9150.000000  1.623437e-11
9170.000000  1.602205e-11
9190.000000  1.570198e-11
9210.000000  1.471332e-11
9230.000000  1.257994e-11
9250.000000  1.427445e-11
9270.000000  1.515310e-11
9290.000000  1.528275e-11
9310.000000  1.521115e-11
9330.000000  1.515175e-11
9350.000000  1.504333e-11
9370.000000  1.495614e-11
9390.000000  1.484185e-11
9410.000000  1.471694e-11
9430.000000  1.458119e-11
9450.000000  1.445040e-11
9470.000000  1.426496e-11
9490.000000  1.412446e-11
9510.000000  1.374363e-11
9530.000000  1.277214e-11
9550.000000  1.113817e-11
9570.000000  1.282161e-11
9590.000000  1.342357e-11
9610.000000  1.348794e-11
9630.000000  1.342763e-11
9650.000000  1.338449e-11
9670.000000  1.330860e-11
9690.000000  1.320515e-11
9710.000000  1.309605e-11
9730.000000  1.301474e-11
9750.000000  1.291693e-11
9770.000000  1.281890e-11
9790.000000  1.272110e-11
9810.000000  1.262849e-11
9830.000000  1.253091e-11
9850.000000  1.243830e-11
9870.000000  1.234592e-11
9890.000000  1.225353e-11
9910.000000  1.216092e-11
9930.000000  1.206335e-11
9950.000000  1.194905e-11
9970.000000  1.183498e-11
9990.000000  1.169381e-11
10025.000000  1.081967e-11
10075.000000  1.040677e-11
10125.000000  1.113906e-11
10175.000000  1.101912e-11
10225.000000  1.082893e-11
10275.000000  1.063333e-11
10325.000000  1.042620e-11
10375.000000  1.025815e-11
10425.000000  1.007857e-11
10475.000000  9.899230e-12
10525.000000  9.725306e-12
10575.000000  9.556576e-12
10625.000000  9.393493e-12
10675.000000  9.224763e-12
10725.000000  9.072523e-12
10775.000000  8.915088e-12
10825.000000  8.675431e-12
10875.000000  8.518448e-12
10925.000000  7.530017e-12
10975.000000  7.921234e-12
11025.000000  8.120906e-12
11075.000000  8.034171e-12
11125.000000  7.914684e-12
11175.000000  7.784127e-12
11225.000000  7.653571e-12
11275.000000  7.528662e-12
11325.000000  7.403527e-12
11375.000000  7.284039e-12
11425.000000  7.164324e-12
11475.000000  7.050257e-12
11525.000000  6.935964e-12
11575.000000  6.827091e-12
11625.000000  6.718445e-12
11675.000000  6.609799e-12
11725.000000  6.506347e-12
11775.000000  6.403122e-12
11825.000000  6.299897e-12
11875.000000  6.202093e-12
11925.000000  6.109483e-12
11975.000000  5.989315e-12
12025.000000  5.919297e-12
12075.000000  5.826913e-12
12125.000000  5.739951e-12
12175.000000  5.652762e-12
12225.000000  5.565800e-12
12275.000000  5.479065e-12
12325.000000  5.397524e-12
12375.000000  5.316502e-12
12425.000000  5.236519e-12
12475.000000  5.158321e-12
12525.000000  5.078225e-12
12575.000000  5.006532e-12
12625.000000  4.932603e-12
12675.000000  4.856009e-12
12725.000000  4.766336e-12
12775.000000  4.589700e-12
12825.000000  4.142942e-12
12875.000000  4.498515e-12
12925.000000  4.498854e-12
12975.000000  4.437144e-12
13025.000000  4.387362e-12
13075.000000  4.324839e-12
13125.000000  4.263401e-12
13175.000000  4.203070e-12
13225.000000  4.143281e-12
13275.000000  4.085095e-12
13325.000000  4.028016e-12
13375.000000  3.971479e-12
13425.000000  3.915485e-12
13475.000000  3.861681e-12
13525.000000  3.808397e-12
13575.000000  3.755678e-12
13625.000000  3.704043e-12
13675.000000  3.653492e-12
13725.000000  3.603483e-12
13775.000000  3.554558e-12
13825.000000  3.506695e-12
13875.000000  3.458877e-12
13925.000000  3.412663e-12
13975.000000  3.366991e-12
14025.000000  3.321884e-12
14075.000000  3.277318e-12
14125.000000  3.233837e-12
14175.000000  3.191418e-12
14225.000000  3.149044e-12
14275.000000  3.107708e-12
14325.000000  3.066960e-12
14375.000000  3.026732e-12
14425.000000  2.987588e-12
14475.000000  2.948985e-12
14525.000000  2.910925e-12
14570.000000  2.876705e-12
14620.000000  2.840271e-12
14675.000000  2.800608e-12
14725.000000  2.765258e-12
14775.000000  2.730473e-12
14825.000000  2.696750e-12
14875.000000  2.662530e-12
14925.000000  2.629371e-12
14975.000000  2.596755e-12
15025.000000  2.564681e-12
15075.000000  2.531477e-12
15125.000000  2.501616e-12
15175.000000  2.470626e-12
15225.000000  2.439658e-12
15275.000000  2.408691e-12
15325.000000  2.378243e-12
15375.000000  2.350528e-12
15425.000000  2.317392e-12
15475.000000  2.292365e-12
15525.000000  2.262482e-12
15575.000000  2.226636e-12
15625.000000  2.216245e-12
15675.000000  2.172832e-12
15725.000000  2.138070e-12
15775.000000  2.141751e-12
15825.000000  2.111890e-12
15875.000000  2.033784e-12
15925.000000  2.048329e-12
15975.000000  2.049864e-12
16050.000000  1.995564e-12
16150.000000  1.916847e-12
16250.000000  1.931889e-12
16350.000000  1.853737e-12
16450.000000  1.773913e-12
16550.000000  1.807409e-12
16650.000000  1.768265e-12
16750.000000  1.686860e-12
16850.000000  1.611373e-12
16950.000000  1.650336e-12
17050.000000  1.615460e-12
17150.000000  1.584018e-12
17250.000000  1.540041e-12
17350.000000  1.418994e-12
17450.000000  1.461797e-12
17550.000000  1.449239e-12
17650.000000  1.419333e-12
17750.000000  1.388907e-12
17850.000000  1.359047e-12
17950.000000  1.330225e-12
18050.000000  1.296570e-12
18150.000000  1.199917e-12
18250.000000  1.223228e-12
18350.000000  1.220991e-12
18450.000000  1.197613e-12
18550.000000  1.172632e-12
18650.000000  1.139992e-12
18750.000000  1.058587e-12
18850.000000  1.095495e-12
18950.000000  1.080791e-12
19050.000000  1.057932e-12
19150.000000  1.038371e-12
19250.000000  1.017184e-12
19350.000000  9.884302e-13
19450.000000  9.145689e-13
19550.000000  9.498280e-13
19650.000000  9.395057e-13
19750.000000  9.221133e-13
19850.000000  9.046982e-13
19950.000000  8.873058e-13
20050.000000  8.704782e-13
20150.000000  8.536279e-13
20250.000000  8.378617e-13
20350.000000  8.220956e-13
20450.000000  8.068715e-13
20550.000000  7.911281e-13
20650.000000  7.770110e-13
20750.000000  7.628711e-13
20850.000000  7.487539e-13
20950.000000  7.351562e-13
21050.000000  7.215811e-13
21150.000000  7.079834e-13
21250.000000  6.960346e-13
21350.000000  6.835437e-13
21450.000000  6.710301e-13
21550.000000  6.542251e-13
21650.000000  6.080334e-13
21750.000000  6.281364e-13
21850.000000  6.243191e-13
21950.000000  6.139967e-13
22050.000000  6.036516e-13
22150.000000  5.933290e-13
22250.000000  5.830066e-13
22350.000000  5.727068e-13
22450.000000  5.629264e-13
22550.000000  5.536654e-13
22650.000000  5.444270e-13
22750.000000  5.350329e-13
22850.000000  5.261063e-13
22950.000000  5.173062e-13
23050.000000  5.087275e-13
23150.000000  5.003611e-13
23250.000000  4.921550e-13
23350.000000  4.841116e-13
23450.000000  4.761788e-13
23550.000000  4.684629e-13
23650.000000  4.608555e-13
23750.000000  4.534626e-13
23850.000000  4.461826e-13
23950.000000  4.390111e-13
24050.000000  4.320022e-13
24150.000000  4.251536e-13
24250.000000  4.184180e-13
24350.000000  4.117886e-13
24450.000000  4.052676e-13
24550.000000  3.989634e-13
24650.000000  3.925553e-13
24750.000000  3.863573e-13
24850.000000  3.807601e-13
24950.000000  3.740787e-13
