2505.000000  2.391592e-11
2513.000000  1.697706e-11
2518.000000  1.682971e-11
2525.000000  1.392821e-11
2535.000000  1.256144e-11
2545.000000  1.317271e-11
2555.000000  1.787442e-11
2565.000000  1.616952e-11
2575.000000  1.985978e-11
2585.000000  1.918820e-11
2595.000000  1.808128e-11
2605.000000  1.596105e-11
2615.000000  1.444744e-11
2625.000000  1.969554e-11
2635.000000  2.367503e-11
2645.000000  3.131350e-11
2655.000000  3.419758e-11
2665.000000  2.576763e-11
2675.000000  2.942844e-11
2685.000000  2.973003e-11
2695.000000  2.581882e-11
2705.000000  2.884928e-11
2715.000000  2.442465e-11
2725.000000  2.477179e-11
2735.000000  2.748366e-11
2745.000000  1.656935e-11
2755.000000  1.993594e-11
2765.000000  2.308752e-11
2775.000000  2.772851e-11
2785.000000  2.126475e-11
2795.000000  7.507485e-12
2805.000000  1.014995e-11
2815.000000  2.772325e-11
2825.000000  3.401963e-11
2835.000000  3.189298e-11
2845.000000  3.001953e-11
2855.000000  2.412294e-11
2865.000000  3.242847e-11
2875.000000  3.228063e-11
2885.000000  3.198099e-11
2895.000000  3.057149e-11
2910.000000  3.770416e-11
2930.000000  3.491474e-11
2950.000000  3.442890e-11
2970.000000  3.730267e-11
2990.000000  3.727690e-11
3010.000000  3.883759e-11
3030.000000  3.834705e-11
3050.000000  3.871489e-11
3070.000000  3.948500e-11
3090.000000  4.067766e-11
3110.000000  3.937607e-11
3130.000000  3.896374e-11
3150.000000  4.030995e-11
3170.000000  4.036430e-11
3190.000000  3.697765e-11
3210.000000  3.907801e-11
3230.000000  3.584865e-11
3250.000000  3.908191e-11
3270.000000  4.117742e-11
3290.000000  4.104450e-11
3310.000000  4.223396e-11
3330.000000  4.133189e-11
3350.000000  4.079952e-11
3370.000000  3.951653e-11
3390.000000  4.049472e-11
3410.000000  4.050559e-11
3430.000000  4.100477e-11
3450.000000  4.118881e-11
3470.000000  4.061790e-11
3490.000000  4.084217e-11
3510.000000  4.192491e-11
3530.000000  4.110135e-11
3550.000000  4.369631e-11
3570.000000  4.028318e-11
3590.000000  3.995718e-11
3610.000000  4.051501e-11
3630.000000  4.092036e-11
3640.000000  4.040500e-11
3650.000000  4.344496e-11
3670.000000  4.266032e-11
3690.000000  4.108807e-11
3710.000000  4.384764e-11
3730.000000  4.450156e-11
3750.000000  5.341586e-11
3770.000000  5.750155e-11
3790.000000  6.701591e-11
3810.000000  7.582636e-11
3830.000000  6.101980e-11
3850.000000  8.096993e-11
3870.000000  8.776847e-11
3890.000000  6.044827e-11
3910.000000  8.596881e-11
3930.000000  6.361495e-11
3950.000000  8.296512e-11
3970.000000  5.150951e-11
3990.000000  8.725752e-11
4010.000000  9.421332e-11
4030.000000  9.387611e-11
4050.000000  9.248543e-11
4070.000000  9.013194e-11
4090.000000  8.072578e-11
4110.000000  6.612224e-11
4130.000000  8.916967e-11
4150.000000  9.322165e-11
4170.000000  9.216993e-11
4190.000000  9.148764e-11
4210.000000  9.139040e-11
4230.000000  8.867135e-11
4250.000000  9.014906e-11
4270.000000  8.727423e-11
4290.000000  8.683109e-11
4310.000000  8.053466e-11
4330.000000  7.220153e-11
4350.000000  6.338516e-11
4370.000000  8.579831e-11
4390.000000  8.560204e-11
4410.000000  8.457356e-11
4430.000000  8.373044e-11
4450.000000  8.440266e-11
4470.000000  8.467764e-11
4490.000000  8.411523e-11
4510.000000  8.726588e-11
4530.000000  8.267820e-11
4550.000000  8.232077e-11
4570.000000  8.541270e-11
4590.000000  8.176493e-11
4610.000000  8.339525e-11
4630.000000  8.134680e-11
4650.000000  8.186895e-11
4670.000000  8.229463e-11
4690.000000  7.954157e-11
4710.000000  7.656835e-11
4730.000000  8.001814e-11
4750.000000  8.002960e-11
4770.000000  7.890094e-11
4790.000000  7.823307e-11
4810.000000  7.701969e-11
4830.000000  7.507061e-11
4850.000000  6.325435e-11
4870.000000  5.220154e-11
4890.000000  7.105027e-11
4910.000000  7.297650e-11
4930.000000  7.191153e-11
4950.000000  7.345375e-11
4970.000000  7.389206e-11
4990.000000  7.052758e-11
5010.000000  6.818497e-11
5030.000000  7.059600e-11
5050.000000  6.950965e-11
5070.000000  7.087067e-11
5090.000000  6.948737e-11
5110.000000  6.962934e-11
5130.000000  6.808239e-11
5150.000000  6.655881e-11
5170.000000  6.528987e-11
5190.000000  6.460576e-11
5210.000000  6.508054e-11
5230.000000  6.500886e-11
5250.000000  6.595514e-11
5270.000000  6.130508e-11
5290.000000  6.452854e-11
5310.000000  6.421421e-11
5330.000000  6.134331e-11
5350.000000  6.334991e-11
5370.000000  6.275803e-11
5390.000000  6.214800e-11
5410.000000  6.066482e-11
5430.000000  6.124982e-11
5450.000000  6.163502e-11
5470.000000  6.078136e-11
5490.000000  6.041834e-11
5510.000000  6.010467e-11
5530.000000  5.965797e-11
5550.000000  5.976263e-11
5570.000000  5.864128e-11
5590.000000  5.796151e-11
5610.000000  5.805603e-11
5630.000000  5.810784e-11
5650.000000  5.747842e-11
5670.000000  5.648165e-11
5690.000000  5.664713e-11
5710.000000  5.604212e-11
5730.000000  5.683515e-11
5750.000000  5.576013e-11
5770.000000  5.563467e-11
5790.000000  5.496429e-11
5810.000000  5.484204e-11
5830.000000  5.466683e-11
5850.000000  5.389632e-11
5870.000000  5.362761e-11
5890.000000  5.225536e-11
5910.000000  5.284699e-11
5930.000000  5.244630e-11
5950.000000  5.215585e-11
5970.000000  5.184550e-11
5990.000000  5.125454e-11
6010.000000  5.055493e-11
6030.000000  5.035792e-11
6050.000000  5.029385e-11
6070.000000  5.013658e-11
6090.000000  4.947279e-11
6110.000000  4.889141e-11
6130.000000  4.790538e-11
6150.000000  4.739841e-11
6170.000000  4.699586e-11
6190.000000  4.775151e-11
6210.000000  4.750869e-11
6230.000000  4.674168e-11
6250.000000  4.547037e-11
6270.000000  4.650981e-11
6290.000000  4.623086e-11
6310.000000  4.530056e-11
6330.000000  4.518821e-11
6350.000000  4.473322e-11
6370.000000  4.445245e-11
6390.000000  4.440136e-11
6410.000000  4.360685e-11
6430.000000  4.360641e-11
6450.000000  4.288845e-11
6470.000000  4.284589e-11
6490.000000  4.207810e-11
6510.000000  4.205664e-11
6530.000000  4.121626e-11
6550.000000  3.723656e-11
6570.000000  3.057733e-11
6590.000000  3.936095e-11
6610.000000  4.062496e-11
6630.000000  4.070444e-11
6650.000000  4.051619e-11
6670.000000  4.013235e-11
6690.000000  4.014609e-11
6710.000000  3.976885e-11
6730.000000  3.957914e-11
6750.000000  3.902621e-11
6770.000000  3.907744e-11
6790.000000  3.875637e-11
6810.000000  3.847613e-11
6830.000000  3.818930e-11
6850.000000  3.781360e-11
6870.000000  3.772811e-11
6890.000000  3.750045e-11
6910.000000  3.722160e-11
6930.000000  3.694567e-11
6950.000000  3.670336e-11
6970.000000  3.644267e-11
6990.000000  3.625821e-11
7010.000000  3.559744e-11
7030.000000  3.560876e-11
7050.000000  3.547775e-11
7070.000000  3.523527e-11
7090.000000  3.499600e-11
7110.000000  3.424172e-11
7130.000000  3.429959e-11
7150.000000  3.411644e-11
7170.000000  3.384218e-11
7190.000000  3.346556e-11
7210.000000  3.341771e-11
7230.000000  3.318336e-11
7250.000000  3.298127e-11
7270.000000  3.290743e-11
7290.000000  3.239172e-11
7310.000000  3.234448e-11
7330.000000  3.213791e-11
7350.000000  3.205836e-11
7370.000000  3.187782e-11
7390.000000  3.142071e-11
7410.000000  3.101049e-11
7430.000000  3.088776e-11
7450.000000  3.077928e-11
7470.000000  3.054539e-11
7490.000000  3.039279e-11
7510.000000  3.029924e-11
7530.000000  3.015738e-11
7550.000000  3.007670e-11
7570.000000  2.978811e-11
7590.000000  2.963514e-11
7610.000000  2.940790e-11
7630.000000  2.926652e-11
7650.000000  2.901766e-11
7670.000000  2.859393e-11
7690.000000  2.857698e-11
7710.000000  2.836975e-11
7730.000000  2.829282e-11
7750.000000  2.800298e-11
7770.000000  2.750269e-11
7790.000000  2.785207e-11
7810.000000  2.760674e-11
7830.000000  2.729399e-11
7850.000000  2.707127e-11
7870.000000  2.701211e-11
7890.000000  2.680256e-11
7910.000000  2.658798e-11
7930.000000  2.624853e-11
7950.000000  2.615767e-11
7970.000000  2.627001e-11
7990.000000  2.597750e-11
8010.000000  2.584277e-11
8030.000000  2.564360e-11
8050.000000  2.550836e-11
8070.000000  2.539339e-11
8090.000000  2.515635e-11
8110.000000  2.513508e-11
8130.000000  2.501894e-11
8150.000000  2.484032e-11
8170.000000  2.468389e-11
8190.000000  2.412499e-11
8210.000000  2.408719e-11
8230.000000  2.393649e-11
8250.000000  2.384426e-11
8270.000000  2.396524e-11
8290.000000  2.378849e-11
8310.000000  2.353278e-11
8330.000000  2.319532e-11
8350.000000  2.329637e-11
8370.000000  2.321312e-11
8390.000000  2.293250e-11
8410.000000  2.289127e-11
8430.000000  2.266600e-11
8450.000000  2.229003e-11
8470.000000  2.215653e-11
8490.000000  2.226945e-11
8510.000000  2.107759e-11
8530.000000  2.207179e-11
8550.000000  1.932503e-11
8570.000000  2.219192e-11
8590.000000  2.118112e-11
8610.000000  2.074173e-11
8630.000000  2.197160e-11
8650.000000  2.142603e-11
8670.000000  1.808970e-11
8690.000000  2.112219e-11
8710.000000  2.174672e-11
8730.000000  2.124316e-11
8750.000000  1.827672e-11
8770.000000  2.068432e-11
8790.000000  2.139381e-11
8810.000000  2.129756e-11
8830.000000  2.087894e-11
8850.000000  1.968992e-11
8870.000000  1.749140e-11
8890.000000  2.037140e-11
8910.000000  2.076258e-11
8930.000000  2.065715e-11
8950.000000  2.073679e-11
8970.000000  2.047065e-11
8990.000000  1.994470e-11
9010.000000  1.697453e-11
9030.000000  1.835832e-11
9050.000000  1.983238e-11
9070.000000  1.960462e-11
9090.000000  1.928438e-11
9110.000000  1.964539e-11
9130.000000  1.977611e-11
9150.000000  1.970578e-11
9170.000000  1.948444e-11
9190.000000  1.917838e-11
9210.000000  1.821977e-11
9230.000000  1.529705e-11
9250.000000  1.766069e-11
9270.000000  1.837982e-11
9290.000000  1.883326e-11
9310.000000  1.882813e-11
9330.000000  1.871568e-11
9350.000000  1.864736e-11
9370.000000  1.858009e-11
9390.000000  1.839901e-11
9410.000000  1.770660e-11
9430.000000  1.805247e-11
9450.000000  1.795803e-11
9470.000000  1.796710e-11
9490.000000  1.781768e-11
9510.000000  1.745794e-11
9530.000000  1.656095e-11
9550.000000  1.406299e-11
9570.000000  1.654743e-11
9590.000000  1.712429e-11
9610.000000  1.705839e-11
9630.000000  1.689018e-11
9650.000000  1.699194e-11
9670.000000  1.676116e-11
9690.000000  1.673393e-11
9710.000000  1.686764e-11
9730.000000  1.676583e-11
9750.000000  1.652848e-11
9770.000000  1.657647e-11
9790.000000  1.647342e-11
9810.000000  1.640412e-11
9830.000000  1.629152e-11
9850.000000  1.613391e-11
9870.000000  1.603216e-11
9890.000000  1.587643e-11
9910.000000  1.579498e-11
9930.000000  1.579606e-11
9950.000000  1.569474e-11
9970.000000  1.560770e-11
9990.000000  1.546386e-11
10025.000000  1.450074e-11
10075.000000  1.386942e-11
10125.000000  1.482134e-11
10175.000000  1.472487e-11
10225.000000  1.461486e-11
10275.000000  1.445643e-11
10325.000000  1.418520e-11
10375.000000  1.402806e-11
10425.000000  1.385265e-11
10475.000000  1.350236e-11
10525.000000  1.342372e-11
10575.000000  1.325445e-11
10625.000000  1.308037e-11
10675.000000  1.267221e-11
10725.000000  1.265514e-11
10775.000000  1.250901e-11
10825.000000  1.228291e-11
10875.000000  1.205488e-11
10925.000000  1.068227e-11
10975.000000  1.135763e-11
11025.000000  1.173988e-11
11075.000000  1.168198e-11
11125.000000  1.150686e-11
11175.000000  1.136107e-11
11225.000000  1.125618e-11
11275.000000  1.092961e-11
11325.000000  1.081331e-11
11375.000000  1.076930e-11
11425.000000  1.055590e-11
11475.000000  1.057194e-11
11525.000000  1.044902e-11
11575.000000  1.029391e-11
11625.000000  1.003968e-11
11675.000000  9.873403e-12
11725.000000  9.944289e-12
11775.000000  9.624355e-12
11825.000000  9.590201e-12
11875.000000  9.412007e-12
11925.000000  9.486840e-12
11975.000000  9.226224e-12
12025.000000  9.196955e-12
12075.000000  9.057989e-12
12125.000000  8.965335e-12
12175.000000  8.908844e-12
12225.000000  8.789990e-12
12275.000000  8.665920e-12
12325.000000  8.573318e-12
12375.000000  8.480687e-12
12425.000000  8.397649e-12
12475.000000  8.291590e-12
12525.000000  8.171693e-12
12575.000000  8.039124e-12
12625.000000  7.971859e-12
12675.000000  7.888623e-12
12725.000000  7.781889e-12
12775.000000  7.506234e-12
12825.000000  6.547654e-12
12875.000000  7.374381e-12
12925.000000  7.416618e-12
12975.000000  7.369820e-12
13025.000000  7.294332e-12
13075.000000  7.230708e-12
13125.000000  7.119589e-12
13175.000000  7.019972e-12
13225.000000  6.984761e-12
13275.000000  6.890699e-12
13325.000000  6.824938e-12
13375.000000  6.744706e-12
13425.000000  6.675702e-12
13475.000000  6.600452e-12
13525.000000  6.510755e-12
13575.000000  6.420761e-12
13625.000000  6.379545e-12
13675.000000  6.296150e-12
13725.000000  6.172929e-12
13775.000000  6.144310e-12
13825.000000  6.083836e-12
13875.000000  6.045436e-12
13925.000000  5.949150e-12
13975.000000  5.894687e-12
14025.000000  5.828000e-12
14075.000000  5.781214e-12
14125.000000  5.695363e-12
14175.000000  5.652449e-12
14225.000000  5.566162e-12
14275.000000  5.492640e-12
14325.000000  5.466064e-12
14375.000000  5.421605e-12
14425.000000  5.231524e-12
14475.000000  5.293371e-12
14525.000000  5.170223e-12
14570.000000  5.175748e-12
14620.000000  5.107101e-12
14675.000000  5.068122e-12
14725.000000  4.988811e-12
14775.000000  4.922722e-12
14825.000000  4.889724e-12
14875.000000  4.805339e-12
14925.000000  4.824131e-12
14975.000000  4.751249e-12
15025.000000  4.677470e-12
15075.000000  4.619753e-12
15125.000000  4.613374e-12
15175.000000  4.570604e-12
15225.000000  4.507411e-12
15275.000000  4.464465e-12
15325.000000  4.411023e-12
15375.000000  4.373742e-12
15425.000000  4.281438e-12
15475.000000  4.273149e-12
15525.000000  4.234345e-12
15575.000000  4.128577e-12
15625.000000  4.185703e-12
15675.000000  4.066641e-12
15725.000000  3.969571e-12
15775.000000  4.014985e-12
15825.000000  3.997642e-12
15875.000000  3.705930e-12
15925.000000  3.880067e-12
15975.000000  3.909745e-12
16050.000000  3.795142e-12
16150.000000  3.591648e-12
16250.000000  3.731533e-12
16350.000000  3.550529e-12
16450.000000  3.331648e-12
16550.000000  3.510204e-12
16650.000000  3.444280e-12
16750.000000  3.250104e-12
16850.000000  3.038566e-12
16950.000000  3.231568e-12
17050.000000  3.156874e-12
17150.000000  3.102816e-12
17250.000000  2.993756e-12
17350.000000  2.663308e-12
17450.000000  2.833414e-12
17550.000000  2.836304e-12
17650.000000  2.781137e-12
17750.000000  2.734267e-12
17850.000000  2.677635e-12
17950.000000  2.633188e-12
18050.000000  2.550658e-12
18150.000000  2.290511e-12
18250.000000  2.396527e-12
18350.000000  2.415681e-12
18450.000000  2.370397e-12
18550.000000  2.319013e-12
18650.000000  2.256166e-12
18750.000000  2.008721e-12
18850.000000  2.158248e-12
18950.000000  2.123698e-12
19050.000000  2.116601e-12
19150.000000  2.073599e-12
19250.000000  2.029876e-12
19350.000000  1.967109e-12
19450.000000  1.761036e-12
19550.000000  1.896869e-12
19650.000000  1.882047e-12
19750.000000  1.845204e-12
19850.000000  1.817956e-12
19950.000000  1.784451e-12
20050.000000  1.754368e-12
20150.000000  1.724661e-12
20250.000000  1.689070e-12
20350.000000  1.654119e-12
20450.000000  1.632736e-12
20550.000000  1.602158e-12
20650.000000  1.568906e-12
20750.000000  1.543239e-12
20850.000000  1.516895e-12
20950.000000  1.487487e-12
21050.000000  1.463358e-12
21150.000000  1.434210e-12
21250.000000  1.409312e-12
21350.000000  1.385570e-12
21450.000000  1.363438e-12
21550.000000  1.328499e-12
21650.000000  1.195018e-12
21750.000000  1.272473e-12
21850.000000  1.268752e-12
21950.000000  1.254634e-12
22050.000000  1.228268e-12
22150.000000  1.208653e-12
22250.000000  1.192465e-12
22350.000000  1.172527e-12
22450.000000  1.153210e-12
22550.000000  1.128293e-12
22650.000000  1.113523e-12
22750.000000  1.096498e-12
22850.000000  1.077619e-12
22950.000000  1.059803e-12
23050.000000  1.045566e-12
23150.000000  1.027740e-12
23250.000000  1.012697e-12
23350.000000  9.956334e-13
23450.000000  9.809067e-13
23550.000000  9.653418e-13
23650.000000  9.507430e-13
23750.000000  9.336348e-13
23850.000000  9.194442e-13
23950.000000  9.061316e-13
24050.000000  8.913766e-13
24150.000000  8.770752e-13
24250.000000  8.646786e-13
24350.000000  8.498190e-13
24450.000000  8.377571e-13
24550.000000  8.234442e-13
24650.000000  8.121645e-13
24750.000000  7.989679e-13
24850.000000  7.864636e-13
24950.000000  7.712816e-13
