2505.000000  4.839855e-11
2513.000000  4.315942e-11
2518.000000  4.409479e-11
2525.000000  4.098974e-11
2535.000000  4.034837e-11
2545.000000  4.027972e-11
2555.000000  4.304721e-11
2565.000000  4.279757e-11
2575.000000  4.585216e-11
2585.000000  4.575910e-11
2595.000000  4.477411e-11
2605.000000  4.277136e-11
2615.000000  4.231643e-11
2625.000000  4.498548e-11
2635.000000  4.515067e-11
2645.000000  5.007757e-11
2655.000000  4.929213e-11
2665.000000  4.502685e-11
2675.000000  4.705641e-11
2685.000000  4.661270e-11
2695.000000  4.470637e-11
2705.000000  4.580920e-11
2715.000000  4.349592e-11
2725.000000  4.392077e-11
2735.000000  4.722285e-11
2745.000000  4.014067e-11
2755.000000  4.056132e-11
2765.000000  4.183386e-11
2775.000000  4.487494e-11
2785.000000  4.377069e-11
2795.000000  3.335713e-11
2805.000000  3.759859e-11
2815.000000  4.563384e-11
2825.000000  4.627021e-11
2835.000000  4.434904e-11
2845.000000  4.269722e-11
2855.000000  4.141109e-11
2865.000000  4.411266e-11
2875.000000  4.277624e-11
2885.000000  4.367637e-11
2895.000000  4.190752e-11
2910.000000  4.610384e-11
2930.000000  4.418040e-11
2950.000000  4.400713e-11
2970.000000  4.450818e-11
2990.000000  4.462518e-11
3010.000000  4.520359e-11
3030.000000  4.459299e-11
3050.000000  4.406191e-11
3070.000000  4.349919e-11
3090.000000  4.393160e-11
3110.000000  4.283283e-11
3130.000000  4.254575e-11
3150.000000  4.297537e-11
3170.000000  4.259910e-11
3190.000000  4.103398e-11
3210.000000  4.170985e-11
3230.000000  4.080671e-11
3250.000000  4.109822e-11
3270.000000  4.108855e-11
3290.000000  4.126078e-11
3310.000000  4.126150e-11
3330.000000  4.036592e-11
3350.000000  3.969429e-11
3370.000000  3.962639e-11
3390.000000  3.925470e-11
3410.000000  3.972334e-11
3430.000000  3.951912e-11
3450.000000  3.918242e-11
3470.000000  3.865292e-11
3490.000000  3.841526e-11
3510.000000  3.861636e-11
3530.000000  3.855884e-11
3550.000000  3.843237e-11
3570.000000  3.773521e-11
3590.000000  3.749756e-11
3610.000000  3.728700e-11
3630.000000  3.709086e-11
3640.000000  3.687554e-11
3650.000000  3.743091e-11
3670.000000  3.720997e-11
3690.000000  3.581253e-11
3710.000000  3.638176e-11
3730.000000  3.708909e-11
3750.000000  4.705090e-11
3770.000000  5.066658e-11
3790.000000  6.393314e-11
3810.000000  7.541664e-11
3830.000000  5.879264e-11
3850.000000  8.291750e-11
3870.000000  9.454001e-11
3890.000000  5.059768e-11
3910.000000  9.338956e-11
3930.000000  9.629540e-11
3950.000000  9.302722e-11
3970.000000  4.806472e-11
3990.000000  8.862421e-11
4010.000000  9.756583e-11
4030.000000  9.688154e-11
4050.000000  9.582783e-11
4070.000000  9.143530e-11
4090.000000  7.033644e-11
4110.000000  5.277076e-11
4130.000000  8.581140e-11
4150.000000  8.954254e-11
4170.000000  8.848354e-11
4190.000000  8.763738e-11
4210.000000  8.664174e-11
4230.000000  8.480521e-11
4250.000000  8.372335e-11
4270.000000  8.184631e-11
4290.000000  8.108119e-11
4310.000000  7.627344e-11
4330.000000  5.652437e-11
4350.000000  4.767744e-11
4370.000000  7.372983e-11
4390.000000  7.484158e-11
4410.000000  7.471491e-11
4430.000000  7.399542e-11
4450.000000  7.382308e-11
4470.000000  7.274123e-11
4490.000000  7.098562e-11
4510.000000  7.089947e-11
4530.000000  6.975953e-11
4550.000000  6.813057e-11
4570.000000  6.836107e-11
4590.000000  6.694495e-11
4610.000000  6.713497e-11
4630.000000  6.533887e-11
4650.000000  6.537936e-11
4670.000000  6.441871e-11
4690.000000  6.306045e-11
4710.000000  6.112962e-11
4730.000000  6.198673e-11
4750.000000  6.117297e-11
4770.000000  6.036290e-11
4790.000000  5.944763e-11
4810.000000  5.808148e-11
4830.000000  5.538703e-11
4850.000000  4.241244e-11
4870.000000  3.401828e-11
4890.000000  5.207917e-11
4910.000000  5.438083e-11
4930.000000  5.382547e-11
4950.000000  5.383023e-11
4970.000000  5.345221e-11
4990.000000  5.267096e-11
5010.000000  5.140507e-11
5030.000000  5.127861e-11
5050.000000  5.035419e-11
5070.000000  5.026907e-11
5090.000000  4.967906e-11
5110.000000  4.905458e-11
5130.000000  4.848866e-11
5150.000000  4.774665e-11
5170.000000  4.669082e-11
5190.000000  4.626143e-11
5210.000000  4.611367e-11
5230.000000  4.521211e-11
5250.000000  4.518241e-11
5270.000000  4.405794e-11
5290.000000  4.416405e-11
5310.000000  4.329714e-11
5330.000000  4.284398e-11
5350.000000  4.273601e-11
5370.000000  4.213843e-11
5390.000000  4.169179e-11
5410.000000  4.106658e-11
5430.000000  4.070861e-11
5450.000000  4.038460e-11
5470.000000  3.990858e-11
5490.000000  3.949818e-11
5510.000000  3.904345e-11
5530.000000  3.856619e-11
5550.000000  3.823355e-11
5570.000000  3.778972e-11
5590.000000  3.740061e-11
5610.000000  3.703683e-11
5630.000000  3.664314e-11
5650.000000  3.619474e-11
5670.000000  3.580386e-11
5690.000000  3.545274e-11
5710.000000  3.508896e-11
5730.000000  3.472922e-11
5750.000000  3.432972e-11
5770.000000  3.397860e-11
5790.000000  3.359177e-11
5810.000000  3.325332e-11
5830.000000  3.290853e-11
5850.000000  3.256603e-11
5870.000000  3.217868e-11
5890.000000  3.167028e-11
5910.000000  3.154258e-11
5930.000000  3.122541e-11
5950.000000  3.084262e-11
5970.000000  3.056345e-11
5990.000000  3.019562e-11
6010.000000  2.990835e-11
6030.000000  2.963957e-11
6050.000000  2.931606e-11
6070.000000  2.904094e-11
6090.000000  2.874101e-11
6110.000000  2.844688e-11
6130.000000  2.814062e-11
6150.000000  2.760178e-11
6170.000000  2.756556e-11
6190.000000  2.732844e-11
6210.000000  2.705560e-11
6230.000000  2.676604e-11
6250.000000  2.636249e-11
6270.000000  2.625837e-11
6290.000000  2.600048e-11
6310.000000  2.570459e-11
6330.000000  2.547609e-11
6350.000000  2.501730e-11
6370.000000  2.484403e-11
6390.000000  2.472547e-11
6410.000000  2.445491e-11
6430.000000  2.423731e-11
6450.000000  2.383200e-11
6470.000000  2.371292e-11
6490.000000  2.336866e-11
6510.000000  2.301402e-11
6530.000000  2.226270e-11
6550.000000  1.913269e-11
6570.000000  1.537609e-11
6590.000000  2.093227e-11
6610.000000  2.181553e-11
6630.000000  2.185476e-11
6650.000000  2.173391e-11
6670.000000  2.155835e-11
6690.000000  2.140179e-11
6710.000000  2.121990e-11
6730.000000  2.100001e-11
6750.000000  2.081407e-11
6770.000000  2.064256e-11
6790.000000  2.044395e-11
6810.000000  2.025801e-11
6830.000000  2.005712e-11
6850.000000  1.988156e-11
6870.000000  1.970600e-11
6890.000000  1.952640e-11
6910.000000  1.934450e-11
6930.000000  1.916261e-11
6950.000000  1.899567e-11
6970.000000  1.882011e-11
6990.000000  1.865950e-11
7010.000000  1.844823e-11
7030.000000  1.831700e-11
7050.000000  1.814373e-11
7070.000000  1.799350e-11
7090.000000  1.783694e-11
7110.000000  1.756919e-11
7130.000000  1.749901e-11
7150.000000  1.734245e-11
7170.000000  1.720489e-11
7190.000000  1.705061e-11
7210.000000  1.690267e-11
7230.000000  1.674840e-11
7250.000000  1.658779e-11
7270.000000  1.646694e-11
7290.000000  1.631266e-11
7310.000000  1.617105e-11
7330.000000  1.603578e-11
7350.000000  1.590683e-11
7370.000000  1.576927e-11
7390.000000  1.562766e-11
7410.000000  1.548201e-11
7430.000000  1.531506e-11
7450.000000  1.520512e-11
7470.000000  1.503818e-11
7490.000000  1.494090e-11
7510.000000  1.482867e-11
7530.000000  1.471873e-11
7550.000000  1.459612e-11
7570.000000  1.447350e-11
7590.000000  1.435089e-11
7610.000000  1.423462e-11
7630.000000  1.411201e-11
7650.000000  1.398939e-11
7670.000000  1.386678e-11
7690.000000  1.375684e-11
7710.000000  1.363423e-11
7730.000000  1.353695e-11
7750.000000  1.342067e-11
7770.000000  1.306374e-11
7790.000000  1.320307e-11
7810.000000  1.309717e-11
7830.000000  1.297685e-11
7850.000000  1.286057e-11
7870.000000  1.271896e-11
7890.000000  1.259001e-11
7910.000000  1.254568e-11
7930.000000  1.245879e-11
7950.000000  1.230679e-11
7970.000000  1.226652e-11
7990.000000  1.204891e-11
8010.000000  1.206562e-11
8030.000000  1.196834e-11
8050.000000  1.187740e-11
8070.000000  1.177607e-11
8090.000000  1.168513e-11
8110.000000  1.159418e-11
8130.000000  1.150552e-11
8150.000000  1.141457e-11
8170.000000  1.132363e-11
8190.000000  1.118025e-11
8210.000000  1.112959e-11
8230.000000  1.103231e-11
8250.000000  1.098165e-11
8270.000000  1.096037e-11
8290.000000  1.086942e-11
8310.000000  1.079976e-11
8330.000000  1.067715e-11
8350.000000  1.063687e-11
8370.000000  1.055859e-11
8390.000000  1.046131e-11
8410.000000  1.035998e-11
8430.000000  1.026675e-11
8450.000000  1.007043e-11
8470.000000  9.958199e-12
8490.000000  1.005776e-11
8510.000000  9.601271e-12
8530.000000  1.000305e-11
8550.000000  9.071071e-12
8570.000000  1.005776e-11
8590.000000  9.305389e-12
8610.000000  9.075120e-12
8630.000000  1.011300e-11
8650.000000  9.622558e-12
8670.000000  7.997481e-12
8690.000000  9.815351e-12
8710.000000  1.025461e-11
8730.000000  9.743406e-12
8750.000000  7.610651e-12
8770.000000  9.195969e-12
8790.000000  1.018671e-11
8810.000000  1.028803e-11
8830.000000  9.943768e-12
8850.000000  8.650818e-12
8870.000000  7.298056e-12
8890.000000  9.354291e-12
8910.000000  9.888536e-12
8930.000000  9.957670e-12
8950.000000  9.955386e-12
8970.000000  9.742355e-12
8990.000000  9.134402e-12
9010.000000  7.135161e-12
9030.000000  7.805210e-12
9050.000000  9.148828e-12
9070.000000  9.319809e-12
9090.000000  9.298525e-12
9110.000000  9.392994e-12
9130.000000  9.365377e-12
9150.000000  9.302050e-12
9170.000000  9.152347e-12
9190.000000  8.856988e-12
9210.000000  8.067142e-12
9230.000000  6.222319e-12
9250.000000  7.714262e-12
9270.000000  8.387827e-12
9290.000000  8.744232e-12
9310.000000  8.763232e-12
9330.000000  8.720660e-12
9350.000000  8.676332e-12
9370.000000  8.623383e-12
9390.000000  8.515722e-12
9410.000000  8.366016e-12
9430.000000  8.408064e-12
9450.000000  8.342451e-12
9470.000000  8.253790e-12
9490.000000  8.120800e-12
9510.000000  7.844441e-12
9530.000000  7.020645e-12
9550.000000  5.619505e-12
9570.000000  7.096639e-12
9590.000000  7.671168e-12
9610.000000  7.767919e-12
9630.000000  7.695969e-12
9650.000000  7.763348e-12
9670.000000  7.670641e-12
9690.000000  7.662021e-12
9710.000000  7.640737e-12
9730.000000  7.581456e-12
9750.000000  7.524459e-12
9770.000000  7.477844e-12
9790.000000  7.420849e-12
9810.000000  7.367899e-12
9830.000000  7.304569e-12
9850.000000  7.249860e-12
9870.000000  7.196911e-12
9890.000000  7.110536e-12
9910.000000  7.086966e-12
9930.000000  7.025924e-12
9950.000000  6.972976e-12
9970.000000  6.903315e-12
9990.000000  6.801989e-12
10025.000000  6.073905e-12
10075.000000  5.751651e-12
10125.000000  6.474439e-12
10175.000000  6.457202e-12
10225.000000  6.374875e-12
10275.000000  6.266954e-12
10325.000000  6.157518e-12
10375.000000  6.054821e-12
10425.000000  5.954657e-12
10475.000000  5.834736e-12
10525.000000  5.742119e-12
10575.000000  5.654621e-12
10625.000000  5.565856e-12
10675.000000  5.414904e-12
10725.000000  5.360513e-12
10775.000000  5.281933e-12
10825.000000  5.180274e-12
10875.000000  5.021548e-12
10925.000000  4.184276e-12
10975.000000  4.574872e-12
11025.000000  4.836895e-12
11075.000000  4.797702e-12
11125.000000  4.733863e-12
11175.000000  4.662197e-12
11225.000000  4.589721e-12
11275.000000  4.471471e-12
11325.000000  4.408090e-12
11375.000000  4.372522e-12
11425.000000  4.301770e-12
11475.000000  4.245479e-12
11525.000000  4.181236e-12
11575.000000  4.116588e-12
11625.000000  4.037198e-12
11675.000000  3.963103e-12
11725.000000  3.932954e-12
11775.000000  3.835884e-12
11825.000000  3.799911e-12
11875.000000  3.738024e-12
11925.000000  3.703899e-12
11975.000000  3.636541e-12
12025.000000  3.591702e-12
12075.000000  3.535110e-12
12125.000000  3.485028e-12
12175.000000  3.437884e-12
12225.000000  3.386535e-12
12275.000000  3.334782e-12
12325.000000  3.287866e-12
12375.000000  3.242217e-12
12425.000000  3.198873e-12
12475.000000  3.144586e-12
12525.000000  3.106765e-12
12575.000000  3.052302e-12
12625.000000  3.013619e-12
12675.000000  2.969008e-12
12725.000000  2.912013e-12
12775.000000  2.772514e-12
12825.000000  2.371610e-12
12875.000000  2.725141e-12
12925.000000  2.757333e-12
12975.000000  2.731949e-12
13025.000000  2.701499e-12
13075.000000  2.665349e-12
13125.000000  2.628390e-12
13175.000000  2.586769e-12
13225.000000  2.557814e-12
13275.000000  2.523793e-12
13325.000000  2.489772e-12
13375.000000  2.456383e-12
13425.000000  2.423224e-12
13475.000000  2.390469e-12
13525.000000  2.356043e-12
13575.000000  2.326455e-12
13625.000000  2.296866e-12
13675.000000  2.265606e-12
13725.000000  2.231409e-12
13775.000000  2.207925e-12
13825.000000  2.179603e-12
13875.000000  2.152548e-12
13925.000000  2.122784e-12
13975.000000  2.096362e-12
14025.000000  2.070168e-12
14075.000000  2.043747e-12
14125.000000  2.017553e-12
14175.000000  1.991993e-12
14225.000000  1.966838e-12
14275.000000  1.941911e-12
14325.000000  1.917617e-12
14375.000000  1.893729e-12
14425.000000  1.856822e-12
14475.000000  1.846408e-12
14525.000000  1.817506e-12
14570.000000  1.803521e-12
14620.000000  1.781585e-12
14675.000000  1.760229e-12
14725.000000  1.738469e-12
14775.000000  1.714404e-12
14825.000000  1.696848e-12
14875.000000  1.673416e-12
14925.000000  1.658798e-12
14975.000000  1.637266e-12
15025.000000  1.616368e-12
15075.000000  1.597545e-12
15125.000000  1.580218e-12
15175.000000  1.560762e-12
15225.000000  1.542802e-12
15275.000000  1.521903e-12
15325.000000  1.502448e-12
15375.000000  1.487882e-12
15425.000000  1.459155e-12
15475.000000  1.451556e-12
15525.000000  1.433367e-12
15575.000000  1.394913e-12
15625.000000  1.415635e-12
15675.000000  1.370214e-12
15725.000000  1.334926e-12
15775.000000  1.372343e-12
15825.000000  1.353520e-12
15875.000000  1.246847e-12
15925.000000  1.302629e-12
15975.000000  1.324161e-12
16050.000000  1.278107e-12
16150.000000  1.202922e-12
16250.000000  1.259056e-12
16350.000000  1.191065e-12
16450.000000  1.116742e-12
16550.000000  1.183413e-12
16650.000000  1.159120e-12
16750.000000  1.086925e-12
16850.000000  1.017440e-12
16950.000000  1.083706e-12
17050.000000  1.064479e-12
17150.000000  1.041452e-12
17250.000000  1.009559e-12
17350.000000  8.919443e-13
17450.000000  9.531969e-13
17550.000000  9.533731e-13
17650.000000  9.358171e-13
17750.000000  9.176278e-13
17850.000000  8.982246e-13
17950.000000  8.796309e-13
18050.000000  8.534374e-13
18150.000000  7.626491e-13
18250.000000  7.981130e-13
18350.000000  8.073838e-13
18450.000000  7.938561e-13
18550.000000  7.758954e-13
18650.000000  7.537305e-13
18750.000000  6.718080e-13
18850.000000  7.212043e-13
18950.000000  7.159094e-13
19050.000000  7.049150e-13
19150.000000  6.913874e-13
19250.000000  6.761885e-13
19350.000000  6.546569e-13
19450.000000  5.838521e-13
19550.000000  6.298515e-13
19650.000000  6.263755e-13
19750.000000  6.155710e-13
19850.000000  6.043109e-13
19950.000000  5.930103e-13
20050.000000  5.820035e-13
20150.000000  5.712500e-13
20250.000000  5.606460e-13
20350.000000  5.503182e-13
20450.000000  5.403651e-13
20550.000000  5.305439e-13
20650.000000  5.207860e-13
20750.000000  5.114486e-13
20850.000000  5.023417e-13
20950.000000  4.933438e-13
21050.000000  4.845130e-13
21150.000000  4.754974e-13
21250.000000  4.671100e-13
21350.000000  4.589124e-13
21450.000000  4.502717e-13
21550.000000  4.378188e-13
21650.000000  3.933288e-13
21750.000000  4.192759e-13
21850.000000  4.195187e-13
21950.000000  4.138315e-13
22050.000000  4.066930e-13
22150.000000  3.995949e-13
22250.000000  3.931935e-13
22350.000000  3.866021e-13
22450.000000  3.801373e-13
22550.000000  3.736549e-13
22650.000000  3.675701e-13
22750.000000  3.614853e-13
22850.000000  3.557629e-13
22950.000000  3.499314e-13
23050.000000  3.443761e-13
23150.000000  3.388208e-13
23250.000000  3.333922e-13
23350.000000  3.280673e-13
23450.000000  3.228515e-13
23550.000000  3.177395e-13
23650.000000  3.127313e-13
23750.000000  3.078093e-13
23850.000000  3.029506e-13
23950.000000  2.982185e-13
24050.000000  2.934460e-13
24150.000000  2.888407e-13
24250.000000  2.844253e-13
24350.000000  2.799465e-13
24450.000000  2.754678e-13
24550.000000  2.713919e-13
24650.000000  2.668499e-13
24750.000000  2.628145e-13
24850.000000  2.593947e-13
24950.000000  2.533733e-13
