2505.000000  3.368127e-15
2513.000000  1.655624e-15
2518.000000  1.096010e-15
2525.000000  1.510531e-15
2535.000000  9.012891e-15
2545.000000  1.124722e-14
2555.000000  2.287059e-14
2565.000000  9.331513e-15
2575.000000  2.089560e-14
2585.000000  1.187010e-14
2595.000000  1.531274e-14
2605.000000  2.107641e-14
2615.000000  1.709989e-14
2625.000000  3.255505e-14
2635.000000  8.021761e-14
2645.000000  8.047524e-14
2655.000000  1.795208e-13
2665.000000  9.879844e-14
2675.000000  8.483439e-14
2685.000000  1.353680e-13
2695.000000  5.982698e-14
2705.000000  1.341473e-13
2715.000000  8.151549e-14
2725.000000  4.522358e-14
2735.000000  6.435243e-14
2745.000000  6.935233e-14
2755.000000  8.166307e-14
2765.000000  1.320424e-13
2775.000000  1.649989e-13
2785.000000  8.064306e-14
2795.000000  3.894037e-14
2805.000000  4.790395e-14
2815.000000  1.272446e-13
2825.000000  1.477947e-13
2835.000000  1.026934e-13
2845.000000  3.964540e-14
2855.000000  8.893896e-15
2865.000000  7.837550e-14
2875.000000  1.487133e-13
2885.000000  2.688482e-13
2895.000000  4.296480e-13
2910.000000  6.591284e-13
2930.000000  6.746458e-13
2950.000000  5.655060e-13
2970.000000  5.863763e-13
2990.000000  5.670066e-13
3010.000000  4.762733e-13
3030.000000  7.575769e-13
3050.000000  8.297312e-13
3070.000000  1.340759e-12
3090.000000  1.591833e-12
3110.000000  2.475236e-12
3130.000000  2.038571e-12
3150.000000  2.735197e-12
3170.000000  3.438663e-12
3190.000000  2.759019e-12
3210.000000  3.093544e-12
3230.000000  2.258180e-12
3250.000000  3.948304e-12
3270.000000  5.385650e-12
3290.000000  5.826039e-12
3310.000000  4.814645e-12
3330.000000  4.976461e-12
3350.000000  4.464023e-12
3370.000000  3.022061e-12
3390.000000  3.476599e-12
3410.000000  4.230941e-12
3430.000000  5.059001e-12
3450.000000  4.813601e-12
3470.000000  5.221866e-12
3490.000000  6.422289e-12
3510.000000  7.037312e-12
3530.000000  5.569209e-12
3550.000000  6.855624e-12
3570.000000  3.262181e-12
3590.000000  3.979183e-12
3610.000000  6.511608e-12
3630.000000  8.466148e-12
3640.000000  9.053003e-12
3650.000000  1.003409e-11
3670.000000  1.162989e-11
3690.000000  1.045301e-11
3710.000000  1.049513e-11
3730.000000  4.654193e-12
3750.000000  5.629264e-12
3770.000000  8.744769e-12
3790.000000  8.845420e-12
3810.000000  7.340300e-12
3830.000000  3.283380e-12
3850.000000  4.104454e-12
3870.000000  4.680324e-12
3890.000000  8.946242e-12
3910.000000  1.085626e-11
3930.000000  3.344330e-12
3950.000000  7.615048e-12
3970.000000  4.518206e-12
3990.000000  1.644997e-11
4010.000000  2.108515e-11
4030.000000  2.005611e-11
4050.000000  1.880030e-11
4070.000000  1.717215e-11
4090.000000  2.297303e-11
4110.000000  2.146050e-11
4130.000000  1.835496e-11
4150.000000  1.618677e-11
4170.000000  1.674481e-11
4190.000000  1.810401e-11
4210.000000  2.039955e-11
4230.000000  2.137386e-11
4250.000000  2.477703e-11
4270.000000  2.320291e-11
4290.000000  2.119414e-11
4310.000000  1.858761e-11
4330.000000  2.914311e-11
4350.000000  2.951762e-11
4370.000000  3.186834e-11
4390.000000  2.798435e-11
4410.000000  3.032369e-11
4430.000000  3.312487e-11
4450.000000  3.401885e-11
4470.000000  3.727294e-11
4490.000000  3.896873e-11
4510.000000  4.593844e-11
4530.000000  3.910452e-11
4550.000000  4.089496e-11
4570.000000  4.514804e-11
4590.000000  4.440651e-11
4610.000000  4.625528e-11
4630.000000  4.470251e-11
4650.000000  4.573129e-11
4670.000000  4.801661e-11
4690.000000  4.718828e-11
4710.000000  4.608500e-11
4730.000000  4.837134e-11
4750.000000  5.155035e-11
4770.000000  5.228358e-11
4790.000000  5.189172e-11
4810.000000  5.200808e-11
4830.000000  5.442443e-11
4850.000000  5.147905e-11
4870.000000  4.831457e-11
4890.000000  5.333613e-11
4910.000000  5.316783e-11
4930.000000  5.199425e-11
4950.000000  5.622187e-11
4970.000000  5.422075e-11
4990.000000  4.976791e-11
5010.000000  4.684930e-11
5030.000000  5.005783e-11
5050.000000  5.028524e-11
5070.000000  5.267511e-11
5090.000000  4.795647e-11
5110.000000  4.989870e-11
5130.000000  4.716846e-11
5150.000000  4.595311e-11
5170.000000  4.203566e-11
5190.000000  4.550036e-11
5210.000000  4.894007e-11
5230.000000  5.387565e-11
5250.000000  5.597777e-11
5270.000000  4.935230e-11
5290.000000  5.768762e-11
5310.000000  6.269245e-11
5330.000000  5.391420e-11
5350.000000  6.034893e-11
5370.000000  6.135444e-11
5390.000000  5.806054e-11
5410.000000  5.789150e-11
5430.000000  5.864000e-11
5450.000000  6.304156e-11
5470.000000  5.998654e-11
5490.000000  5.900030e-11
5510.000000  5.874032e-11
5530.000000  6.164718e-11
5550.000000  6.360001e-11
5570.000000  6.227697e-11
5590.000000  6.009635e-11
5610.000000  6.416183e-11
5630.000000  6.232969e-11
5650.000000  6.326349e-11
5670.000000  6.154226e-11
5690.000000  6.442047e-11
5710.000000  6.112578e-11
5730.000000  6.823486e-11
5750.000000  6.477298e-11
5770.000000  6.651744e-11
5790.000000  6.216188e-11
5810.000000  6.677507e-11
5830.000000  6.976258e-11
5850.000000  6.700162e-11
5870.000000  6.732998e-11
5890.000000  5.654728e-11
5910.000000  6.610691e-11
5930.000000  6.664849e-11
5950.000000  6.661115e-11
5970.000000  6.870344e-11
5990.000000  6.684038e-11
6010.000000  6.540704e-11
6030.000000  6.781430e-11
6050.000000  6.926840e-11
6070.000000  6.894526e-11
6090.000000  6.519427e-11
6110.000000  6.583504e-11
6130.000000  6.136520e-11
6150.000000  6.423645e-11
6170.000000  6.140408e-11
6190.000000  6.600952e-11
6210.000000  6.516927e-11
6230.000000  6.265996e-11
6250.000000  5.981151e-11
6270.000000  6.338320e-11
6290.000000  6.523951e-11
6310.000000  6.280070e-11
6330.000000  6.408371e-11
6350.000000  6.369735e-11
6370.000000  6.318676e-11
6390.000000  6.514592e-11
6410.000000  6.406778e-11
6430.000000  6.470931e-11
6450.000000  6.469845e-11
6470.000000  6.477625e-11
6490.000000  6.254532e-11
6510.000000  6.463785e-11
6530.000000  6.508926e-11
6550.000000  6.419556e-11
6570.000000  6.311649e-11
6590.000000  6.504416e-11
6610.000000  6.543904e-11
6630.000000  6.502392e-11
6650.000000  6.491495e-11
6670.000000  6.348596e-11
6690.000000  6.584900e-11
6710.000000  6.296077e-11
6730.000000  6.610529e-11
6750.000000  6.440178e-11
6770.000000  6.517670e-11
6790.000000  6.445488e-11
6810.000000  6.438974e-11
6830.000000  6.543639e-11
6850.000000  6.326203e-11
6870.000000  6.435108e-11
6890.000000  6.536551e-11
6910.000000  6.460309e-11
6930.000000  6.320329e-11
6950.000000  6.160896e-11
6970.000000  6.239069e-11
6990.000000  6.146138e-11
7010.000000  5.981783e-11
7030.000000  6.159290e-11
7050.000000  6.282779e-11
7070.000000  6.109606e-11
7090.000000  6.049796e-11
7110.000000  5.969904e-11
7130.000000  5.821156e-11
7150.000000  5.831860e-11
7170.000000  5.948750e-11
7190.000000  5.740004e-11
7210.000000  5.917179e-11
7230.000000  6.064448e-11
7250.000000  6.028925e-11
7270.000000  5.975384e-11
7290.000000  5.767612e-11
7310.000000  5.902644e-11
7330.000000  5.894611e-11
7350.000000  5.865115e-11
7370.000000  6.039815e-11
7390.000000  5.898111e-11
7410.000000  5.871905e-11
7430.000000  5.945786e-11
7450.000000  5.946811e-11
7470.000000  5.947491e-11
7490.000000  5.887499e-11
7510.000000  6.000689e-11
7530.000000  6.053149e-11
7550.000000  6.093233e-11
7570.000000  6.027438e-11
7590.000000  5.985939e-11
7610.000000  6.004342e-11
7630.000000  6.044387e-11
7650.000000  6.057356e-11
7670.000000  5.815469e-11
7690.000000  6.048161e-11
7710.000000  5.900025e-11
7730.000000  5.911134e-11
7750.000000  5.878598e-11
7770.000000  6.039482e-11
7790.000000  6.023238e-11
7810.000000  6.003957e-11
7830.000000  5.938582e-11
7850.000000  5.863457e-11
7870.000000  5.860123e-11
7890.000000  5.578862e-11
7910.000000  5.391747e-11
7930.000000  5.414568e-11
7950.000000  5.305808e-11
7970.000000  5.566994e-11
7990.000000  5.550770e-11
8010.000000  5.545463e-11
8030.000000  5.571131e-11
8050.000000  5.494719e-11
8070.000000  5.418396e-11
8090.000000  5.237854e-11
8110.000000  5.192417e-11
8130.000000  5.306148e-11
8150.000000  5.310722e-11
8170.000000  5.345250e-11
8190.000000  5.254059e-11
8210.000000  5.234736e-11
8230.000000  5.327180e-11
8250.000000  5.372730e-11
8270.000000  5.435933e-11
8290.000000  5.373129e-11
8310.000000  5.105215e-11
8330.000000  5.166489e-11
8350.000000  5.162992e-11
8370.000000  5.241691e-11
8390.000000  5.049105e-11
8410.000000  5.276714e-11
8430.000000  5.111521e-11
8450.000000  5.249204e-11
8470.000000  5.233093e-11
8490.000000  5.189303e-11
8510.000000  4.899511e-11
8530.000000  5.073943e-11
8550.000000  4.211282e-11
8570.000000  5.264791e-11
8590.000000  5.192782e-11
8610.000000  5.220538e-11
8630.000000  5.264129e-11
8650.000000  5.203646e-11
8670.000000  4.321304e-11
8690.000000  5.022201e-11
8710.000000  5.190726e-11
8730.000000  5.216296e-11
8750.000000  5.171536e-11
8770.000000  5.240133e-11
8790.000000  5.192912e-11
8810.000000  5.041505e-11
8830.000000  5.146399e-11
8850.000000  5.214347e-11
8870.000000  5.113303e-11
8890.000000  5.196311e-11
8910.000000  5.259560e-11
8930.000000  5.098191e-11
8950.000000  5.086665e-11
8970.000000  5.100830e-11
8990.000000  5.123124e-11
9010.000000  4.921493e-11
9030.000000  5.057576e-11
9050.000000  5.183172e-11
9070.000000  5.136621e-11
9090.000000  4.923267e-11
9110.000000  4.879052e-11
9130.000000  5.048829e-11
9150.000000  4.623869e-11
9170.000000  4.478145e-11
9190.000000  4.552867e-11
9210.000000  4.425699e-11
9230.000000  4.539439e-11
9250.000000  4.499198e-11
9270.000000  4.586695e-11
9290.000000  4.513725e-11
9310.000000  4.672812e-11
9330.000000  4.678302e-11
9350.000000  4.608393e-11
9370.000000  4.574308e-11
9390.000000  4.462624e-11
9410.000000  4.350867e-11
9430.000000  4.406888e-11
9450.000000  4.297223e-11
9470.000000  4.460473e-11
9490.000000  4.424336e-11
9510.000000  4.535279e-11
9530.000000  4.491164e-11
9550.000000  4.456692e-11
9570.000000  4.465819e-11
9590.000000  4.541777e-11
9610.000000  4.473542e-11
9630.000000  4.451122e-11
9650.000000  4.346938e-11
9670.000000  4.318401e-11
9690.000000  4.423348e-11
9710.000000  4.386753e-11
9730.000000  4.392756e-11
9750.000000  4.364287e-11
9770.000000  4.387776e-11
9790.000000  4.283521e-11
9810.000000  4.446704e-11
9830.000000  4.416471e-11
9850.000000  4.461034e-11
9870.000000  4.450951e-11
9890.000000  4.478753e-11
9910.000000  4.411424e-11
9930.000000  4.469729e-11
9950.000000  4.427525e-11
9970.000000  4.460111e-11
9990.000000  4.458893e-11
10025.000000  4.413445e-11
10075.000000  4.375743e-11
10125.000000  4.393790e-11
10175.000000  4.325154e-11
10225.000000  4.340178e-11
10275.000000  4.353358e-11
10325.000000  4.265883e-11
10375.000000  4.244000e-11
10425.000000  4.261858e-11
10475.000000  4.219657e-11
10525.000000  4.220924e-11
10575.000000  4.174807e-11
10625.000000  4.156285e-11
10675.000000  4.072201e-11
10725.000000  4.071985e-11
10775.000000  4.036064e-11
10825.000000  3.966129e-11
10875.000000  3.895766e-11
10925.000000  3.810485e-11
10975.000000  3.510478e-11
11025.000000  3.497567e-11
11075.000000  3.568971e-11
11125.000000  3.566785e-11
11175.000000  3.626934e-11
11225.000000  3.611859e-11
11275.000000  3.551317e-11
11325.000000  3.593292e-11
11375.000000  3.500721e-11
11425.000000  3.534587e-11
11475.000000  3.586602e-11
11525.000000  3.578283e-11
11575.000000  3.536356e-11
11625.000000  3.491238e-11
11675.000000  3.497982e-11
11725.000000  3.553836e-11
11775.000000  3.482374e-11
11825.000000  3.464304e-11
11875.000000  3.418903e-11
11925.000000  3.489501e-11
11975.000000  3.336885e-11
12025.000000  3.407158e-11
12075.000000  3.366613e-11
12125.000000  3.376127e-11
12175.000000  3.388582e-11
12225.000000  3.372768e-11
12275.000000  3.354691e-11
12325.000000  3.320500e-11
12375.000000  3.309265e-11
12425.000000  3.278631e-11
12475.000000  3.288685e-11
12525.000000  3.251434e-11
12575.000000  3.248377e-11
12625.000000  3.240194e-11
12675.000000  3.196416e-11
12725.000000  3.202155e-11
12775.000000  3.209009e-11
12825.000000  3.087750e-11
12875.000000  3.138718e-11
12925.000000  3.093145e-11
12975.000000  3.135489e-11
13025.000000  3.088861e-11
13075.000000  3.109746e-11
13125.000000  3.050138e-11
13175.000000  3.041650e-11
13225.000000  3.048509e-11
13275.000000  2.989464e-11
13325.000000  3.018773e-11
13375.000000  2.994921e-11
13425.000000  3.010811e-11
13475.000000  2.990185e-11
13525.000000  2.984037e-11
13575.000000  2.924580e-11
13625.000000  2.912210e-11
13675.000000  2.919417e-11
13725.000000  2.925382e-11
13775.000000  2.905292e-11
13825.000000  2.905920e-11
13875.000000  2.875344e-11
13925.000000  2.867312e-11
13975.000000  2.842494e-11
14025.000000  2.802449e-11
14075.000000  2.732951e-11
14125.000000  2.625109e-11
14175.000000  2.626564e-11
14225.000000  2.610197e-11
14275.000000  2.570214e-11
14325.000000  2.626196e-11
14375.000000  2.648963e-11
14425.000000  2.556954e-11
14475.000000  2.653841e-11
14525.000000  2.561134e-11
14570.000000  2.557518e-11
14620.000000  2.516613e-11
14675.000000  2.496729e-11
14725.000000  2.467394e-11
14775.000000  2.493056e-11
14825.000000  2.492929e-11
14875.000000  2.489765e-11
14925.000000  2.538412e-11
14975.000000  2.516791e-11
15025.000000  2.464111e-11
15075.000000  2.442225e-11
15125.000000  2.447408e-11
15175.000000  2.473064e-11
15225.000000  2.456658e-11
15275.000000  2.461010e-11
15325.000000  2.462882e-11
15375.000000  2.477289e-11
15425.000000  2.457948e-11
15475.000000  2.462254e-11
15525.000000  2.413776e-11
15575.000000  2.374464e-11
15625.000000  2.439737e-11
15675.000000  2.380002e-11
15725.000000  2.403445e-11
15775.000000  2.288077e-11
15825.000000  2.336618e-11
15875.000000  2.253640e-11
15925.000000  2.313226e-11
15975.000000  2.330758e-11
16050.000000  2.308317e-11
16150.000000  2.284511e-11
16250.000000  2.279910e-11
16350.000000  2.280307e-11
16450.000000  2.182445e-11
16550.000000  2.218658e-11
16650.000000  2.148963e-11
16750.000000  2.131960e-11
16850.000000  2.051893e-11
16950.000000  2.089126e-11
17050.000000  2.005939e-11
17150.000000  1.998116e-11
17250.000000  1.939389e-11
17350.000000  1.875678e-11
17450.000000  1.880127e-11
17550.000000  1.840712e-11
17650.000000  1.818370e-11
17750.000000  1.768145e-11
17850.000000  1.753451e-11
17950.000000  1.724014e-11
18050.000000  1.674718e-11
18150.000000  1.647651e-11
18250.000000  1.616484e-11
18350.000000  1.587252e-11
18450.000000  1.547066e-11
18550.000000  1.533156e-11
18650.000000  1.485181e-11
18750.000000  1.449919e-11
18850.000000  1.445549e-11
18950.000000  1.379073e-11
19050.000000  1.406697e-11
19150.000000  1.372268e-11
19250.000000  1.356783e-11
19350.000000  1.311316e-11
19450.000000  1.279625e-11
19550.000000  1.281729e-11
19650.000000  1.246216e-11
19750.000000  1.209426e-11
19850.000000  1.197450e-11
19950.000000  1.176077e-11
20050.000000  1.171815e-11
20150.000000  1.158126e-11
20250.000000  1.118830e-11
20350.000000  1.099447e-11
20450.000000  1.096677e-11
20550.000000  1.066786e-11
20650.000000  1.045613e-11
20750.000000  1.029779e-11
20850.000000  1.013205e-11
20950.000000  9.893679e-12
21050.000000  9.864762e-12
21150.000000  9.684155e-12
21250.000000  9.497322e-12
21350.000000  9.408229e-12
21450.000000  9.222169e-12
21550.000000  9.088238e-12
21650.000000  8.838829e-12
21750.000000  8.700294e-12
21850.000000  8.614599e-12
21950.000000  8.524588e-12
22050.000000  8.269971e-12
22150.000000  8.293277e-12
22250.000000  8.051371e-12
22350.000000  7.941488e-12
22450.000000  7.826424e-12
22550.000000  7.715298e-12
22650.000000  7.545238e-12
22750.000000  7.528131e-12
22850.000000  7.331891e-12
22950.000000  6.348725e-12
23050.000000  6.742558e-12
23150.000000  6.682772e-12
23250.000000  5.830561e-12
23350.000000  6.201037e-12
23450.000000  6.187654e-12
23550.000000  5.365882e-12
23650.000000  5.822900e-12
23750.000000  5.737814e-12
23850.000000  5.081032e-12
23950.000000  5.440059e-12
24050.000000  5.461026e-12
24150.000000  4.927457e-12
24250.000000  5.164438e-12
24350.000000  5.200171e-12
24450.000000  4.850454e-12
24550.000000  4.828739e-12
24650.000000  5.019821e-12
24750.000000  4.808268e-12
24850.000000  4.563115e-12
24950.000000  4.731497e-12
