2505.000000  3.364292e-16
2513.000000  2.107140e-16
2518.000000  2.576769e-16
2525.000000  3.392927e-16
2535.000000  1.059839e-15
2545.000000  1.351374e-15
2555.000000  1.397286e-15
2565.000000  6.014156e-16
2575.000000  1.322978e-15
2585.000000  7.149474e-16
2595.000000  1.068588e-15
2605.000000  1.633480e-15
2615.000000  1.386227e-15
2625.000000  2.812046e-15
2635.000000  4.636377e-15
2645.000000  3.131140e-15
2655.000000  4.931718e-15
2665.000000  3.841259e-15
2675.000000  3.638747e-15
2685.000000  5.342755e-15
2695.000000  3.281503e-15
2705.000000  7.114127e-15
2715.000000  6.563059e-15
2725.000000  5.140070e-15
2735.000000  5.437641e-15
2745.000000  8.542630e-15
2755.000000  7.746214e-15
2765.000000  1.329092e-14
2775.000000  1.804107e-14
2785.000000  1.139430e-14
2795.000000  1.452312e-14
2805.000000  1.429417e-14
2815.000000  1.906778e-14
2825.000000  1.801571e-14
2835.000000  1.529275e-14
2845.000000  9.158788e-15
2855.000000  3.414561e-15
2865.000000  1.674543e-14
2875.000000  2.130781e-14
2885.000000  4.054003e-14
2895.000000  4.819577e-14
2910.000000  5.633859e-14
2930.000000  6.237526e-14
2950.000000  6.367267e-14
2970.000000  6.675218e-14
2990.000000  7.896026e-14
3010.000000  8.678973e-14
3030.000000  1.058322e-13
3050.000000  1.316658e-13
3070.000000  1.733899e-13
3090.000000  2.042005e-13
3110.000000  2.681101e-13
3130.000000  2.995581e-13
3150.000000  4.268488e-13
3170.000000  5.583141e-13
3190.000000  4.986358e-13
3210.000000  6.151239e-13
3230.000000  6.182267e-13
3250.000000  7.997520e-13
3270.000000  1.105898e-12
3290.000000  1.449552e-12
3310.000000  1.393754e-12
3330.000000  1.534087e-12
3350.000000  1.637942e-12
3370.000000  1.405715e-12
3390.000000  1.650148e-12
3410.000000  1.985167e-12
3430.000000  2.302924e-12
3450.000000  2.027105e-12
3470.000000  2.387577e-12
3490.000000  2.790992e-12
3510.000000  3.583281e-12
3530.000000  3.209923e-12
3550.000000  5.036660e-12
3570.000000  2.650432e-12
3590.000000  2.066106e-12
3610.000000  3.156701e-12
3630.000000  5.343219e-12
3640.000000  6.015606e-12
3650.000000  6.269988e-12
3670.000000  9.539350e-12
3690.000000  8.356702e-12
3710.000000  7.169863e-12
3730.000000  3.327007e-12
3750.000000  4.090492e-12
3770.000000  8.391094e-12
3790.000000  1.043294e-11
3810.000000  8.790270e-12
3830.000000  4.316255e-12
3850.000000  7.154966e-12
3870.000000  7.120556e-12
3890.000000  8.387346e-12
3910.000000  8.812168e-12
3930.000000  3.164599e-12
3950.000000  5.885950e-12
3970.000000  3.914148e-12
3990.000000  1.412792e-11
4010.000000  2.580301e-11
4030.000000  2.335049e-11
4050.000000  2.641393e-11
4070.000000  2.583912e-11
4090.000000  3.670092e-11
4110.000000  2.835747e-11
4130.000000  2.906357e-11
4150.000000  3.105823e-11
4170.000000  2.845147e-11
4190.000000  3.250597e-11
4210.000000  2.811618e-11
4230.000000  1.526325e-11
4250.000000  3.480422e-11
4270.000000  3.539230e-11
4290.000000  3.548855e-11
4310.000000  4.186849e-11
4330.000000  6.147676e-11
4350.000000  6.684593e-11
4370.000000  6.926478e-11
4390.000000  5.934675e-11
4410.000000  5.883046e-11
4430.000000  6.316079e-11
4450.000000  6.757931e-11
4470.000000  7.196543e-11
4490.000000  8.013771e-11
4510.000000  9.740106e-11
4530.000000  7.431496e-11
4550.000000  8.272323e-11
4570.000000  1.045496e-10
4590.000000  9.013199e-11
4610.000000  9.750509e-11
4630.000000  9.301305e-11
4650.000000  9.476643e-11
4670.000000  1.048684e-10
4690.000000  1.053781e-10
4710.000000  1.073327e-10
4730.000000  1.093922e-10
4750.000000  1.242532e-10
4770.000000  8.375011e-11
4790.000000  9.778896e-11
4810.000000  9.270020e-11
4830.000000  1.073196e-10
4850.000000  1.108271e-10
4870.000000  1.185270e-10
4890.000000  1.384689e-10
4910.000000  1.493669e-10
4930.000000  1.569888e-10
4950.000000  1.529402e-10
4970.000000  9.272059e-11
4990.000000  1.041340e-10
5010.000000  7.940665e-11
5030.000000  1.050546e-10
5050.000000  1.128011e-10
5070.000000  1.282782e-10
5090.000000  1.232393e-10
5110.000000  1.440885e-10
5130.000000  1.390414e-10
5150.000000  1.392590e-10
5170.000000  1.026486e-10
5190.000000  8.932309e-11
5210.000000  1.076405e-10
5230.000000  1.669028e-10
5250.000000  1.586027e-10
5270.000000  1.568275e-10
5290.000000  1.962411e-10
5310.000000  2.275543e-10
5330.000000  1.908570e-10
5350.000000  2.241163e-10
5370.000000  2.165273e-10
5390.000000  2.135987e-10
5410.000000  2.200178e-10
5430.000000  2.217441e-10
5450.000000  1.942473e-10
5470.000000  1.675003e-10
5490.000000  1.852141e-10
5510.000000  1.679457e-10
5530.000000  2.071327e-10
5550.000000  2.275540e-10
5570.000000  2.317081e-10
5590.000000  2.227824e-10
5610.000000  1.729160e-10
5630.000000  1.726463e-10
5650.000000  1.914794e-10
5670.000000  1.871373e-10
5690.000000  2.233802e-10
5710.000000  2.087128e-10
5730.000000  2.544004e-10
5750.000000  2.573395e-10
5770.000000  2.428486e-10
5790.000000  2.442190e-10
5810.000000  2.678798e-10
5830.000000  2.846648e-10
5850.000000  2.501740e-10
5870.000000  2.182938e-10
5890.000000  1.464734e-10
5910.000000  1.744636e-10
5930.000000  1.856259e-10
5950.000000  1.931600e-10
5970.000000  2.079272e-10
5990.000000  2.197471e-10
6010.000000  2.236683e-10
6030.000000  2.624707e-10
6050.000000  2.846538e-10
6070.000000  3.033414e-10
6090.000000  3.055595e-10
6110.000000  3.079311e-10
6130.000000  2.935490e-10
6150.000000  3.089615e-10
6170.000000  1.924542e-10
6190.000000  1.950326e-10
6210.000000  1.885057e-10
6230.000000  1.559377e-10
6250.000000  1.685679e-10
6270.000000  2.013058e-10
6290.000000  2.256344e-10
6310.000000  2.415672e-10
6330.000000  2.632529e-10
6350.000000  2.773618e-10
6370.000000  2.711222e-10
6390.000000  2.885690e-10
6410.000000  2.980405e-10
6430.000000  2.769940e-10
6450.000000  2.955580e-10
6470.000000  3.196294e-10
6490.000000  2.818726e-10
6510.000000  3.125891e-10
6530.000000  3.370248e-10
6550.000000  3.211320e-10
6570.000000  3.245052e-10
6590.000000  3.282360e-10
6610.000000  3.240859e-10
6630.000000  3.114094e-10
6650.000000  2.839872e-10
6670.000000  2.641619e-10
6690.000000  2.259271e-10
6710.000000  2.310124e-10
6730.000000  1.977062e-10
6750.000000  2.055693e-10
6770.000000  2.388515e-10
6790.000000  2.118934e-10
6810.000000  2.353992e-10
6830.000000  2.553993e-10
6850.000000  2.646071e-10
6870.000000  2.741958e-10
6890.000000  3.091233e-10
6910.000000  3.390733e-10
6930.000000  3.281646e-10
6950.000000  3.539133e-10
6970.000000  3.959014e-10
6990.000000  3.951266e-10
7010.000000  4.053809e-10
7030.000000  4.293357e-10
7050.000000  4.079976e-10
7070.000000  2.735055e-10
7090.000000  2.484571e-10
7110.000000  2.350943e-10
7130.000000  1.949007e-10
7150.000000  1.946165e-10
7170.000000  2.174768e-10
7190.000000  2.538200e-10
7210.000000  2.418595e-10
7230.000000  2.914491e-10
7250.000000  3.245718e-10
7270.000000  3.540838e-10
7290.000000  3.758883e-10
7310.000000  4.037470e-10
7330.000000  4.275987e-10
7350.000000  4.429639e-10
7370.000000  4.827752e-10
7390.000000  4.875301e-10
7410.000000  4.961100e-10
7430.000000  5.061979e-10
7450.000000  5.176641e-10
7470.000000  5.188158e-10
7490.000000  5.207973e-10
7510.000000  5.398503e-10
7530.000000  5.491564e-10
7550.000000  5.507975e-10
7570.000000  5.485581e-10
7590.000000  5.034605e-10
7610.000000  4.838997e-10
7630.000000  4.636676e-10
7650.000000  4.607490e-10
7670.000000  4.024278e-10
7690.000000  4.072638e-10
7710.000000  3.909864e-10
7730.000000  4.143300e-10
7750.000000  4.001042e-10
7770.000000  4.080267e-10
7790.000000  4.142163e-10
7810.000000  4.451516e-10
7830.000000  4.284673e-10
7850.000000  4.318968e-10
7870.000000  4.539091e-10
7890.000000  4.568743e-10
7910.000000  4.423111e-10
7930.000000  4.603440e-10
7950.000000  4.510444e-10
7970.000000  4.954788e-10
7990.000000  4.895517e-10
8010.000000  5.043989e-10
8030.000000  5.128369e-10
8050.000000  5.162891e-10
8070.000000  5.047768e-10
8090.000000  5.051996e-10
8110.000000  5.064415e-10
8130.000000  5.260185e-10
8150.000000  5.323465e-10
8170.000000  5.406775e-10
8190.000000  5.192629e-10
8210.000000  4.828892e-10
8230.000000  5.165909e-10
8250.000000  5.147765e-10
8270.000000  5.209918e-10
8290.000000  4.989764e-10
8310.000000  4.766889e-10
8330.000000  4.910916e-10
8350.000000  4.805077e-10
8370.000000  4.873750e-10
8390.000000  4.675494e-10
8410.000000  4.997024e-10
8430.000000  4.718455e-10
8450.000000  4.605390e-10
8470.000000  4.575239e-10
8490.000000  4.557915e-10
8510.000000  4.319348e-10
8530.000000  4.483833e-10
8550.000000  3.644653e-10
8570.000000  4.934311e-10
8590.000000  5.007808e-10
8610.000000  5.097682e-10
8630.000000  5.229418e-10
8650.000000  5.158854e-10
8670.000000  4.083652e-10
8690.000000  5.060266e-10
8710.000000  5.430911e-10
8730.000000  5.484426e-10
8750.000000  5.520340e-10
8770.000000  5.528638e-10
8790.000000  5.598134e-10
8810.000000  5.425355e-10
8830.000000  5.518281e-10
8850.000000  5.662161e-10
8870.000000  4.587540e-10
8890.000000  4.743907e-10
8910.000000  4.994306e-10
8930.000000  4.907741e-10
8950.000000  4.784743e-10
8970.000000  4.899727e-10
8990.000000  5.113401e-10
9010.000000  4.955579e-10
9030.000000  5.114895e-10
9050.000000  5.357973e-10
9070.000000  5.480801e-10
9090.000000  5.267867e-10
9110.000000  5.290892e-10
9130.000000  5.511540e-10
9150.000000  5.202458e-10
9170.000000  5.115549e-10
9190.000000  5.259440e-10
9210.000000  5.099174e-10
9230.000000  5.169450e-10
9250.000000  5.093168e-10
9270.000000  5.201803e-10
9290.000000  5.094639e-10
9310.000000  5.282570e-10
9330.000000  5.314495e-10
9350.000000  5.261223e-10
9370.000000  5.138817e-10
9390.000000  5.148284e-10
9410.000000  5.065767e-10
9430.000000  5.175178e-10
9450.000000  5.016710e-10
9470.000000  5.232894e-10
9490.000000  5.248227e-10
9510.000000  5.335054e-10
9530.000000  5.322576e-10
9550.000000  5.215930e-10
9570.000000  5.275289e-10
9590.000000  5.434564e-10
9610.000000  5.319938e-10
9630.000000  5.391633e-10
9650.000000  5.126698e-10
9670.000000  5.103506e-10
9690.000000  5.303629e-10
9710.000000  5.260905e-10
9730.000000  5.152835e-10
9750.000000  5.093471e-10
9770.000000  5.171177e-10
9790.000000  5.073553e-10
9810.000000  5.281539e-10
9830.000000  5.141535e-10
9850.000000  5.302997e-10
9870.000000  5.327461e-10
9890.000000  5.359454e-10
9910.000000  5.247149e-10
9930.000000  5.299847e-10
9950.000000  5.288558e-10
9970.000000  5.384639e-10
9990.000000  5.408605e-10
10025.000000  5.288426e-10
10075.000000  5.273828e-10
10125.000000  5.384845e-10
10175.000000  5.324468e-10
10225.000000  5.420960e-10
10275.000000  5.456852e-10
10325.000000  5.370946e-10
10375.000000  5.362518e-10
10425.000000  5.416643e-10
10475.000000  5.403594e-10
10525.000000  5.438894e-10
10575.000000  5.359717e-10
10625.000000  5.391765e-10
10675.000000  5.269432e-10
10725.000000  5.299623e-10
10775.000000  5.269681e-10
10825.000000  5.191507e-10
10875.000000  5.150838e-10
10925.000000  5.098636e-10
10975.000000  4.805373e-10
11025.000000  4.783161e-10
11075.000000  4.844995e-10
11125.000000  4.873987e-10
11175.000000  4.926913e-10
11225.000000  4.949535e-10
11275.000000  4.871611e-10
11325.000000  4.923160e-10
11375.000000  4.835771e-10
11425.000000  4.903723e-10
11475.000000  4.984701e-10
11525.000000  5.008074e-10
11575.000000  4.964710e-10
11625.000000  4.899944e-10
11675.000000  4.926727e-10
11725.000000  5.030063e-10
11775.000000  4.922458e-10
11825.000000  4.942901e-10
11875.000000  4.861957e-10
11925.000000  4.980517e-10
11975.000000  4.777453e-10
12025.000000  4.908020e-10
12075.000000  4.886104e-10
12125.000000  4.917299e-10
12175.000000  4.930422e-10
12225.000000  4.921869e-10
12275.000000  4.895006e-10
12325.000000  4.859079e-10
12375.000000  4.866910e-10
12425.000000  4.834106e-10
12475.000000  4.841163e-10
12525.000000  4.816315e-10
12575.000000  4.819803e-10
12625.000000  4.813577e-10
12675.000000  4.776247e-10
12725.000000  4.793348e-10
12775.000000  4.822457e-10
12825.000000  4.643192e-10
12875.000000  4.756937e-10
12925.000000  4.661662e-10
12975.000000  4.778098e-10
13025.000000  4.717795e-10
13075.000000  4.766855e-10
13125.000000  4.664672e-10
13175.000000  4.695876e-10
13225.000000  4.722578e-10
13275.000000  4.637905e-10
13325.000000  4.707872e-10
13375.000000  4.668157e-10
13425.000000  4.705207e-10
13475.000000  4.706101e-10
13525.000000  4.703405e-10
13575.000000  4.649338e-10
13625.000000  4.616691e-10
13675.000000  4.676806e-10
13725.000000  4.721456e-10
13775.000000  4.693714e-10
13825.000000  4.734430e-10
13875.000000  4.648821e-10
13925.000000  4.348069e-10
13975.000000  4.491684e-10
14025.000000  4.500420e-10
14075.000000  4.428798e-10
14125.000000  4.282349e-10
14175.000000  4.290150e-10
14225.000000  4.335881e-10
14275.000000  4.264605e-10
14325.000000  4.378432e-10
14375.000000  4.382422e-10
14425.000000  4.312886e-10
14475.000000  4.485305e-10
14525.000000  4.320117e-10
14570.000000  4.324780e-10
14620.000000  4.112774e-10
14675.000000  4.149058e-10
14725.000000  4.186061e-10
14775.000000  4.263787e-10
14825.000000  4.336874e-10
14875.000000  4.343610e-10
14925.000000  4.460065e-10
14975.000000  4.500031e-10
15025.000000  4.375869e-10
15075.000000  4.336093e-10
15125.000000  4.337354e-10
15175.000000  4.426050e-10
15225.000000  4.493244e-10
15275.000000  4.438579e-10
15325.000000  4.550140e-10
15375.000000  4.498250e-10
15425.000000  4.460873e-10
15475.000000  4.646477e-10
15525.000000  4.513081e-10
15575.000000  4.231214e-10
15625.000000  4.431797e-10
15675.000000  4.508300e-10
15725.000000  4.607634e-10
15775.000000  4.126172e-10
15825.000000  4.291250e-10
15875.000000  4.330008e-10
15925.000000  4.494207e-10
15975.000000  4.344110e-10
16050.000000  4.324239e-10
16150.000000  4.478691e-10
16250.000000  4.263920e-10
16350.000000  4.555776e-10
16450.000000  4.166422e-10
16550.000000  4.504805e-10
16650.000000  4.101056e-10
16750.000000  4.335505e-10
16850.000000  4.077610e-10
16950.000000  4.260657e-10
17050.000000  4.095867e-10
17150.000000  4.065844e-10
17250.000000  4.048585e-10
17350.000000  3.848936e-10
17450.000000  3.971526e-10
17550.000000  3.800414e-10
17650.000000  3.820764e-10
17750.000000  3.729944e-10
17850.000000  3.683423e-10
17950.000000  3.693873e-10
18050.000000  3.493286e-10
18150.000000  3.550910e-10
18250.000000  3.422966e-10
18350.000000  3.404395e-10
18450.000000  3.324955e-10
18550.000000  3.270331e-10
18650.000000  3.220038e-10
18750.000000  3.169154e-10
18850.000000  3.123267e-10
18950.000000  3.008561e-10
19050.000000  3.061506e-10
19150.000000  2.997952e-10
19250.000000  2.999520e-10
19350.000000  2.867448e-10
19450.000000  2.823766e-10
19550.000000  2.814607e-10
19650.000000  2.718126e-10
19750.000000  2.598667e-10
19850.000000  2.593325e-10
19950.000000  2.542445e-10
20050.000000  2.563970e-10
20150.000000  2.516500e-10
20250.000000  2.424189e-10
20350.000000  2.424517e-10
20450.000000  2.403036e-10
20550.000000  2.316906e-10
20650.000000  2.288158e-10
20750.000000  2.254273e-10
20850.000000  2.215957e-10
20950.000000  2.170749e-10
21050.000000  2.168740e-10
21150.000000  2.140473e-10
21250.000000  2.097510e-10
21350.000000  2.083256e-10
21450.000000  2.038972e-10
21550.000000  2.008652e-10
21650.000000  1.982358e-10
21750.000000  1.934172e-10
21850.000000  1.919393e-10
21950.000000  1.903372e-10
22050.000000  1.833625e-10
22150.000000  1.873701e-10
22250.000000  1.786042e-10
22350.000000  1.776327e-10
22450.000000  1.752758e-10
22550.000000  1.742039e-10
22650.000000  1.685176e-10
22750.000000  1.704089e-10
22850.000000  1.659279e-10
22950.000000  1.341254e-10
23050.000000  1.472839e-10
23150.000000  1.456134e-10
23250.000000  1.200311e-10
23350.000000  1.324949e-10
23450.000000  1.230066e-10
23550.000000  1.020581e-10
23650.000000  1.190472e-10
23750.000000  1.107275e-10
23850.000000  9.616740e-11
23950.000000  1.089240e-10
24050.000000  1.043543e-10
24150.000000  9.221129e-11
24250.000000  1.023662e-10
24350.000000  9.897336e-11
24450.000000  9.151192e-11
24550.000000  9.306354e-11
24650.000000  9.652685e-11
24750.000000  9.137255e-11
24850.000000  8.639931e-11
24950.000000  8.989510e-11
