2505.000000  4.957062e-10
2513.000000  4.896338e-10
2518.000000  4.893577e-10
2525.000000  4.833083e-10
2535.000000  4.755905e-10
2545.000000  4.735896e-10
2555.000000  4.717042e-10
2565.000000  4.649336e-10
2575.000000  4.624297e-10
2585.000000  4.573702e-10
2595.000000  4.523616e-10
2605.000000  4.479840e-10
2615.000000  4.440574e-10
2625.000000  4.404250e-10
2635.000000  4.357231e-10
2645.000000  4.353859e-10
2655.000000  4.308722e-10
2665.000000  4.252607e-10
2675.000000  4.218558e-10
2685.000000  4.191665e-10
2695.000000  4.132252e-10
2705.000000  4.110272e-10
2715.000000  4.064971e-10
2725.000000  4.006106e-10
2735.000000  3.992635e-10
2745.000000  3.905835e-10
2755.000000  3.879220e-10
2765.000000  3.856342e-10
2775.000000  3.849923e-10
2785.000000  3.810180e-10
2795.000000  3.709120e-10
2805.000000  3.713396e-10
2815.000000  3.712079e-10
2825.000000  3.655194e-10
2835.000000  3.625792e-10
2845.000000  3.605753e-10
2855.000000  3.576052e-10
2865.000000  3.546828e-10
2875.000000  3.512602e-10
2885.000000  3.482345e-10
2895.000000  3.452103e-10
2910.000000  3.406987e-10
2930.000000  3.342407e-10
2950.000000  3.272092e-10
2970.000000  3.229835e-10
2990.000000  3.172746e-10
3010.000000  3.119694e-10
3030.000000  3.066612e-10
3050.000000  3.014014e-10
3070.000000  2.962887e-10
3090.000000  2.913263e-10
3110.000000  2.864123e-10
3130.000000  2.817463e-10
3150.000000  2.770804e-10
3170.000000  2.724662e-10
3190.000000  2.668148e-10
3210.000000  2.635796e-10
3230.000000  2.592642e-10
3250.000000  2.550936e-10
3270.000000  2.511194e-10
3290.000000  2.469543e-10
3310.000000  2.431310e-10
3330.000000  2.393062e-10
3350.000000  2.353861e-10
3370.000000  2.318115e-10
3390.000000  2.282348e-10
3410.000000  2.246612e-10
3430.000000  2.210003e-10
3450.000000  2.174245e-10
3470.000000  2.142443e-10
3490.000000  2.111050e-10
3510.000000  2.079755e-10
3530.000000  2.048462e-10
3550.000000  2.017193e-10
3570.000000  1.989843e-10
3590.000000  1.956120e-10
3610.000000  1.929280e-10
3630.000000  1.898506e-10
3640.000000  1.888526e-10
3650.000000  1.872701e-10
3670.000000  1.851792e-10
3690.000000  1.814786e-10
3710.000000  1.759917e-10
3730.000000  1.683910e-10
3750.000000  1.824268e-10
3770.000000  1.860207e-10
3790.000000  2.062915e-10
3810.000000  2.234276e-10
3830.000000  1.878709e-10
3850.000000  2.367748e-10
3870.000000  2.493931e-10
3890.000000  1.724407e-10
3910.000000  2.461376e-10
3930.000000  2.499202e-10
3950.000000  2.397549e-10
3970.000000  1.623279e-10
3990.000000  2.284511e-10
4010.000000  2.353309e-10
4030.000000  2.217957e-10
4050.000000  2.311273e-10
4070.000000  2.250479e-10
4090.000000  1.924190e-10
4110.000000  1.597912e-10
4130.000000  2.104076e-10
4150.000000  2.115029e-10
4170.000000  2.103494e-10
4190.000000  2.079964e-10
4210.000000  2.047621e-10
4230.000000  2.015237e-10
4250.000000  1.983306e-10
4270.000000  1.946030e-10
4290.000000  1.911578e-10
4310.000000  1.854828e-10
4330.000000  1.548861e-10
4350.000000  1.380194e-10
4370.000000  1.758699e-10
4390.000000  1.719630e-10
4410.000000  1.747190e-10
4430.000000  1.718778e-10
4450.000000  1.698859e-10
4470.000000  1.596714e-10
4490.000000  1.645025e-10
4510.000000  1.625540e-10
4530.000000  1.601616e-10
4550.000000  1.577716e-10
4570.000000  1.554771e-10
4590.000000  1.531856e-10
4610.000000  1.509435e-10
4630.000000  1.487515e-10
4650.000000  1.466072e-10
4670.000000  1.445130e-10
4690.000000  1.424219e-10
4710.000000  1.388912e-10
4730.000000  1.383830e-10
4750.000000  1.363420e-10
4770.000000  1.344441e-10
4790.000000  1.322057e-10
4810.000000  1.298625e-10
4830.000000  1.261748e-10
4850.000000  1.086329e-10
4870.000000  9.410677e-11
4890.000000  1.196961e-10
4910.000000  1.207429e-10
4930.000000  1.171733e-10
4950.000000  1.184479e-10
4970.000000  1.169533e-10
4990.000000  1.154045e-10
5010.000000  1.126211e-10
5030.000000  1.122663e-10
5050.000000  1.102232e-10
5070.000000  1.093222e-10
5090.000000  1.078298e-10
5110.000000  1.063844e-10
5130.000000  1.049890e-10
5150.000000  1.035937e-10
5170.000000  1.022460e-10
5190.000000  1.009007e-10
5210.000000  9.955548e-11
5230.000000  9.830491e-11
5250.000000  9.701045e-11
5270.000000  9.576538e-11
5290.000000  9.451790e-11
5310.000000  9.331979e-11
5330.000000  9.212482e-11
5350.000000  9.092817e-11
5370.000000  8.978325e-11
5390.000000  8.863595e-11
5410.000000  8.749106e-11
5430.000000  8.639385e-11
5450.000000  8.534361e-11
5470.000000  8.424953e-11
5490.000000  8.320242e-11
5510.000000  8.215530e-11
5530.000000  8.115828e-11
5550.000000  8.016125e-11
5570.000000  7.916423e-11
5590.000000  7.816725e-11
5610.000000  7.722028e-11
5630.000000  7.627335e-11
5650.000000  7.537339e-11
5670.000000  7.442720e-11
5690.000000  7.353037e-11
5710.000000  7.268046e-11
5730.000000  7.178437e-11
5750.000000  7.093759e-11
5770.000000  7.008846e-11
5790.000000  6.924172e-11
5810.000000  6.844194e-11
5830.000000  6.764287e-11
5850.000000  6.684622e-11
5870.000000  6.441577e-11
5890.000000  6.520353e-11
5910.000000  6.450465e-11
5930.000000  6.375497e-11
5950.000000  6.300908e-11
5970.000000  6.230949e-11
5990.000000  6.156055e-11
6010.000000  6.086405e-11
6030.000000  6.016520e-11
6050.000000  5.946941e-11
6070.000000  5.877056e-11
6090.000000  5.812177e-11
6110.000000  5.747227e-11
6130.000000  5.682348e-11
6150.000000  5.617707e-11
6170.000000  5.552903e-11
6190.000000  5.492962e-11
6210.000000  5.433043e-11
6230.000000  5.373173e-11
6250.000000  5.313328e-11
6270.000000  5.253554e-11
6290.000000  5.193782e-11
6310.000000  5.138825e-11
6330.000000  5.079219e-11
6350.000000  5.024119e-11
6370.000000  4.969345e-11
6390.000000  4.916481e-11
6410.000000  4.862654e-11
6430.000000  4.810267e-11
6450.000000  4.758412e-11
6470.000000  4.707034e-11
6490.000000  4.646733e-11
6510.000000  4.583882e-11
6530.000000  4.491140e-11
6550.000000  4.129608e-11
6570.000000  3.575449e-11
6590.000000  4.285716e-11
6610.000000  4.335010e-11
6630.000000  4.308594e-11
6650.000000  4.274104e-11
6670.000000  4.201081e-11
6690.000000  4.158211e-11
6710.000000  4.144939e-11
6730.000000  4.102052e-11
6750.000000  4.059636e-11
6770.000000  4.017751e-11
6790.000000  3.976343e-11
6810.000000  3.935460e-11
6830.000000  3.895054e-11
6850.000000  3.855173e-11
6870.000000  3.816239e-11
6890.000000  3.777335e-11
6910.000000  3.738933e-11
6930.000000  3.701032e-11
6950.000000  3.664101e-11
6970.000000  3.627201e-11
6990.000000  3.590803e-11
7010.000000  3.554881e-11
7030.000000  3.519453e-11
7050.000000  3.484063e-11
7070.000000  3.414989e-11
7090.000000  3.415719e-11
7110.000000  3.381801e-11
7130.000000  3.348384e-11
7150.000000  3.315467e-11
7170.000000  3.283045e-11
7190.000000  3.251106e-11
7210.000000  3.219199e-11
7230.000000  3.187771e-11
7250.000000  3.157335e-11
7270.000000  3.126899e-11
7290.000000  3.084121e-11
7310.000000  3.066553e-11
7330.000000  3.037119e-11
7350.000000  3.008186e-11
7370.000000  2.979277e-11
7390.000000  2.950845e-11
7410.000000  2.922883e-11
7430.000000  2.895428e-11
7450.000000  2.867998e-11
7470.000000  2.841062e-11
7490.000000  2.814140e-11
7510.000000  2.787680e-11
7530.000000  2.761752e-11
7550.000000  2.735801e-11
7570.000000  2.710374e-11
7590.000000  2.684948e-11
7610.000000  2.659998e-11
7630.000000  2.635549e-11
7650.000000  2.611100e-11
7670.000000  2.587145e-11
7690.000000  2.563222e-11
7710.000000  2.539775e-11
7730.000000  2.516797e-11
7750.000000  2.493851e-11
7770.000000  2.469911e-11
7790.000000  2.448460e-11
7810.000000  2.426015e-11
7830.000000  2.404548e-11
7850.000000  2.383112e-11
7870.000000  2.361661e-11
7890.000000  2.340194e-11
7910.000000  2.319752e-11
7930.000000  2.298810e-11
7950.000000  2.278344e-11
7970.000000  2.258373e-11
7990.000000  2.237938e-11
8010.000000  2.218468e-11
8030.000000  2.199004e-11
8050.000000  2.179540e-11
8070.000000  2.160101e-11
8090.000000  2.141131e-11
8110.000000  2.122662e-11
8130.000000  2.103737e-11
8150.000000  2.085724e-11
8170.000000  2.067314e-11
8190.000000  2.049339e-11
8210.000000  2.029432e-11
8230.000000  2.013942e-11
8250.000000  1.997484e-11
8270.000000  1.978548e-11
8290.000000  1.964553e-11
8310.000000  1.948572e-11
8330.000000  1.932130e-11
8350.000000  1.913225e-11
8370.000000  1.899199e-11
8390.000000  1.884188e-11
8410.000000  1.866737e-11
8430.000000  1.849740e-11
8450.000000  1.830835e-11
8470.000000  1.812177e-11
8490.000000  1.800418e-11
8510.000000  1.773188e-11
8530.000000  1.772608e-11
8550.000000  1.717579e-11
8570.000000  1.759299e-11
8590.000000  1.688022e-11
8610.000000  1.668869e-11
8630.000000  1.738017e-11
8650.000000  1.679987e-11
8670.000000  1.544808e-11
8690.000000  1.690665e-11
8710.000000  1.718211e-11
8730.000000  1.657298e-11
8750.000000  1.446780e-11
8770.000000  1.587327e-11
8790.000000  1.679829e-11
8810.000000  1.684790e-11
8830.000000  1.649870e-11
8850.000000  1.505016e-11
8870.000000  1.364707e-11
8890.000000  1.568522e-11
8910.000000  1.618879e-11
8930.000000  1.619825e-11
8950.000000  1.609330e-11
8970.000000  1.583912e-11
8990.000000  1.515138e-11
9010.000000  1.302043e-11
9030.000000  1.367176e-11
9050.000000  1.504099e-11
9070.000000  1.521052e-11
9090.000000  1.523456e-11
9110.000000  1.516452e-11
9130.000000  1.504979e-11
9150.000000  1.490992e-11
9170.000000  1.471558e-11
9190.000000  1.442123e-11
9210.000000  1.351389e-11
9230.000000  1.154746e-11
9250.000000  1.310911e-11
9270.000000  1.391714e-11
9290.000000  1.403657e-11
9310.000000  1.397158e-11
9330.000000  1.391663e-11
9350.000000  1.381647e-11
9370.000000  1.373626e-11
9390.000000  1.363178e-11
9410.000000  1.351658e-11
9430.000000  1.339220e-11
9450.000000  1.327260e-11
9470.000000  1.310335e-11
9490.000000  1.297315e-11
9510.000000  1.262460e-11
9530.000000  1.173132e-11
9550.000000  1.022557e-11
9570.000000  1.177623e-11
9590.000000  1.232947e-11
9610.000000  1.238918e-11
9630.000000  1.233419e-11
9650.000000  1.229403e-11
9670.000000  1.222384e-11
9690.000000  1.212931e-11
9710.000000  1.202953e-11
9730.000000  1.195439e-11
9750.000000  1.186447e-11
9770.000000  1.177454e-11
9790.000000  1.168486e-11
9810.000000  1.159971e-11
9830.000000  1.151002e-11
9850.000000  1.142510e-11
9870.000000  1.134019e-11
9890.000000  1.125527e-11
9910.000000  1.117060e-11
9930.000000  1.108051e-11
9950.000000  1.097616e-11
9970.000000  1.087114e-11
9990.000000  1.074144e-11
10025.000000  9.938110e-12
10075.000000  9.558517e-12
10125.000000  1.023244e-11
10175.000000  1.012211e-11
10225.000000  9.947431e-12
10275.000000  9.767822e-12
10325.000000  9.578123e-12
10375.000000  9.423390e-12
10425.000000  9.258567e-12
10475.000000  9.093744e-12
10525.000000  8.934172e-12
10575.000000  8.779130e-12
10625.000000  8.629260e-12
10675.000000  8.474623e-12
10725.000000  8.334679e-12
10775.000000  8.189893e-12
10825.000000  7.970768e-12
10875.000000  7.825705e-12
10925.000000  6.917215e-12
10975.000000  7.276938e-12
11025.000000  7.461183e-12
11075.000000  7.381436e-12
11125.000000  7.271328e-12
11175.000000  7.151350e-12
11225.000000  7.031607e-12
11275.000000  6.916877e-12
11325.000000  6.802147e-12
11375.000000  6.692184e-12
11425.000000  6.582464e-12
11475.000000  6.477510e-12
11525.000000  6.372557e-12
11575.000000  6.272542e-12
11625.000000  6.172840e-12
11675.000000  6.072967e-12
11725.000000  5.977961e-12
11775.000000  5.883268e-12
11825.000000  5.788643e-12
11875.000000  5.698718e-12
11925.000000  5.613492e-12
11975.000000  5.503938e-12
12025.000000  5.438893e-12
12075.000000  5.353976e-12
12125.000000  5.273996e-12
12175.000000  5.194089e-12
12225.000000  5.114231e-12
12275.000000  5.034445e-12
12325.000000  4.959499e-12
12375.000000  4.885071e-12
12425.000000  4.811676e-12
12475.000000  4.739784e-12
12525.000000  4.666392e-12
12575.000000  4.600422e-12
12625.000000  4.532513e-12
12675.000000  4.462152e-12
12725.000000  4.379828e-12
12775.000000  4.217760e-12
12825.000000  3.806624e-12
12875.000000  4.133736e-12
12925.000000  4.134139e-12
12975.000000  4.077812e-12
13025.000000  4.031694e-12
13075.000000  3.974249e-12
13125.000000  3.917814e-12
13175.000000  3.862373e-12
13225.000000  3.807464e-12
13275.000000  3.754033e-12
13325.000000  3.701574e-12
13375.000000  3.649647e-12
13425.000000  3.598213e-12
13475.000000  3.548773e-12
13525.000000  3.499844e-12
13575.000000  3.451407e-12
13625.000000  3.403956e-12
13675.000000  3.357515e-12
13725.000000  3.311575e-12
13775.000000  3.266629e-12
13825.000000  3.222668e-12
13875.000000  3.178731e-12
13925.000000  3.136266e-12
13975.000000  3.094309e-12
14025.000000  3.052877e-12
14075.000000  3.011946e-12
14125.000000  2.971992e-12
14175.000000  2.933010e-12
14225.000000  2.894082e-12
14275.000000  2.856108e-12
14325.000000  2.818659e-12
14375.000000  2.781711e-12
14425.000000  2.745734e-12
14475.000000  2.710289e-12
14525.000000  2.675321e-12
14570.000000  2.643883e-12
14620.000000  2.610410e-12
14675.000000  2.573963e-12
14725.000000  2.541500e-12
14775.000000  2.509537e-12
14825.000000  2.478568e-12
14875.000000  2.447114e-12
14925.000000  2.416647e-12
14975.000000  2.386688e-12
15025.000000  2.357229e-12
15075.000000  2.326755e-12
15125.000000  2.299252e-12
15175.000000  2.270796e-12
15225.000000  2.242340e-12
15275.000000  2.213868e-12
15325.000000  2.185882e-12
15375.000000  2.160422e-12
15425.000000  2.129893e-12
15475.000000  2.106999e-12
15525.000000  2.079528e-12
15575.000000  2.046396e-12
15625.000000  2.037147e-12
15675.000000  1.997056e-12
15725.000000  1.964986e-12
15775.000000  1.968776e-12
15825.000000  1.941305e-12
15875.000000  1.868920e-12
15925.000000  1.882788e-12
15975.000000  1.884410e-12
16050.000000  1.834404e-12
16150.000000  1.761786e-12
16250.000000  1.776025e-12
16350.000000  1.704079e-12
16450.000000  1.630511e-12
16550.000000  1.661652e-12
16650.000000  1.625675e-12
16750.000000  1.550760e-12
16850.000000  1.481230e-12
16950.000000  1.517311e-12
17050.000000  1.485330e-12
17150.000000  1.456284e-12
17250.000000  1.415889e-12
17350.000000  1.304422e-12
17450.000000  1.343969e-12
17550.000000  1.332424e-12
17650.000000  1.304930e-12
17750.000000  1.276975e-12
17850.000000  1.249520e-12
17950.000000  1.223044e-12
18050.000000  1.192079e-12
18150.000000  1.103140e-12
18250.000000  1.124659e-12
18350.000000  1.122614e-12
18450.000000  1.101124e-12
18550.000000  1.078178e-12
18650.000000  1.048225e-12
18750.000000  9.733015e-13
18850.000000  1.007236e-12
18950.000000  9.937386e-13
19050.000000  9.727650e-13
19150.000000  9.547557e-13
19250.000000  9.352757e-13
19350.000000  9.088506e-13
19450.000000  8.408961e-13
19550.000000  8.733739e-13
19650.000000  8.638601e-13
19750.000000  8.478713e-13
19850.000000  8.318587e-13
19950.000000  8.158773e-13
20050.000000  8.003969e-13
20150.000000  7.849236e-13
20250.000000  7.704137e-13
20350.000000  7.559351e-13
20450.000000  7.419333e-13
20550.000000  7.274714e-13
20650.000000  7.144786e-13
20750.000000  7.014786e-13
20850.000000  6.885028e-13
20950.000000  6.760038e-13
21050.000000  6.635289e-13
21150.000000  6.510470e-13
21250.000000  6.400265e-13
21350.000000  6.285535e-13
21450.000000  6.170397e-13
21550.000000  6.015816e-13
21650.000000  5.591346e-13
21750.000000  5.776242e-13
21850.000000  5.740810e-13
21950.000000  5.646110e-13
22050.000000  5.551105e-13
22150.000000  5.456166e-13
22250.000000  5.361235e-13
22350.000000  5.266420e-13
22450.000000  5.176495e-13
22550.000000  5.091434e-13
22650.000000  5.006374e-13
22750.000000  4.920094e-13
22850.000000  4.838152e-13
22950.000000  4.757244e-13
23050.000000  4.678314e-13
23150.000000  4.601357e-13
23250.000000  4.525904e-13
23350.000000  4.451952e-13
23450.000000  4.379034e-13
23550.000000  4.308096e-13
23650.000000  4.238159e-13
23750.000000  4.170187e-13
23850.000000  4.103232e-13
23950.000000  4.037303e-13
24050.000000  3.972852e-13
24150.000000  3.909890e-13
24250.000000  3.847968e-13
24350.000000  3.786992e-13
24450.000000  3.727011e-13
24550.000000  3.669088e-13
24650.000000  3.610132e-13
24750.000000  3.553188e-13
24850.000000  3.501720e-13
24950.000000  3.440161e-13
