2505.000000  1.606665e-09
2513.000000  1.584291e-09
2518.000000  1.583153e-09
2525.000000  1.569318e-09
2535.000000  1.549701e-09
2545.000000  1.531115e-09
2555.000000  1.517655e-09
2565.000000  1.499552e-09
2575.000000  1.483780e-09
2585.000000  1.466829e-09
2595.000000  1.450259e-09
2605.000000  1.444508e-09
2615.000000  1.429471e-09
2625.000000  1.414033e-09
2635.000000  1.395517e-09
2645.000000  1.381634e-09
2655.000000  1.363915e-09
2665.000000  1.345430e-09
2675.000000  1.329648e-09
2685.000000  1.324643e-09
2695.000000  1.298449e-09
2705.000000  1.296116e-09
2715.000000  1.281504e-09
2725.000000  1.256088e-09
2735.000000  1.254131e-09
2745.000000  1.236842e-09
2755.000000  1.224520e-09
2765.000000  1.202161e-09
2775.000000  1.201737e-09
2785.000000  1.188257e-09
2795.000000  1.163673e-09
2805.000000  1.159012e-09
2815.000000  1.151668e-09
2825.000000  1.125485e-09
2835.000000  1.116988e-09
2845.000000  1.115433e-09
2855.000000  1.103878e-09
2865.000000  1.093090e-09
2875.000000  1.081546e-09
2885.000000  1.070357e-09
2895.000000  1.059569e-09
2910.000000  1.043020e-09
2930.000000  1.021811e-09
2950.000000  9.929615e-10
2970.000000  9.813857e-10
2990.000000  9.617207e-10
3010.000000  9.428388e-10
3030.000000  9.243533e-10
3050.000000  9.062594e-10
3070.000000  8.885311e-10
3090.000000  8.712043e-10
3110.000000  8.546455e-10
3130.000000  8.396099e-10
3150.000000  8.230710e-10
3170.000000  8.074102e-10
3190.000000  7.851269e-10
3210.000000  7.772181e-10
3230.000000  7.627367e-10
3250.000000  7.484122e-10
3270.000000  7.354660e-10
3290.000000  7.208646e-10
3310.000000  7.088494e-10
3330.000000  6.959887e-10
3350.000000  6.821571e-10
3370.000000  6.711830e-10
3390.000000  6.591687e-10
3410.000000  6.474602e-10
3430.000000  6.333440e-10
3450.000000  6.199727e-10
3470.000000  6.109290e-10
3490.000000  6.002629e-10
3510.000000  5.912028e-10
3530.000000  5.822671e-10
3550.000000  5.724151e-10
3570.000000  5.659417e-10
3590.000000  5.525841e-10
3610.000000  5.449061e-10
3630.000000  5.341721e-10
3640.000000  5.334759e-10
3650.000000  5.252738e-10
3670.000000  5.189565e-10
3690.000000  5.090807e-10
3710.000000  4.914890e-10
3730.000000  4.701842e-10
3750.000000  4.891869e-10
3770.000000  4.897635e-10
3790.000000  5.250924e-10
3810.000000  5.541979e-10
3830.000000  4.743559e-10
3850.000000  5.791722e-10
3870.000000  5.937774e-10
3890.000000  4.459389e-10
3910.000000  5.864100e-10
3930.000000  5.846987e-10
3950.000000  5.689878e-10
3970.000000  4.158437e-10
3990.000000  5.437139e-10
4010.000000  5.477426e-10
4030.000000  5.093167e-10
4050.000000  5.376826e-10
4070.000000  5.250389e-10
4090.000000  4.667086e-10
4110.000000  3.986763e-10
4130.000000  4.902355e-10
4150.000000  4.889147e-10
4170.000000  4.862612e-10
4190.000000  4.802476e-10
4210.000000  4.724428e-10
4230.000000  4.646421e-10
4250.000000  4.569927e-10
4270.000000  4.485006e-10
4290.000000  4.407279e-10
4310.000000  4.295931e-10
4330.000000  3.745665e-10
4350.000000  3.382300e-10
4370.000000  4.074385e-10
4390.000000  3.915759e-10
4410.000000  4.008538e-10
4430.000000  3.930014e-10
4450.000000  3.888135e-10
4470.000000  3.603901e-10
4490.000000  3.761748e-10
4510.000000  3.713172e-10
4530.000000  3.655893e-10
4550.000000  3.599381e-10
4570.000000  3.544039e-10
4590.000000  3.490622e-10
4610.000000  3.437581e-10
4630.000000  3.385307e-10
4650.000000  3.333355e-10
4670.000000  3.284573e-10
4690.000000  3.235367e-10
4710.000000  3.139431e-10
4730.000000  3.138527e-10
4750.000000  3.091236e-10
4770.000000  3.048591e-10
4790.000000  3.001019e-10
4810.000000  2.947740e-10
4830.000000  2.877377e-10
4850.000000  2.569883e-10
4870.000000  2.265420e-10
4890.000000  2.735403e-10
4910.000000  2.732538e-10
4930.000000  2.622884e-10
4950.000000  2.673837e-10
4970.000000  2.636175e-10
4990.000000  2.599259e-10
5010.000000  2.524416e-10
5030.000000  2.526236e-10
5050.000000  2.472861e-10
5070.000000  2.456673e-10
5090.000000  2.422825e-10
5110.000000  2.389020e-10
5130.000000  2.355950e-10
5150.000000  2.324049e-10
5170.000000  2.292159e-10
5190.000000  2.260633e-10
5210.000000  2.229510e-10
5230.000000  2.199910e-10
5250.000000  2.170312e-10
5270.000000  2.141087e-10
5290.000000  2.112265e-10
5310.000000  2.084211e-10
5330.000000  2.056547e-10
5350.000000  2.029260e-10
5370.000000  2.002718e-10
5390.000000  1.976197e-10
5410.000000  1.950444e-10
5430.000000  1.924690e-10
5450.000000  1.899339e-10
5470.000000  1.875099e-10
5490.000000  1.850525e-10
5510.000000  1.826708e-10
5530.000000  1.803246e-10
5550.000000  1.780185e-10
5570.000000  1.757499e-10
5590.000000  1.735217e-10
5610.000000  1.712934e-10
5630.000000  1.691407e-10
5650.000000  1.669854e-10
5670.000000  1.648730e-10
5690.000000  1.628336e-10
5710.000000  1.608000e-10
5730.000000  1.588007e-10
5750.000000  1.568391e-10
5770.000000  1.549166e-10
5790.000000  1.529951e-10
5810.000000  1.511139e-10
5830.000000  1.492289e-10
5850.000000  1.474233e-10
5870.000000  1.404447e-10
5890.000000  1.434687e-10
5910.000000  1.421192e-10
5930.000000  1.404269e-10
5950.000000  1.387355e-10
5970.000000  1.370833e-10
5990.000000  1.353931e-10
6010.000000  1.338176e-10
6030.000000  1.322030e-10
6050.000000  1.306641e-10
6070.000000  1.290907e-10
6090.000000  1.275919e-10
6110.000000  1.260905e-10
6130.000000  1.246320e-10
6150.000000  1.231708e-10
6170.000000  1.217107e-10
6190.000000  1.203241e-10
6210.000000  1.189433e-10
6230.000000  1.175599e-10
6250.000000  1.162145e-10
6270.000000  1.149057e-10
6290.000000  1.135614e-10
6310.000000  1.122939e-10
6330.000000  1.109861e-10
6350.000000  1.097185e-10
6370.000000  1.085256e-10
6390.000000  1.072956e-10
6410.000000  1.060682e-10
6430.000000  1.049128e-10
6450.000000  1.037219e-10
6470.000000  1.025321e-10
6490.000000  1.014170e-10
6510.000000  1.000023e-10
6530.000000  9.827870e-11
6550.000000  9.229203e-11
6570.000000  8.100940e-11
6590.000000  9.413636e-11
6610.000000  9.450509e-11
6630.000000  9.377239e-11
6650.000000  9.296087e-11
6670.000000  9.085106e-11
6690.000000  8.989033e-11
6710.000000  8.996284e-11
6730.000000  8.900211e-11
6750.000000  8.804138e-11
6770.000000  8.711980e-11
6790.000000  8.615908e-11
6810.000000  8.527505e-11
6830.000000  8.438893e-11
6850.000000  8.350491e-11
6870.000000  8.262089e-11
6890.000000  8.173687e-11
6910.000000  8.089310e-11
6930.000000  8.000908e-11
6950.000000  7.920177e-11
6970.000000  7.838341e-11
6990.000000  7.756871e-11
7010.000000  7.676129e-11
7030.000000  7.595753e-11
7050.000000  7.519655e-11
7070.000000  7.314486e-11
7090.000000  7.366418e-11
7110.000000  7.291029e-11
7130.000000  7.217208e-11
7150.000000  7.143800e-11
7170.000000  7.070381e-11
7190.000000  7.000061e-11
7210.000000  6.929378e-11
7230.000000  6.854334e-11
7250.000000  6.791411e-11
7270.000000  6.723372e-11
7290.000000  6.599218e-11
7310.000000  6.589622e-11
7330.000000  6.525439e-11
7350.000000  6.460480e-11
7370.000000  6.396679e-11
7390.000000  6.334047e-11
7410.000000  6.271790e-11
7430.000000  6.210290e-11
7450.000000  6.151091e-11
7470.000000  6.091125e-11
7490.000000  6.031593e-11
7510.000000  5.970860e-11
7530.000000  5.915888e-11
7550.000000  5.858256e-11
7570.000000  5.802507e-11
7590.000000  5.746789e-11
7610.000000  5.691457e-11
7630.000000  5.637252e-11
7650.000000  5.583461e-11
7670.000000  5.530801e-11
7690.000000  5.477760e-11
7710.000000  5.426280e-11
7730.000000  5.375154e-11
7750.000000  5.324049e-11
7770.000000  5.273326e-11
7790.000000  5.225269e-11
7810.000000  5.172974e-11
7830.000000  5.128054e-11
7850.000000  5.085779e-11
7870.000000  5.038155e-11
7890.000000  4.988897e-11
7910.000000  4.946278e-11
7930.000000  4.900522e-11
7950.000000  4.854591e-11
7970.000000  4.802298e-11
7990.000000  4.758484e-11
8010.000000  4.713198e-11
8030.000000  4.669045e-11
8050.000000  4.627156e-11
8070.000000  4.587256e-11
8090.000000  4.538797e-11
8110.000000  4.504616e-11
8130.000000  4.466605e-11
8150.000000  4.421590e-11
8170.000000  4.388228e-11
8190.000000  4.343266e-11
8210.000000  4.295489e-11
8230.000000  4.268667e-11
8250.000000  4.232508e-11
8270.000000  4.175537e-11
8290.000000  4.155979e-11
8310.000000  4.121412e-11
8330.000000  4.083337e-11
8350.000000  4.027905e-11
8370.000000  4.006041e-11
8390.000000  3.977230e-11
8410.000000  3.942229e-11
8430.000000  3.904140e-11
8450.000000  3.844512e-11
8470.000000  3.832156e-11
8490.000000  3.792407e-11
8510.000000  3.756327e-11
8530.000000  3.727271e-11
8550.000000  3.655709e-11
8570.000000  3.700413e-11
8590.000000  3.555145e-11
8610.000000  3.548175e-11
8630.000000  3.639095e-11
8650.000000  3.522960e-11
8670.000000  3.321571e-11
8690.000000  3.543985e-11
8710.000000  3.574921e-11
8730.000000  3.446299e-11
8750.000000  3.113375e-11
8770.000000  3.328242e-11
8790.000000  3.478674e-11
8810.000000  3.475194e-11
8830.000000  3.415296e-11
8850.000000  3.153947e-11
8870.000000  2.921209e-11
8890.000000  3.270929e-11
8910.000000  3.335658e-11
8930.000000  3.324195e-11
8950.000000  3.307684e-11
8970.000000  3.263387e-11
8990.000000  3.135784e-11
9010.000000  2.758125e-11
9030.000000  2.889956e-11
9050.000000  3.112887e-11
9070.000000  3.106075e-11
9090.000000  3.116187e-11
9110.000000  3.107770e-11
9130.000000  3.084751e-11
9150.000000  3.057047e-11
9170.000000  3.014470e-11
9190.000000  2.969559e-11
9210.000000  2.796321e-11
9230.000000  2.451594e-11
9250.000000  2.742936e-11
9270.000000  2.867408e-11
9290.000000  2.877732e-11
9310.000000  2.849936e-11
9330.000000  2.847218e-11
9350.000000  2.825549e-11
9370.000000  2.806325e-11
9390.000000  2.783687e-11
9410.000000  2.761383e-11
9430.000000  2.739868e-11
9450.000000  2.713145e-11
9470.000000  2.667020e-11
9490.000000  2.656010e-11
9510.000000  2.583368e-11
9530.000000  2.428244e-11
9550.000000  2.157527e-11
9570.000000  2.448617e-11
9590.000000  2.531058e-11
9610.000000  2.528001e-11
9630.000000  2.509099e-11
9650.000000  2.510221e-11
9670.000000  2.492451e-11
9690.000000  2.470560e-11
9710.000000  2.445574e-11
9730.000000  2.435189e-11
9750.000000  2.416377e-11
9770.000000  2.397575e-11
9790.000000  2.379509e-11
9810.000000  2.361062e-11
9830.000000  2.343017e-11
9850.000000  2.325336e-11
9870.000000  2.307646e-11
9890.000000  2.290002e-11
9910.000000  2.271921e-11
9930.000000  2.255399e-11
9950.000000  2.236274e-11
9970.000000  2.214097e-11
9990.000000  2.190693e-11
10025.000000  2.046170e-11
10075.000000  1.975185e-11
10125.000000  2.080761e-11
10175.000000  2.056817e-11
10225.000000  2.018357e-11
10275.000000  1.983023e-11
10325.000000  1.938468e-11
10375.000000  1.911562e-11
10425.000000  1.877005e-11
10475.000000  1.843571e-11
10525.000000  1.810538e-11
10575.000000  1.778638e-11
10625.000000  1.746748e-11
10675.000000  1.712557e-11
10725.000000  1.686063e-11
10775.000000  1.656485e-11
10825.000000  1.607338e-11
10875.000000  1.587500e-11
10925.000000  1.418240e-11
10975.000000  1.488776e-11
11025.000000  1.503241e-11
11075.000000  1.490561e-11
11125.000000  1.467833e-11
11175.000000  1.443239e-11
11225.000000  1.418280e-11
11275.000000  1.395230e-11
11325.000000  1.372180e-11
11375.000000  1.349130e-11
11425.000000  1.327239e-11
11475.000000  1.304967e-11
11525.000000  1.283843e-11
11575.000000  1.263084e-11
11625.000000  1.242336e-11
11675.000000  1.222354e-11
11725.000000  1.202764e-11
11775.000000  1.183539e-11
11825.000000  1.164727e-11
11875.000000  1.145915e-11
11925.000000  1.127859e-11
11975.000000  1.096762e-11
12025.000000  1.092901e-11
12075.000000  1.075612e-11
12125.000000  1.058700e-11
12175.000000  1.042199e-11
12225.000000  1.026434e-11
12275.000000  1.010288e-11
12325.000000  9.949463e-12
12375.000000  9.795671e-12
12425.000000  9.645904e-12
12475.000000  9.503597e-12
12525.000000  9.334574e-12
12575.000000  9.219404e-12
12625.000000  9.077307e-12
12675.000000  8.942881e-12
12725.000000  8.785863e-12
12775.000000  8.464156e-12
12825.000000  7.728661e-12
12875.000000  8.314179e-12
12925.000000  8.282757e-12
12975.000000  8.109289e-12
13025.000000  8.063055e-12
13075.000000  7.943970e-12
13125.000000  7.830248e-12
13175.000000  7.718095e-12
13225.000000  7.606671e-12
13275.000000  7.495976e-12
13325.000000  7.390411e-12
13375.000000  7.285907e-12
13425.000000  7.176790e-12
13475.000000  7.081913e-12
13525.000000  6.982425e-12
13575.000000  6.884470e-12
13625.000000  6.788415e-12
13675.000000  6.694295e-12
13725.000000  6.601356e-12
13775.000000  6.510305e-12
13825.000000  6.420788e-12
13875.000000  6.333197e-12
13925.000000  6.246738e-12
13975.000000  6.161469e-12
14025.000000  6.077745e-12
14075.000000  5.995535e-12
14125.000000  5.914858e-12
14175.000000  5.835716e-12
14225.000000  5.757340e-12
14275.000000  5.680912e-12
14325.000000  5.605240e-12
14375.000000  5.531064e-12
14425.000000  5.458106e-12
14475.000000  5.385878e-12
14525.000000  5.315576e-12
14570.000000  5.252945e-12
14620.000000  5.184165e-12
14675.000000  5.110805e-12
14725.000000  5.045116e-12
14775.000000  4.980950e-12
14825.000000  4.917552e-12
14875.000000  4.854566e-12
14925.000000  4.793468e-12
14975.000000  4.732773e-12
15025.000000  4.672866e-12
15075.000000  4.604071e-12
15125.000000  4.555676e-12
15175.000000  4.498805e-12
15225.000000  4.442321e-12
15275.000000  4.385832e-12
15325.000000  4.330131e-12
15375.000000  4.278291e-12
15425.000000  4.219772e-12
15475.000000  4.171920e-12
15525.000000  4.118150e-12
15575.000000  4.055648e-12
15625.000000  4.028013e-12
15675.000000  3.957146e-12
15725.000000  3.897369e-12
15775.000000  3.888227e-12
15825.000000  3.836012e-12
15875.000000  3.717423e-12
15925.000000  3.726479e-12
15975.000000  3.714584e-12
16050.000000  3.624380e-12
16150.000000  3.492762e-12
16250.000000  3.492081e-12
16350.000000  3.365972e-12
16450.000000  3.231384e-12
16550.000000  3.261584e-12
16650.000000  3.190827e-12
16750.000000  3.059496e-12
16850.000000  2.929636e-12
16950.000000  2.974249e-12
17050.000000  2.896128e-12
17150.000000  2.849982e-12
17250.000000  2.776049e-12
17350.000000  2.580260e-12
17450.000000  2.638709e-12
17550.000000  2.606476e-12
17650.000000  2.550383e-12
17750.000000  2.495470e-12
17850.000000  2.441690e-12
17950.000000  2.389433e-12
18050.000000  2.332334e-12
18150.000000  2.171820e-12
18250.000000  2.207367e-12
18350.000000  2.192835e-12
18450.000000  2.148239e-12
18550.000000  2.103288e-12
18650.000000  2.038856e-12
18750.000000  1.909889e-12
18850.000000  1.969730e-12
18950.000000  1.936977e-12
19050.000000  1.890101e-12
19150.000000  1.859380e-12
19250.000000  1.822502e-12
19350.000000  1.775063e-12
19450.000000  1.647460e-12
19550.000000  1.703227e-12
19650.000000  1.683077e-12
19750.000000  1.650410e-12
19850.000000  1.618155e-12
19950.000000  1.587048e-12
20050.000000  1.556682e-12
20150.000000  1.526729e-12
20250.000000  1.497542e-12
20350.000000  1.469123e-12
20450.000000  1.441095e-12
20550.000000  1.411496e-12
20650.000000  1.388082e-12
20750.000000  1.362355e-12
20850.000000  1.337004e-12
20950.000000  1.312410e-12
21050.000000  1.288228e-12
21150.000000  1.260163e-12
21250.000000  1.242108e-12
21350.000000  1.219461e-12
21450.000000  1.197178e-12
21550.000000  1.169646e-12
21650.000000  1.087244e-12
21750.000000  1.123970e-12
21850.000000  1.113078e-12
21950.000000  1.095012e-12
22050.000000  1.075798e-12
22150.000000  1.056986e-12
22250.000000  1.038174e-12
22350.000000  1.020875e-12
22450.000000  1.002840e-12
22550.000000  9.855619e-13
22650.000000  9.690301e-13
22750.000000  9.525192e-13
22850.000000  9.363630e-13
22950.000000  9.206192e-13
23050.000000  9.048754e-13
23150.000000  8.898986e-13
23250.000000  8.753134e-13
23350.000000  8.607123e-13
23450.000000  8.465026e-13
23550.000000  8.326844e-13
23650.000000  8.192318e-13
23750.000000  8.057892e-13
23850.000000  7.927481e-13
23950.000000  7.797440e-13
24050.000000  7.674944e-13
24150.000000  7.549273e-13
24250.000000  7.429888e-13
24350.000000  7.311154e-13
24450.000000  7.194002e-13
24550.000000  7.081504e-13
24650.000000  6.967409e-13
24750.000000  6.848685e-13
24850.000000  6.754699e-13
24950.000000  6.638082e-13
