2505.000000  2.805635e-10
2513.000000  2.770633e-10
2518.000000  2.771811e-10
2525.000000  2.730036e-10
2535.000000  2.682653e-10
2545.000000  2.677878e-10
2555.000000  2.675928e-10
2565.000000  2.635323e-10
2575.000000  2.625928e-10
2585.000000  2.598817e-10
2595.000000  2.571627e-10
2605.000000  2.544054e-10
2615.000000  2.521421e-10
2625.000000  2.499803e-10
2635.000000  2.476834e-10
2645.000000  2.485266e-10
2655.000000  2.461246e-10
2665.000000  2.429207e-10
2675.000000  2.413797e-10
2685.000000  2.396600e-10
2695.000000  2.366890e-10
2705.000000  2.351442e-10
2715.000000  2.323959e-10
2725.000000  2.295343e-10
2735.000000  2.286201e-10
2745.000000  2.230320e-10
2755.000000  2.218625e-10
2765.000000  2.214502e-10
2775.000000  2.211052e-10
2785.000000  2.188307e-10
2795.000000  2.126640e-10
2805.000000  2.134918e-10
2815.000000  2.137285e-10
2825.000000  2.109761e-10
2835.000000  2.091103e-10
2845.000000  2.076490e-10
2855.000000  2.061403e-10
2865.000000  2.046315e-10
2875.000000  2.027470e-10
2885.000000  2.011288e-10
2895.000000  1.994998e-10
2910.000000  1.970978e-10
2930.000000  1.934165e-10
2950.000000  1.898336e-10
2970.000000  1.873520e-10
2990.000000  1.841811e-10
3010.000000  1.813384e-10
3030.000000  1.784372e-10
3050.000000  1.755468e-10
3070.000000  1.727186e-10
3090.000000  1.699886e-10
3110.000000  1.672587e-10
3130.000000  1.646637e-10
3150.000000  1.620687e-10
3170.000000  1.595466e-10
3190.000000  1.565684e-10
3210.000000  1.545896e-10
3230.000000  1.522387e-10
3250.000000  1.499132e-10
3270.000000  1.476611e-10
3290.000000  1.454084e-10
3310.000000  1.432545e-10
3330.000000  1.411003e-10
3350.000000  1.389462e-10
3370.000000  1.369269e-10
3390.000000  1.349078e-10
3410.000000  1.329250e-10
3430.000000  1.310541e-10
3450.000000  1.290823e-10
3470.000000  1.272352e-10
3490.000000  1.253620e-10
3510.000000  1.235399e-10
3530.000000  1.217648e-10
3550.000000  1.200152e-10
3570.000000  1.183899e-10
3590.000000  1.165891e-10
3610.000000  1.150363e-10
3630.000000  1.133343e-10
3640.000000  1.126639e-10
3650.000000  1.119597e-10
3670.000000  1.107239e-10
3690.000000  1.084842e-10
3710.000000  1.054337e-10
3730.000000  1.010688e-10
3750.000000  1.110038e-10
3770.000000  1.138142e-10
3790.000000  1.275941e-10
3810.000000  1.395736e-10
3830.000000  1.169219e-10
3850.000000  1.483264e-10
3870.000000  1.577955e-10
3890.000000  1.061244e-10
3910.000000  1.555661e-10
3930.000000  1.591123e-10
3950.000000  1.517138e-10
3970.000000  1.002282e-10
3990.000000  1.444639e-10
4010.000000  1.501873e-10
4030.000000  1.428114e-10
4050.000000  1.474071e-10
4070.000000  1.432967e-10
4090.000000  1.209065e-10
4110.000000  9.952131e-11
4130.000000  1.340998e-10
4150.000000  1.352510e-10
4170.000000  1.344588e-10
4190.000000  1.328867e-10
4210.000000  1.309434e-10
4230.000000  1.289059e-10
4250.000000  1.267998e-10
4270.000000  1.245303e-10
4290.000000  1.222273e-10
4310.000000  1.183982e-10
4330.000000  9.747391e-11
4350.000000  8.646818e-11
4370.000000  1.122910e-10
4390.000000  1.107218e-10
4410.000000  1.119553e-10
4430.000000  1.102555e-10
4450.000000  1.089762e-10
4470.000000  1.032965e-10
4490.000000  1.055610e-10
4510.000000  1.042922e-10
4530.000000  1.027794e-10
4550.000000  1.012922e-10
4570.000000  9.981623e-11
4590.000000  9.837646e-11
4610.000000  9.696217e-11
4630.000000  9.558434e-11
4650.000000  9.421749e-11
4670.000000  9.287635e-11
4690.000000  9.157142e-11
4710.000000  8.950484e-11
4730.000000  8.899803e-11
4750.000000  8.772956e-11
4770.000000  8.645083e-11
4790.000000  8.504817e-11
4810.000000  8.351415e-11
4830.000000  8.097367e-11
4850.000000  6.890422e-11
4870.000000  5.933849e-11
4890.000000  7.674751e-11
4910.000000  7.773371e-11
4930.000000  7.584477e-11
4950.000000  7.632886e-11
4970.000000  7.542416e-11
4990.000000  7.439997e-11
5010.000000  7.277443e-11
5030.000000  7.242436e-11
5050.000000  7.117778e-11
5070.000000  7.052182e-11
5090.000000  6.960692e-11
5110.000000  6.868104e-11
5130.000000  6.780244e-11
5150.000000  6.691308e-11
5170.000000  6.603481e-11
5190.000000  6.519259e-11
5210.000000  6.433969e-11
5230.000000  6.349788e-11
5250.000000  6.269228e-11
5270.000000  6.190131e-11
5290.000000  6.109578e-11
5310.000000  6.032670e-11
5330.000000  5.957212e-11
5350.000000  5.880321e-11
5370.000000  5.809590e-11
5390.000000  5.735230e-11
5410.000000  5.664515e-11
5430.000000  5.593801e-11
5450.000000  5.523093e-11
5470.000000  5.456017e-11
5490.000000  5.388955e-11
5510.000000  5.321886e-11
5530.000000  5.258456e-11
5550.000000  5.195032e-11
5570.000000  5.130518e-11
5590.000000  5.068202e-11
5610.000000  5.007316e-11
5630.000000  4.947531e-11
5650.000000  4.887753e-11
5670.000000  4.827992e-11
5690.000000  4.770769e-11
5710.000000  4.714620e-11
5730.000000  4.658497e-11
5750.000000  4.604895e-11
5770.000000  4.548787e-11
5790.000000  4.495202e-11
5810.000000  4.442715e-11
5830.000000  4.390228e-11
5850.000000  4.340289e-11
5870.000000  4.205760e-11
5890.000000  4.237862e-11
5910.000000  4.191568e-11
5930.000000  4.142727e-11
5950.000000  4.095318e-11
5970.000000  4.050122e-11
5990.000000  4.001298e-11
6010.000000  3.957534e-11
6030.000000  3.912356e-11
6050.000000  3.869143e-11
6070.000000  3.823964e-11
6090.000000  3.781315e-11
6110.000000  3.738996e-11
6130.000000  3.696678e-11
6150.000000  3.657109e-11
6170.000000  3.615247e-11
6190.000000  3.576024e-11
6210.000000  3.536505e-11
6230.000000  3.497612e-11
6250.000000  3.458975e-11
6270.000000  3.421428e-11
6290.000000  3.383995e-11
6310.000000  3.347180e-11
6330.000000  3.311093e-11
6350.000000  3.273184e-11
6370.000000  3.238920e-11
6390.000000  3.205021e-11
6410.000000  3.170648e-11
6430.000000  3.136749e-11
6450.000000  3.103360e-11
6470.000000  3.069753e-11
6490.000000  3.029553e-11
6510.000000  2.988509e-11
6530.000000  2.924219e-11
6550.000000  2.670902e-11
6570.000000  2.301283e-11
6590.000000  2.786816e-11
6610.000000  2.826905e-11
6630.000000  2.811571e-11
6650.000000  2.789393e-11
6670.000000  2.748475e-11
6690.000000  2.721062e-11
6710.000000  2.707284e-11
6730.000000  2.679616e-11
6750.000000  2.652061e-11
6770.000000  2.625122e-11
6790.000000  2.598295e-11
6810.000000  2.571976e-11
6830.000000  2.545877e-11
6850.000000  2.520288e-11
6870.000000  2.494809e-11
6890.000000  2.469694e-11
6910.000000  2.444944e-11
6930.000000  2.420449e-11
6950.000000  2.396428e-11
6970.000000  2.372662e-11
6990.000000  2.349258e-11
7010.000000  2.325858e-11
7030.000000  2.302931e-11
7050.000000  2.280147e-11
7070.000000  2.241571e-11
7090.000000  2.235895e-11
7110.000000  2.213952e-11
7130.000000  2.192373e-11
7150.000000  2.171049e-11
7170.000000  2.150199e-11
7190.000000  2.129239e-11
7210.000000  2.108754e-11
7230.000000  2.088522e-11
7250.000000  2.068656e-11
7270.000000  2.048790e-11
7290.000000  2.023853e-11
7310.000000  2.009787e-11
7330.000000  1.990761e-11
7350.000000  1.971878e-11
7370.000000  1.953470e-11
7390.000000  1.934952e-11
7410.000000  1.916654e-11
7430.000000  1.898611e-11
7450.000000  1.880823e-11
7470.000000  1.863399e-11
7490.000000  1.846085e-11
7510.000000  1.828771e-11
7530.000000  1.812074e-11
7550.000000  1.795126e-11
7570.000000  1.778684e-11
7590.000000  1.762354e-11
7610.000000  1.746134e-11
7630.000000  1.730168e-11
7650.000000  1.714202e-11
7670.000000  1.698601e-11
7690.000000  1.683365e-11
7710.000000  1.668018e-11
7730.000000  1.652891e-11
7750.000000  1.637910e-11
7770.000000  1.622308e-11
7790.000000  1.608530e-11
7810.000000  1.594023e-11
7830.000000  1.579880e-11
7850.000000  1.565882e-11
7870.000000  1.552102e-11
7890.000000  1.537960e-11
7910.000000  1.524800e-11
7930.000000  1.511276e-11
7950.000000  1.497862e-11
7970.000000  1.484703e-11
7990.000000  1.471544e-11
8010.000000  1.458749e-11
8030.000000  1.446064e-11
8050.000000  1.433270e-11
8070.000000  1.420840e-11
8090.000000  1.408410e-11
8110.000000  1.396345e-11
8130.000000  1.384278e-11
8150.000000  1.372212e-11
8170.000000  1.360511e-11
8190.000000  1.348811e-11
8210.000000  1.337069e-11
8230.000000  1.326355e-11
8250.000000  1.315747e-11
8270.000000  1.304152e-11
8290.000000  1.294421e-11
8310.000000  1.283816e-11
8330.000000  1.273460e-11
8350.000000  1.262229e-11
8370.000000  1.252241e-11
8390.000000  1.241997e-11
8410.000000  1.230908e-11
8430.000000  1.219460e-11
8450.000000  1.208342e-11
8470.000000  1.194094e-11
8490.000000  1.187659e-11
8510.000000  1.167909e-11
8530.000000  1.170121e-11
8550.000000  1.129666e-11
8570.000000  1.162101e-11
8590.000000  1.112987e-11
8610.000000  1.097913e-11
8630.000000  1.149882e-11
8650.000000  1.109961e-11
8670.000000  1.012587e-11
8690.000000  1.118483e-11
8710.000000  1.139110e-11
8730.000000  1.097862e-11
8750.000000  9.484411e-12
8770.000000  1.049671e-11
8790.000000  1.115656e-11
8810.000000  1.120110e-11
8830.000000  1.095680e-11
8850.000000  9.950090e-12
8870.000000  8.959358e-12
8890.000000  1.039616e-11
8910.000000  1.076832e-11
8930.000000  1.078479e-11
8950.000000  1.071188e-11
8970.000000  1.053569e-11
8990.000000  1.006173e-11
9010.000000  8.570359e-12
9030.000000  9.020924e-12
9050.000000  9.991887e-12
9070.000000  1.014145e-11
9090.000000  1.015221e-11
9110.000000  1.010475e-11
9130.000000  1.002929e-11
9150.000000  9.934197e-12
9170.000000  9.805256e-12
9190.000000  9.591650e-12
9210.000000  8.969375e-12
9230.000000  7.593320e-12
9250.000000  8.680079e-12
9270.000000  9.255605e-12
9290.000000  9.352178e-12
9310.000000  9.318850e-12
9330.000000  9.277674e-12
9350.000000  9.211679e-12
9370.000000  9.154724e-12
9390.000000  9.092344e-12
9410.000000  9.008551e-12
9430.000000  8.929178e-12
9450.000000  8.851182e-12
9470.000000  8.748722e-12
9490.000000  8.645716e-12
9510.000000  8.413459e-12
9530.000000  7.786409e-12
9550.000000  6.738814e-12
9570.000000  7.814444e-12
9590.000000  8.210017e-12
9610.000000  8.265453e-12
9630.000000  8.235835e-12
9650.000000  8.201975e-12
9670.000000  8.155575e-12
9690.000000  8.099387e-12
9710.000000  8.035947e-12
9730.000000  7.981280e-12
9750.000000  7.921502e-12
9770.000000  7.860626e-12
9790.000000  7.803395e-12
9810.000000  7.743634e-12
9830.000000  7.686387e-12
9850.000000  7.629156e-12
9870.000000  7.571925e-12
9890.000000  7.514718e-12
9910.000000  7.461109e-12
9930.000000  7.395568e-12
9950.000000  7.328540e-12
9970.000000  7.257825e-12
9990.000000  7.167881e-12
10025.000000  6.608861e-12
10075.000000  6.349699e-12
10125.000000  6.836466e-12
10175.000000  6.762010e-12
10225.000000  6.648592e-12
10275.000000  6.530492e-12
10325.000000  6.407283e-12
10375.000000  6.302660e-12
10425.000000  6.191844e-12
10475.000000  6.082127e-12
10525.000000  5.977511e-12
10575.000000  5.871456e-12
10625.000000  5.771552e-12
10675.000000  5.671656e-12
10725.000000  5.575440e-12
10775.000000  5.479213e-12
10825.000000  5.341454e-12
10875.000000  5.231132e-12
10925.000000  4.603784e-12
10975.000000  4.854168e-12
11025.000000  4.994488e-12
11075.000000  4.943385e-12
11125.000000  4.869001e-12
11175.000000  4.787367e-12
11225.000000  4.709337e-12
11275.000000  4.633878e-12
11325.000000  4.558427e-12
11375.000000  4.484067e-12
11425.000000  4.412254e-12
11475.000000  4.340441e-12
11525.000000  4.269726e-12
11575.000000  4.202650e-12
11625.000000  4.137037e-12
11675.000000  4.069968e-12
11725.000000  4.006537e-12
11775.000000  3.944569e-12
11825.000000  3.883676e-12
11875.000000  3.823127e-12
11925.000000  3.762927e-12
11975.000000  3.696607e-12
12025.000000  3.648466e-12
12075.000000  3.591784e-12
12125.000000  3.537102e-12
12175.000000  3.483515e-12
12225.000000  3.430659e-12
12275.000000  3.378899e-12
12325.000000  3.328228e-12
12375.000000  3.278289e-12
12425.000000  3.229443e-12
12475.000000  3.181471e-12
12525.000000  3.133207e-12
12575.000000  3.088044e-12
12625.000000  3.042733e-12
12675.000000  2.995290e-12
12725.000000  2.939437e-12
12775.000000  2.829025e-12
12825.000000  2.541498e-12
12875.000000  2.771658e-12
12925.000000  2.775721e-12
12975.000000  2.742007e-12
13025.000000  2.708425e-12
13075.000000  2.669931e-12
13125.000000  2.632057e-12
13175.000000  2.594912e-12
13225.000000  2.558496e-12
13275.000000  2.522697e-12
13325.000000  2.487377e-12
13375.000000  2.452782e-12
13425.000000  2.418553e-12
13475.000000  2.385309e-12
13525.000000  2.352681e-12
13575.000000  2.320277e-12
13625.000000  2.288491e-12
13675.000000  2.257433e-12
13725.000000  2.226740e-12
13775.000000  2.196665e-12
13825.000000  2.167065e-12
13875.000000  2.137832e-12
13925.000000  2.109215e-12
13975.000000  2.080965e-12
14025.000000  2.053443e-12
14075.000000  2.026286e-12
14125.000000  1.999491e-12
14175.000000  1.973066e-12
14225.000000  1.947364e-12
14275.000000  1.921667e-12
14325.000000  1.896696e-12
14375.000000  1.871980e-12
14425.000000  1.847740e-12
14475.000000  1.824117e-12
14525.000000  1.800497e-12
14570.000000  1.779790e-12
14620.000000  1.757372e-12
14675.000000  1.733131e-12
14725.000000  1.711332e-12
14775.000000  1.689898e-12
14825.000000  1.669082e-12
14875.000000  1.648124e-12
14925.000000  1.627783e-12
14975.000000  1.607696e-12
15025.000000  1.587973e-12
15075.000000  1.567742e-12
15125.000000  1.548750e-12
15175.000000  1.529756e-12
15225.000000  1.510873e-12
15275.000000  1.491877e-12
15325.000000  1.472882e-12
15375.000000  1.455720e-12
15425.000000  1.434998e-12
15475.000000  1.420033e-12
15525.000000  1.401409e-12
15575.000000  1.378370e-12
15625.000000  1.373399e-12
15675.000000  1.345519e-12
15725.000000  1.323470e-12
15775.000000  1.328092e-12
15825.000000  1.309468e-12
15875.000000  1.257248e-12
15925.000000  1.269069e-12
15975.000000  1.272067e-12
16050.000000  1.237149e-12
16150.000000  1.186520e-12
16250.000000  1.199705e-12
16350.000000  1.149599e-12
16450.000000  1.098258e-12
16550.000000  1.123217e-12
16650.000000  1.098976e-12
16750.000000  1.046477e-12
16850.000000  9.982802e-13
16950.000000  1.026286e-12
17050.000000  1.005784e-12
17150.000000  9.847538e-13
17250.000000  9.575012e-13
17350.000000  8.787268e-13
17450.000000  9.083402e-13
17550.000000  9.013521e-13
17650.000000  8.829389e-13
17750.000000  8.641999e-13
17850.000000  8.459370e-13
17950.000000  8.280386e-13
18050.000000  8.065091e-13
18150.000000  7.440252e-13
18250.000000  7.601619e-13
18350.000000  7.597335e-13
18450.000000  7.454735e-13
18550.000000  7.302710e-13
18650.000000  7.100534e-13
18750.000000  6.570820e-13
18850.000000  6.815853e-13
18950.000000  6.730395e-13
19050.000000  6.592604e-13
19150.000000  6.466114e-13
19250.000000  6.333466e-13
19350.000000  6.153504e-13
19450.000000  5.675855e-13
19550.000000  5.913627e-13
19650.000000  5.853730e-13
19750.000000  5.746535e-13
19850.000000  5.635719e-13
19950.000000  5.528542e-13
20050.000000  5.423926e-13
20150.000000  5.320401e-13
20250.000000  5.220522e-13
20350.000000  5.123189e-13
20450.000000  5.026956e-13
20550.000000  4.933252e-13
20650.000000  4.844303e-13
20750.000000  4.755360e-13
20850.000000  4.668965e-13
20950.000000  4.582577e-13
21050.000000  4.500918e-13
21150.000000  4.418168e-13
21250.000000  4.340163e-13
21350.000000  4.263606e-13
21450.000000  4.181978e-13
21550.000000  4.077427e-13
21650.000000  3.781626e-13
21750.000000  3.915597e-13
21850.000000  3.892196e-13
21950.000000  3.831278e-13
22050.000000  3.766207e-13
22150.000000  3.701668e-13
22250.000000  3.637383e-13
22350.000000  3.574895e-13
22450.000000  3.514022e-13
22550.000000  3.454603e-13
22650.000000  3.396278e-13
22750.000000  3.339191e-13
22850.000000  3.283780e-13
22950.000000  3.229356e-13
23050.000000  3.175914e-13
23150.000000  3.123678e-13
23250.000000  3.072425e-13
23350.000000  3.022374e-13
23450.000000  2.973198e-13
23550.000000  2.925225e-13
23650.000000  2.877980e-13
23750.000000  2.831722e-13
23850.000000  2.786302e-13
23950.000000  2.741863e-13
24050.000000  2.698155e-13
24150.000000  2.655430e-13
24250.000000  2.613908e-13
24350.000000  2.572277e-13
24450.000000  2.531484e-13
24550.000000  2.492520e-13
24650.000000  2.452597e-13
24750.000000  2.414358e-13
24850.000000  2.378828e-13
24950.000000  2.336803e-13
