2505.000000  1.174691e-15
2513.000000  7.626242e-16
2518.000000  8.624727e-16
2525.000000  1.129327e-15
2535.000000  3.119045e-15
2545.000000  3.940984e-15
2555.000000  4.158332e-15
2565.000000  1.938136e-15
2575.000000  3.855658e-15
2585.000000  2.271626e-15
2595.000000  3.207101e-15
2605.000000  4.694820e-15
2615.000000  4.068462e-15
2625.000000  7.523054e-15
2635.000000  1.267283e-14
2645.000000  9.069636e-15
2655.000000  1.385370e-14
2665.000000  1.091148e-14
2675.000000  1.022838e-14
2685.000000  1.428697e-14
2695.000000  8.824743e-15
2705.000000  1.783924e-14
2715.000000  1.645431e-14
2725.000000  1.317338e-14
2735.000000  1.411143e-14
2745.000000  2.103885e-14
2755.000000  1.965899e-14
2765.000000  3.124149e-14
2775.000000  4.327775e-14
2785.000000  2.669955e-14
2795.000000  3.101153e-14
2805.000000  3.137577e-14
2815.000000  4.575324e-14
2825.000000  4.421665e-14
2835.000000  3.714039e-14
2845.000000  2.322964e-14
2855.000000  9.201970e-15
2865.000000  3.988210e-14
2875.000000  4.962584e-14
2885.000000  8.805235e-14
2895.000000  1.048911e-13
2910.000000  1.221296e-13
2930.000000  1.297176e-13
2950.000000  1.330542e-13
2970.000000  1.370518e-13
2990.000000  1.586451e-13
3010.000000  1.685172e-13
3030.000000  2.089183e-13
3050.000000  2.550878e-13
3070.000000  3.283022e-13
3090.000000  3.900624e-13
3110.000000  5.094651e-13
3130.000000  5.469359e-13
3150.000000  8.390339e-13
3170.000000  1.139701e-12
3190.000000  9.072788e-13
3210.000000  1.162628e-12
3230.000000  1.037668e-12
3250.000000  1.520612e-12
3270.000000  2.235188e-12
3290.000000  2.871980e-12
3310.000000  2.441228e-12
3330.000000  2.764523e-12
3350.000000  2.761799e-12
3370.000000  2.095383e-12
3390.000000  2.455404e-12
3410.000000  3.066858e-12
3430.000000  3.579707e-12
3450.000000  3.293670e-12
3470.000000  3.746503e-12
3490.000000  4.638279e-12
3510.000000  5.900439e-12
3530.000000  4.817659e-12
3550.000000  7.067512e-12
3570.000000  3.352341e-12
3590.000000  2.952840e-12
3610.000000  4.900528e-12
3630.000000  8.147266e-12
3640.000000  8.969427e-12
3650.000000  9.734867e-12
3670.000000  1.348853e-11
3690.000000  1.133665e-11
3710.000000  1.004560e-11
3730.000000  4.133162e-12
3750.000000  5.138448e-12
3770.000000  1.029405e-11
3790.000000  1.176440e-11
3810.000000  9.546065e-12
3830.000000  4.296064e-12
3850.000000  6.816119e-12
3870.000000  6.914485e-12
3890.000000  1.007063e-11
3910.000000  1.184791e-11
3930.000000  3.944631e-12
3950.000000  7.652740e-12
3970.000000  4.905693e-12
3990.000000  1.991013e-11
4010.000000  3.102508e-11
4030.000000  2.752277e-11
4050.000000  2.712292e-11
4070.000000  2.512305e-11
4090.000000  3.634249e-11
4110.000000  3.010850e-11
4130.000000  2.783253e-11
4150.000000  2.673435e-11
4170.000000  2.667227e-11
4190.000000  3.029816e-11
4210.000000  2.970073e-11
4230.000000  2.074917e-11
4250.000000  3.811981e-11
4270.000000  3.680560e-11
4290.000000  3.555197e-11
4310.000000  3.740742e-11
4330.000000  5.535166e-11
4350.000000  5.954788e-11
4370.000000  6.325161e-11
4390.000000  5.327489e-11
4410.000000  5.584067e-11
4430.000000  5.931687e-11
4450.000000  6.244541e-11
4470.000000  6.856277e-11
4490.000000  7.379883e-11
4510.000000  9.125361e-11
4530.000000  7.156796e-11
4550.000000  7.811914e-11
4570.000000  9.063882e-11
4590.000000  8.806208e-11
4610.000000  9.245032e-11
4630.000000  8.967840e-11
4650.000000  9.101988e-11
4670.000000  9.928638e-11
4690.000000  9.832291e-11
4710.000000  9.516260e-11
4730.000000  9.902710e-11
4750.000000  1.055449e-10
4770.000000  9.659718e-11
4790.000000  9.958477e-11
4810.000000  1.029305e-10
4830.000000  1.112832e-10
4850.000000  1.083911e-10
4870.000000  1.050863e-10
4890.000000  1.170249e-10
4910.000000  1.191780e-10
4930.000000  1.166043e-10
4950.000000  1.212565e-10
4970.000000  1.054819e-10
4990.000000  9.888606e-11
5010.000000  8.736729e-11
5030.000000  9.912264e-11
5050.000000  9.913106e-11
5070.000000  1.045738e-10
5090.000000  9.446226e-11
5110.000000  1.024330e-10
5130.000000  9.604859e-11
5150.000000  9.464193e-11
5170.000000  8.005642e-11
5190.000000  8.437189e-11
5210.000000  9.341564e-11
5230.000000  1.248906e-10
5250.000000  1.283358e-10
5270.000000  1.161608e-10
5290.000000  1.410877e-10
5310.000000  1.598143e-10
5330.000000  1.327441e-10
5350.000000  1.518264e-10
5370.000000  1.538901e-10
5390.000000  1.440883e-10
5410.000000  1.470779e-10
5430.000000  1.484479e-10
5450.000000  1.517935e-10
5470.000000  1.425303e-10
5490.000000  1.437049e-10
5510.000000  1.396559e-10
5530.000000  1.553758e-10
5550.000000  1.627403e-10
5570.000000  1.610566e-10
5590.000000  1.545010e-10
5610.000000  1.553782e-10
5630.000000  1.513464e-10
5650.000000  1.583573e-10
5670.000000  1.546513e-10
5690.000000  1.683219e-10
5710.000000  1.561943e-10
5730.000000  1.810818e-10
5750.000000  1.728665e-10
5770.000000  1.766929e-10
5790.000000  1.631559e-10
5810.000000  1.814591e-10
5830.000000  1.930401e-10
5850.000000  1.798946e-10
5870.000000  1.762624e-10
5890.000000  1.201167e-10
5910.000000  1.645707e-10
5930.000000  1.703425e-10
5950.000000  1.711377e-10
5970.000000  1.802674e-10
5990.000000  1.755934e-10
6010.000000  1.729270e-10
6030.000000  1.872055e-10
6050.000000  1.947536e-10
6070.000000  1.964244e-10
6090.000000  1.865403e-10
6110.000000  1.888233e-10
6130.000000  1.735019e-10
6150.000000  1.844327e-10
6170.000000  1.602759e-10
6190.000000  1.732062e-10
6210.000000  1.679987e-10
6230.000000  1.553902e-10
6250.000000  1.519767e-10
6270.000000  1.663455e-10
6290.000000  1.774729e-10
6310.000000  1.712216e-10
6330.000000  1.795917e-10
6350.000000  1.778957e-10
6370.000000  1.764296e-10
6390.000000  1.875372e-10
6410.000000  1.865704e-10
6430.000000  1.848717e-10
6450.000000  1.872367e-10
6470.000000  1.915464e-10
6490.000000  1.809123e-10
6510.000000  1.898094e-10
6530.000000  1.949023e-10
6550.000000  1.910816e-10
6570.000000  1.928529e-10
6590.000000  1.961570e-10
6610.000000  1.960749e-10
6630.000000  1.938073e-10
6650.000000  1.896511e-10
6670.000000  1.829713e-10
6690.000000  1.820514e-10
6710.000000  1.745566e-10
6730.000000  1.775890e-10
6750.000000  1.735298e-10
6770.000000  1.828161e-10
6790.000000  1.746197e-10
6810.000000  1.805123e-10
6830.000000  1.868978e-10
6850.000000  1.834741e-10
6870.000000  1.880001e-10
6890.000000  1.954420e-10
6910.000000  1.976387e-10
6930.000000  1.921082e-10
6950.000000  1.912957e-10
6970.000000  1.994305e-10
6990.000000  1.946271e-10
7010.000000  1.930492e-10
7030.000000  2.007742e-10
7050.000000  2.006225e-10
7070.000000  1.791827e-10
7090.000000  1.709284e-10
7110.000000  1.679466e-10
7130.000000  1.542273e-10
7150.000000  1.567285e-10
7170.000000  1.663478e-10
7190.000000  1.682114e-10
7210.000000  1.712425e-10
7230.000000  1.843053e-10
7250.000000  1.865968e-10
7270.000000  1.890675e-10
7290.000000  1.875375e-10
7310.000000  1.933226e-10
7330.000000  1.946536e-10
7350.000000  1.953950e-10
7370.000000  2.056997e-10
7390.000000  2.024007e-10
7410.000000  2.028321e-10
7430.000000  2.055158e-10
7450.000000  2.062631e-10
7470.000000  2.059977e-10
7490.000000  2.050208e-10
7510.000000  2.114628e-10
7530.000000  2.144510e-10
7550.000000  2.154956e-10
7570.000000  2.139587e-10
7590.000000  2.083115e-10
7610.000000  2.076797e-10
7630.000000  2.080398e-10
7650.000000  2.089681e-10
7670.000000  1.951624e-10
7690.000000  2.046131e-10
7710.000000  1.977319e-10
7730.000000  2.001356e-10
7750.000000  1.981122e-10
7770.000000  2.042138e-10
7790.000000  2.046625e-10
7810.000000  2.070840e-10
7830.000000  2.030831e-10
7850.000000  2.000102e-10
7870.000000  2.041810e-10
7890.000000  1.949333e-10
7910.000000  1.888992e-10
7930.000000  1.921577e-10
7950.000000  1.860411e-10
7970.000000  1.991140e-10
7990.000000  1.976519e-10
8010.000000  1.995857e-10
8030.000000  2.009229e-10
8050.000000  1.990213e-10
8070.000000  1.940992e-10
8090.000000  1.901070e-10
8110.000000  1.885806e-10
8130.000000  1.943529e-10
8150.000000  1.952573e-10
8170.000000  1.972304e-10
8190.000000  1.920602e-10
8210.000000  1.890171e-10
8230.000000  1.965920e-10
8250.000000  1.959161e-10
8270.000000  1.998766e-10
8290.000000  1.957476e-10
8310.000000  1.845750e-10
8330.000000  1.885777e-10
8350.000000  1.870623e-10
8370.000000  1.901911e-10
8390.000000  1.823655e-10
8410.000000  1.926887e-10
8430.000000  1.854995e-10
8450.000000  1.891088e-10
8470.000000  1.899366e-10
8490.000000  1.873407e-10
8510.000000  1.775102e-10
8530.000000  1.832863e-10
8550.000000  1.486170e-10
8570.000000  1.932922e-10
8590.000000  1.920986e-10
8610.000000  1.933896e-10
8630.000000  1.955145e-10
8650.000000  1.939541e-10
8670.000000  1.567215e-10
8690.000000  1.862361e-10
8710.000000  1.954353e-10
8730.000000  1.964349e-10
8750.000000  1.966263e-10
8770.000000  1.975303e-10
8790.000000  1.973408e-10
8810.000000  1.903034e-10
8830.000000  1.946999e-10
8850.000000  1.989493e-10
8870.000000  1.888334e-10
8890.000000  1.925207e-10
8910.000000  1.961530e-10
8930.000000  1.894035e-10
8950.000000  1.887420e-10
8970.000000  1.900397e-10
8990.000000  1.925292e-10
9010.000000  1.848479e-10
9030.000000  1.900749e-10
9050.000000  1.969488e-10
9070.000000  1.976604e-10
9090.000000  1.879458e-10
9110.000000  1.862690e-10
9130.000000  1.940331e-10
9150.000000  1.788640e-10
9170.000000  1.740002e-10
9190.000000  1.783451e-10
9210.000000  1.726735e-10
9230.000000  1.777566e-10
9250.000000  1.748932e-10
9270.000000  1.784195e-10
9290.000000  1.754542e-10
9310.000000  1.828020e-10
9330.000000  1.830230e-10
9350.000000  1.801665e-10
9370.000000  1.777716e-10
9390.000000  1.748638e-10
9410.000000  1.703233e-10
9430.000000  1.738215e-10
9450.000000  1.682416e-10
9470.000000  1.759221e-10
9490.000000  1.750285e-10
9510.000000  1.786410e-10
9530.000000  1.777271e-10
9550.000000  1.746580e-10
9570.000000  1.756602e-10
9590.000000  1.803169e-10
9610.000000  1.766928e-10
9630.000000  1.772857e-10
9650.000000  1.704309e-10
9670.000000  1.691057e-10
9690.000000  1.748420e-10
9710.000000  1.730870e-10
9730.000000  1.725991e-10
9750.000000  1.719615e-10
9770.000000  1.731868e-10
9790.000000  1.685778e-10
9810.000000  1.766304e-10
9830.000000  1.736666e-10
9850.000000  1.777716e-10
9870.000000  1.777342e-10
9890.000000  1.787335e-10
9910.000000  1.757076e-10
9930.000000  1.776823e-10
9950.000000  1.758952e-10
9970.000000  1.782537e-10
9990.000000  1.787396e-10
10025.000000  1.759319e-10
10075.000000  1.743648e-10
10125.000000  1.769312e-10
10175.000000  1.743893e-10
10225.000000  1.758955e-10
10275.000000  1.769018e-10
10325.000000  1.735285e-10
10375.000000  1.726993e-10
10425.000000  1.739347e-10
10475.000000  1.728708e-10
10525.000000  1.733713e-10
10575.000000  1.708865e-10
10625.000000  1.711237e-10
10675.000000  1.671443e-10
10725.000000  1.674490e-10
10775.000000  1.663520e-10
10825.000000  1.631120e-10
10875.000000  1.607407e-10
10925.000000  1.583240e-10
10975.000000  1.469622e-10
11025.000000  1.465116e-10
11075.000000  1.492851e-10
11125.000000  1.495996e-10
11175.000000  1.519888e-10
11225.000000  1.515720e-10
11275.000000  1.487849e-10
11325.000000  1.504555e-10
11375.000000  1.469299e-10
11425.000000  1.489055e-10
11475.000000  1.516176e-10
11525.000000  1.517069e-10
11575.000000  1.500938e-10
11625.000000  1.482149e-10
11675.000000  1.485258e-10
11725.000000  1.515607e-10
11775.000000  1.483951e-10
11825.000000  1.480568e-10
11875.000000  1.460086e-10
11925.000000  1.495436e-10
11975.000000  1.423595e-10
12025.000000  1.462184e-10
12075.000000  1.447575e-10
12125.000000  1.456752e-10
12175.000000  1.464918e-10
12225.000000  1.459973e-10
12275.000000  1.451451e-10
12325.000000  1.434486e-10
12375.000000  1.435852e-10
12425.000000  1.421512e-10
12475.000000  1.429952e-10
12525.000000  1.414271e-10
12575.000000  1.417497e-10
12625.000000  1.415956e-10
12675.000000  1.394097e-10
12725.000000  1.399720e-10
12775.000000  1.409831e-10
12825.000000  1.350149e-10
12875.000000  1.379190e-10
12925.000000  1.352515e-10
12975.000000  1.383918e-10
13025.000000  1.358841e-10
13075.000000  1.376724e-10
13125.000000  1.342340e-10
13175.000000  1.346993e-10
13225.000000  1.352511e-10
13275.000000  1.325802e-10
13325.000000  1.346573e-10
13375.000000  1.336200e-10
13425.000000  1.346677e-10
13475.000000  1.340694e-10
13525.000000  1.339369e-10
13575.000000  1.315381e-10
13625.000000  1.308792e-10
13675.000000  1.318929e-10
13725.000000  1.327822e-10
13775.000000  1.317918e-10
13825.000000  1.324655e-10
13875.000000  1.306242e-10
13925.000000  1.283212e-10
13975.000000  1.282695e-10
14025.000000  1.269582e-10
14075.000000  1.237838e-10
14125.000000  1.185684e-10
14175.000000  1.189852e-10
14225.000000  1.192063e-10
14275.000000  1.167399e-10
14325.000000  1.201004e-10
14375.000000  1.210643e-10
14425.000000  1.170329e-10
14475.000000  1.221191e-10
14525.000000  1.172761e-10
14570.000000  1.171879e-10
14620.000000  1.139356e-10
14675.000000  1.135173e-10
14725.000000  1.128671e-10
14775.000000  1.144454e-10
14825.000000  1.153051e-10
14875.000000  1.152341e-10
14925.000000  1.182081e-10
14975.000000  1.177367e-10
15025.000000  1.144729e-10
15075.000000  1.135754e-10
15125.000000  1.133766e-10
15175.000000  1.152562e-10
15225.000000  1.153380e-10
15275.000000  1.150117e-10
15325.000000  1.162718e-10
15375.000000  1.170249e-10
15425.000000  1.155175e-10
15475.000000  1.170923e-10
15525.000000  1.141950e-10
15575.000000  1.108300e-10
15625.000000  1.146542e-10
15675.000000  1.130925e-10
15725.000000  1.151584e-10
15775.000000  1.061003e-10
15825.000000  1.096556e-10
15875.000000  1.076312e-10
15925.000000  1.100868e-10
15975.000000  1.096984e-10
16050.000000  1.089134e-10
16150.000000  1.098070e-10
16250.000000  1.079553e-10
16350.000000  1.107798e-10
16450.000000  1.040064e-10
16550.000000  1.081713e-10
16650.000000  1.024330e-10
16750.000000  1.041928e-10
16850.000000  9.965825e-11
16950.000000  1.022866e-10
17050.000000  9.819174e-11
17150.000000  9.820402e-11
17250.000000  9.584376e-11
17350.000000  9.265684e-11
17450.000000  9.354478e-11
17550.000000  9.079682e-11
17650.000000  9.054136e-11
17750.000000  8.776372e-11
17850.000000  8.739055e-11
17950.000000  8.625444e-11
18050.000000  8.305152e-11
18150.000000  8.314113e-11
18250.000000  8.080483e-11
18350.000000  7.922395e-11
18450.000000  7.745567e-11
18550.000000  7.695176e-11
18650.000000  7.452846e-11
18750.000000  7.359906e-11
18850.000000  7.262992e-11
18950.000000  6.915073e-11
19050.000000  7.110092e-11
19150.000000  6.922084e-11
19250.000000  6.888824e-11
19350.000000  6.612264e-11
19450.000000  6.502612e-11
19550.000000  6.504588e-11
19650.000000  6.291768e-11
19750.000000  6.040881e-11
19850.000000  6.020300e-11
19950.000000  5.918293e-11
20050.000000  5.939585e-11
20150.000000  5.857151e-11
20250.000000  5.629829e-11
20350.000000  5.582122e-11
20450.000000  5.560041e-11
20550.000000  5.377855e-11
20650.000000  5.288326e-11
20750.000000  5.207950e-11
20850.000000  5.122620e-11
20950.000000  5.006109e-11
21050.000000  5.005693e-11
21150.000000  4.920769e-11
21250.000000  4.815498e-11
21350.000000  4.791900e-11
21450.000000  4.683992e-11
21550.000000  4.610862e-11
21650.000000  4.528984e-11
21750.000000  4.413553e-11
21850.000000  4.386809e-11
21950.000000  4.343298e-11
22050.000000  4.188239e-11
22150.000000  4.253263e-11
22250.000000  4.082423e-11
22350.000000  4.042345e-11
22450.000000  3.982400e-11
22550.000000  3.948236e-11
22650.000000  3.831777e-11
22750.000000  3.861286e-11
22850.000000  3.749247e-11
22950.000000  3.143221e-11
23050.000000  3.404722e-11
23150.000000  3.367671e-11
23250.000000  2.867322e-11
23350.000000  3.094291e-11
23450.000000  3.001431e-11
23550.000000  2.561348e-11
23650.000000  2.865958e-11
23750.000000  2.750509e-11
23850.000000  2.414319e-11
23950.000000  2.652172e-11
24050.000000  2.617129e-11
24150.000000  2.336174e-11
24250.000000  2.510286e-11
24350.000000  2.497545e-11
24450.000000  2.313758e-11
24550.000000  2.327177e-11
24650.000000  2.426444e-11
24750.000000  2.317873e-11
24850.000000  2.178538e-11
24950.000000  2.277546e-11
