2505.000000  2.233968e-11
2513.000000  1.878105e-11
2518.000000  1.940376e-11
2525.000000  1.744153e-11
2535.000000  1.671351e-11
2545.000000  1.655926e-11
2555.000000  1.857362e-11
2565.000000  1.818409e-11
2575.000000  2.027167e-11
2585.000000  2.021584e-11
2595.000000  1.939140e-11
2605.000000  1.823220e-11
2615.000000  1.750369e-11
2625.000000  2.032093e-11
2635.000000  2.089569e-11
2645.000000  2.506843e-11
2655.000000  2.507936e-11
2665.000000  2.178085e-11
2675.000000  2.331654e-11
2685.000000  2.311472e-11
2695.000000  2.171036e-11
2705.000000  2.255759e-11
2715.000000  2.079166e-11
2725.000000  2.116342e-11
2735.000000  2.317782e-11
2745.000000  1.768050e-11
2755.000000  1.888315e-11
2765.000000  1.994096e-11
2775.000000  2.251286e-11
2785.000000  2.114499e-11
2795.000000  1.229748e-11
2805.000000  1.482909e-11
2815.000000  2.324534e-11
2825.000000  2.444704e-11
2835.000000  2.328365e-11
2845.000000  2.227468e-11
2855.000000  2.094459e-11
2865.000000  2.335542e-11
2875.000000  2.262216e-11
2885.000000  2.314334e-11
2895.000000  2.190775e-11
2910.000000  2.519206e-11
2930.000000  2.405759e-11
2950.000000  2.388649e-11
2970.000000  2.470928e-11
2990.000000  2.492828e-11
3010.000000  2.537535e-11
3030.000000  2.512286e-11
3050.000000  2.499915e-11
3070.000000  2.503617e-11
3090.000000  2.552789e-11
3110.000000  2.476696e-11
3130.000000  2.466754e-11
3150.000000  2.540871e-11
3170.000000  2.530929e-11
3190.000000  2.397778e-11
3210.000000  2.471070e-11
3230.000000  2.391544e-11
3250.000000  2.461825e-11
3270.000000  2.490787e-11
3290.000000  2.519217e-11
3310.000000  2.548340e-11
3330.000000  2.490149e-11
3350.000000  2.455760e-11
3370.000000  2.442707e-11
3390.000000  2.446523e-11
3410.000000  2.487040e-11
3430.000000  2.500152e-11
3450.000000  2.479820e-11
3470.000000  2.447179e-11
3490.000000  2.437034e-11
3510.000000  2.486295e-11
3530.000000  2.488703e-11
3550.000000  2.519053e-11
3570.000000  2.439126e-11
3590.000000  2.428786e-11
3610.000000  2.432712e-11
3630.000000  2.448004e-11
3640.000000  2.419141e-11
3650.000000  2.490480e-11
3670.000000  2.467632e-11
3690.000000  2.374749e-11
3710.000000  2.629321e-11
3730.000000  2.873229e-11
3750.000000  3.819461e-11
3770.000000  4.126799e-11
3790.000000  5.191955e-11
3810.000000  6.121675e-11
3830.000000  4.755408e-11
3850.000000  6.763549e-11
3870.000000  7.652092e-11
3890.000000  4.225649e-11
3910.000000  7.567597e-11
3930.000000  7.095135e-11
3950.000000  7.541856e-11
3970.000000  3.936956e-11
3990.000000  7.339980e-11
4010.000000  8.145324e-11
4030.000000  8.099033e-11
4050.000000  8.004219e-11
4070.000000  7.623577e-11
4090.000000  5.995242e-11
4110.000000  4.504298e-11
4130.000000  7.229162e-11
4150.000000  7.579268e-11
4170.000000  7.500770e-11
4190.000000  7.411915e-11
4210.000000  7.368421e-11
4230.000000  7.186106e-11
4250.000000  7.145489e-11
4270.000000  6.925917e-11
4290.000000  6.913186e-11
4310.000000  6.397917e-11
4330.000000  4.912115e-11
4350.000000  4.156237e-11
4370.000000  6.360005e-11
4390.000000  6.484657e-11
4410.000000  6.396699e-11
4430.000000  6.369947e-11
4450.000000  6.392686e-11
4470.000000  6.322498e-11
4490.000000  6.227805e-11
4510.000000  6.271573e-11
4530.000000  6.097578e-11
4550.000000  5.958641e-11
4570.000000  6.060235e-11
4590.000000  5.891695e-11
4610.000000  5.961748e-11
4630.000000  5.790003e-11
4650.000000  5.812589e-11
4670.000000  5.749398e-11
4690.000000  5.581357e-11
4710.000000  5.395417e-11
4730.000000  5.543736e-11
4750.000000  5.504028e-11
4770.000000  5.412954e-11
4790.000000  5.340177e-11
4810.000000  5.220541e-11
4830.000000  4.981753e-11
4850.000000  3.884718e-11
4870.000000  3.095530e-11
4890.000000  4.682077e-11
4910.000000  4.905806e-11
4930.000000  4.844462e-11
4950.000000  4.875173e-11
4970.000000  4.875628e-11
4990.000000  4.759468e-11
5010.000000  4.625022e-11
5030.000000  4.669069e-11
5050.000000  4.591536e-11
5070.000000  4.605891e-11
5090.000000  4.549201e-11
5110.000000  4.510989e-11
5130.000000  4.433614e-11
5150.000000  4.358704e-11
5170.000000  4.248513e-11
5190.000000  4.211725e-11
5210.000000  4.215523e-11
5230.000000  4.141178e-11
5250.000000  4.180275e-11
5270.000000  4.008789e-11
5290.000000  4.081862e-11
5310.000000  4.004832e-11
5330.000000  3.923416e-11
5350.000000  3.969840e-11
5370.000000  3.907551e-11
5390.000000  3.868825e-11
5410.000000  3.800267e-11
5430.000000  3.783648e-11
5450.000000  3.771410e-11
5470.000000  3.731547e-11
5490.000000  3.705508e-11
5510.000000  3.667517e-11
5530.000000  3.616755e-11
5550.000000  3.604554e-11
5570.000000  3.555650e-11
5590.000000  3.516248e-11
5610.000000  3.492856e-11
5630.000000  3.469830e-11
5650.000000  3.428023e-11
5670.000000  3.387065e-11
5690.000000  3.366323e-11
5710.000000  3.334062e-11
5730.000000  3.315578e-11
5750.000000  3.273601e-11
5770.000000  3.246076e-11
5790.000000  3.211888e-11
5810.000000  3.183888e-11
5830.000000  3.155434e-11
5850.000000  3.123062e-11
5870.000000  3.093831e-11
5890.000000  3.031028e-11
5910.000000  3.035923e-11
5930.000000  3.007677e-11
5950.000000  2.976109e-11
5970.000000  2.951681e-11
5990.000000  2.916838e-11
6010.000000  2.884695e-11
6030.000000  2.865914e-11
6050.000000  2.840047e-11
6070.000000  2.818840e-11
6090.000000  2.789793e-11
6110.000000  2.760470e-11
6130.000000  2.724869e-11
6150.000000  2.676232e-11
6170.000000  2.671756e-11
6190.000000  2.665222e-11
6210.000000  2.641948e-11
6230.000000  2.611691e-11
6250.000000  2.560068e-11
6270.000000  2.572333e-11
6290.000000  2.549474e-11
6310.000000  2.515708e-11
6330.000000  2.498961e-11
6350.000000  2.460576e-11
6370.000000  2.443355e-11
6390.000000  2.432630e-11
6410.000000  2.400856e-11
6430.000000  2.386250e-11
6450.000000  2.342778e-11
6470.000000  2.339062e-11
6490.000000  2.300191e-11
6510.000000  2.275590e-11
6530.000000  2.211064e-11
6550.000000  1.926501e-11
6570.000000  1.530588e-11
6590.000000  2.089646e-11
6610.000000  2.170291e-11
6630.000000  2.175963e-11
6650.000000  2.164769e-11
6670.000000  2.147703e-11
6690.000000  2.135202e-11
6710.000000  2.118034e-11
6730.000000  2.098954e-11
6750.000000  2.078409e-11
6770.000000  2.067076e-11
6790.000000  2.048760e-11
6810.000000  2.031894e-11
6830.000000  2.011882e-11
6850.000000  1.996111e-11
6870.000000  1.981454e-11
6890.000000  1.965314e-11
6910.000000  1.948558e-11
6930.000000  1.931383e-11
6950.000000  1.916112e-11
6970.000000  1.899475e-11
6990.000000  1.884953e-11
7010.000000  1.862199e-11
7030.000000  1.850960e-11
7050.000000  1.837657e-11
7070.000000  1.823653e-11
7090.000000  1.808864e-11
7110.000000  1.771114e-11
7130.000000  1.773631e-11
7150.000000  1.760898e-11
7170.000000  1.747781e-11
7190.000000  1.731903e-11
7210.000000  1.719356e-11
7230.000000  1.705020e-11
7250.000000  1.689901e-11
7270.000000  1.680439e-11
7290.000000  1.663037e-11
7310.000000  1.650465e-11
7330.000000  1.638322e-11
7350.000000  1.627752e-11
7370.000000  1.615951e-11
7390.000000  1.600252e-11
7410.000000  1.584232e-11
7430.000000  1.568965e-11
7450.000000  1.559491e-11
7470.000000  1.541207e-11
7490.000000  1.533065e-11
7510.000000  1.524795e-11
7530.000000  1.515006e-11
7550.000000  1.505863e-11
7570.000000  1.492634e-11
7590.000000  1.482057e-11
7610.000000  1.470622e-11
7630.000000  1.459190e-11
7650.000000  1.446295e-11
7670.000000  1.432584e-11
7690.000000  1.423641e-11
7710.000000  1.411361e-11
7730.000000  1.403920e-11
7750.000000  1.392106e-11
7770.000000  1.355944e-11
7790.000000  1.372956e-11
7810.000000  1.361896e-11
7830.000000  1.348898e-11
7850.000000  1.336039e-11
7870.000000  1.325172e-11
7890.000000  1.313477e-11
7910.000000  1.306347e-11
7930.000000  1.297018e-11
7950.000000  1.284243e-11
7970.000000  1.282624e-11
7990.000000  1.262910e-11
8010.000000  1.262097e-11
8030.000000  1.251475e-11
8050.000000  1.243654e-11
8070.000000  1.234037e-11
8090.000000  1.224847e-11
8110.000000  1.217347e-11
8130.000000  1.209221e-11
8150.000000  1.200055e-11
8170.000000  1.191290e-11
8190.000000  1.171797e-11
8210.000000  1.167596e-11
8230.000000  1.159003e-11
8250.000000  1.151732e-11
8270.000000  1.153467e-11
8290.000000  1.144794e-11
8310.000000  1.136322e-11
8330.000000  1.119536e-11
8350.000000  1.119877e-11
8370.000000  1.109777e-11
8390.000000  1.097670e-11
8410.000000  1.087566e-11
8430.000000  1.082093e-11
8450.000000  1.062719e-11
8470.000000  1.038623e-11
8490.000000  1.076407e-11
8510.000000  9.950922e-12
8530.000000  1.078286e-11
8550.000000  9.294024e-12
8570.000000  1.090677e-11
8590.000000  1.002909e-11
8610.000000  9.715380e-12
8630.000000  1.100529e-11
8650.000000  1.055308e-11
8670.000000  8.496488e-12
8690.000000  1.068180e-11
8710.000000  1.114777e-11
8730.000000  1.069729e-11
8750.000000  8.318102e-12
8770.000000  1.018177e-11
8790.000000  1.103850e-11
8810.000000  1.106891e-11
8830.000000  1.073531e-11
8850.000000  9.608243e-12
8870.000000  8.044971e-12
8890.000000  1.027026e-11
8910.000000  1.068217e-11
8930.000000  1.071710e-11
8950.000000  1.073646e-11
8970.000000  1.053827e-11
8990.000000  1.003780e-11
9010.000000  7.920992e-12
9030.000000  8.757215e-12
9050.000000  1.001330e-11
9070.000000  1.004427e-11
9090.000000  9.965872e-12
9110.000000  1.013378e-11
9130.000000  1.013396e-11
9150.000000  1.007811e-11
9170.000000  9.934931e-12
9190.000000  9.671782e-12
9210.000000  8.963642e-12
9230.000000  6.939840e-12
9250.000000  8.611386e-12
9270.000000  9.198762e-12
9290.000000  9.531948e-12
9310.000000  9.539978e-12
9330.000000  9.486971e-12
9350.000000  9.448137e-12
9370.000000  9.396514e-12
9390.000000  9.285090e-12
9410.000000  9.043217e-12
9430.000000  9.140618e-12
9450.000000  9.090510e-12
9470.000000  9.019112e-12
9490.000000  8.901556e-12
9510.000000  8.653996e-12
9530.000000  7.926818e-12
9550.000000  6.320400e-12
9570.000000  7.981377e-12
9590.000000  8.467187e-12
9610.000000  8.503701e-12
9630.000000  8.426475e-12
9650.000000  8.496037e-12
9670.000000  8.379802e-12
9690.000000  8.370836e-12
9710.000000  8.385103e-12
9730.000000  8.322438e-12
9750.000000  8.243082e-12
9770.000000  8.220086e-12
9790.000000  8.163839e-12
9810.000000  8.107036e-12
9830.000000  8.044256e-12
9850.000000  7.964554e-12
9870.000000  7.917105e-12
9890.000000  7.827325e-12
9910.000000  7.802887e-12
9930.000000  7.748612e-12
9950.000000  7.694793e-12
9970.000000  7.639378e-12
9990.000000  7.542308e-12
10025.000000  6.853992e-12
10075.000000  6.495216e-12
10125.000000  7.187301e-12
10175.000000  7.165724e-12
10225.000000  7.080382e-12
10275.000000  6.973031e-12
10325.000000  6.848436e-12
10375.000000  6.747060e-12
10425.000000  6.642085e-12
10475.000000  6.485908e-12
10525.000000  6.410324e-12
10575.000000  6.320533e-12
10625.000000  6.224526e-12
10675.000000  6.035994e-12
10725.000000  6.001403e-12
10775.000000  5.921495e-12
10825.000000  5.816567e-12
10875.000000  5.666871e-12
10925.000000  4.800824e-12
10975.000000  5.237290e-12
11025.000000  5.475338e-12
11075.000000  5.432277e-12
11125.000000  5.353342e-12
11175.000000  5.277764e-12
11225.000000  5.205542e-12
11275.000000  5.060544e-12
11325.000000  4.990413e-12
11375.000000  4.961546e-12
11425.000000  4.874753e-12
11475.000000  4.835843e-12
11525.000000  4.768699e-12
11575.000000  4.696445e-12
11625.000000  4.591291e-12
11675.000000  4.502501e-12
11725.000000  4.500418e-12
11775.000000  4.369443e-12
11825.000000  4.340901e-12
11875.000000  4.262651e-12
11925.000000  4.254932e-12
11975.000000  4.163786e-12
12025.000000  4.124960e-12
12075.000000  4.058642e-12
12125.000000  4.006124e-12
12175.000000  3.961541e-12
12225.000000  3.902952e-12
12275.000000  3.843685e-12
12325.000000  3.794078e-12
12375.000000  3.746811e-12
12425.000000  3.701905e-12
12475.000000  3.643680e-12
12525.000000  3.595894e-12
12575.000000  3.529346e-12
12625.000000  3.491394e-12
12675.000000  3.450521e-12
12725.000000  3.391282e-12
12775.000000  3.254423e-12
12825.000000  2.788872e-12
12875.000000  3.195675e-12
12925.000000  3.216783e-12
12975.000000  3.187375e-12
13025.000000  3.151807e-12
13075.000000  3.112418e-12
13125.000000  3.069578e-12
13175.000000  3.021769e-12
13225.000000  2.992621e-12
13275.000000  2.953876e-12
13325.000000  2.916733e-12
13375.000000  2.879275e-12
13425.000000  2.841907e-12
13475.000000  2.805861e-12
13525.000000  2.764715e-12
13575.000000  2.729805e-12
13625.000000  2.700023e-12
13675.000000  2.663889e-12
13725.000000  2.614849e-12
13775.000000  2.595638e-12
13825.000000  2.564692e-12
13875.000000  2.537826e-12
13925.000000  2.499610e-12
13975.000000  2.472578e-12
14025.000000  2.442980e-12
14075.000000  2.414622e-12
14125.000000  2.382852e-12
14175.000000  2.354986e-12
14225.000000  2.324821e-12
14275.000000  2.296033e-12
14325.000000  2.269895e-12
14375.000000  2.244130e-12
14425.000000  2.185574e-12
14475.000000  2.188939e-12
14525.000000  2.147462e-12
14570.000000  2.138966e-12
14620.000000  2.109637e-12
14675.000000  2.088420e-12
14725.000000  2.061949e-12
14775.000000  2.031537e-12
14825.000000  2.012968e-12
14875.000000  1.983042e-12
14925.000000  1.973600e-12
14975.000000  1.947243e-12
15025.000000  1.918505e-12
15075.000000  1.896760e-12
15125.000000  1.879866e-12
15175.000000  1.857503e-12
15225.000000  1.838667e-12
15275.000000  1.808455e-12
15325.000000  1.785747e-12
15375.000000  1.776229e-12
15425.000000  1.726578e-12
15475.000000  1.735250e-12
15525.000000  1.718854e-12
15575.000000  1.647738e-12
15625.000000  1.705383e-12
15675.000000  1.641098e-12
15725.000000  1.579612e-12
15775.000000  1.652135e-12
15825.000000  1.635666e-12
15875.000000  1.468696e-12
15925.000000  1.575675e-12
15975.000000  1.602209e-12
16050.000000  1.548192e-12
16150.000000  1.446269e-12
16250.000000  1.526673e-12
16350.000000  1.448096e-12
16450.000000  1.348670e-12
16550.000000  1.433477e-12
16650.000000  1.404592e-12
16750.000000  1.324802e-12
16850.000000  1.233282e-12
16950.000000  1.314822e-12
17050.000000  1.288840e-12
17150.000000  1.263576e-12
17250.000000  1.224083e-12
17350.000000  1.083607e-12
17450.000000  1.158885e-12
17550.000000  1.155570e-12
17650.000000  1.133048e-12
17750.000000  1.112707e-12
17850.000000  1.088937e-12
17950.000000  1.069193e-12
18050.000000  1.038263e-12
18150.000000  9.304202e-13
18250.000000  9.758794e-13
18350.000000  9.821233e-13
18450.000000  9.650394e-13
18550.000000  9.433058e-13
18650.000000  9.188575e-13
18750.000000  8.183969e-13
18850.000000  8.788071e-13
18950.000000  8.695122e-13
19050.000000  8.585130e-13
19150.000000  8.417977e-13
19250.000000  8.242295e-13
19350.000000  8.004356e-13
19450.000000  7.152338e-13
19550.000000  7.705474e-13
19650.000000  7.640574e-13
19750.000000  7.495356e-13
19850.000000  7.368234e-13
19950.000000  7.232134e-13
20050.000000  7.100842e-13
20150.000000  6.971920e-13
20250.000000  6.841344e-13
20350.000000  6.713849e-13
20450.000000  6.598733e-13
20550.000000  6.479352e-13
20650.000000  6.356178e-13
20750.000000  6.245543e-13
20850.000000  6.136607e-13
20950.000000  6.026430e-13
21050.000000  5.918999e-13
21150.000000  5.805070e-13
21250.000000  5.703972e-13
21350.000000  5.606510e-13
21450.000000  5.512125e-13
21550.000000  5.373727e-13
21650.000000  4.833328e-13
21750.000000  5.154445e-13
21850.000000  5.138165e-13
21950.000000  5.065945e-13
22050.000000  4.974049e-13
22150.000000  4.885915e-13
22250.000000  4.814920e-13
22350.000000  4.734616e-13
22450.000000  4.656013e-13
22550.000000  4.570742e-13
22650.000000  4.502172e-13
22750.000000  4.428604e-13
22850.000000  4.357538e-13
22950.000000  4.285358e-13
23050.000000  4.220254e-13
23150.000000  4.151999e-13
23250.000000  4.087617e-13
23350.000000  4.022304e-13
23450.000000  3.959332e-13
23550.000000  3.897082e-13
23650.000000  3.836028e-13
23750.000000  3.774792e-13
23850.000000  3.715432e-13
23950.000000  3.657631e-13
24050.000000  3.598639e-13
24150.000000  3.541104e-13
24250.000000  3.490961e-13
24350.000000  3.431857e-13
24450.000000  3.375770e-13
24550.000000  3.331335e-13
24650.000000  3.272520e-13
24750.000000  3.223090e-13
24850.000000  3.188964e-13
24950.000000  3.091733e-13
