2505.000000  8.556522e-13
2513.000000  4.355719e-13
2518.000000  2.997797e-13
2525.000000  3.002322e-13
2535.000000  4.943461e-13
2545.000000  6.842370e-13
2555.000000  2.062436e-12
2565.000000  1.406124e-12
2575.000000  2.069898e-12
2585.000000  1.669166e-12
2595.000000  1.410996e-12
2605.000000  1.087369e-12
2615.000000  9.921853e-13
2625.000000  1.463916e-12
2635.000000  3.700448e-12
2645.000000  5.431505e-12
2655.000000  8.480608e-12
2665.000000  4.555606e-12
2675.000000  5.203618e-12
2685.000000  6.514224e-12
2695.000000  4.389084e-12
2705.000000  5.932115e-12
2715.000000  3.744263e-12
2725.000000  2.339704e-12
2735.000000  3.322317e-12
2745.000000  1.614543e-12
2755.000000  2.478565e-12
2765.000000  3.620586e-12
2775.000000  3.753228e-12
2785.000000  1.894432e-12
2795.000000  6.768776e-13
2805.000000  8.780351e-13
2815.000000  3.041376e-12
2825.000000  5.275359e-12
2835.000000  4.808218e-12
2845.000000  2.590205e-12
2855.000000  1.097590e-12
2865.000000  4.101422e-12
2875.000000  7.256309e-12
2885.000000  6.636757e-12
2895.000000  8.692247e-12
2910.000000  1.217772e-11
2930.000000  1.095628e-11
2950.000000  1.023771e-11
2970.000000  1.090567e-11
2990.000000  1.101115e-11
3010.000000  1.070392e-11
3030.000000  1.216299e-11
3050.000000  1.267989e-11
3070.000000  1.349363e-11
3090.000000  1.304447e-11
3110.000000  1.515971e-11
3130.000000  1.357428e-11
3150.000000  1.349119e-11
3170.000000  1.510862e-11
3190.000000  1.316241e-11
3210.000000  1.461158e-11
3230.000000  1.165998e-11
3250.000000  1.741705e-11
3270.000000  2.089958e-11
3290.000000  2.016598e-11
3310.000000  1.857650e-11
3330.000000  1.913283e-11
3350.000000  1.818088e-11
3370.000000  1.347200e-11
3390.000000  1.575802e-11
3410.000000  1.660140e-11
3430.000000  1.772258e-11
3450.000000  1.903962e-11
3470.000000  1.963122e-11
3490.000000  2.175017e-11
3510.000000  2.291138e-11
3530.000000  2.063559e-11
3550.000000  2.386309e-11
3570.000000  1.622444e-11
3590.000000  1.719634e-11
3610.000000  2.126880e-11
3630.000000  2.187225e-11
3640.000000  2.212200e-11
3650.000000  2.552497e-11
3670.000000  2.626866e-11
3690.000000  2.505743e-11
3710.000000  2.727187e-11
3730.000000  1.948227e-11
3750.000000  2.214011e-11
3770.000000  2.651752e-11
3790.000000  2.648074e-11
3810.000000  2.495003e-11
3830.000000  1.511606e-11
3850.000000  1.788455e-11
3870.000000  1.774888e-11
3890.000000  2.490814e-11
3910.000000  2.993041e-11
3930.000000  1.438329e-11
3950.000000  2.581591e-11
3970.000000  1.733461e-11
3990.000000  3.712577e-11
4010.000000  4.018105e-11
4030.000000  3.953272e-11
4050.000000  3.806773e-11
4070.000000  3.678389e-11
4090.000000  4.312102e-11
4110.000000  4.233068e-11
4130.000000  4.056171e-11
4150.000000  3.984389e-11
4170.000000  4.005441e-11
4190.000000  3.854510e-11
4210.000000  4.031137e-11
4230.000000  4.000532e-11
4250.000000  4.023329e-11
4270.000000  3.741300e-11
4290.000000  3.366604e-11
4310.000000  2.769388e-11
4330.000000  4.212327e-11
4350.000000  4.018509e-11
4370.000000  4.400559e-11
4390.000000  3.975199e-11
4410.000000  4.350948e-11
4430.000000  4.677033e-11
4450.000000  4.668972e-11
4470.000000  4.967952e-11
4490.000000  5.039396e-11
4510.000000  5.617769e-11
4530.000000  5.035133e-11
4550.000000  5.200600e-11
4570.000000  5.567163e-11
4590.000000  5.255559e-11
4610.000000  5.414331e-11
4630.000000  5.305316e-11
4650.000000  5.375178e-11
4670.000000  5.522295e-11
4690.000000  5.410186e-11
4710.000000  5.238410e-11
4730.000000  5.478970e-11
4750.000000  5.634606e-11
4770.000000  5.652580e-11
4790.000000  5.631161e-11
4810.000000  5.542635e-11
4830.000000  5.667738e-11
4850.000000  5.327402e-11
4870.000000  4.838604e-11
4890.000000  5.411469e-11
4910.000000  5.386495e-11
4930.000000  5.300796e-11
4950.000000  5.568265e-11
4970.000000  5.547108e-11
4990.000000  5.155252e-11
5010.000000  4.924912e-11
5030.000000  5.217683e-11
5050.000000  5.242831e-11
5070.000000  5.465335e-11
5090.000000  5.201847e-11
5110.000000  5.302386e-11
5130.000000  5.145611e-11
5150.000000  4.969073e-11
5170.000000  4.580103e-11
5190.000000  4.683548e-11
5210.000000  5.076997e-11
5230.000000  5.166566e-11
5250.000000  5.313617e-11
5270.000000  4.726773e-11
5290.000000  5.306919e-11
5310.000000  5.521679e-11
5330.000000  4.966946e-11
5350.000000  5.365407e-11
5370.000000  5.378541e-11
5390.000000  5.272160e-11
5410.000000  5.113381e-11
5430.000000  5.230050e-11
5450.000000  5.431277e-11
5470.000000  5.279325e-11
5490.000000  5.224974e-11
5510.000000  5.218284e-11
5530.000000  5.296160e-11
5550.000000  5.370179e-11
5570.000000  5.230739e-11
5590.000000  5.105458e-11
5610.000000  5.302696e-11
5630.000000  5.278206e-11
5650.000000  5.267315e-11
5670.000000  5.136567e-11
5690.000000  5.240443e-11
5710.000000  5.112003e-11
5730.000000  5.473899e-11
5750.000000  5.276307e-11
5770.000000  5.338907e-11
5790.000000  5.147050e-11
5810.000000  5.301142e-11
5830.000000  5.393181e-11
5850.000000  5.257843e-11
5870.000000  5.269876e-11
5890.000000  4.882972e-11
5910.000000  5.204720e-11
5930.000000  5.193305e-11
5950.000000  5.198321e-11
5970.000000  5.229326e-11
5990.000000  5.157061e-11
6010.000000  5.066151e-11
6030.000000  5.108996e-11
6050.000000  5.195072e-11
6070.000000  5.163914e-11
6090.000000  5.002955e-11
6110.000000  4.975863e-11
6130.000000  4.785696e-11
6150.000000  4.866180e-11
6170.000000  4.703102e-11
6190.000000  4.952071e-11
6210.000000  4.961242e-11
6230.000000  4.812195e-11
6250.000000  4.659113e-11
6270.000000  4.864536e-11
6290.000000  4.886826e-11
6310.000000  4.735306e-11
6330.000000  4.758982e-11
6350.000000  4.763873e-11
6370.000000  4.736175e-11
6390.000000  4.784330e-11
6410.000000  4.669569e-11
6430.000000  4.716005e-11
6450.000000  4.665942e-11
6470.000000  4.647292e-11
6490.000000  4.571072e-11
6510.000000  4.675702e-11
6530.000000  4.676296e-11
6550.000000  4.576747e-11
6570.000000  4.222002e-11
6590.000000  4.582083e-11
6610.000000  4.622421e-11
6630.000000  4.583115e-11
6650.000000  4.570668e-11
6670.000000  4.508551e-11
6690.000000  4.583397e-11
6710.000000  4.467143e-11
6730.000000  4.535825e-11
6750.000000  4.471576e-11
6770.000000  4.471560e-11
6790.000000  4.442998e-11
6810.000000  4.415103e-11
6830.000000  4.444413e-11
6850.000000  4.331637e-11
6870.000000  4.377772e-11
6890.000000  4.385233e-11
6910.000000  4.347070e-11
6930.000000  4.322585e-11
6950.000000  4.295510e-11
6970.000000  4.294598e-11
6990.000000  4.270542e-11
7010.000000  4.137546e-11
7030.000000  4.206698e-11
7050.000000  4.226607e-11
7070.000000  4.177261e-11
7090.000000  4.156214e-11
7110.000000  4.158586e-11
7130.000000  4.088316e-11
7150.000000  4.063436e-11
7170.000000  4.058466e-11
7190.000000  3.935485e-11
7210.000000  4.018900e-11
7230.000000  4.020392e-11
7250.000000  4.034631e-11
7270.000000  4.013626e-11
7290.000000  3.894865e-11
7310.000000  3.957390e-11
7330.000000  3.942722e-11
7350.000000  3.942986e-11
7370.000000  3.953583e-11
7390.000000  3.850912e-11
7410.000000  3.802644e-11
7430.000000  3.840557e-11
7450.000000  3.844586e-11
7470.000000  3.865665e-11
7490.000000  3.825368e-11
7510.000000  3.830191e-11
7530.000000  3.827577e-11
7550.000000  3.832197e-11
7570.000000  3.788787e-11
7590.000000  3.776920e-11
7610.000000  3.754572e-11
7630.000000  3.766669e-11
7650.000000  3.751164e-11
7670.000000  3.646444e-11
7690.000000  3.721005e-11
7710.000000  3.663380e-11
7730.000000  3.660291e-11
7750.000000  3.618417e-11
7770.000000  3.670967e-11
7790.000000  3.662512e-11
7810.000000  3.638061e-11
7830.000000  3.597856e-11
7850.000000  3.586057e-11
7870.000000  3.603234e-11
7890.000000  3.565319e-11
7910.000000  3.499287e-11
7930.000000  3.444755e-11
7950.000000  3.434005e-11
7970.000000  3.496472e-11
7990.000000  3.489778e-11
8010.000000  3.446211e-11
8030.000000  3.435725e-11
8050.000000  3.403555e-11
8070.000000  3.414508e-11
8090.000000  3.341899e-11
8110.000000  3.367683e-11
8130.000000  3.380133e-11
8150.000000  3.355006e-11
8170.000000  3.346896e-11
8190.000000  3.253726e-11
8210.000000  3.254262e-11
8230.000000  3.251531e-11
8250.000000  3.272481e-11
8270.000000  3.295993e-11
8290.000000  3.271825e-11
8310.000000  3.194105e-11
8330.000000  3.182799e-11
8350.000000  3.191201e-11
8370.000000  3.201387e-11
8390.000000  3.131447e-11
8410.000000  3.184453e-11
8430.000000  3.113779e-11
8450.000000  3.140151e-11
8470.000000  3.114037e-11
8490.000000  3.083609e-11
8510.000000  2.932319e-11
8530.000000  3.029500e-11
8550.000000  2.592234e-11
8570.000000  3.095805e-11
8590.000000  3.032761e-11
8610.000000  3.023424e-11
8630.000000  3.054379e-11
8650.000000  3.012560e-11
8670.000000  2.590699e-11
8690.000000  2.937517e-11
8710.000000  2.982786e-11
8730.000000  2.978972e-11
8750.000000  2.908829e-11
8770.000000  2.975551e-11
8790.000000  2.945906e-11
8810.000000  2.878141e-11
8830.000000  2.920130e-11
8850.000000  2.915762e-11
8870.000000  2.825932e-11
8890.000000  2.909431e-11
8910.000000  2.916945e-11
8930.000000  2.852984e-11
8950.000000  2.850189e-11
8970.000000  2.849414e-11
8990.000000  2.853174e-11
9010.000000  2.709610e-11
9030.000000  2.802393e-11
9050.000000  2.846858e-11
9070.000000  2.793641e-11
9090.000000  2.712537e-11
9110.000000  2.730658e-11
9130.000000  2.781520e-11
9150.000000  2.722813e-11
9170.000000  2.693084e-11
9190.000000  2.701167e-11
9210.000000  2.625764e-11
9230.000000  2.581118e-11
9250.000000  2.603030e-11
9270.000000  2.637760e-11
9290.000000  2.628082e-11
9310.000000  2.647557e-11
9330.000000  2.632066e-11
9350.000000  2.615940e-11
9370.000000  2.599937e-11
9390.000000  2.587030e-11
9410.000000  2.495517e-11
9430.000000  2.549517e-11
9450.000000  2.511223e-11
9470.000000  2.552481e-11
9490.000000  2.551662e-11
9510.000000  2.540679e-11
9530.000000  2.515646e-11
9550.000000  2.448748e-11
9570.000000  2.492470e-11
9590.000000  2.512350e-11
9610.000000  2.484343e-11
9630.000000  2.461063e-11
9650.000000  2.443989e-11
9670.000000  2.430661e-11
9690.000000  2.455263e-11
9710.000000  2.441966e-11
9730.000000  2.436286e-11
9750.000000  2.408026e-11
9770.000000  2.410706e-11
9790.000000  2.385661e-11
9810.000000  2.410690e-11
9830.000000  2.395697e-11
9850.000000  2.395758e-11
9870.000000  2.375478e-11
9890.000000  2.370189e-11
9910.000000  2.351625e-11
9930.000000  2.369374e-11
9950.000000  2.357852e-11
9970.000000  2.353354e-11
9990.000000  2.341827e-11
10025.000000  2.316615e-11
10075.000000  2.276293e-11
10125.000000  2.277953e-11
10175.000000  2.237212e-11
10225.000000  2.230886e-11
10275.000000  2.223957e-11
10325.000000  2.181227e-11
10375.000000  2.163174e-11
10425.000000  2.157579e-11
10475.000000  2.120592e-11
10525.000000  2.115470e-11
10575.000000  2.088389e-11
10625.000000  2.067403e-11
10675.000000  2.019503e-11
10725.000000  2.019532e-11
10775.000000  1.994028e-11
10825.000000  1.954810e-11
10875.000000  1.941425e-11
10925.000000  1.909146e-11
10975.000000  1.860008e-11
11025.000000  1.859682e-11
11075.000000  1.860727e-11
11125.000000  1.840779e-11
11175.000000  1.831262e-11
11225.000000  1.823665e-11
11275.000000  1.785179e-11
11325.000000  1.787502e-11
11375.000000  1.763554e-11
11425.000000  1.745600e-11
11475.000000  1.759204e-11
11525.000000  1.746323e-11
11575.000000  1.719469e-11
11625.000000  1.691823e-11
11675.000000  1.685736e-11
11725.000000  1.696098e-11
11775.000000  1.657059e-11
11825.000000  1.642096e-11
11875.000000  1.623587e-11
11925.000000  1.644125e-11
11975.000000  1.580813e-11
12025.000000  1.596081e-11
12075.000000  1.575282e-11
12125.000000  1.572237e-11
12175.000000  1.574849e-11
12225.000000  1.561191e-11
12275.000000  1.542760e-11
12325.000000  1.533079e-11
12375.000000  1.520051e-11
12425.000000  1.504462e-11
12475.000000  1.500294e-11
12525.000000  1.482022e-11
12575.000000  1.471859e-11
12625.000000  1.460676e-11
12675.000000  1.443197e-11
12725.000000  1.440642e-11
12775.000000  1.431147e-11
12825.000000  1.356859e-11
12875.000000  1.400250e-11
12925.000000  1.384644e-11
12975.000000  1.386585e-11
13025.000000  1.366329e-11
13075.000000  1.365787e-11
13125.000000  1.340664e-11
13175.000000  1.329595e-11
13225.000000  1.332351e-11
13275.000000  1.307358e-11
13325.000000  1.307936e-11
13375.000000  1.295717e-11
13425.000000  1.294768e-11
13475.000000  1.283268e-11
13525.000000  1.274877e-11
13575.000000  1.251520e-11
13625.000000  1.246839e-11
13675.000000  1.238836e-11
13725.000000  1.231164e-11
13775.000000  1.222990e-11
13825.000000  1.216996e-11
13875.000000  1.207760e-11
13925.000000  1.200786e-11
13975.000000  1.191063e-11
14025.000000  1.174148e-11
14075.000000  1.168891e-11
14125.000000  1.144672e-11
14175.000000  1.147727e-11
14225.000000  1.124108e-11
14275.000000  1.105735e-11
14325.000000  1.119004e-11
14375.000000  1.120199e-11
14425.000000  1.079157e-11
14475.000000  1.101718e-11
14525.000000  1.075598e-11
14570.000000  1.078092e-11
14620.000000  1.069864e-11
14675.000000  1.062984e-11
14725.000000  1.042585e-11
14775.000000  1.040370e-11
14825.000000  1.036175e-11
14875.000000  1.015002e-11
14925.000000  1.036347e-11
14975.000000  1.019769e-11
15025.000000  9.940197e-12
15075.000000  9.889071e-12
15125.000000  9.991443e-12
15175.000000  9.990351e-12
15225.000000  9.814481e-12
15275.000000  9.845223e-12
15325.000000  9.745933e-12
15375.000000  9.702799e-12
15425.000000  9.637141e-12
15475.000000  9.581234e-12
15525.000000  9.429149e-12
15575.000000  9.330979e-12
15625.000000  9.432974e-12
15675.000000  9.161323e-12
15725.000000  9.182560e-12
15775.000000  8.881229e-12
15825.000000  8.988770e-12
15875.000000  8.600498e-12
15925.000000  8.808530e-12
15975.000000  8.858806e-12
16050.000000  8.730774e-12
16150.000000  8.490046e-12
16250.000000  8.535260e-12
16350.000000  8.313258e-12
16450.000000  8.041973e-12
16550.000000  8.102216e-12
16650.000000  7.950731e-12
16750.000000  7.694231e-12
16850.000000  7.401524e-12
16950.000000  7.541218e-12
17050.000000  7.286840e-12
17150.000000  7.177835e-12
17250.000000  6.969935e-12
17350.000000  6.608788e-12
17450.000000  6.692389e-12
17550.000000  6.617125e-12
17650.000000  6.487788e-12
17750.000000  6.345250e-12
17850.000000  6.255503e-12
17950.000000  6.142256e-12
18050.000000  5.989300e-12
18150.000000  5.710519e-12
18250.000000  5.717204e-12
18350.000000  5.647169e-12
18450.000000  5.496254e-12
18550.000000  5.432658e-12
18650.000000  5.276598e-12
18750.000000  4.991743e-12
18850.000000  5.106908e-12
18950.000000  4.909407e-12
19050.000000  4.952567e-12
19150.000000  4.840946e-12
19250.000000  4.761809e-12
19350.000000  4.626949e-12
19450.000000  4.399465e-12
19550.000000  4.494372e-12
19650.000000  4.404834e-12
19750.000000  4.305900e-12
19850.000000  4.253323e-12
19950.000000  4.175972e-12
20050.000000  4.129032e-12
20150.000000  4.076174e-12
20250.000000  3.961671e-12
20350.000000  3.869514e-12
20450.000000  3.859354e-12
20550.000000  3.774307e-12
20650.000000  3.691515e-12
20750.000000  3.640154e-12
20850.000000  3.574832e-12
20950.000000  3.492952e-12
21050.000000  3.466971e-12
21150.000000  3.399004e-12
21250.000000  3.338056e-12
21350.000000  3.292230e-12
21450.000000  3.240847e-12
21550.000000  3.184106e-12
21650.000000  3.021380e-12
21750.000000  3.048483e-12
21850.000000  3.011284e-12
21950.000000  2.982257e-12
22050.000000  2.904036e-12
22150.000000  2.883133e-12
22250.000000  2.827508e-12
22350.000000  2.781057e-12
22450.000000  2.738261e-12
22550.000000  2.687323e-12
22650.000000  2.640066e-12
22750.000000  2.614227e-12
22850.000000  2.552932e-12
22950.000000  2.448376e-12
23050.000000  2.457967e-12
23150.000000  2.421480e-12
23250.000000  2.301535e-12
23350.000000  2.315740e-12
23450.000000  2.308017e-12
23550.000000  2.178166e-12
23650.000000  2.213101e-12
23750.000000  2.179568e-12
23850.000000  2.073934e-12
23950.000000  2.102582e-12
24050.000000  2.083445e-12
24150.000000  1.991673e-12
24250.000000  1.998784e-12
24350.000000  1.980395e-12
24450.000000  1.924839e-12
24550.000000  1.886679e-12
24650.000000  1.902053e-12
24750.000000  1.850908e-12
24850.000000  1.803849e-12
24950.000000  1.808442e-12
