2505.000000  2.020423e-11
2513.000000  1.828089e-11
2518.000000  1.854730e-11
2525.000000  1.735649e-11
2535.000000  1.700371e-11
2545.000000  1.703886e-11
2555.000000  1.818402e-11
2565.000000  1.817043e-11
2575.000000  1.935140e-11
2585.000000  1.939471e-11
2595.000000  1.909193e-11
2605.000000  1.829490e-11
2615.000000  1.808385e-11
2625.000000  1.916147e-11
2635.000000  1.925016e-11
2645.000000  2.120153e-11
2655.000000  2.096357e-11
2665.000000  1.944941e-11
2675.000000  2.014371e-11
2685.000000  2.017304e-11
2695.000000  1.925311e-11
2705.000000  1.961111e-11
2715.000000  1.871231e-11
2725.000000  1.884649e-11
2735.000000  2.013257e-11
2745.000000  1.737850e-11
2755.000000  1.768487e-11
2765.000000  1.830681e-11
2775.000000  1.945158e-11
2785.000000  1.903881e-11
2795.000000  1.483331e-11
2805.000000  1.649991e-11
2815.000000  1.989275e-11
2825.000000  1.999621e-11
2835.000000  1.932200e-11
2845.000000  1.870582e-11
2855.000000  1.813205e-11
2865.000000  1.916266e-11
2875.000000  1.870889e-11
2885.000000  1.911977e-11
2895.000000  1.851042e-11
2910.000000  2.008902e-11
2930.000000  1.937333e-11
2950.000000  1.929118e-11
2970.000000  1.948265e-11
2990.000000  1.954481e-11
3010.000000  1.975974e-11
3030.000000  1.960339e-11
3050.000000  1.944947e-11
3070.000000  1.925634e-11
3090.000000  1.943985e-11
3110.000000  1.907004e-11
3130.000000  1.896698e-11
3150.000000  1.915982e-11
3170.000000  1.904530e-11
3190.000000  1.841743e-11
3210.000000  1.870756e-11
3230.000000  1.834356e-11
3250.000000  1.852363e-11
3270.000000  1.857910e-11
3290.000000  1.868272e-11
3310.000000  1.870307e-11
3330.000000  1.835951e-11
3350.000000  1.808105e-11
3370.000000  1.808701e-11
3390.000000  1.795645e-11
3410.000000  1.817190e-11
3430.000000  1.811684e-11
3450.000000  1.799351e-11
3470.000000  1.780250e-11
3490.000000  1.773577e-11
3510.000000  1.784158e-11
3530.000000  1.783128e-11
3550.000000  1.780605e-11
3570.000000  1.751153e-11
3590.000000  1.743106e-11
3610.000000  1.737041e-11
3630.000000  1.732459e-11
3640.000000  1.723607e-11
3650.000000  1.744189e-11
3670.000000  1.734914e-11
3690.000000  1.666421e-11
3710.000000  1.755163e-11
3730.000000  1.848460e-11
3750.000000  2.405955e-11
3770.000000  2.589374e-11
3790.000000  3.255038e-11
3810.000000  3.856460e-11
3830.000000  3.005083e-11
3850.000000  4.282261e-11
3870.000000  4.886305e-11
3890.000000  2.597972e-11
3910.000000  4.850610e-11
3930.000000  5.014179e-11
3950.000000  4.840178e-11
3970.000000  2.476060e-11
3990.000000  4.606691e-11
4010.000000  5.158867e-11
4030.000000  5.151434e-11
4050.000000  5.076384e-11
4070.000000  4.819365e-11
4090.000000  3.660575e-11
4110.000000  2.740222e-11
4130.000000  4.539010e-11
4150.000000  4.758414e-11
4170.000000  4.721151e-11
4190.000000  4.674776e-11
4210.000000  4.620140e-11
4230.000000  4.524921e-11
4250.000000  4.476541e-11
4270.000000  4.383395e-11
4290.000000  4.324226e-11
4310.000000  4.045558e-11
4330.000000  2.973124e-11
4350.000000  2.506526e-11
4370.000000  3.918959e-11
4390.000000  4.020547e-11
4410.000000  4.008237e-11
4430.000000  3.990524e-11
4450.000000  3.969268e-11
4470.000000  3.920051e-11
4490.000000  3.840647e-11
4510.000000  3.824904e-11
4530.000000  3.764105e-11
4550.000000  3.684565e-11
4570.000000  3.690743e-11
4590.000000  3.624766e-11
4610.000000  3.626658e-11
4630.000000  3.544222e-11
4650.000000  3.536571e-11
4670.000000  3.491162e-11
4690.000000  3.420854e-11
4710.000000  3.320821e-11
4730.000000  3.360946e-11
4750.000000  3.321441e-11
4770.000000  3.273547e-11
4790.000000  3.223137e-11
4810.000000  3.148818e-11
4830.000000  2.988586e-11
4850.000000  2.281621e-11
4870.000000  1.827999e-11
4890.000000  2.806602e-11
4910.000000  2.953156e-11
4930.000000  2.931462e-11
4950.000000  2.934826e-11
4970.000000  2.916758e-11
4990.000000  2.877562e-11
5010.000000  2.817542e-11
5030.000000  2.812867e-11
5050.000000  2.770191e-11
5070.000000  2.756727e-11
5090.000000  2.725420e-11
5110.000000  2.694959e-11
5130.000000  2.661558e-11
5150.000000  2.627025e-11
5170.000000  2.565311e-11
5190.000000  2.543046e-11
5210.000000  2.539245e-11
5230.000000  2.493291e-11
5250.000000  2.490445e-11
5270.000000  2.433950e-11
5290.000000  2.434311e-11
5310.000000  2.393507e-11
5330.000000  2.367209e-11
5350.000000  2.358167e-11
5370.000000  2.326498e-11
5390.000000  2.303609e-11
5410.000000  2.272265e-11
5430.000000  2.252524e-11
5450.000000  2.232797e-11
5470.000000  2.208972e-11
5490.000000  2.187382e-11
5510.000000  2.164142e-11
5530.000000  2.137052e-11
5550.000000  2.120031e-11
5570.000000  2.096001e-11
5590.000000  2.073703e-11
5610.000000  2.053774e-11
5630.000000  2.033760e-11
5650.000000  2.011455e-11
5670.000000  1.989955e-11
5690.000000  1.970767e-11
5710.000000  1.950742e-11
5730.000000  1.932072e-11
5750.000000  1.911113e-11
5770.000000  1.892163e-11
5790.000000  1.872262e-11
5810.000000  1.853620e-11
5830.000000  1.835298e-11
5850.000000  1.816742e-11
5870.000000  1.797189e-11
5890.000000  1.768208e-11
5910.000000  1.762503e-11
5930.000000  1.745160e-11
5950.000000  1.726558e-11
5970.000000  1.710166e-11
5990.000000  1.691717e-11
6010.000000  1.675132e-11
6030.000000  1.659994e-11
6050.000000  1.643517e-11
6070.000000  1.628098e-11
6090.000000  1.612054e-11
6110.000000  1.596010e-11
6130.000000  1.579561e-11
6150.000000  1.556753e-11
6170.000000  1.548577e-11
6190.000000  1.535767e-11
6210.000000  1.521175e-11
6230.000000  1.505717e-11
6250.000000  1.486122e-11
6270.000000  1.478150e-11
6290.000000  1.464146e-11
6310.000000  1.448813e-11
6330.000000  1.435952e-11
6350.000000  1.415270e-11
6370.000000  1.404574e-11
6390.000000  1.395610e-11
6410.000000  1.381008e-11
6430.000000  1.368367e-11
6450.000000  1.349027e-11
6470.000000  1.339354e-11
6490.000000  1.320921e-11
6510.000000  1.300071e-11
6530.000000  1.255631e-11
6550.000000  1.080589e-11
6570.000000  8.656801e-12
6590.000000  1.180854e-11
6610.000000  1.233609e-11
6630.000000  1.238034e-11
6650.000000  1.232238e-11
6670.000000  1.223071e-11
6690.000000  1.214262e-11
6710.000000  1.204770e-11
6730.000000  1.193593e-11
6750.000000  1.183138e-11
6770.000000  1.173375e-11
6790.000000  1.162889e-11
6810.000000  1.152626e-11
6830.000000  1.141998e-11
6850.000000  1.132167e-11
6870.000000  1.122337e-11
6890.000000  1.112437e-11
6910.000000  1.102674e-11
6930.000000  1.092844e-11
6950.000000  1.083322e-11
6970.000000  1.073925e-11
6990.000000  1.064681e-11
7010.000000  1.054262e-11
7030.000000  1.046039e-11
7050.000000  1.037159e-11
7070.000000  1.028388e-11
7090.000000  1.019817e-11
7110.000000  1.005855e-11
7130.000000  1.001328e-11
7150.000000  9.930741e-12
7170.000000  9.848509e-12
7190.000000  9.764724e-12
7210.000000  9.683738e-12
7230.000000  9.599953e-12
7250.000000  9.515320e-12
7270.000000  9.441440e-12
7290.000000  9.358504e-12
7310.000000  9.279752e-12
7330.000000  9.203944e-12
7350.000000  9.130746e-12
7370.000000  9.054938e-12
7390.000000  8.978565e-12
7410.000000  8.899109e-12
7430.000000  8.818124e-12
7450.000000  8.750103e-12
7470.000000  8.664390e-12
7490.000000  8.602252e-12
7510.000000  8.539264e-12
7530.000000  8.472796e-12
7550.000000  8.407574e-12
7570.000000  8.339179e-12
7590.000000  8.271862e-12
7610.000000  8.205394e-12
7630.000000  8.137373e-12
7650.000000  8.068977e-12
7670.000000  8.002509e-12
7690.000000  7.940371e-12
7710.000000  7.873903e-12
7730.000000  7.816093e-12
7750.000000  7.753954e-12
7770.000000  7.571845e-12
7790.000000  7.631207e-12
7810.000000  7.571867e-12
7830.000000  7.506929e-12
7850.000000  7.442863e-12
7870.000000  7.373312e-12
7890.000000  7.306844e-12
7910.000000  7.269434e-12
7930.000000  7.214401e-12
7950.000000  7.147933e-12
7970.000000  7.108992e-12
7990.000000  7.018477e-12
8010.000000  6.996150e-12
8030.000000  6.941423e-12
8050.000000  6.889473e-12
8070.000000  6.835311e-12
8090.000000  6.782512e-12
8110.000000  6.733360e-12
8130.000000  6.680729e-12
8150.000000  6.630729e-12
8170.000000  6.578779e-12
8190.000000  6.507584e-12
8210.000000  6.478128e-12
8230.000000  6.428977e-12
8250.000000  6.385004e-12
8270.000000  6.365308e-12
8290.000000  6.319240e-12
8310.000000  6.277194e-12
8330.000000  6.205999e-12
8350.000000  6.182350e-12
8370.000000  6.131478e-12
8390.000000  6.072514e-12
8410.000000  6.013382e-12
8430.000000  5.968636e-12
8450.000000  5.877041e-12
8470.000000  5.761212e-12
8490.000000  5.888235e-12
8510.000000  5.555055e-12
8530.000000  5.877616e-12
8550.000000  5.241066e-12
8570.000000  5.923253e-12
8590.000000  5.457363e-12
8610.000000  5.306370e-12
8630.000000  5.974848e-12
8650.000000  5.694834e-12
8670.000000  4.675813e-12
8690.000000  5.822514e-12
8710.000000  6.060581e-12
8730.000000  5.776711e-12
8750.000000  4.481444e-12
8770.000000  5.460059e-12
8790.000000  6.008792e-12
8810.000000  6.057678e-12
8830.000000  5.875834e-12
8850.000000  5.151369e-12
8870.000000  4.318699e-12
8890.000000  5.542299e-12
8910.000000  5.836476e-12
8930.000000  5.877706e-12
8950.000000  5.873093e-12
8970.000000  5.751369e-12
8990.000000  5.414771e-12
9010.000000  4.236894e-12
9030.000000  4.656792e-12
9050.000000  5.417985e-12
9070.000000  5.518687e-12
9090.000000  5.499949e-12
9110.000000  5.556856e-12
9130.000000  5.547043e-12
9150.000000  5.501846e-12
9170.000000  5.417058e-12
9190.000000  5.255482e-12
9210.000000  4.807802e-12
9230.000000  3.706951e-12
9250.000000  4.610326e-12
9270.000000  5.002973e-12
9290.000000  5.183418e-12
9310.000000  5.195856e-12
9330.000000  5.174983e-12
9350.000000  5.146439e-12
9370.000000  5.115851e-12
9390.000000  5.063900e-12
9410.000000  4.978472e-12
9430.000000  4.992706e-12
9450.000000  4.954614e-12
9470.000000  4.901607e-12
9490.000000  4.822702e-12
9510.000000  4.662372e-12
9530.000000  4.203180e-12
9550.000000  3.355174e-12
9570.000000  4.243651e-12
9590.000000  4.562725e-12
9610.000000  4.617791e-12
9630.000000  4.597148e-12
9650.000000  4.618320e-12
9670.000000  4.567449e-12
9690.000000  4.564672e-12
9710.000000  4.544273e-12
9730.000000  4.515048e-12
9750.000000  4.481661e-12
9770.000000  4.454837e-12
9790.000000  4.423851e-12
9810.000000  4.392575e-12
9830.000000  4.359341e-12
9850.000000  4.325773e-12
9870.000000  4.294816e-12
9890.000000  4.247850e-12
9910.000000  4.231373e-12
9930.000000  4.193934e-12
9950.000000  4.161887e-12
9970.000000  4.121044e-12
9990.000000  4.059545e-12
10025.000000  3.641527e-12
10075.000000  3.452260e-12
10125.000000  3.880010e-12
10175.000000  3.864953e-12
10225.000000  3.813421e-12
10275.000000  3.752778e-12
10325.000000  3.689644e-12
10375.000000  3.629735e-12
10425.000000  3.570653e-12
10475.000000  3.501469e-12
10525.000000  3.450322e-12
10575.000000  3.396992e-12
10625.000000  3.343103e-12
10675.000000  3.256904e-12
10725.000000  3.222779e-12
10775.000000  3.177948e-12
10825.000000  3.116563e-12
10875.000000  3.022342e-12
10925.000000  2.528144e-12
10975.000000  2.763625e-12
11025.000000  2.913664e-12
11075.000000  2.892062e-12
11125.000000  2.853628e-12
11175.000000  2.812191e-12
11225.000000  2.769905e-12
11275.000000  2.708257e-12
11325.000000  2.667593e-12
11375.000000  2.642539e-12
11425.000000  2.600675e-12
11475.000000  2.566500e-12
11525.000000  2.528852e-12
11575.000000  2.490660e-12
11625.000000  2.445616e-12
11675.000000  2.400852e-12
11725.000000  2.382086e-12
11775.000000  2.325878e-12
11825.000000  2.303335e-12
11875.000000  2.267297e-12
11925.000000  2.246229e-12
11975.000000  2.205890e-12
12025.000000  2.180055e-12
12075.000000  2.146655e-12
12125.000000  2.116882e-12
12175.000000  2.088688e-12
12225.000000  2.058512e-12
12275.000000  2.027902e-12
12325.000000  1.999821e-12
12375.000000  1.972561e-12
12425.000000  1.946127e-12
12475.000000  1.916662e-12
12525.000000  1.891209e-12
12575.000000  1.860489e-12
12625.000000  1.835076e-12
12675.000000  1.809109e-12
12725.000000  1.774253e-12
12775.000000  1.692125e-12
12825.000000  1.447638e-12
12875.000000  1.663360e-12
12925.000000  1.682108e-12
12975.000000  1.667499e-12
13025.000000  1.648381e-12
13075.000000  1.627064e-12
13125.000000  1.605112e-12
13175.000000  1.581736e-12
13225.000000  1.562939e-12
13275.000000  1.542286e-12
13325.000000  1.521873e-12
13375.000000  1.502086e-12
13425.000000  1.482298e-12
13475.000000  1.462819e-12
13525.000000  1.442559e-12
13575.000000  1.424280e-12
13625.000000  1.406572e-12
13675.000000  1.387959e-12
13725.000000  1.366878e-12
13775.000000  1.352519e-12
13825.000000  1.335414e-12
13875.000000  1.319090e-12
13925.000000  1.301342e-12
13975.000000  1.285604e-12
14025.000000  1.269520e-12
14075.000000  1.253542e-12
14125.000000  1.237736e-12
14175.000000  1.222362e-12
14225.000000  1.207003e-12
14275.000000  1.191907e-12
14325.000000  1.177383e-12
14375.000000  1.163031e-12
14425.000000  1.140958e-12
14475.000000  1.134393e-12
14525.000000  1.117036e-12
14570.000000  1.108111e-12
14620.000000  1.094583e-12
14675.000000  1.081722e-12
14725.000000  1.068650e-12
14775.000000  1.054451e-12
14825.000000  1.043407e-12
14875.000000  1.029429e-12
14925.000000  1.020281e-12
14975.000000  1.007641e-12
15025.000000  9.942512e-13
15075.000000  9.831597e-13
15125.000000  9.723084e-13
15175.000000  9.603817e-13
15225.000000  9.498859e-13
15275.000000  9.357848e-13
15325.000000  9.239430e-13
15375.000000  9.164172e-13
15425.000000  8.963365e-13
15475.000000  8.950137e-13
15525.000000  8.845347e-13
15575.000000  8.555986e-13
15625.000000  8.751999e-13
15675.000000  8.447009e-13
15725.000000  8.193870e-13
15775.000000  8.495146e-13
15825.000000  8.382777e-13
15875.000000  7.637072e-13
15925.000000  8.066860e-13
15975.000000  8.208386e-13
16050.000000  7.923720e-13
16150.000000  7.428887e-13
16250.000000  7.811086e-13
16350.000000  7.392766e-13
16450.000000  6.913419e-13
16550.000000  7.341101e-13
16650.000000  7.194307e-13
16750.000000  6.753528e-13
16850.000000  6.308723e-13
16950.000000  6.728046e-13
17050.000000  6.612802e-13
17150.000000  6.472738e-13
17250.000000  6.272615e-13
17350.000000  5.537849e-13
17450.000000  5.930898e-13
17550.000000  5.928155e-13
17650.000000  5.819168e-13
17750.000000  5.705079e-13
17850.000000  5.586660e-13
17950.000000  5.468716e-13
18050.000000  5.311411e-13
18150.000000  4.744070e-13
18250.000000  4.973418e-13
18350.000000  5.023704e-13
18450.000000  4.937685e-13
18550.000000  4.829456e-13
18650.000000  4.691020e-13
18750.000000  4.174872e-13
18850.000000  4.489972e-13
18950.000000  4.458039e-13
19050.000000  4.387450e-13
19150.000000  4.302704e-13
19250.000000  4.211097e-13
19350.000000  4.079581e-13
19450.000000  3.638869e-13
19550.000000  3.925318e-13
19650.000000  3.901427e-13
19750.000000  3.834663e-13
19850.000000  3.764881e-13
19950.000000  3.694964e-13
20050.000000  3.626779e-13
20150.000000  3.560103e-13
20250.000000  3.494360e-13
20350.000000  3.430349e-13
20450.000000  3.368658e-13
20550.000000  3.307677e-13
20650.000000  3.247215e-13
20750.000000  3.189505e-13
20850.000000  3.132698e-13
20950.000000  3.076856e-13
21050.000000  3.022177e-13
21150.000000  2.966697e-13
21250.000000  2.914336e-13
21350.000000  2.864110e-13
21450.000000  2.809973e-13
21550.000000  2.733773e-13
21650.000000  2.457424e-13
21750.000000  2.619847e-13
21850.000000  2.619479e-13
21950.000000  2.583046e-13
22050.000000  2.538931e-13
22150.000000  2.494917e-13
22250.000000  2.454977e-13
22350.000000  2.413939e-13
22450.000000  2.373737e-13
22550.000000  2.333564e-13
22650.000000  2.295874e-13
22750.000000  2.258077e-13
22850.000000  2.222078e-13
22950.000000  2.185716e-13
23050.000000  2.151141e-13
23150.000000  2.116665e-13
23250.000000  2.082956e-13
23350.000000  2.049988e-13
23450.000000  2.017646e-13
23550.000000  1.985669e-13
23650.000000  1.954501e-13
23750.000000  1.923698e-13
23850.000000  1.893521e-13
23950.000000  1.863861e-13
24050.000000  1.834465e-13
24150.000000  1.805306e-13
24250.000000  1.778207e-13
24350.000000  1.749713e-13
24450.000000  1.721336e-13
24550.000000  1.697399e-13
24650.000000  1.668148e-13
24750.000000  1.643126e-13
24850.000000  1.623921e-13
24950.000000  1.581063e-13
