2505.000000  7.855034e-10
2513.000000  7.758609e-10
2518.000000  7.753539e-10
2525.000000  7.660238e-10
2535.000000  7.540287e-10
2545.000000  7.504202e-10
2555.000000  7.470635e-10
2565.000000  7.365283e-10
2575.000000  7.322823e-10
2585.000000  7.242876e-10
2595.000000  7.163568e-10
2605.000000  7.095033e-10
2615.000000  7.033479e-10
2625.000000  6.975751e-10
2635.000000  6.900267e-10
2645.000000  6.890192e-10
2655.000000  6.817259e-10
2665.000000  6.727814e-10
2675.000000  6.672635e-10
2685.000000  6.631991e-10
2695.000000  6.534975e-10
2705.000000  6.501826e-10
2715.000000  6.430385e-10
2725.000000  6.334629e-10
2735.000000  6.314431e-10
2745.000000  6.180379e-10
2755.000000  6.136752e-10
2765.000000  6.095723e-10
2775.000000  6.086067e-10
2785.000000  6.023130e-10
2795.000000  5.865119e-10
2805.000000  5.869473e-10
2815.000000  5.865819e-10
2825.000000  5.773110e-10
2835.000000  5.727166e-10
2845.000000  5.697189e-10
2855.000000  5.649364e-10
2865.000000  5.602425e-10
2875.000000  5.548242e-10
2885.000000  5.499904e-10
2895.000000  5.451567e-10
2910.000000  5.379379e-10
2930.000000  5.276982e-10
2950.000000  5.163702e-10
2970.000000  5.097453e-10
2990.000000  5.006608e-10
3010.000000  4.921857e-10
3030.000000  4.837356e-10
3050.000000  4.753740e-10
3070.000000  4.672286e-10
3090.000000  4.593366e-10
3110.000000  4.515207e-10
3130.000000  4.441107e-10
3150.000000  4.366882e-10
3170.000000  4.293669e-10
3190.000000  4.202591e-10
3210.000000  4.152200e-10
3230.000000  4.083682e-10
3250.000000  4.017324e-10
3270.000000  3.954262e-10
3290.000000  3.888029e-10
3310.000000  3.827502e-10
3330.000000  3.766726e-10
3350.000000  3.704302e-10
3370.000000  3.647708e-10
3390.000000  3.590866e-10
3410.000000  3.534272e-10
3430.000000  3.475534e-10
3450.000000  3.418443e-10
3470.000000  3.368441e-10
3490.000000  3.318331e-10
3510.000000  3.269340e-10
3530.000000  3.219727e-10
3550.000000  3.170238e-10
3570.000000  3.127591e-10
3590.000000  3.073423e-10
3610.000000  3.031164e-10
3630.000000  2.982189e-10
3640.000000  2.967076e-10
3650.000000  2.941330e-10
3670.000000  2.908213e-10
3690.000000  2.850718e-10
3710.000000  2.763045e-10
3730.000000  2.642362e-10
3750.000000  2.854150e-10
3770.000000  2.907120e-10
3790.000000  3.218793e-10
3810.000000  3.481228e-10
3830.000000  2.928954e-10
3850.000000  3.687891e-10
3870.000000  3.879400e-10
3890.000000  2.692422e-10
3910.000000  3.829507e-10
3930.000000  3.884677e-10
3950.000000  3.729504e-10
3970.000000  2.533292e-10
3990.000000  3.553953e-10
4010.000000  3.656731e-10
4030.000000  3.441660e-10
4050.000000  3.591990e-10
4070.000000  3.498049e-10
4090.000000  2.995549e-10
4110.000000  2.490834e-10
4130.000000  3.269713e-10
4150.000000  3.285605e-10
4170.000000  3.267959e-10
4190.000000  3.231406e-10
4210.000000  3.181015e-10
4230.000000  3.130500e-10
4250.000000  3.080871e-10
4270.000000  3.022862e-10
4290.000000  2.969424e-10
4310.000000  2.881701e-10
4330.000000  2.410687e-10
4350.000000  2.149577e-10
4370.000000  2.732301e-10
4390.000000  2.668263e-10
4410.000000  2.713165e-10
4430.000000  2.668620e-10
4450.000000  2.637773e-10
4470.000000  2.475735e-10
4490.000000  2.554126e-10
4510.000000  2.523792e-10
4530.000000  2.486477e-10
4550.000000  2.449411e-10
4570.000000  2.413620e-10
4590.000000  2.378078e-10
4610.000000  2.343173e-10
4630.000000  2.309030e-10
4650.000000  2.275649e-10
4670.000000  2.243029e-10
4690.000000  2.210534e-10
4710.000000  2.154827e-10
4730.000000  2.147581e-10
4750.000000  2.115972e-10
4770.000000  2.086648e-10
4790.000000  2.051744e-10
4810.000000  2.015439e-10
4830.000000  1.958564e-10
4850.000000  1.688773e-10
4870.000000  1.464091e-10
4890.000000  1.858031e-10
4910.000000  1.873409e-10
4930.000000  1.816443e-10
4950.000000  1.837743e-10
4970.000000  1.814390e-10
4990.000000  1.790276e-10
5010.000000  1.746493e-10
5030.000000  1.741533e-10
5050.000000  1.709427e-10
5070.000000  1.695714e-10
5090.000000  1.672609e-10
5110.000000  1.650143e-10
5130.000000  1.628314e-10
5150.000000  1.606733e-10
5170.000000  1.585790e-10
5190.000000  1.564847e-10
5210.000000  1.543904e-10
5230.000000  1.524485e-10
5250.000000  1.504428e-10
5270.000000  1.485009e-10
5290.000000  1.465590e-10
5310.000000  1.447057e-10
5330.000000  1.428399e-10
5350.000000  1.409866e-10
5370.000000  1.391971e-10
5390.000000  1.374199e-10
5410.000000  1.356428e-10
5430.000000  1.339419e-10
5450.000000  1.323047e-10
5470.000000  1.306038e-10
5490.000000  1.289790e-10
5510.000000  1.273542e-10
5530.000000  1.258057e-10
5550.000000  1.242571e-10
5570.000000  1.227085e-10
5590.000000  1.211600e-10
5610.000000  1.196876e-10
5630.000000  1.182152e-10
5650.000000  1.168190e-10
5670.000000  1.153591e-10
5690.000000  1.139629e-10
5710.000000  1.126304e-10
5730.000000  1.112467e-10
5750.000000  1.099266e-10
5770.000000  1.086191e-10
5790.000000  1.072991e-10
5810.000000  1.060552e-10
5830.000000  1.048114e-10
5850.000000  1.035800e-10
5870.000000  9.972261e-11
5890.000000  1.010162e-10
5910.000000  9.993714e-11
5930.000000  9.878193e-11
5950.000000  9.761428e-11
5970.000000  9.652283e-11
5990.000000  9.538005e-11
6010.000000  9.428859e-11
6030.000000  9.320957e-11
6050.000000  9.211812e-11
6070.000000  9.105152e-11
6090.000000  9.003625e-11
6110.000000  8.902098e-11
6130.000000  8.801814e-11
6150.000000  8.701530e-11
6170.000000  8.601246e-11
6190.000000  8.507337e-11
6210.000000  8.414671e-11
6230.000000  8.322006e-11
6250.000000  8.228097e-11
6270.000000  8.136675e-11
6290.000000  8.044010e-11
6310.000000  7.957719e-11
6330.000000  7.866298e-11
6350.000000  7.780008e-11
6370.000000  7.694961e-11
6390.000000  7.613707e-11
6410.000000  7.529935e-11
6430.000000  7.448076e-11
6450.000000  7.368098e-11
6470.000000  7.288756e-11
6490.000000  7.195453e-11
6510.000000  7.098091e-11
6530.000000  6.955390e-11
6550.000000  6.400555e-11
6570.000000  5.545202e-11
6590.000000  6.638024e-11
6610.000000  6.712208e-11
6630.000000  6.670588e-11
6650.000000  6.617523e-11
6670.000000  6.501428e-11
6690.000000  6.435288e-11
6710.000000  6.416599e-11
6730.000000  6.350085e-11
6750.000000  6.284208e-11
6770.000000  6.219343e-11
6790.000000  6.155114e-11
6810.000000  6.091772e-11
6830.000000  6.029068e-11
6850.000000  5.967249e-11
6870.000000  5.906830e-11
6890.000000  5.846536e-11
6910.000000  5.787003e-11
6930.000000  5.728232e-11
6950.000000  5.670860e-11
6970.000000  5.613737e-11
6990.000000  5.557252e-11
7010.000000  5.501528e-11
7030.000000  5.446691e-11
7050.000000  5.391853e-11
7070.000000  5.282227e-11
7090.000000  5.285739e-11
7110.000000  5.233312e-11
7130.000000  5.181522e-11
7150.000000  5.130494e-11
7170.000000  5.080103e-11
7190.000000  5.030599e-11
7210.000000  4.981218e-11
7230.000000  4.932227e-11
7250.000000  4.885257e-11
7270.000000  4.838038e-11
7290.000000  4.770530e-11
7310.000000  4.744486e-11
7330.000000  4.698916e-11
7350.000000  4.654107e-11
7370.000000  4.609298e-11
7390.000000  4.565250e-11
7410.000000  4.521841e-11
7430.000000  4.479317e-11
7450.000000  4.436794e-11
7470.000000  4.395032e-11
7490.000000  4.353395e-11
7510.000000  4.312271e-11
7530.000000  4.272157e-11
7550.000000  4.231919e-11
7570.000000  4.192568e-11
7590.000000  4.153216e-11
7610.000000  4.114502e-11
7630.000000  4.076549e-11
7650.000000  4.038721e-11
7670.000000  4.001655e-11
7690.000000  3.964589e-11
7710.000000  3.928285e-11
7730.000000  3.892618e-11
7750.000000  3.857075e-11
7770.000000  3.820009e-11
7790.000000  3.786752e-11
7810.000000  3.751972e-11
7830.000000  3.718715e-11
7850.000000  3.685582e-11
7870.000000  3.652325e-11
7890.000000  3.619193e-11
7910.000000  3.587459e-11
7930.000000  3.555089e-11
7950.000000  3.523356e-11
7970.000000  3.492260e-11
7990.000000  3.460651e-11
8010.000000  3.430566e-11
8030.000000  3.400356e-11
8050.000000  3.370271e-11
8070.000000  3.340186e-11
8090.000000  3.310614e-11
8110.000000  3.282052e-11
8130.000000  3.252853e-11
8150.000000  3.224681e-11
8170.000000  3.196492e-11
8190.000000  3.168444e-11
8210.000000  3.137349e-11
8230.000000  3.113483e-11
8250.000000  3.088093e-11
8270.000000  3.058272e-11
8290.000000  3.036940e-11
8310.000000  3.012188e-11
8330.000000  2.986674e-11
8350.000000  2.956978e-11
8370.000000  2.935522e-11
8390.000000  2.912417e-11
8410.000000  2.885504e-11
8430.000000  2.859228e-11
8450.000000  2.829408e-11
8470.000000  2.801592e-11
8490.000000  2.782562e-11
8510.000000  2.741546e-11
8530.000000  2.739152e-11
8550.000000  2.656484e-11
8570.000000  2.718332e-11
8590.000000  2.609032e-11
8610.000000  2.580579e-11
8630.000000  2.684578e-11
8650.000000  2.595209e-11
8670.000000  2.390398e-11
8690.000000  2.611456e-11
8710.000000  2.652984e-11
8730.000000  2.558795e-11
8750.000000  2.238323e-11
8770.000000  2.451639e-11
8790.000000  2.593203e-11
8810.000000  2.600448e-11
8830.000000  2.546745e-11
8850.000000  2.324441e-11
8870.000000  2.110378e-11
8890.000000  2.421817e-11
8910.000000  2.498641e-11
8930.000000  2.499668e-11
8950.000000  2.483669e-11
8970.000000  2.444566e-11
8990.000000  2.338683e-11
9010.000000  2.012270e-11
9030.000000  2.112180e-11
9050.000000  2.321674e-11
9070.000000  2.346459e-11
9090.000000  2.350642e-11
9110.000000  2.340100e-11
9130.000000  2.322329e-11
9150.000000  2.300873e-11
9170.000000  2.270663e-11
9190.000000  2.225589e-11
9210.000000  2.085812e-11
9230.000000  1.784788e-11
9250.000000  2.024226e-11
9270.000000  2.147896e-11
9290.000000  2.165932e-11
9310.000000  2.155407e-11
9330.000000  2.147151e-11
9350.000000  2.131914e-11
9370.000000  2.119476e-11
9390.000000  2.103228e-11
9410.000000  2.085581e-11
9430.000000  2.066411e-11
9450.000000  2.047753e-11
9470.000000  2.021229e-11
9490.000000  2.001669e-11
9510.000000  1.947593e-11
9530.000000  1.810598e-11
9550.000000  1.580038e-11
9570.000000  1.817828e-11
9590.000000  1.902519e-11
9610.000000  1.911289e-11
9630.000000  1.902536e-11
9650.000000  1.896566e-11
9670.000000  1.885900e-11
9690.000000  1.871176e-11
9710.000000  1.855566e-11
9730.000000  1.844138e-11
9750.000000  1.830301e-11
9770.000000  1.816339e-11
9790.000000  1.802501e-11
9810.000000  1.789301e-11
9830.000000  1.775587e-11
9850.000000  1.762387e-11
9870.000000  1.749312e-11
9890.000000  1.736236e-11
9910.000000  1.723035e-11
9930.000000  1.709322e-11
9950.000000  1.693075e-11
9970.000000  1.676951e-11
9990.000000  1.657018e-11
10025.000000  1.533613e-11
10075.000000  1.475215e-11
10125.000000  1.578315e-11
10175.000000  1.561182e-11
10225.000000  1.534268e-11
10275.000000  1.506593e-11
10325.000000  1.477021e-11
10375.000000  1.453404e-11
10425.000000  1.427890e-11
10475.000000  1.402500e-11
10525.000000  1.377872e-11
10575.000000  1.353882e-11
10625.000000  1.330777e-11
10675.000000  1.306787e-11
10725.000000  1.285206e-11
10775.000000  1.262988e-11
10825.000000  1.228845e-11
10875.000000  1.206875e-11
10925.000000  1.067223e-11
10975.000000  1.122574e-11
11025.000000  1.150266e-11
11075.000000  1.138076e-11
11125.000000  1.121191e-11
11175.000000  1.102658e-11
11225.000000  1.084125e-11
11275.000000  1.066478e-11
11325.000000  1.048707e-11
11375.000000  1.031822e-11
11425.000000  1.014813e-11
11475.000000  9.986895e-12
11525.000000  9.824420e-12
11575.000000  9.669563e-12
11625.000000  9.515949e-12
11675.000000  9.362335e-12
11725.000000  9.215097e-12
11775.000000  9.069102e-12
11825.000000  8.923107e-12
11875.000000  8.784730e-12
11925.000000  8.652728e-12
11975.000000  8.480149e-12
12025.000000  8.383594e-12
12075.000000  8.252836e-12
12125.000000  8.129696e-12
12175.000000  8.005313e-12
12225.000000  7.882175e-12
12275.000000  7.760278e-12
12325.000000  7.644757e-12
12375.000000  7.529873e-12
12425.000000  7.416265e-12
12475.000000  7.305812e-12
12525.000000  7.191582e-12
12575.000000  7.090272e-12
12625.000000  6.985541e-12
12675.000000  6.877249e-12
12725.000000  6.750300e-12
12775.000000  6.500209e-12
12825.000000  5.869846e-12
12875.000000  6.371596e-12
12925.000000  6.371242e-12
12975.000000  6.282667e-12
13025.000000  6.213074e-12
13075.000000  6.124466e-12
13125.000000  6.037383e-12
13175.000000  5.951947e-12
13225.000000  5.867273e-12
13275.000000  5.784760e-12
13325.000000  5.703895e-12
13375.000000  5.623792e-12
13425.000000  5.544451e-12
13475.000000  5.468282e-12
13525.000000  5.392750e-12
13575.000000  5.318105e-12
13625.000000  5.244983e-12
13675.000000  5.173385e-12
13725.000000  5.102548e-12
13775.000000  5.033236e-12
13825.000000  4.965323e-12
13875.000000  4.897658e-12
13925.000000  4.832155e-12
13975.000000  4.767413e-12
14025.000000  4.703558e-12
14075.000000  4.640464e-12
14125.000000  4.578895e-12
14175.000000  4.518724e-12
14225.000000  4.458802e-12
14275.000000  4.400156e-12
14325.000000  4.342520e-12
14375.000000  4.285521e-12
14425.000000  4.230046e-12
14475.000000  4.175333e-12
14525.000000  4.121382e-12
14570.000000  4.073012e-12
14620.000000  4.021346e-12
14675.000000  3.965234e-12
14725.000000  3.915092e-12
14775.000000  3.865836e-12
14825.000000  3.817979e-12
14875.000000  3.769610e-12
14925.000000  3.722640e-12
14975.000000  3.676431e-12
15025.000000  3.630985e-12
15075.000000  3.583766e-12
15125.000000  3.541615e-12
15175.000000  3.497692e-12
15225.000000  3.453894e-12
15275.000000  3.410095e-12
15325.000000  3.366934e-12
15375.000000  3.327707e-12
15425.000000  3.280861e-12
15475.000000  3.245319e-12
15525.000000  3.203044e-12
15575.000000  3.152389e-12
15625.000000  3.137416e-12
15675.000000  3.076219e-12
15725.000000  3.027088e-12
15775.000000  3.031799e-12
15825.000000  2.989648e-12
15875.000000  2.879694e-12
15925.000000  2.899766e-12
15975.000000  2.901554e-12
16050.000000  2.824871e-12
16150.000000  2.713782e-12
16250.000000  2.734367e-12
16350.000000  2.624163e-12
16450.000000  2.511425e-12
16550.000000  2.558038e-12
16650.000000  2.502563e-12
16750.000000  2.387788e-12
16850.000000  2.281144e-12
16950.000000  2.335625e-12
17050.000000  2.285872e-12
17150.000000  2.241685e-12
17250.000000  2.179602e-12
17350.000000  2.008838e-12
17450.000000  2.068900e-12
17550.000000  2.050881e-12
17650.000000  2.008482e-12
17750.000000  1.965445e-12
17850.000000  1.923295e-12
17950.000000  1.882419e-12
18050.000000  1.834935e-12
18150.000000  1.698455e-12
18250.000000  1.731214e-12
18350.000000  1.727795e-12
18450.000000  1.694662e-12
18550.000000  1.659368e-12
18650.000000  1.613035e-12
18750.000000  1.498260e-12
18850.000000  1.550315e-12
18950.000000  1.529372e-12
19050.000000  1.496877e-12
19150.000000  1.469202e-12
19250.000000  1.439241e-12
19350.000000  1.398738e-12
19450.000000  1.294380e-12
19550.000000  1.344025e-12
19650.000000  1.329426e-12
19750.000000  1.304798e-12
19850.000000  1.280046e-12
19950.000000  1.255418e-12
20050.000000  1.231676e-12
20150.000000  1.207810e-12
20250.000000  1.185468e-12
20350.000000  1.163125e-12
20450.000000  1.141545e-12
20550.000000  1.119327e-12
20650.000000  1.099394e-12
20750.000000  1.079337e-12
20850.000000  1.059405e-12
20950.000000  1.040110e-12
21050.000000  1.020939e-12
21150.000000  1.001644e-12
21250.000000  9.847594e-13
21350.000000  9.671124e-13
21450.000000  9.493411e-13
21550.000000  9.257236e-13
21650.000000  8.603443e-13
21750.000000  8.887817e-13
21850.000000  8.833245e-13
21950.000000  8.687252e-13
22050.000000  8.540014e-13
22150.000000  8.394018e-13
22250.000000  8.248023e-13
22350.000000  8.103271e-13
22450.000000  7.964894e-13
22550.000000  7.832893e-13
22650.000000  7.702135e-13
22750.000000  7.569464e-13
22850.000000  7.442532e-13
22950.000000  7.318117e-13
23050.000000  7.196998e-13
23150.000000  7.078679e-13
23250.000000  6.962520e-13
23350.000000  6.848647e-13
23450.000000  6.736422e-13
23550.000000  6.627244e-13
23650.000000  6.519591e-13
23750.000000  6.414860e-13
23850.000000  6.311901e-13
23950.000000  6.210467e-13
24050.000000  6.111318e-13
24150.000000  6.014330e-13
24250.000000  5.919114e-13
24350.000000  5.825298e-13
24450.000000  5.733005e-13
24550.000000  5.643760e-13
24650.000000  5.553240e-13
24750.000000  5.465394e-13
24850.000000  5.386177e-13
24950.000000  5.291724e-13
