2505.000000  7.136505e-11
2513.000000  5.440289e-11
2518.000000  5.644936e-11
2525.000000  4.797753e-11
2535.000000  4.452045e-11
2545.000000  4.250161e-11
2555.000000  5.230088e-11
2565.000000  4.889959e-11
2575.000000  5.875436e-11
2585.000000  5.853324e-11
2595.000000  5.510395e-11
2605.000000  5.018116e-11
2615.000000  4.677940e-11
2625.000000  5.980545e-11
2635.000000  6.426690e-11
2645.000000  8.295295e-11
2655.000000  8.627126e-11
2665.000000  6.739202e-11
2675.000000  7.636149e-11
2685.000000  7.407557e-11
2695.000000  6.859016e-11
2705.000000  7.410272e-11
2715.000000  6.557551e-11
2725.000000  6.688465e-11
2735.000000  7.436119e-11
2745.000000  4.887192e-11
2755.000000  5.443073e-11
2765.000000  5.985114e-11
2775.000000  7.169700e-11
2785.000000  6.083810e-11
2795.000000  2.637592e-11
2805.000000  3.469350e-11
2815.000000  7.259166e-11
2825.000000  8.409552e-11
2835.000000  7.839848e-11
2845.000000  7.394579e-11
2855.000000  6.596267e-11
2865.000000  7.967045e-11
2875.000000  7.689564e-11
2885.000000  7.796509e-11
2895.000000  7.251688e-11
2910.000000  8.817921e-11
2930.000000  8.190148e-11
2950.000000  8.132065e-11
2970.000000  8.683310e-11
2990.000000  8.731250e-11
3010.000000  9.022538e-11
3030.000000  8.849238e-11
3050.000000  8.787478e-11
3070.000000  8.920214e-11
3090.000000  9.158042e-11
3110.000000  8.783772e-11
3130.000000  8.699890e-11
3150.000000  9.062177e-11
3170.000000  8.969076e-11
3190.000000  8.297967e-11
3210.000000  8.679607e-11
3230.000000  8.181815e-11
3250.000000  8.629824e-11
3270.000000  8.867655e-11
3290.000000  8.887027e-11
3310.000000  9.099042e-11
3330.000000  8.846452e-11
3350.000000  8.724763e-11
3370.000000  8.553309e-11
3390.000000  8.654700e-11
3410.000000  8.730299e-11
3430.000000  8.761650e-11
3450.000000  8.717392e-11
3470.000000  8.584643e-11
3490.000000  8.542239e-11
3510.000000  8.776387e-11
3530.000000  8.714625e-11
3550.000000  9.004993e-11
3570.000000  8.494301e-11
3590.000000  8.432536e-11
3610.000000  8.465721e-11
3630.000000  8.538548e-11
3640.000000  8.392896e-11
3650.000000  8.851966e-11
3670.000000  8.754253e-11
3690.000000  8.392868e-11
3710.000000  8.589265e-11
3730.000000  8.644622e-11
3750.000000  1.062214e-10
3770.000000  1.146106e-10
3790.000000  1.420646e-10
3810.000000  1.673060e-10
3830.000000  1.310202e-10
3850.000000  1.866565e-10
3870.000000  2.144511e-10
3890.000000  1.198005e-10
3910.000000  2.123496e-10
3930.000000  1.801238e-10
3950.000000  2.087641e-10
3970.000000  1.082038e-10
3990.000000  2.094452e-10
4010.000000  2.439512e-10
4030.000000  2.438131e-10
4050.000000  2.404759e-10
4070.000000  2.266841e-10
4090.000000  1.731131e-10
4110.000000  1.310103e-10
4130.000000  2.134643e-10
4150.000000  2.326390e-10
4170.000000  2.319846e-10
4190.000000  2.299655e-10
4210.000000  2.293202e-10
4230.000000  2.215951e-10
4250.000000  2.227655e-10
4270.000000  2.096388e-10
4290.000000  2.137679e-10
4310.000000  1.912927e-10
4330.000000  1.441104e-10
4350.000000  1.220681e-10
4370.000000  1.928135e-10
4390.000000  2.011013e-10
4410.000000  1.990363e-10
4430.000000  1.950174e-10
4450.000000  2.002992e-10
4470.000000  1.991467e-10
4490.000000  1.951644e-10
4510.000000  2.020039e-10
4530.000000  1.926197e-10
4550.000000  1.894483e-10
4570.000000  1.956613e-10
4590.000000  1.865814e-10
4610.000000  1.906465e-10
4630.000000  1.837788e-10
4650.000000  1.853182e-10
4670.000000  1.844422e-10
4690.000000  1.755281e-10
4710.000000  1.678767e-10
4730.000000  1.770304e-10
4750.000000  1.761822e-10
4770.000000  1.723565e-10
4790.000000  1.702545e-10
4810.000000  1.645851e-10
4830.000000  1.550803e-10
4850.000000  1.166380e-10
4870.000000  9.256754e-11
4890.000000  1.435570e-10
4910.000000  1.538636e-10
4930.000000  1.526652e-10
4950.000000  1.561680e-10
4970.000000  1.570069e-10
4990.000000  1.501946e-10
5010.000000  1.439446e-10
5030.000000  1.476964e-10
5050.000000  1.445344e-10
5070.000000  1.476223e-10
5090.000000  1.452439e-10
5110.000000  1.449027e-10
5130.000000  1.414458e-10
5150.000000  1.374543e-10
5170.000000  1.350663e-10
5190.000000  1.335176e-10
5210.000000  1.336928e-10
5230.000000  1.320794e-10
5250.000000  1.339416e-10
5270.000000  1.242347e-10
5290.000000  1.304477e-10
5310.000000  1.277743e-10
5330.000000  1.224185e-10
5350.000000  1.267694e-10
5370.000000  1.253495e-10
5390.000000  1.236257e-10
5410.000000  1.202794e-10
5430.000000  1.210536e-10
5450.000000  1.218186e-10
5470.000000  1.198919e-10
5490.000000  1.188871e-10
5510.000000  1.178178e-10
5530.000000  1.165270e-10
5550.000000  1.160477e-10
5570.000000  1.142408e-10
5590.000000  1.129317e-10
5610.000000  1.127657e-10
5630.000000  1.123416e-10
5650.000000  1.107099e-10
5670.000000  1.087280e-10
5690.000000  1.087002e-10
5710.000000  1.076953e-10
5730.000000  1.083681e-10
5750.000000  1.060082e-10
5770.000000  1.055103e-10
5790.000000  1.041276e-10
5810.000000  1.034914e-10
5830.000000  1.028461e-10
5850.000000  1.015462e-10
5870.000000  1.006796e-10
5890.000000  9.810766e-11
5910.000000  9.877134e-11
5930.000000  9.785868e-11
5950.000000  9.674323e-11
5970.000000  9.609787e-11
5990.000000  9.464135e-11
6010.000000  9.297285e-11
6030.000000  9.294507e-11
6050.000000  9.216148e-11
6070.000000  9.194014e-11
6090.000000  9.068643e-11
6110.000000  8.943271e-11
6130.000000  8.770885e-11
6150.000000  8.549646e-11
6170.000000  8.572683e-11
6190.000000  8.674074e-11
6210.000000  8.596636e-11
6230.000000  8.461123e-11
6250.000000  8.191028e-11
6270.000000  8.384599e-11
6290.000000  8.313613e-11
6310.000000  8.136622e-11
6330.000000  8.104352e-11
6350.000000  7.931969e-11
6370.000000  7.901540e-11
6390.000000  7.893240e-11
6410.000000  7.742056e-11
6430.000000  7.729143e-11
6450.000000  7.526339e-11
6470.000000  7.565046e-11
6490.000000  7.382521e-11
6510.000000  7.317984e-11
6530.000000  7.038653e-11
6550.000000  5.986788e-11
6570.000000  4.746845e-11
6590.000000  6.574949e-11
6610.000000  6.974117e-11
6630.000000  7.036804e-11
6650.000000  7.012835e-11
6670.000000  6.943697e-11
6690.000000  6.930786e-11
6710.000000  6.873629e-11
6730.000000  6.810943e-11
6750.000000  6.708619e-11
6770.000000  6.727969e-11
6790.000000  6.662515e-11
6810.000000  6.606281e-11
6830.000000  6.528845e-11
6850.000000  6.476297e-11
6870.000000  6.446793e-11
6890.000000  6.393324e-11
6910.000000  6.334324e-11
6930.000000  6.271637e-11
6950.000000  6.229228e-11
6970.000000  6.167463e-11
6990.000000  6.133351e-11
7010.000000  5.996001e-11
7030.000000  6.002445e-11
7050.000000  5.963726e-11
7070.000000  5.925927e-11
7090.000000  5.877989e-11
7110.000000  5.677951e-11
7130.000000  5.727726e-11
7150.000000  5.693616e-11
7170.000000  5.648443e-11
7190.000000  5.591287e-11
7210.000000  5.567316e-11
7230.000000  5.515690e-11
7250.000000  5.442867e-11
7270.000000  5.451156e-11
7290.000000  5.364503e-11
7310.000000  5.342374e-11
7330.000000  5.304576e-11
7350.000000  5.281528e-11
7370.000000  5.244652e-11
7390.000000  5.169061e-11
7410.000000  5.099921e-11
7430.000000  5.028941e-11
7450.000000  5.021562e-11
7470.000000  4.947813e-11
7490.000000  4.945042e-11
7510.000000  4.930290e-11
7530.000000  4.902632e-11
7550.000000  4.888802e-11
7570.000000  4.835334e-11
7590.000000  4.806754e-11
7610.000000  4.766192e-11
7630.000000  4.732081e-11
7650.000000  4.680457e-11
7670.000000  4.612240e-11
7690.000000  4.591958e-11
7710.000000  4.564299e-11
7730.000000  4.548626e-11
7750.000000  4.500688e-11
7770.000000  4.363330e-11
7790.000000  4.455513e-11
7810.000000  4.412186e-11
7830.000000  4.350422e-11
7850.000000  4.296954e-11
7870.000000  4.274827e-11
7890.000000  4.228734e-11
7910.000000  4.191861e-11
7930.000000  4.159594e-11
7950.000000  4.113501e-11
7970.000000  4.155899e-11
7990.000000  4.058186e-11
8010.000000  4.077541e-11
8030.000000  4.033292e-11
8050.000000  4.017618e-11
8070.000000  3.983509e-11
8090.000000  3.950321e-11
8110.000000  3.941099e-11
8130.000000  3.919895e-11
8150.000000  3.887629e-11
8170.000000  3.860894e-11
8190.000000  3.754883e-11
8210.000000  3.730917e-11
8230.000000  3.705103e-11
8250.000000  3.697726e-11
8270.000000  3.733673e-11
8290.000000  3.698643e-11
8310.000000  3.663612e-11
8330.000000  3.601846e-11
8350.000000  3.618438e-11
8370.000000  3.604609e-11
8390.000000  3.562202e-11
8410.000000  3.544685e-11
8430.000000  3.503201e-11
8450.000000  3.413782e-11
8470.000000  3.411932e-11
8490.000000  3.426688e-11
8510.000000  3.238622e-11
8530.000000  3.401799e-11
8550.000000  2.962986e-11
8570.000000  3.423001e-11
8590.000000  3.191605e-11
8610.000000  3.116008e-11
8630.000000  3.409175e-11
8650.000000  3.265362e-11
8670.000000  2.659958e-11
8690.000000  3.241399e-11
8710.000000  3.416553e-11
8730.000000  3.266285e-11
8750.000000  2.596434e-11
8770.000000  3.120624e-11
8790.000000  3.393502e-11
8810.000000  3.413782e-11
8830.000000  3.260756e-11
8850.000000  2.905828e-11
8870.000000  2.470967e-11
8890.000000  3.131688e-11
8910.000000  3.298546e-11
8930.000000  3.319749e-11
8950.000000  3.348324e-11
8970.000000  3.254296e-11
8990.000000  3.069919e-11
9010.000000  2.415285e-11
9030.000000  2.658942e-11
9050.000000  3.077293e-11
9070.000000  3.097575e-11
9090.000000  3.070842e-11
9110.000000  3.157495e-11
9130.000000  3.168558e-11
9150.000000  3.165787e-11
9170.000000  3.098492e-11
9190.000000  2.979572e-11
9210.000000  2.722644e-11
9230.000000  2.107926e-11
9250.000000  2.600679e-11
9270.000000  2.811792e-11
9290.000000  2.975881e-11
9310.000000  2.999847e-11
9330.000000  2.980489e-11
9350.000000  2.980487e-11
9370.000000  2.968502e-11
9390.000000  2.914114e-11
9410.000000  2.785426e-11
9430.000000  2.860737e-11
9450.000000  2.844235e-11
9470.000000  2.830682e-11
9490.000000  2.785232e-11
9510.000000  2.675529e-11
9530.000000  2.413992e-11
9550.000000  1.922900e-11
9570.000000  2.433167e-11
9590.000000  2.623073e-11
9610.000000  2.648241e-11
9630.000000  2.609895e-11
9650.000000  2.661055e-11
9670.000000  2.614040e-11
9690.000000  2.598648e-11
9710.000000  2.648698e-11
9730.000000  2.623255e-11
9750.000000  2.582603e-11
9770.000000  2.599008e-11
9790.000000  2.579188e-11
9810.000000  2.561027e-11
9830.000000  2.530883e-11
9850.000000  2.498249e-11
9870.000000  2.481747e-11
9890.000000  2.444965e-11
9910.000000  2.437129e-11
9930.000000  2.439798e-11
9950.000000  2.414817e-11
9970.000000  2.399143e-11
9990.000000  2.359226e-11
10025.000000  2.103312e-11
10075.000000  1.986416e-11
10125.000000  2.234681e-11
10175.000000  2.247401e-11
10225.000000  2.234585e-11
10275.000000  2.206374e-11
10325.000000  2.160650e-11
10375.000000  2.129397e-11
10425.000000  2.095103e-11
10475.000000  2.028269e-11
10525.000000  2.008724e-11
10575.000000  1.986597e-11
10625.000000  1.962627e-11
10675.000000  1.884085e-11
10725.000000  1.882884e-11
10775.000000  1.855228e-11
10825.000000  1.820749e-11
10875.000000  1.762946e-11
10925.000000  1.464900e-11
10975.000000  1.605396e-11
11025.000000  1.716574e-11
11075.000000  1.713346e-11
11125.000000  1.684768e-11
11175.000000  1.664394e-11
11225.000000  1.644573e-11
11275.000000  1.578292e-11
11325.000000  1.560775e-11
11375.000000  1.559852e-11
11425.000000  1.524545e-11
11475.000000  1.528138e-11
11525.000000  1.508317e-11
11575.000000  1.482412e-11
11625.000000  1.437333e-11
11675.000000  1.407372e-11
11725.000000  1.422304e-11
11775.000000  1.367177e-11
11825.000000  1.363397e-11
11875.000000  1.333804e-11
11925.000000  1.347538e-11
11975.000000  1.308820e-11
12025.000000  1.300246e-11
12075.000000  1.277014e-11
12125.000000  1.260789e-11
12175.000000  1.249726e-11
12225.000000  1.228523e-11
12275.000000  1.210361e-11
12325.000000  1.194781e-11
12375.000000  1.181321e-11
12425.000000  1.170258e-11
12475.000000  1.147857e-11
12525.000000  1.132000e-11
12575.000000  1.107017e-11
12625.000000  1.098351e-11
12675.000000  1.086274e-11
12725.000000  1.066084e-11
12775.000000  1.009204e-11
12825.000000  8.497165e-12
12875.000000  9.924253e-12
12925.000000  1.009388e-11
12975.000000  1.003672e-11
13025.000000  9.935308e-12
13075.000000  9.839428e-12
13125.000000  9.685474e-12
13175.000000  9.508473e-12
13225.000000  9.456841e-12
13275.000000  9.326855e-12
13325.000000  9.221756e-12
13375.000000  9.097301e-12
13425.000000  8.975612e-12
13475.000000  8.861297e-12
13525.000000  8.716561e-12
13575.000000  8.592107e-12
13625.000000  8.521118e-12
13675.000000  8.392055e-12
13725.000000  8.207679e-12
13775.000000  8.173565e-12
13825.000000  8.085060e-12
13875.000000  8.024212e-12
13925.000000  7.862887e-12
13975.000000  7.793742e-12
14025.000000  7.706161e-12
14075.000000  7.628719e-12
14125.000000  7.507032e-12
14175.000000  7.429591e-12
14225.000000  7.324496e-12
14275.000000  7.222168e-12
14325.000000  7.156710e-12
14375.000000  7.090331e-12
14425.000000  6.821149e-12
14475.000000  6.898580e-12
14525.000000  6.722503e-12
14570.000000  6.739090e-12
14620.000000  6.635840e-12
14675.000000  6.579602e-12
14725.000000  6.475431e-12
14775.000000  6.367571e-12
14825.000000  6.324239e-12
14875.000000  6.216378e-12
14925.000000  6.229279e-12
14975.000000  6.123265e-12
15025.000000  6.037527e-12
15075.000000  5.949950e-12
15125.000000  5.933351e-12
15175.000000  5.868817e-12
15225.000000  5.790458e-12
15275.000000  5.726844e-12
15325.000000  5.652171e-12
15375.000000  5.595936e-12
15425.000000  5.468714e-12
15475.000000  5.452121e-12
15525.000000  5.395885e-12
15575.000000  5.259439e-12
15625.000000  5.328588e-12
15675.000000  5.158957e-12
15725.000000  5.030809e-12
15775.000000  5.115633e-12
15825.000000  5.082442e-12
15875.000000  4.674035e-12
15925.000000  4.903593e-12
15975.000000  4.972736e-12
16050.000000  4.793888e-12
16150.000000  4.516393e-12
16250.000000  4.744104e-12
16350.000000  4.468458e-12
16450.000000  4.167918e-12
16550.000000  4.459237e-12
16650.000000  4.377186e-12
16750.000000  4.080337e-12
16850.000000  3.793627e-12
16950.000000  4.096007e-12
17050.000000  4.010272e-12
17150.000000  3.944814e-12
17250.000000  3.788095e-12
17350.000000  3.305021e-12
17450.000000  3.561310e-12
17550.000000  3.591729e-12
17650.000000  3.525352e-12
17750.000000  3.468193e-12
17850.000000  3.389833e-12
17950.000000  3.338204e-12
18050.000000  3.216516e-12
18150.000000  2.843147e-12
18250.000000  2.998949e-12
18350.000000  3.057946e-12
18450.000000  3.006321e-12
18550.000000  2.929804e-12
18650.000000  2.846832e-12
18750.000000  2.494115e-12
18850.000000  2.716199e-12
18950.000000  2.692415e-12
19050.000000  2.678953e-12
19150.000000  2.624469e-12
19250.000000  2.566481e-12
19350.000000  2.476044e-12
19450.000000  2.175782e-12
19550.000000  2.385513e-12
19650.000000  2.379427e-12
19750.000000  2.334900e-12
19850.000000  2.300328e-12
19950.000000  2.257828e-12
20050.000000  2.218279e-12
20150.000000  2.179466e-12
20250.000000  2.135400e-12
20350.000000  2.092716e-12
20450.000000  2.062754e-12
20550.000000  2.023850e-12
20650.000000  1.981351e-12
20750.000000  1.947425e-12
20850.000000  1.914605e-12
20950.000000  1.879204e-12
21050.000000  1.846015e-12
21150.000000  1.806743e-12
21250.000000  1.776781e-12
21350.000000  1.743777e-12
21450.000000  1.715474e-12
21550.000000  1.664217e-12
21650.000000  1.470251e-12
21750.000000  1.588990e-12
21850.000000  1.596733e-12
21950.000000  1.579770e-12
22050.000000  1.547504e-12
22150.000000  1.521506e-12
22250.000000  1.502515e-12
22350.000000  1.476794e-12
22450.000000  1.452548e-12
22550.000000  1.421296e-12
22650.000000  1.402581e-12
22750.000000  1.380547e-12
22850.000000  1.357131e-12
22950.000000  1.333254e-12
23050.000000  1.315461e-12
23150.000000  1.293151e-12
23250.000000  1.274344e-12
23350.000000  1.253141e-12
23450.000000  1.233873e-12
23550.000000  1.214605e-12
23650.000000  1.195983e-12
23750.000000  1.175240e-12
23850.000000  1.156986e-12
23950.000000  1.139747e-12
24050.000000  1.120664e-12
24150.000000  1.103240e-12
24250.000000  1.087291e-12
24350.000000  1.068945e-12
24450.000000  1.053272e-12
24550.000000  1.035757e-12
24650.000000  1.020176e-12
24750.000000  1.004135e-12
24850.000000  9.883711e-13
24950.000000  9.669827e-13
