2505.000000  2.595161e-10
2513.000000  2.556434e-10
2518.000000  2.561746e-10
2525.000000  2.507430e-10
2535.000000  2.459726e-10
2545.000000  2.455522e-10
2555.000000  2.469939e-10
2565.000000  2.431810e-10
2575.000000  2.428642e-10
2585.000000  2.410075e-10
2595.000000  2.383883e-10
2605.000000  2.353094e-10
2615.000000  2.332595e-10
2625.000000  2.309243e-10
2635.000000  2.290179e-10
2645.000000  2.311771e-10
2655.000000  2.288996e-10
2665.000000  2.252572e-10
2675.000000  2.244432e-10
2685.000000  2.225974e-10
2695.000000  2.197450e-10
2705.000000  2.181311e-10
2715.000000  2.151351e-10
2725.000000  2.125190e-10
2735.000000  2.119900e-10
2745.000000  2.057442e-10
2755.000000  2.047492e-10
2765.000000  2.049687e-10
2775.000000  2.051602e-10
2785.000000  2.027905e-10
2795.000000  1.961428e-10
2805.000000  1.980282e-10
2815.000000  1.984557e-10
2825.000000  1.959848e-10
2835.000000  1.936019e-10
2845.000000  1.920657e-10
2855.000000  1.909220e-10
2865.000000  1.899171e-10
2875.000000  1.878751e-10
2885.000000  1.865294e-10
2895.000000  1.851164e-10
2910.000000  1.829847e-10
2930.000000  1.791080e-10
2950.000000  1.759182e-10
2970.000000  1.737147e-10
2990.000000  1.706755e-10
3010.000000  1.681994e-10
3030.000000  1.654855e-10
3050.000000  1.627331e-10
3070.000000  1.600767e-10
3090.000000  1.575536e-10
3110.000000  1.549562e-10
3130.000000  1.525248e-10
3150.000000  1.500907e-10
3170.000000  1.477226e-10
3190.000000  1.448357e-10
3210.000000  1.430739e-10
3230.000000  1.408635e-10
3250.000000  1.386846e-10
3270.000000  1.366005e-10
3290.000000  1.344834e-10
3310.000000  1.324637e-10
3330.000000  1.304398e-10
3350.000000  1.284160e-10
3370.000000  1.265197e-10
3390.000000  1.246234e-10
3410.000000  1.227615e-10
3430.000000  1.209915e-10
3450.000000  1.191584e-10
3470.000000  1.174515e-10
3490.000000  1.157130e-10
3510.000000  1.140075e-10
3530.000000  1.123336e-10
3550.000000  1.106898e-10
3570.000000  1.091721e-10
3590.000000  1.074969e-10
3610.000000  1.060423e-10
3630.000000  1.044631e-10
3640.000000  1.038318e-10
3650.000000  1.032313e-10
3670.000000  1.020924e-10
3690.000000  1.005144e-10
3710.000000  9.766977e-11
3730.000000  9.261574e-11
3750.000000  9.649519e-11
3770.000000  9.709015e-11
3790.000000  1.080753e-10
3810.000000  1.188699e-10
3830.000000  1.001129e-10
3850.000000  1.268162e-10
3870.000000  1.371392e-10
3890.000000  8.997860e-11
3910.000000  1.355966e-10
3930.000000  1.415459e-10
3950.000000  1.326588e-10
3970.000000  8.517598e-11
3990.000000  1.257119e-10
4010.000000  1.341677e-10
4030.000000  1.276552e-10
4050.000000  1.322436e-10
4070.000000  1.275675e-10
4090.000000  1.038307e-10
4110.000000  8.526492e-11
4130.000000  1.186828e-10
4150.000000  1.213119e-10
4170.000000  1.209962e-10
4190.000000  1.195758e-10
4210.000000  1.178083e-10
4230.000000  1.159763e-10
4250.000000  1.141112e-10
4270.000000  1.119895e-10
4290.000000  1.096922e-10
4310.000000  1.051767e-10
4330.000000  8.377313e-11
4350.000000  7.433110e-11
4370.000000  9.939773e-11
4390.000000  9.920159e-11
4410.000000  1.006885e-10
4430.000000  9.920381e-11
4450.000000  9.800578e-11
4470.000000  9.260004e-11
4490.000000  9.483409e-11
4510.000000  9.399440e-11
4530.000000  9.263435e-11
4550.000000  9.127575e-11
4570.000000  8.995150e-11
4590.000000  8.865460e-11
4610.000000  8.739204e-11
4630.000000  8.609658e-11
4650.000000  8.489716e-11
4670.000000  8.366624e-11
4690.000000  8.249694e-11
4710.000000  8.056767e-11
4730.000000  8.012695e-11
4750.000000  7.889451e-11
4770.000000  7.769649e-11
4790.000000  7.640235e-11
4810.000000  7.482126e-11
4830.000000  7.185391e-11
4850.000000  5.948104e-11
4870.000000  5.130282e-11
4890.000000  6.771890e-11
4910.000000  6.948568e-11
4930.000000  6.796708e-11
4950.000000  6.856907e-11
4970.000000  6.777994e-11
4990.000000  6.695798e-11
5010.000000  6.543899e-11
5030.000000  6.515746e-11
5050.000000  6.398133e-11
5070.000000  6.348316e-11
5090.000000  6.263095e-11
5110.000000  6.180753e-11
5130.000000  6.098828e-11
5150.000000  6.019776e-11
5170.000000  5.940870e-11
5190.000000  5.864975e-11
5210.000000  5.785929e-11
5230.000000  5.713469e-11
5250.000000  5.640731e-11
5270.000000  5.568138e-11
5290.000000  5.495685e-11
5310.000000  5.426103e-11
5330.000000  5.356662e-11
5350.000000  5.290238e-11
5370.000000  5.223953e-11
5390.000000  5.157668e-11
5410.000000  5.094401e-11
5430.000000  5.028122e-11
5450.000000  4.968006e-11
5470.000000  4.904884e-11
5490.000000  4.844907e-11
5510.000000  4.784936e-11
5530.000000  4.724972e-11
5550.000000  4.668152e-11
5570.000000  4.611199e-11
5590.000000  4.554385e-11
5610.000000  4.500722e-11
5630.000000  4.446926e-11
5650.000000  4.390118e-11
5670.000000  4.339473e-11
5690.000000  4.288967e-11
5710.000000  4.235449e-11
5730.000000  4.184949e-11
5750.000000  4.137461e-11
5770.000000  4.086962e-11
5790.000000  4.039613e-11
5810.000000  3.992131e-11
5830.000000  3.944920e-11
5850.000000  3.900590e-11
5870.000000  3.774226e-11
5890.000000  3.805765e-11
5910.000000  3.764869e-11
5930.000000  3.720677e-11
5950.000000  3.676352e-11
5970.000000  3.635317e-11
5990.000000  3.594143e-11
6010.000000  3.553247e-11
6030.000000  3.512218e-11
6050.000000  3.474201e-11
6070.000000  3.433168e-11
6090.000000  3.395290e-11
6110.000000  3.357413e-11
6130.000000  3.319536e-11
6150.000000  3.281660e-11
6170.000000  3.246798e-11
6190.000000  3.212075e-11
6210.000000  3.174202e-11
6230.000000  3.139782e-11
6250.000000  3.104964e-11
6270.000000  3.071534e-11
6290.000000  3.037733e-11
6310.000000  3.004562e-11
6330.000000  2.972037e-11
6350.000000  2.935186e-11
6370.000000  2.905571e-11
6390.000000  2.876356e-11
6410.000000  2.845381e-11
6430.000000  2.815079e-11
6450.000000  2.783801e-11
6470.000000  2.748134e-11
6490.000000  2.713700e-11
6510.000000  2.671689e-11
6530.000000  2.599097e-11
6550.000000  2.335533e-11
6570.000000  2.015329e-11
6590.000000  2.461097e-11
6610.000000  2.522634e-11
6630.000000  2.516312e-11
6650.000000  2.497347e-11
6670.000000  2.460383e-11
6690.000000  2.438590e-11
6710.000000  2.428181e-11
6730.000000  2.403231e-11
6750.000000  2.378597e-11
6770.000000  2.354278e-11
6790.000000  2.330262e-11
6810.000000  2.306574e-11
6830.000000  2.282888e-11
6850.000000  2.259831e-11
6870.000000  2.237091e-11
6890.000000  2.214666e-11
6910.000000  2.192242e-11
6930.000000  2.170119e-11
6950.000000  2.148655e-11
6970.000000  2.127178e-11
6990.000000  2.106015e-11
7010.000000  2.085169e-11
7030.000000  2.064638e-11
7050.000000  2.043792e-11
7070.000000  2.010285e-11
7090.000000  2.004007e-11
7110.000000  1.984423e-11
7130.000000  1.965155e-11
7150.000000  1.945887e-11
7170.000000  1.926948e-11
7190.000000  1.908311e-11
7210.000000  1.889989e-11
7230.000000  1.871325e-11
7250.000000  1.853663e-11
7270.000000  1.835973e-11
7290.000000  1.813867e-11
7310.000000  1.800922e-11
7330.000000  1.783863e-11
7350.000000  1.766805e-11
7370.000000  1.750076e-11
7390.000000  1.733634e-11
7410.000000  1.717221e-11
7430.000000  1.701094e-11
7450.000000  1.685011e-11
7470.000000  1.669215e-11
7490.000000  1.653734e-11
7510.000000  1.638254e-11
7530.000000  1.623103e-11
7550.000000  1.607937e-11
7570.000000  1.593103e-11
7590.000000  1.578253e-11
7610.000000  1.563733e-11
7630.000000  1.549515e-11
7650.000000  1.535297e-11
7670.000000  1.521395e-11
7690.000000  1.507493e-11
7710.000000  1.493604e-11
7730.000000  1.480032e-11
7750.000000  1.466760e-11
7770.000000  1.451484e-11
7790.000000  1.440232e-11
7810.000000  1.427277e-11
7830.000000  1.414637e-11
7850.000000  1.401682e-11
7870.000000  1.389042e-11
7890.000000  1.376388e-11
7910.000000  1.364751e-11
7930.000000  1.352742e-11
7950.000000  1.340720e-11
7970.000000  1.329055e-11
7990.000000  1.317019e-11
8010.000000  1.305683e-11
8030.000000  1.294306e-11
8050.000000  1.282942e-11
8070.000000  1.271580e-11
8090.000000  1.260518e-11
8110.000000  1.249771e-11
8130.000000  1.238724e-11
8150.000000  1.227992e-11
8170.000000  1.217562e-11
8190.000000  1.207131e-11
8210.000000  1.196703e-11
8230.000000  1.186904e-11
8250.000000  1.177449e-11
8270.000000  1.167334e-11
8290.000000  1.158180e-11
8310.000000  1.149012e-11
8330.000000  1.139543e-11
8350.000000  1.129745e-11
8370.000000  1.120907e-11
8390.000000  1.112054e-11
8410.000000  1.102584e-11
8430.000000  1.092800e-11
8450.000000  1.082643e-11
8470.000000  1.072913e-11
8490.000000  1.064047e-11
8510.000000  1.051736e-11
8530.000000  1.046055e-11
8550.000000  1.023943e-11
8570.000000  1.033732e-11
8590.000000  1.002796e-11
8610.000000  9.923772e-12
8630.000000  1.016662e-11
8650.000000  9.860397e-12
8670.000000  9.267017e-12
8690.000000  9.869899e-12
8710.000000  1.001485e-11
8730.000000  9.658277e-12
8750.000000  8.597823e-12
8770.000000  9.266693e-12
8790.000000  9.793637e-12
8810.000000  9.847318e-12
8830.000000  9.604247e-12
8850.000000  8.736389e-12
8870.000000  7.997684e-12
8890.000000  9.092709e-12
8910.000000  9.480888e-12
8930.000000  9.540745e-12
8950.000000  9.474593e-12
8970.000000  9.278876e-12
8990.000000  8.786413e-12
9010.000000  7.571024e-12
9030.000000  7.899480e-12
9050.000000  8.748408e-12
9070.000000  8.959669e-12
9090.000000  9.003722e-12
9110.000000  8.975315e-12
9130.000000  8.909024e-12
9150.000000  8.817622e-12
9170.000000  8.678593e-12
9190.000000  8.432352e-12
9210.000000  7.813904e-12
9230.000000  6.702419e-12
9250.000000  7.554908e-12
9270.000000  8.119294e-12
9290.000000  8.274267e-12
9310.000000  8.274430e-12
9330.000000  8.249035e-12
9350.000000  8.198529e-12
9370.000000  8.141570e-12
9390.000000  8.078442e-12
9410.000000  8.008583e-12
9430.000000  7.945866e-12
9450.000000  7.867092e-12
9470.000000  7.765947e-12
9490.000000  7.645980e-12
9510.000000  7.387130e-12
9530.000000  6.777996e-12
9550.000000  5.928675e-12
9570.000000  6.800095e-12
9590.000000  7.216531e-12
9610.000000  7.317422e-12
9630.000000  7.310987e-12
9650.000000  7.292185e-12
9670.000000  7.251005e-12
9690.000000  7.200644e-12
9710.000000  7.156313e-12
9730.000000  7.112121e-12
9750.000000  7.058458e-12
9770.000000  7.004801e-12
9790.000000  6.951138e-12
9810.000000  6.900493e-12
9830.000000  6.849986e-12
9850.000000  6.796330e-12
9870.000000  6.745823e-12
9890.000000  6.688997e-12
9910.000000  6.629026e-12
9930.000000  6.575224e-12
9950.000000  6.512235e-12
9970.000000  6.442642e-12
9990.000000  6.341630e-12
10025.000000  5.786171e-12
10075.000000  5.558607e-12
10125.000000  6.057264e-12
10175.000000  6.009921e-12
10225.000000  5.921537e-12
10275.000000  5.817235e-12
10325.000000  5.706758e-12
10375.000000  5.612060e-12
10425.000000  5.514066e-12
10475.000000  5.416211e-12
10525.000000  5.321519e-12
10575.000000  5.229833e-12
10625.000000  5.138298e-12
10675.000000  5.046757e-12
10725.000000  4.964541e-12
10775.000000  4.873000e-12
10825.000000  4.746606e-12
10875.000000  4.623621e-12
10925.000000  4.030145e-12
10975.000000  4.254136e-12
11025.000000  4.427784e-12
11075.000000  4.389906e-12
11125.000000  4.332947e-12
11175.000000  4.263505e-12
11225.000000  4.190906e-12
11275.000000  4.124476e-12
11325.000000  4.055034e-12
11375.000000  3.991900e-12
11425.000000  3.925615e-12
11475.000000  3.862481e-12
11525.000000  3.802365e-12
11575.000000  3.739376e-12
11625.000000  3.682272e-12
11675.000000  3.622440e-12
11725.000000  3.565620e-12
11775.000000  3.508667e-12
11825.000000  3.455004e-12
11875.000000  3.401340e-12
11925.000000  3.347679e-12
11975.000000  3.290726e-12
12025.000000  3.246527e-12
12075.000000  3.196023e-12
12125.000000  3.146725e-12
12175.000000  3.098786e-12
12225.000000  3.051726e-12
12275.000000  3.005626e-12
12325.000000  2.960458e-12
12375.000000  2.915937e-12
12425.000000  2.872348e-12
12475.000000  2.829390e-12
12525.000000  2.786763e-12
12575.000000  2.746330e-12
12625.000000  2.704992e-12
12675.000000  2.658218e-12
12725.000000  2.605186e-12
12775.000000  2.489015e-12
12825.000000  2.226944e-12
12875.000000  2.441324e-12
12925.000000  2.461176e-12
12975.000000  2.434306e-12
13025.000000  2.408106e-12
13075.000000  2.373986e-12
13125.000000  2.340197e-12
13175.000000  2.307039e-12
13225.000000  2.274814e-12
13275.000000  2.242918e-12
13325.000000  2.211352e-12
13375.000000  2.180705e-12
13425.000000  2.150086e-12
13475.000000  2.120702e-12
13525.000000  2.091332e-12
13575.000000  2.062593e-12
13625.000000  2.034184e-12
13675.000000  2.006693e-12
13725.000000  1.979217e-12
13775.000000  1.952386e-12
13825.000000  1.926158e-12
13875.000000  1.900260e-12
13925.000000  1.874692e-12
13975.000000  1.849727e-12
14025.000000  1.825091e-12
14075.000000  1.800785e-12
14125.000000  1.776795e-12
14175.000000  1.753408e-12
14225.000000  1.730365e-12
14275.000000  1.707624e-12
14325.000000  1.685513e-12
14375.000000  1.663403e-12
14425.000000  1.641924e-12
14475.000000  1.620761e-12
14525.000000  1.599914e-12
14570.000000  1.581290e-12
14620.000000  1.561705e-12
14675.000000  1.539925e-12
14725.000000  1.520655e-12
14775.000000  1.501401e-12
14825.000000  1.482763e-12
14875.000000  1.464426e-12
14925.000000  1.446118e-12
14975.000000  1.428125e-12
15025.000000  1.410750e-12
15075.000000  1.393059e-12
15125.000000  1.376014e-12
15175.000000  1.359269e-12
15225.000000  1.342525e-12
15275.000000  1.325796e-12
15325.000000  1.309367e-12
15375.000000  1.293886e-12
15425.000000  1.276840e-12
15475.000000  1.262004e-12
15525.000000  1.245589e-12
15575.000000  1.228515e-12
15625.000000  1.218100e-12
15675.000000  1.197581e-12
15725.000000  1.180836e-12
15775.000000  1.176720e-12
15825.000000  1.160306e-12
15875.000000  1.127157e-12
15925.000000  1.126844e-12
15975.000000  1.125556e-12
16050.000000  1.095882e-12
16150.000000  1.057039e-12
16250.000000  1.060818e-12
16350.000000  1.016609e-12
16450.000000  9.752541e-13
16550.000000  9.935407e-13
16650.000000  9.726936e-13
16750.000000  9.228152e-13
16850.000000  8.827097e-13
16950.000000  9.079544e-13
17050.000000  8.905945e-13
17150.000000  8.716398e-13
17250.000000  8.460559e-13
17350.000000  7.747104e-13
17450.000000  8.005859e-13
17550.000000  7.980477e-13
17650.000000  7.831989e-13
17750.000000  7.664686e-13
17850.000000  7.500539e-13
17950.000000  7.333236e-13
18050.000000  7.127910e-13
18150.000000  6.546904e-13
18250.000000  6.688983e-13
18350.000000  6.723577e-13
18450.000000  6.606792e-13
18550.000000  6.464594e-13
18650.000000  6.275204e-13
18750.000000  5.766803e-13
18850.000000  6.019359e-13
18950.000000  5.956243e-13
19050.000000  5.845621e-13
19150.000000  5.731987e-13
19250.000000  5.605574e-13
19350.000000  5.425781e-13
19450.000000  4.983540e-13
19550.000000  5.214147e-13
19650.000000  5.182444e-13
19750.000000  5.094060e-13
19850.000000  4.996066e-13
19950.000000  4.901368e-13
20050.000000  4.806670e-13
20150.000000  4.718140e-13
20250.000000  4.626738e-13
20350.000000  4.541372e-13
20450.000000  4.456139e-13
20550.000000  4.370912e-13
20650.000000  4.291860e-13
20750.000000  4.212941e-13
20850.000000  4.137179e-13
20950.000000  4.061284e-13
21050.000000  3.988678e-13
21150.000000  3.915934e-13
21250.000000  3.846486e-13
21350.000000  3.777044e-13
21450.000000  3.701282e-13
21550.000000  3.597107e-13
21650.000000  3.319167e-13
21750.000000  3.448600e-13
21850.000000  3.442299e-13
21950.000000  3.394950e-13
22050.000000  3.334974e-13
22150.000000  3.278153e-13
22250.000000  3.221334e-13
22350.000000  3.167529e-13
22450.000000  3.113249e-13
22550.000000  3.060505e-13
22650.000000  3.008722e-13
22750.000000  2.958187e-13
22850.000000  2.908917e-13
22950.000000  2.860606e-13
23050.000000  2.813229e-13
23150.000000  2.766812e-13
23250.000000  2.721644e-13
23350.000000  2.677121e-13
23450.000000  2.633531e-13
23550.000000  2.590902e-13
23650.000000  2.549206e-13
23750.000000  2.508142e-13
23850.000000  2.467737e-13
23950.000000  2.428265e-13
24050.000000  2.389726e-13
24150.000000  2.352133e-13
24250.000000  2.314885e-13
24350.000000  2.278555e-13
24450.000000  2.242255e-13
24550.000000  2.207503e-13
24650.000000  2.172464e-13
24750.000000  2.138660e-13
24850.000000  2.106448e-13
24950.000000  2.071710e-13
