2505.000000  8.003257e-12
2513.000000  3.660118e-12
2518.000000  2.227645e-12
2525.000000  2.423614e-12
2535.000000  3.184326e-12
2545.000000  3.969619e-12
2555.000000  7.749028e-12
2565.000000  6.400997e-12
2575.000000  8.740687e-12
2585.000000  7.695578e-12
2595.000000  6.764979e-12
2605.000000  5.328952e-12
2615.000000  4.777985e-12
2625.000000  7.056347e-12
2635.000000  1.264242e-11
2645.000000  1.761989e-11
2655.000000  2.230203e-11
2665.000000  1.474687e-11
2675.000000  1.708556e-11
2685.000000  1.931386e-11
2695.000000  1.433524e-11
2705.000000  1.748670e-11
2715.000000  1.250750e-11
2725.000000  1.096393e-11
2735.000000  1.310200e-11
2745.000000  6.541195e-12
2755.000000  9.483095e-12
2765.000000  1.271769e-11
2775.000000  1.394752e-11
2785.000000  7.218695e-12
2795.000000  2.371508e-12
2805.000000  3.102417e-12
2815.000000  1.213008e-11
2825.000000  1.896971e-11
2835.000000  1.773285e-11
2845.000000  1.251847e-11
2855.000000  5.870488e-12
2865.000000  1.697382e-11
2875.000000  2.133480e-11
2885.000000  1.896529e-11
2895.000000  2.158513e-11
2910.000000  2.784005e-11
2930.000000  2.498837e-11
2950.000000  2.439626e-11
2970.000000  2.621121e-11
2990.000000  2.594850e-11
3010.000000  2.705496e-11
3030.000000  2.773143e-11
3050.000000  2.895742e-11
3070.000000  2.871009e-11
3090.000000  2.805491e-11
3110.000000  2.936794e-11
3130.000000  2.855898e-11
3150.000000  2.729483e-11
3170.000000  2.925647e-11
3190.000000  2.650096e-11
3210.000000  2.941759e-11
3230.000000  2.532055e-11
3250.000000  3.189087e-11
3270.000000  3.623639e-11
3290.000000  3.525948e-11
3310.000000  3.479074e-11
3330.000000  3.467995e-11
3350.000000  3.395584e-11
3370.000000  2.799594e-11
3390.000000  3.187876e-11
3410.000000  3.242159e-11
3430.000000  3.384001e-11
3450.000000  3.460470e-11
3470.000000  3.525559e-11
3490.000000  3.703419e-11
3510.000000  3.838421e-11
3530.000000  3.614900e-11
3550.000000  4.102968e-11
3570.000000  3.373325e-11
3590.000000  3.345212e-11
3610.000000  3.575575e-11
3630.000000  3.607178e-11
3640.000000  3.634727e-11
3650.000000  4.028793e-11
3670.000000  4.051034e-11
3690.000000  3.924844e-11
3710.000000  4.103321e-11
3730.000000  3.507626e-11
3750.000000  3.881822e-11
3770.000000  4.369575e-11
3790.000000  4.642590e-11
3810.000000  4.822646e-11
3830.000000  3.478947e-11
3850.000000  4.525349e-11
3870.000000  4.505138e-11
3890.000000  4.309034e-11
3910.000000  4.903318e-11
3930.000000  2.844427e-11
3950.000000  4.529690e-11
3970.000000  3.154888e-11
3990.000000  5.521277e-11
4010.000000  5.824888e-11
4030.000000  5.806784e-11
4050.000000  5.663644e-11
4070.000000  5.554270e-11
4090.000000  5.928665e-11
4110.000000  5.537545e-11
4130.000000  5.940007e-11
4150.000000  6.007535e-11
4170.000000  6.000700e-11
4190.000000  5.791783e-11
4210.000000  5.797584e-11
4230.000000  5.554767e-11
4250.000000  5.645678e-11
4270.000000  5.400201e-11
4290.000000  4.989002e-11
4310.000000  4.271981e-11
4330.000000  5.568425e-11
4350.000000  5.243577e-11
4370.000000  5.888764e-11
4390.000000  5.530123e-11
4410.000000  5.798334e-11
4430.000000  6.032729e-11
4450.000000  5.966611e-11
4470.000000  6.147130e-11
4490.000000  6.192423e-11
4510.000000  6.571079e-11
4530.000000  6.107216e-11
4550.000000  6.219625e-11
4570.000000  6.517221e-11
4590.000000  6.233040e-11
4610.000000  6.352663e-11
4630.000000  6.270156e-11
4650.000000  6.311747e-11
4670.000000  6.423898e-11
4690.000000  6.320815e-11
4710.000000  6.110908e-11
4730.000000  6.332458e-11
4750.000000  6.378212e-11
4770.000000  6.357125e-11
4790.000000  6.320098e-11
4810.000000  6.280962e-11
4830.000000  6.298443e-11
4850.000000  5.925318e-11
4870.000000  5.248914e-11
4890.000000  6.043403e-11
4910.000000  6.042833e-11
4930.000000  5.930980e-11
4950.000000  6.087264e-11
4970.000000  6.151921e-11
4990.000000  5.823485e-11
5010.000000  5.634853e-11
5030.000000  5.890628e-11
5050.000000  5.857081e-11
5070.000000  6.020556e-11
5090.000000  5.851873e-11
5110.000000  5.904922e-11
5130.000000  5.792285e-11
5150.000000  5.639105e-11
5170.000000  5.310230e-11
5190.000000  5.317431e-11
5210.000000  5.589980e-11
5230.000000  5.646914e-11
5250.000000  5.771435e-11
5270.000000  5.285459e-11
5290.000000  5.701416e-11
5310.000000  5.792747e-11
5330.000000  5.411140e-11
5350.000000  5.670773e-11
5370.000000  5.637495e-11
5390.000000  5.592329e-11
5410.000000  5.447390e-11
5430.000000  5.543191e-11
5450.000000  5.613236e-11
5470.000000  5.538622e-11
5490.000000  5.518175e-11
5510.000000  5.513111e-11
5530.000000  5.513348e-11
5550.000000  5.556112e-11
5570.000000  5.422688e-11
5590.000000  5.345676e-11
5610.000000  5.418600e-11
5630.000000  5.446537e-11
5650.000000  5.418084e-11
5670.000000  5.317650e-11
5690.000000  5.361960e-11
5710.000000  5.279042e-11
5730.000000  5.458462e-11
5750.000000  5.341172e-11
5770.000000  5.356293e-11
5790.000000  5.267356e-11
5810.000000  5.312107e-11
5830.000000  5.332450e-11
5850.000000  5.240925e-11
5870.000000  5.234482e-11
5890.000000  4.999406e-11
5910.000000  5.180351e-11
5930.000000  5.156801e-11
5950.000000  5.151420e-11
5970.000000  5.136455e-11
5990.000000  5.094222e-11
6010.000000  5.030951e-11
6030.000000  5.016672e-11
6050.000000  5.064190e-11
6070.000000  5.033927e-11
6090.000000  4.961227e-11
6110.000000  4.912996e-11
6130.000000  4.784381e-11
6150.000000  4.808142e-11
6170.000000  4.706073e-11
6190.000000  4.843203e-11
6210.000000  4.840036e-11
6230.000000  4.747618e-11
6250.000000  4.632563e-11
6270.000000  4.758876e-11
6290.000000  4.754389e-11
6310.000000  4.647699e-11
6330.000000  4.651397e-11
6350.000000  4.650164e-11
6370.000000  4.625885e-11
6390.000000  4.624085e-11
6410.000000  4.537331e-11
6430.000000  4.555652e-11
6450.000000  4.506341e-11
6470.000000  4.492230e-11
6490.000000  4.430346e-11
6510.000000  4.483780e-11
6530.000000  4.467636e-11
6550.000000  4.301258e-11
6570.000000  3.793906e-11
6590.000000  4.353750e-11
6610.000000  4.399695e-11
6630.000000  4.377648e-11
6650.000000  4.358566e-11
6670.000000  4.310808e-11
6690.000000  4.337008e-11
6710.000000  4.278788e-11
6730.000000  4.287850e-11
6750.000000  4.246082e-11
6770.000000  4.234517e-11
6790.000000  4.212706e-11
6810.000000  4.184234e-11
6830.000000  4.181877e-11
6850.000000  4.121442e-11
6870.000000  4.129766e-11
6890.000000  4.119535e-11
6910.000000  4.091840e-11
6930.000000  4.072959e-11
6950.000000  4.050968e-11
6970.000000  4.038454e-11
6990.000000  4.019044e-11
7010.000000  3.940678e-11
7030.000000  3.962832e-11
7050.000000  3.958182e-11
7070.000000  3.928794e-11
7090.000000  3.907531e-11
7110.000000  3.889627e-11
7130.000000  3.851071e-11
7150.000000  3.825979e-11
7170.000000  3.809348e-11
7190.000000  3.744641e-11
7210.000000  3.767223e-11
7230.000000  3.758527e-11
7250.000000  3.756659e-11
7270.000000  3.739866e-11
7290.000000  3.670828e-11
7310.000000  3.691184e-11
7330.000000  3.669670e-11
7350.000000  3.669704e-11
7370.000000  3.658356e-11
7390.000000  3.593532e-11
7410.000000  3.546629e-11
7430.000000  3.562942e-11
7450.000000  3.557604e-11
7470.000000  3.561388e-11
7490.000000  3.528102e-11
7510.000000  3.518802e-11
7530.000000  3.509295e-11
7550.000000  3.504555e-11
7570.000000  3.472867e-11
7590.000000  3.457310e-11
7610.000000  3.436515e-11
7630.000000  3.432414e-11
7650.000000  3.412754e-11
7670.000000  3.348718e-11
7690.000000  3.376165e-11
7710.000000  3.341289e-11
7730.000000  3.337887e-11
7750.000000  3.300916e-11
7770.000000  3.305619e-11
7790.000000  3.306157e-11
7810.000000  3.287254e-11
7830.000000  3.252998e-11
7850.000000  3.241907e-11
7870.000000  3.246968e-11
7890.000000  3.228384e-11
7910.000000  3.198071e-11
7930.000000  3.147407e-11
7950.000000  3.144034e-11
7970.000000  3.165093e-11
7990.000000  3.153838e-11
8010.000000  3.118572e-11
8030.000000  3.106882e-11
8050.000000  3.082242e-11
8070.000000  3.087963e-11
8090.000000  3.047196e-11
8110.000000  3.056823e-11
8130.000000  3.051116e-11
8150.000000  3.031688e-11
8170.000000  3.016475e-11
8190.000000  2.947964e-11
8210.000000  2.950053e-11
8230.000000  2.934088e-11
8250.000000  2.938704e-11
8270.000000  2.947144e-11
8290.000000  2.928666e-11
8310.000000  2.890316e-11
8330.000000  2.861887e-11
8350.000000  2.872241e-11
8370.000000  2.870091e-11
8390.000000  2.828576e-11
8410.000000  2.844441e-11
8430.000000  2.805675e-11
8450.000000  2.797930e-11
8470.000000  2.778122e-11
8490.000000  2.749255e-11
8510.000000  2.637907e-11
8530.000000  2.712858e-11
8550.000000  2.380989e-11
8570.000000  2.740091e-11
8590.000000  2.693699e-11
8610.000000  2.675518e-11
8630.000000  2.700564e-11
8650.000000  2.663255e-11
8670.000000  2.349319e-11
8690.000000  2.614435e-11
8710.000000  2.642850e-11
8730.000000  2.624850e-11
8750.000000  2.533432e-11
8770.000000  2.606762e-11
8790.000000  2.597106e-11
8810.000000  2.556136e-11
8830.000000  2.565571e-11
8850.000000  2.540327e-11
8870.000000  2.443725e-11
8890.000000  2.542696e-11
8910.000000  2.539508e-11
8930.000000  2.505947e-11
8950.000000  2.504658e-11
8970.000000  2.498496e-11
8990.000000  2.488650e-11
9010.000000  2.342610e-11
9030.000000  2.427962e-11
9050.000000  2.465272e-11
9070.000000  2.422833e-11
9090.000000  2.371512e-11
9110.000000  2.396256e-11
9130.000000  2.416522e-11
9150.000000  2.402607e-11
9170.000000  2.388643e-11
9190.000000  2.383764e-11
9210.000000  2.327996e-11
9230.000000  2.208703e-11
9250.000000  2.291729e-11
9270.000000  2.318971e-11
9290.000000  2.322735e-11
9310.000000  2.319418e-11
9330.000000  2.304303e-11
9350.000000  2.293378e-11
9370.000000  2.281684e-11
9390.000000  2.273437e-11
9410.000000  2.197977e-11
9430.000000  2.240952e-11
9450.000000  2.221645e-11
9470.000000  2.233949e-11
9490.000000  2.228144e-11
9510.000000  2.209948e-11
9530.000000  2.182659e-11
9550.000000  2.055863e-11
9570.000000  2.162954e-11
9590.000000  2.174500e-11
9610.000000  2.153392e-11
9630.000000  2.135248e-11
9650.000000  2.130168e-11
9670.000000  2.113868e-11
9690.000000  2.120468e-11
9710.000000  2.115390e-11
9730.000000  2.106612e-11
9750.000000  2.084510e-11
9770.000000  2.083130e-11
9790.000000  2.071587e-11
9810.000000  2.070363e-11
9830.000000  2.058885e-11
9850.000000  2.051000e-11
9870.000000  2.035185e-11
9890.000000  2.023620e-11
9910.000000  2.013373e-11
9930.000000  2.017859e-11
9950.000000  2.008743e-11
9970.000000  2.000596e-11
9990.000000  1.990356e-11
10025.000000  1.953175e-11
10075.000000  1.904226e-11
10125.000000  1.926944e-11
10175.000000  1.898622e-11
10225.000000  1.886219e-11
10275.000000  1.871904e-11
10325.000000  1.839590e-11
10375.000000  1.822954e-11
10425.000000  1.810008e-11
10475.000000  1.777003e-11
10525.000000  1.769450e-11
10575.000000  1.745189e-11
10625.000000  1.724190e-11
10675.000000  1.683080e-11
10725.000000  1.682851e-11
10775.000000  1.662499e-11
10825.000000  1.632896e-11
10875.000000  1.620826e-11
10925.000000  1.559695e-11
10975.000000  1.574592e-11
11025.000000  1.581878e-11
11075.000000  1.573870e-11
11125.000000  1.553021e-11
11175.000000  1.535361e-11
11225.000000  1.526068e-11
11275.000000  1.494345e-11
11325.000000  1.485663e-11
11375.000000  1.473052e-11
11425.000000  1.450411e-11
11475.000000  1.452713e-11
11525.000000  1.438619e-11
11575.000000  1.418837e-11
11625.000000  1.393930e-11
11675.000000  1.382384e-11
11725.000000  1.384390e-11
11775.000000  1.351802e-11
11825.000000  1.340807e-11
11875.000000  1.325481e-11
11925.000000  1.332910e-11
11975.000000  1.291928e-11
12025.000000  1.294795e-11
12075.000000  1.278814e-11
12125.000000  1.272818e-11
12175.000000  1.269720e-11
12225.000000  1.256941e-11
12275.000000  1.240649e-11
12325.000000  1.232054e-11
12375.000000  1.220140e-11
12425.000000  1.207887e-11
12475.000000  1.199755e-11
12525.000000  1.185947e-11
12575.000000  1.173699e-11
12625.000000  1.163273e-11
12675.000000  1.151708e-11
12725.000000  1.144414e-11
12775.000000  1.128339e-11
12825.000000  1.048773e-11
12875.000000  1.107124e-11
12925.000000  1.099914e-11
12975.000000  1.094146e-11
13025.000000  1.081519e-11
13075.000000  1.075379e-11
13125.000000  1.058249e-11
13175.000000  1.047941e-11
13225.000000  1.046531e-11
13275.000000  1.031350e-11
13325.000000  1.026034e-11
13375.000000  1.016249e-11
13425.000000  1.010714e-11
13475.000000  1.001333e-11
13525.000000  9.925083e-12
13575.000000  9.784586e-12
13625.000000  9.733165e-12
13675.000000  9.644047e-12
13725.000000  9.537613e-12
13775.000000  9.475930e-12
13825.000000  9.406359e-12
13875.000000  9.347504e-12
13925.000000  9.257802e-12
13975.000000  9.177910e-12
14025.000000  9.069495e-12
14075.000000  9.028307e-12
14125.000000  8.901180e-12
14175.000000  8.884163e-12
14225.000000  8.727673e-12
14275.000000  8.610932e-12
14325.000000  8.640138e-12
14375.000000  8.601170e-12
14425.000000  8.337805e-12
14475.000000  8.443567e-12
14525.000000  8.267906e-12
14570.000000  8.269273e-12
14620.000000  8.204917e-12
14675.000000  8.147699e-12
14725.000000  8.018370e-12
14775.000000  7.960001e-12
14825.000000  7.919789e-12
14875.000000  7.738853e-12
14925.000000  7.847473e-12
14975.000000  7.735786e-12
15025.000000  7.551749e-12
15075.000000  7.516921e-12
15125.000000  7.566475e-12
15175.000000  7.524273e-12
15225.000000  7.407160e-12
15275.000000  7.386225e-12
15325.000000  7.313204e-12
15375.000000  7.253586e-12
15425.000000  7.186189e-12
15475.000000  7.141531e-12
15525.000000  7.060235e-12
15575.000000  6.978415e-12
15625.000000  6.988202e-12
15675.000000  6.849152e-12
15725.000000  6.796492e-12
15775.000000  6.643220e-12
15825.000000  6.682354e-12
15875.000000  6.441182e-12
15925.000000  6.554664e-12
15975.000000  6.534414e-12
16050.000000  6.432303e-12
16150.000000  6.246306e-12
16250.000000  6.259600e-12
16350.000000  6.067674e-12
16450.000000  5.857296e-12
16550.000000  5.911888e-12
16650.000000  5.797065e-12
16750.000000  5.578546e-12
16850.000000  5.351079e-12
16950.000000  5.463521e-12
17050.000000  5.318238e-12
17150.000000  5.213984e-12
17250.000000  5.074329e-12
17350.000000  4.740005e-12
17450.000000  4.847285e-12
17550.000000  4.806808e-12
17650.000000  4.707029e-12
17750.000000  4.618402e-12
17850.000000  4.536823e-12
17950.000000  4.453630e-12
18050.000000  4.344323e-12
18150.000000  4.064288e-12
18250.000000  4.126847e-12
18350.000000  4.098012e-12
18450.000000  4.000547e-12
18550.000000  3.940793e-12
18650.000000  3.838277e-12
18750.000000  3.542727e-12
18850.000000  3.694138e-12
18950.000000  3.592999e-12
19050.000000  3.586995e-12
19150.000000  3.512299e-12
19250.000000  3.448506e-12
19350.000000  3.357236e-12
19450.000000  3.126802e-12
19550.000000  3.244939e-12
19650.000000  3.195946e-12
19750.000000  3.127429e-12
19850.000000  3.084392e-12
19950.000000  3.028106e-12
20050.000000  2.983615e-12
20150.000000  2.937558e-12
20250.000000  2.870872e-12
20350.000000  2.806793e-12
20450.000000  2.782530e-12
20550.000000  2.728696e-12
20650.000000  2.669126e-12
20750.000000  2.630370e-12
20850.000000  2.585324e-12
20950.000000  2.529571e-12
21050.000000  2.499157e-12
21150.000000  2.451854e-12
21250.000000  2.409380e-12
21350.000000  2.370766e-12
21450.000000  2.334445e-12
21550.000000  2.287547e-12
21650.000000  2.132529e-12
21750.000000  2.194967e-12
21850.000000  2.170264e-12
21950.000000  2.146466e-12
22050.000000  2.096296e-12
22150.000000  2.072513e-12
22250.000000  2.038738e-12
22350.000000  2.005171e-12
22450.000000  1.972720e-12
22550.000000  1.934299e-12
22650.000000  1.904868e-12
22750.000000  1.878779e-12
22850.000000  1.841738e-12
22950.000000  1.813663e-12
23050.000000  1.790487e-12
23150.000000  1.759134e-12
23250.000000  1.729239e-12
23350.000000  1.701133e-12
23450.000000  1.680294e-12
23550.000000  1.647234e-12
23650.000000  1.627494e-12
23750.000000  1.595780e-12
23850.000000  1.567807e-12
23950.000000  1.551834e-12
24050.000000  1.526795e-12
24150.000000  1.497593e-12
24250.000000  1.479364e-12
24350.000000  1.455133e-12
24450.000000  1.434652e-12
24550.000000  1.405066e-12
24650.000000  1.393472e-12
24750.000000  1.368495e-12
24850.000000  1.340945e-12
24950.000000  1.328961e-12
