2505.000000  5.791421e-11
2513.000000  5.368310e-11
2518.000000  5.401136e-11
2525.000000  5.094937e-11
2535.000000  5.014646e-11
2545.000000  5.044966e-11
2555.000000  5.345094e-11
2565.000000  5.341762e-11
2575.000000  5.627015e-11
2585.000000  5.639741e-11
2595.000000  5.592770e-11
2605.000000  5.383445e-11
2615.000000  5.338953e-11
2625.000000  5.564595e-11
2635.000000  5.596747e-11
2645.000000  6.063809e-11
2655.000000  6.008288e-11
2665.000000  5.682394e-11
2675.000000  5.830835e-11
2685.000000  5.873899e-11
2695.000000  5.635066e-11
2705.000000  5.701350e-11
2715.000000  5.490709e-11
2725.000000  5.515970e-11
2735.000000  5.815707e-11
2745.000000  5.160759e-11
2755.000000  5.241171e-11
2765.000000  5.427856e-11
2775.000000  5.688395e-11
2785.000000  5.609890e-11
2795.000000  4.620942e-11
2805.000000  5.035401e-11
2815.000000  5.812442e-11
2825.000000  5.796884e-11
2835.000000  5.640449e-11
2845.000000  5.505211e-11
2855.000000  5.359864e-11
2865.000000  5.578292e-11
2875.000000  5.484647e-11
2885.000000  5.602182e-11
2895.000000  5.490459e-11
2910.000000  5.834097e-11
2930.000000  5.659258e-11
2950.000000  5.637874e-11
2970.000000  5.676604e-11
2990.000000  5.692570e-11
3010.000000  5.747867e-11
3030.000000  5.725192e-11
3050.000000  5.689565e-11
3070.000000  5.636860e-11
3090.000000  5.684975e-11
3110.000000  5.608288e-11
3130.000000  5.577091e-11
3150.000000  5.620687e-11
3170.000000  5.595216e-11
3190.000000  5.446967e-11
3210.000000  5.518090e-11
3230.000000  5.431813e-11
3250.000000  5.478066e-11
3270.000000  5.501552e-11
3290.000000  5.525674e-11
3310.000000  5.529847e-11
3330.000000  5.446387e-11
3350.000000  5.372227e-11
3370.000000  5.383743e-11
3390.000000  5.347364e-11
3410.000000  5.407132e-11
3430.000000  5.393030e-11
3450.000000  5.366776e-11
3470.000000  5.322978e-11
3490.000000  5.310039e-11
3510.000000  5.332095e-11
3530.000000  5.331828e-11
3550.000000  5.322606e-11
3570.000000  5.254568e-11
3590.000000  5.237620e-11
3610.000000  5.223509e-11
3630.000000  5.211040e-11
3640.000000  5.192739e-11
3650.000000  5.241153e-11
3670.000000  5.205047e-11
3690.000000  5.013837e-11
3710.000000  5.519815e-11
3730.000000  6.050467e-11
3750.000000  8.173877e-11
3770.000000  8.804769e-11
3790.000000  1.103044e-10
3810.000000  1.304347e-10
3830.000000  1.016961e-10
3850.000000  1.445606e-10
3870.000000  1.637068e-10
3890.000000  8.785626e-11
3910.000000  1.621036e-10
3930.000000  1.678859e-10
3950.000000  1.614544e-10
3970.000000  8.384740e-11
3990.000000  1.535787e-10
4010.000000  1.697221e-10
4030.000000  1.693703e-10
4050.000000  1.668631e-10
4070.000000  1.591971e-10
4090.000000  1.230325e-10
4110.000000  9.230426e-11
4130.000000  1.508528e-10
4150.000000  1.564298e-10
4170.000000  1.552239e-10
4190.000000  1.536620e-10
4210.000000  1.517159e-10
4230.000000  1.488491e-10
4250.000000  1.472677e-10
4270.000000  1.447714e-10
4290.000000  1.425320e-10
4310.000000  1.346369e-10
4330.000000  1.004152e-10
4350.000000  8.461819e-11
4370.000000  1.301449e-10
4390.000000  1.328369e-10
4410.000000  1.323900e-10
4430.000000  1.319124e-10
4450.000000  1.306909e-10
4470.000000  1.291579e-10
4490.000000  1.266830e-10
4510.000000  1.258694e-10
4530.000000  1.241122e-10
4550.000000  1.217246e-10
4570.000000  1.215329e-10
4590.000000  1.196496e-10
4610.000000  1.193015e-10
4630.000000  1.170506e-10
4650.000000  1.164291e-10
4670.000000  1.150049e-10
4690.000000  1.131695e-10
4710.000000  1.103973e-10
4730.000000  1.109053e-10
4750.000000  1.095507e-10
4770.000000  1.080493e-10
4790.000000  1.064624e-10
4810.000000  1.042941e-10
4830.000000  9.963789e-11
4850.000000  7.736804e-11
4870.000000  6.197743e-11
4890.000000  9.399091e-11
4910.000000  9.804180e-11
4930.000000  9.728690e-11
4950.000000  9.719812e-11
4970.000000  9.647642e-11
4990.000000  9.533315e-11
5010.000000  9.366764e-11
5030.000000  9.327069e-11
5050.000000  9.204537e-11
5070.000000  9.132752e-11
5090.000000  9.030564e-11
5110.000000  8.931938e-11
5130.000000  8.826477e-11
5150.000000  8.723829e-11
5170.000000  8.529972e-11
5190.000000  8.460962e-11
5210.000000  8.437889e-11
5230.000000  8.306307e-11
5250.000000  8.271476e-11
5270.000000  8.122992e-11
5290.000000  8.090977e-11
5310.000000  7.974027e-11
5330.000000  7.893465e-11
5350.000000  7.840761e-11
5370.000000  7.743846e-11
5390.000000  7.668366e-11
5410.000000  7.575132e-11
5430.000000  7.503648e-11
5450.000000  7.433904e-11
5470.000000  7.356800e-11
5490.000000  7.283832e-11
5510.000000  7.208335e-11
5530.000000  7.124408e-11
5550.000000  7.063528e-11
5570.000000  6.987282e-11
5590.000000  6.914722e-11
5610.000000  6.847341e-11
5630.000000  6.780414e-11
5650.000000  6.709034e-11
5670.000000  6.640464e-11
5690.000000  6.575591e-11
5710.000000  6.510255e-11
5730.000000  6.446574e-11
5750.000000  6.380068e-11
5770.000000  6.317975e-11
5790.000000  6.254716e-11
5810.000000  6.192636e-11
5830.000000  6.132619e-11
5850.000000  6.070983e-11
5870.000000  6.008903e-11
5890.000000  5.922568e-11
5910.000000  5.894902e-11
5930.000000  5.838132e-11
5950.000000  5.779299e-11
5970.000000  5.724143e-11
5990.000000  5.666921e-11
6010.000000  5.612208e-11
6030.000000  5.559865e-11
6050.000000  5.507513e-11
6070.000000  5.455608e-11
6090.000000  5.403695e-11
6110.000000  5.351346e-11
6130.000000  5.298250e-11
6150.000000  5.237341e-11
6170.000000  5.197679e-11
6190.000000  5.153003e-11
6210.000000  5.104790e-11
6230.000000  5.055675e-11
6250.000000  5.000050e-11
6270.000000  4.964388e-11
6290.000000  4.917358e-11
6310.000000  4.870297e-11
6330.000000  4.826514e-11
6350.000000  4.769292e-11
6370.000000  4.731537e-11
6390.000000  4.694668e-11
6410.000000  4.649240e-11
6430.000000  4.608672e-11
6450.000000  4.550856e-11
6470.000000  4.511500e-11
6490.000000  4.455595e-11
6510.000000  4.390543e-11
6530.000000  4.256618e-11
6550.000000  3.700311e-11
6570.000000  2.956053e-11
6590.000000  4.021232e-11
6610.000000  4.173323e-11
6630.000000  4.180269e-11
6650.000000  4.158601e-11
6670.000000  4.129397e-11
6690.000000  4.100495e-11
6710.000000  4.065996e-11
6730.000000  4.029865e-11
6750.000000  3.994616e-11
6770.000000  3.961722e-11
6790.000000  3.926047e-11
6810.000000  3.891978e-11
6830.000000  3.857904e-11
6850.000000  3.825459e-11
6870.000000  3.792577e-11
6890.000000  3.760123e-11
6910.000000  3.727681e-11
6930.000000  3.695240e-11
6950.000000  3.664418e-11
6970.000000  3.632417e-11
6990.000000  3.602769e-11
7010.000000  3.570314e-11
7030.000000  3.541120e-11
7050.000000  3.511912e-11
7070.000000  3.482277e-11
7090.000000  3.453519e-11
7110.000000  3.415014e-11
7130.000000  3.393497e-11
7150.000000  3.365912e-11
7170.000000  3.338337e-11
7190.000000  3.310753e-11
7210.000000  3.283181e-11
7230.000000  3.255597e-11
7250.000000  3.229196e-11
7270.000000  3.203248e-11
7290.000000  3.176104e-11
7310.000000  3.149703e-11
7330.000000  3.124195e-11
7350.000000  3.099417e-11
7370.000000  3.075080e-11
7390.000000  3.049119e-11
7410.000000  3.023607e-11
7430.000000  2.998820e-11
7450.000000  2.974495e-11
7470.000000  2.948531e-11
7490.000000  2.925820e-11
7510.000000  2.903555e-11
7530.000000  2.882011e-11
7550.000000  2.859310e-11
7570.000000  2.835425e-11
7590.000000  2.813882e-11
7610.000000  2.791167e-11
7630.000000  2.768466e-11
7650.000000  2.747362e-11
7670.000000  2.724648e-11
7690.000000  2.703567e-11
7710.000000  2.682466e-11
7730.000000  2.661388e-11
7750.000000  2.640737e-11
7770.000000  2.589982e-11
7790.000000  2.599739e-11
7810.000000  2.580259e-11
7830.000000  2.559168e-11
7850.000000  2.538526e-11
7870.000000  2.516986e-11
7890.000000  2.495905e-11
7910.000000  2.480124e-11
7930.000000  2.461830e-11
7950.000000  2.441179e-11
7970.000000  2.424959e-11
7990.000000  2.401801e-11
8010.000000  2.388817e-11
8030.000000  2.369790e-11
8050.000000  2.351946e-11
8070.000000  2.334102e-11
8090.000000  2.316257e-11
8110.000000  2.299584e-11
8130.000000  2.282189e-11
8150.000000  2.265515e-11
8170.000000  2.248115e-11
8190.000000  2.227011e-11
8210.000000  2.218163e-11
8230.000000  2.203113e-11
8250.000000  2.186883e-11
8270.000000  2.177156e-11
8290.000000  2.161384e-11
8310.000000  2.146334e-11
8330.000000  2.124790e-11
8350.000000  2.113445e-11
8370.000000  2.093822e-11
8390.000000  2.072731e-11
8410.000000  2.050753e-11
8430.000000  2.039996e-11
8450.000000  2.017722e-11
8470.000000  1.956805e-11
8490.000000  2.029680e-11
8510.000000  1.888796e-11
8530.000000  2.035277e-11
8550.000000  1.785099e-11
8570.000000  2.058275e-11
8590.000000  1.886754e-11
8610.000000  1.828641e-11
8630.000000  2.084945e-11
8650.000000  1.992200e-11
8670.000000  1.616285e-11
8690.000000  2.044667e-11
8710.000000  2.119724e-11
8730.000000  2.028150e-11
8750.000000  1.561268e-11
8770.000000  1.918588e-11
8790.000000  2.097141e-11
8810.000000  2.111139e-11
8830.000000  2.056570e-11
8850.000000  1.817551e-11
8870.000000  1.512803e-11
8890.000000  1.945244e-11
8910.000000  2.033132e-11
8930.000000  2.042565e-11
8950.000000  2.037708e-11
8970.000000  2.000983e-11
8990.000000  1.898489e-11
9010.000000  1.489578e-11
9030.000000  1.643371e-11
9050.000000  1.895822e-11
9070.000000  1.924564e-11
9090.000000  1.914683e-11
9110.000000  1.927970e-11
9130.000000  1.923122e-11
9150.000000  1.906892e-11
9170.000000  1.882258e-11
9190.000000  1.833889e-11
9210.000000  1.694809e-11
9230.000000  1.305526e-11
9250.000000  1.628890e-11
9270.000000  1.757186e-11
9290.000000  1.802321e-11
9310.000000  1.802174e-11
9330.000000  1.793627e-11
9350.000000  1.783893e-11
9370.000000  1.772976e-11
9390.000000  1.757935e-11
9410.000000  1.731961e-11
9430.000000  1.733145e-11
9450.000000  1.718991e-11
9470.000000  1.701591e-11
9490.000000  1.678572e-11
9510.000000  1.630198e-11
9530.000000  1.484336e-11
9550.000000  1.182179e-11
9570.000000  1.496822e-11
9590.000000  1.594400e-11
9610.000000  1.609395e-11
9630.000000  1.602551e-11
9650.000000  1.604168e-11
9670.000000  1.587878e-11
9690.000000  1.585760e-11
9710.000000  1.578006e-11
9730.000000  1.566974e-11
9750.000000  1.555659e-11
9770.000000  1.545956e-11
9790.000000  1.535366e-11
9810.000000  1.524820e-11
9830.000000  1.514228e-11
9850.000000  1.502915e-11
9870.000000  1.493017e-11
9890.000000  1.479431e-11
9910.000000  1.471157e-11
9930.000000  1.459621e-11
9950.000000  1.448000e-11
9970.000000  1.434696e-11
9990.000000  1.415961e-11
10025.000000  1.282351e-11
10075.000000  1.216960e-11
10125.000000  1.355736e-11
10175.000000  1.345756e-11
10225.000000  1.327113e-11
10275.000000  1.305770e-11
10325.000000  1.284308e-11
10375.000000  1.263776e-11
10425.000000  1.243450e-11
10475.000000  1.221349e-11
10525.000000  1.203284e-11
10575.000000  1.184463e-11
10625.000000  1.165759e-11
10675.000000  1.138463e-11
10725.000000  1.125399e-11
10775.000000  1.110280e-11
10825.000000  1.089585e-11
10875.000000  1.060082e-11
10925.000000  8.949351e-12
10975.000000  9.762891e-12
11025.000000  1.020127e-11
11075.000000  1.011071e-11
11125.000000  9.976776e-12
11175.000000  9.828670e-12
11225.000000  9.681027e-12
11275.000000  9.500884e-12
11325.000000  9.353662e-12
11375.000000  9.247338e-12
11425.000000  9.106596e-12
11475.000000  8.980357e-12
11525.000000  8.848928e-12
11575.000000  8.717497e-12
11625.000000  8.575109e-12
11675.000000  8.428304e-12
11725.000000  8.342223e-12
11775.000000  8.168238e-12
11825.000000  8.080197e-12
11875.000000  7.962173e-12
11925.000000  7.871662e-12
11975.000000  7.741068e-12
12025.000000  7.646103e-12
12075.000000  7.534120e-12
12125.000000  7.428662e-12
12175.000000  7.328071e-12
12225.000000  7.225388e-12
12275.000000  7.121531e-12
12325.000000  7.022994e-12
12375.000000  6.926827e-12
12425.000000  6.832710e-12
12475.000000  6.735343e-12
12525.000000  6.644464e-12
12575.000000  6.544737e-12
12625.000000  6.457110e-12
12675.000000  6.362854e-12
12725.000000  6.247793e-12
12775.000000  5.991395e-12
12825.000000  5.148383e-12
12875.000000  5.885165e-12
12925.000000  5.925605e-12
12975.000000  5.870729e-12
13025.000000  5.801100e-12
13075.000000  5.724837e-12
13125.000000  5.648564e-12
13175.000000  5.571111e-12
13225.000000  5.501342e-12
13275.000000  5.429939e-12
13325.000000  5.358540e-12
13375.000000  5.288761e-12
13425.000000  5.220606e-12
13475.000000  5.152890e-12
13525.000000  5.084734e-12
13575.000000  5.019825e-12
13625.000000  4.956540e-12
13675.000000  4.893244e-12
13725.000000  4.823892e-12
13775.000000  4.769907e-12
13825.000000  4.709868e-12
13875.000000  4.651453e-12
13925.000000  4.590230e-12
13975.000000  4.535049e-12
14025.000000  4.478257e-12
14075.000000  4.423075e-12
14125.000000  4.367906e-12
14175.000000  4.313177e-12
14225.000000  4.259623e-12
14275.000000  4.207688e-12
14325.000000  4.156205e-12
14375.000000  4.105894e-12
14425.000000  4.038586e-12
14475.000000  4.006898e-12
14525.000000  3.948912e-12
14570.000000  3.914404e-12
14620.000000  3.869393e-12
14675.000000  3.822341e-12
14725.000000  3.777340e-12
14775.000000  3.730275e-12
14825.000000  3.689704e-12
14875.000000  3.643073e-12
14925.000000  3.605327e-12
14975.000000  3.563123e-12
15025.000000  3.516055e-12
15075.000000  3.476667e-12
15125.000000  3.435652e-12
15175.000000  3.393467e-12
15225.000000  3.359086e-12
15275.000000  3.302880e-12
15325.000000  3.261129e-12
15375.000000  3.243129e-12
15425.000000  3.160352e-12
15475.000000  3.170250e-12
15525.000000  3.135879e-12
15575.000000  3.008543e-12
15625.000000  3.110952e-12
15675.000000  2.993514e-12
15725.000000  2.885503e-12
15775.000000  3.025363e-12
15825.000000  2.984505e-12
15875.000000  2.688075e-12
15925.000000  2.872234e-12
15975.000000  2.924013e-12
16050.000000  2.826787e-12
16150.000000  2.640874e-12
16250.000000  2.783559e-12
16350.000000  2.641468e-12
16450.000000  2.464569e-12
16550.000000  2.613449e-12
16650.000000  2.559891e-12
16750.000000  2.414704e-12
16850.000000  2.254460e-12
16950.000000  2.395973e-12
17050.000000  2.352891e-12
17150.000000  2.303023e-12
17250.000000  2.236625e-12
17350.000000  1.983572e-12
17450.000000  2.119909e-12
17550.000000  2.111948e-12
17650.000000  2.070933e-12
17750.000000  2.030361e-12
17850.000000  1.988167e-12
17950.000000  1.946415e-12
18050.000000  1.895798e-12
18150.000000  1.698232e-12
18250.000000  1.780421e-12
18350.000000  1.789865e-12
18450.000000  1.758587e-12
18550.000000  1.720525e-12
18650.000000  1.674335e-12
18750.000000  1.495812e-12
18850.000000  1.603059e-12
18950.000000  1.589147e-12
19050.000000  1.562314e-12
19150.000000  1.532215e-12
19250.000000  1.500580e-12
19350.000000  1.456922e-12
19450.000000  1.305726e-12
19550.000000  1.402110e-12
19650.000000  1.390397e-12
19750.000000  1.365814e-12
19850.000000  1.340704e-12
19950.000000  1.315799e-12
20050.000000  1.291616e-12
20150.000000  1.267847e-12
20250.000000  1.244565e-12
20350.000000  1.221886e-12
20450.000000  1.199859e-12
20550.000000  1.178156e-12
20650.000000  1.156937e-12
20750.000000  1.136252e-12
20850.000000  1.116127e-12
20950.000000  1.096253e-12
21050.000000  1.076983e-12
21150.000000  1.057595e-12
21250.000000  1.038976e-12
21350.000000  1.021123e-12
21450.000000  1.002487e-12
21550.000000  9.769925e-13
21650.000000  8.823221e-13
21750.000000  9.375974e-13
21850.000000  9.347504e-13
21950.000000  9.208816e-13
22050.000000  9.052262e-13
22150.000000  8.896897e-13
22250.000000  8.752459e-13
22350.000000  8.606385e-13
22450.000000  8.462837e-13
22550.000000  8.322063e-13
22650.000000  8.185739e-13
22750.000000  8.051477e-13
22850.000000  7.923704e-13
22950.000000  7.795923e-13
23050.000000  7.671396e-13
23150.000000  7.549669e-13
23250.000000  7.430009e-13
23350.000000  7.311972e-13
23450.000000  7.196739e-13
23550.000000  7.083572e-13
23650.000000  6.971589e-13
23750.000000  6.861675e-13
23850.000000  6.754549e-13
23950.000000  6.649055e-13
24050.000000  6.543109e-13
24150.000000  6.437625e-13
24250.000000  6.345256e-13
24350.000000  6.239616e-13
24450.000000  6.136926e-13
24550.000000  6.057251e-13
24650.000000  5.948361e-13
24750.000000  5.859532e-13
24850.000000  5.802731e-13
24950.000000  5.624200e-13
