2505.000000  6.839233e-11
2513.000000  6.760402e-11
2518.000000  6.761993e-11
2525.000000  6.652548e-11
2535.000000  6.535153e-11
2545.000000  6.532297e-11
2555.000000  6.542366e-11
2565.000000  6.445901e-11
2575.000000  6.430338e-11
2585.000000  6.373840e-11
2595.000000  6.309522e-11
2605.000000  6.235648e-11
2615.000000  6.182932e-11
2625.000000  6.132036e-11
2635.000000  6.085346e-11
2645.000000  6.124970e-11
2655.000000  6.071955e-11
2665.000000  5.996298e-11
2675.000000  5.967167e-11
2685.000000  5.921530e-11
2695.000000  5.861531e-11
2705.000000  5.816860e-11
2715.000000  5.749057e-11
2725.000000  5.691634e-11
2735.000000  5.665110e-11
2745.000000  5.521235e-11
2755.000000  5.499414e-11
2765.000000  5.508058e-11
2775.000000  5.499847e-11
2785.000000  5.445618e-11
2795.000000  5.287629e-11
2805.000000  5.319243e-11
2815.000000  5.333237e-11
2825.000000  5.281259e-11
2835.000000  5.231605e-11
2845.000000  5.189723e-11
2855.000000  5.155349e-11
2865.000000  5.123516e-11
2875.000000  5.078676e-11
2885.000000  5.043197e-11
2895.000000  5.007211e-11
2910.000000  4.952588e-11
2930.000000  4.863688e-11
2950.000000  4.788450e-11
2970.000000  4.726733e-11
2990.000000  4.653138e-11
3010.000000  4.589444e-11
3030.000000  4.521860e-11
3050.000000  4.454235e-11
3070.000000  4.388540e-11
3090.000000  4.324717e-11
3110.000000  4.261155e-11
3130.000000  4.199295e-11
3150.000000  4.139053e-11
3170.000000  4.079692e-11
3190.000000  4.014980e-11
3210.000000  3.964071e-11
3230.000000  3.908586e-11
3250.000000  3.853330e-11
3270.000000  3.800245e-11
3290.000000  3.747140e-11
3310.000000  3.695474e-11
3330.000000  3.644721e-11
3350.000000  3.593928e-11
3370.000000  3.545584e-11
3390.000000  3.497006e-11
3410.000000  3.449600e-11
3430.000000  3.403490e-11
3450.000000  3.357804e-11
3470.000000  3.313123e-11
3490.000000  3.268584e-11
3510.000000  3.225683e-11
3530.000000  3.182785e-11
3550.000000  3.141197e-11
3570.000000  3.100317e-11
3590.000000  3.058592e-11
3610.000000  3.019937e-11
3630.000000  2.980229e-11
3640.000000  2.961762e-11
3650.000000  2.959900e-11
3670.000000  2.930228e-11
3690.000000  2.873658e-11
3710.000000  2.797991e-11
3730.000000  2.678146e-11
3750.000000  2.952133e-11
3770.000000  3.035308e-11
3790.000000  3.452220e-11
3810.000000  3.842650e-11
3830.000000  3.203129e-11
3850.000000  4.117186e-11
3870.000000  4.466749e-11
3890.000000  2.850481e-11
3910.000000  4.403456e-11
3930.000000  4.592537e-11
3950.000000  4.307886e-11
3970.000000  2.705455e-11
3990.000000  4.089306e-11
4010.000000  4.355864e-11
4030.000000  4.205145e-11
4050.000000  4.278089e-11
4070.000000  4.135026e-11
4090.000000  3.374278e-11
4110.000000  2.733199e-11
4130.000000  3.868786e-11
4150.000000  3.940451e-11
4170.000000  3.920563e-11
4190.000000  3.872748e-11
4210.000000  3.819856e-11
4230.000000  3.761062e-11
4250.000000  3.699645e-11
4270.000000  3.635750e-11
4290.000000  3.562513e-11
4310.000000  3.426551e-11
4330.000000  2.725611e-11
4350.000000  2.398867e-11
4370.000000  3.245442e-11
4390.000000  3.257657e-11
4410.000000  3.275073e-11
4430.000000  3.231925e-11
4450.000000  3.193330e-11
4470.000000  3.063765e-11
4490.000000  3.097235e-11
4510.000000  3.060905e-11
4530.000000  3.017203e-11
4550.000000  2.973904e-11
4570.000000  2.932028e-11
4590.000000  2.890629e-11
4610.000000  2.850125e-11
4630.000000  2.809541e-11
4650.000000  2.770553e-11
4670.000000  2.731601e-11
4690.000000  2.693949e-11
4710.000000  2.641864e-11
4730.000000  2.620050e-11
4750.000000  2.581712e-11
4770.000000  2.543028e-11
4790.000000  2.501579e-11
4810.000000  2.452189e-11
4830.000000  2.361344e-11
4850.000000  1.951832e-11
4870.000000  1.664140e-11
4890.000000  2.229899e-11
4910.000000  2.284108e-11
4930.000000  2.248301e-11
4950.000000  2.250132e-11
4970.000000  2.225091e-11
4990.000000  2.197884e-11
5010.000000  2.156596e-11
5030.000000  2.140416e-11
5050.000000  2.107967e-11
5070.000000  2.085630e-11
5090.000000  2.058599e-11
5110.000000  2.031752e-11
5130.000000  2.005922e-11
5150.000000  1.980566e-11
5170.000000  1.954823e-11
5190.000000  1.930297e-11
5210.000000  1.905860e-11
5230.000000  1.881384e-11
5250.000000  1.858137e-11
5270.000000  1.834505e-11
5290.000000  1.811757e-11
5310.000000  1.789305e-11
5330.000000  1.767250e-11
5350.000000  1.745308e-11
5370.000000  1.723680e-11
5390.000000  1.702583e-11
5410.000000  1.681101e-11
5430.000000  1.661234e-11
5450.000000  1.640616e-11
5470.000000  1.620545e-11
5490.000000  1.601137e-11
5510.000000  1.581787e-11
5530.000000  1.563079e-11
5550.000000  1.544072e-11
5570.000000  1.525838e-11
5590.000000  1.507829e-11
5610.000000  1.489689e-11
5630.000000  1.471748e-11
5650.000000  1.454615e-11
5670.000000  1.437637e-11
5690.000000  1.420821e-11
5710.000000  1.404195e-11
5730.000000  1.387674e-11
5750.000000  1.371762e-11
5770.000000  1.355432e-11
5790.000000  1.339894e-11
5810.000000  1.324420e-11
5830.000000  1.309013e-11
5850.000000  1.294654e-11
5870.000000  1.263012e-11
5890.000000  1.264784e-11
5910.000000  1.250726e-11
5930.000000  1.236688e-11
5950.000000  1.222543e-11
5970.000000  1.208983e-11
5990.000000  1.195390e-11
6010.000000  1.182012e-11
6030.000000  1.168899e-11
6050.000000  1.155926e-11
6070.000000  1.143080e-11
6090.000000  1.130510e-11
6110.000000  1.118034e-11
6130.000000  1.105755e-11
6150.000000  1.093698e-11
6170.000000  1.081739e-11
6190.000000  1.069991e-11
6210.000000  1.058376e-11
6230.000000  1.046917e-11
6250.000000  1.035641e-11
6270.000000  1.024502e-11
6290.000000  1.013484e-11
6310.000000  1.002629e-11
6330.000000  9.920017e-12
6350.000000  9.809262e-12
6370.000000  9.707085e-12
6390.000000  9.606916e-12
6410.000000  9.505854e-12
6430.000000  9.405826e-12
6450.000000  9.302762e-12
6470.000000  9.194338e-12
6490.000000  9.076873e-12
6510.000000  8.942967e-12
6530.000000  8.712214e-12
6550.000000  7.825222e-12
6570.000000  6.684126e-12
6590.000000  8.263449e-12
6610.000000  8.454831e-12
6630.000000  8.430210e-12
6650.000000  8.366842e-12
6670.000000  8.270039e-12
6690.000000  8.192738e-12
6710.000000  8.136159e-12
6730.000000  8.053916e-12
6750.000000  7.973242e-12
6770.000000  7.892755e-12
6790.000000  7.813644e-12
6810.000000  7.735811e-12
6830.000000  7.658781e-12
6850.000000  7.582654e-12
6870.000000  7.506996e-12
6890.000000  7.433251e-12
6910.000000  7.359562e-12
6930.000000  7.287257e-12
6950.000000  7.215494e-12
6970.000000  7.144838e-12
6990.000000  7.075209e-12
7010.000000  7.006446e-12
7030.000000  6.938438e-12
7050.000000  6.871250e-12
7070.000000  6.779741e-12
7090.000000  6.739469e-12
7110.000000  6.674304e-12
7130.000000  6.610789e-12
7150.000000  6.547257e-12
7170.000000  6.484758e-12
7190.000000  6.422839e-12
7210.000000  6.361972e-12
7230.000000  6.301414e-12
7250.000000  6.242075e-12
7270.000000  6.183072e-12
7290.000000  6.118377e-12
7310.000000  6.067389e-12
7330.000000  6.010726e-12
7350.000000  5.954730e-12
7370.000000  5.899373e-12
7390.000000  5.844296e-12
7410.000000  5.790225e-12
7430.000000  5.736906e-12
7450.000000  5.684038e-12
7470.000000  5.631358e-12
7490.000000  5.580053e-12
7510.000000  5.528565e-12
7530.000000  5.478296e-12
7550.000000  5.428277e-12
7570.000000  5.378970e-12
7590.000000  5.330006e-12
7610.000000  5.282282e-12
7630.000000  5.234634e-12
7650.000000  5.187149e-12
7670.000000  5.140731e-12
7690.000000  5.094463e-12
7710.000000  5.048958e-12
7730.000000  5.003938e-12
7750.000000  4.959198e-12
7770.000000  4.913142e-12
7790.000000  4.871580e-12
7810.000000  4.828859e-12
7830.000000  4.786162e-12
7850.000000  4.744168e-12
7870.000000  4.701864e-12
7890.000000  4.660292e-12
7910.000000  4.620371e-12
7930.000000  4.580326e-12
7950.000000  4.540443e-12
7970.000000  4.500762e-12
7990.000000  4.462004e-12
8010.000000  4.423388e-12
8030.000000  4.385711e-12
8050.000000  4.347424e-12
8070.000000  4.310314e-12
8090.000000  4.273572e-12
8110.000000  4.236625e-12
8130.000000  4.200543e-12
8150.000000  4.164604e-12
8170.000000  4.129648e-12
8190.000000  4.094823e-12
8210.000000  4.067339e-12
8230.000000  4.034317e-12
8250.000000  4.002218e-12
8270.000000  3.969807e-12
8290.000000  3.938945e-12
8310.000000  3.907971e-12
8330.000000  3.876643e-12
8350.000000  3.844747e-12
8370.000000  3.814039e-12
8390.000000  3.783226e-12
8410.000000  3.749938e-12
8430.000000  3.715787e-12
8450.000000  3.684774e-12
8470.000000  3.639140e-12
8490.000000  3.619711e-12
8510.000000  3.559684e-12
8530.000000  3.566571e-12
8550.000000  3.443156e-12
8570.000000  3.540476e-12
8590.000000  3.393711e-12
8610.000000  3.344651e-12
8630.000000  3.504804e-12
8650.000000  3.379142e-12
8670.000000  3.078387e-12
8690.000000  3.406509e-12
8710.000000  3.477817e-12
8730.000000  3.343959e-12
8750.000000  2.870501e-12
8770.000000  3.192142e-12
8790.000000  3.411615e-12
8810.000000  3.432926e-12
8830.000000  3.349125e-12
8850.000000  3.015843e-12
8870.000000  2.702886e-12
8890.000000  3.165224e-12
8910.000000  3.305026e-12
8930.000000  3.321504e-12
8950.000000  3.297611e-12
8970.000000  3.234822e-12
8990.000000  3.068538e-12
9010.000000  2.584901e-12
9030.000000  2.726601e-12
9050.000000  3.054899e-12
9070.000000  3.125848e-12
9090.000000  3.134149e-12
9110.000000  3.120532e-12
9130.000000  3.096889e-12
9150.000000  3.067313e-12
9170.000000  3.023285e-12
9190.000000  2.943738e-12
9210.000000  2.729554e-12
9230.000000  2.285970e-12
9250.000000  2.633807e-12
9270.000000  2.838933e-12
9290.000000  2.882928e-12
9310.000000  2.881432e-12
9330.000000  2.869023e-12
9350.000000  2.850613e-12
9370.000000  2.830532e-12
9390.000000  2.809423e-12
9410.000000  2.785981e-12
9430.000000  2.763513e-12
9450.000000  2.738302e-12
9470.000000  2.706895e-12
9490.000000  2.666394e-12
9510.000000  2.584788e-12
9530.000000  2.367770e-12
9550.000000  2.031258e-12
9570.000000  2.378140e-12
9590.000000  2.523557e-12
9610.000000  2.552525e-12
9630.000000  2.550190e-12
9650.000000  2.539577e-12
9670.000000  2.525041e-12
9690.000000  2.509090e-12
9710.000000  2.490796e-12
9730.000000  2.474970e-12
9750.000000  2.456144e-12
9770.000000  2.438023e-12
9790.000000  2.420062e-12
9810.000000  2.402122e-12
9830.000000  2.384181e-12
9850.000000  2.366441e-12
9870.000000  2.349059e-12
9890.000000  2.330022e-12
9910.000000  2.312367e-12
9930.000000  2.291336e-12
9950.000000  2.270630e-12
9970.000000  2.247261e-12
9990.000000  2.215320e-12
10025.000000  2.022250e-12
10075.000000  1.938733e-12
10125.000000  2.116302e-12
10175.000000  2.096781e-12
10225.000000  2.064052e-12
10275.000000  2.028355e-12
10325.000000  1.991408e-12
10375.000000  1.957800e-12
10425.000000  1.923446e-12
10475.000000  1.890099e-12
10525.000000  1.857597e-12
10575.000000  1.825517e-12
10625.000000  1.794656e-12
10675.000000  1.763043e-12
10725.000000  1.733431e-12
10775.000000  1.702636e-12
10825.000000  1.662658e-12
10875.000000  1.619500e-12
10925.000000  1.407214e-12
10975.000000  1.492048e-12
11025.000000  1.551227e-12
11075.000000  1.536957e-12
11125.000000  1.514813e-12
11175.000000  1.490508e-12
11225.000000  1.466145e-12
11275.000000  1.442974e-12
11325.000000  1.419311e-12
11375.000000  1.396754e-12
11425.000000  1.373995e-12
11475.000000  1.352110e-12
11525.000000  1.330472e-12
11575.000000  1.309786e-12
11625.000000  1.289217e-12
11675.000000  1.268797e-12
11725.000000  1.249030e-12
11775.000000  1.229461e-12
11825.000000  1.210416e-12
11875.000000  1.191761e-12
11925.000000  1.173416e-12
11975.000000  1.154748e-12
12025.000000  1.137757e-12
12075.000000  1.120465e-12
12125.000000  1.103440e-12
12175.000000  1.086837e-12
12225.000000  1.070457e-12
12275.000000  1.054419e-12
12325.000000  1.038716e-12
12375.000000  1.023239e-12
12425.000000  1.008089e-12
12475.000000  9.932045e-13
12525.000000  9.785036e-13
12575.000000  9.642448e-13
12625.000000  9.499130e-13
12675.000000  9.343266e-13
12725.000000  9.161777e-13
12775.000000  8.776799e-13
12825.000000  7.809664e-13
12875.000000  8.603959e-13
12925.000000  8.657885e-13
12975.000000  8.566930e-13
13025.000000  8.462985e-13
13075.000000  8.344465e-13
13125.000000  8.226845e-13
13175.000000  8.111435e-13
13225.000000  7.998473e-13
13275.000000  7.887114e-13
13325.000000  7.777762e-13
13375.000000  7.670049e-13
13425.000000  7.563892e-13
13475.000000  7.460894e-13
13525.000000  7.358616e-13
13575.000000  7.257812e-13
13625.000000  7.159761e-13
13675.000000  7.062490e-13
13725.000000  6.967412e-13
13775.000000  6.873706e-13
13825.000000  6.781571e-13
13875.000000  6.691061e-13
13925.000000  6.602001e-13
13975.000000  6.514083e-13
14025.000000  6.427920e-13
14075.000000  6.343438e-13
14125.000000  6.260070e-13
14175.000000  6.178111e-13
14225.000000  6.097641e-13
14275.000000  6.018132e-13
14325.000000  5.939964e-13
14375.000000  5.863846e-13
14425.000000  5.788281e-13
14475.000000  5.713935e-13
14525.000000  5.640992e-13
14570.000000  5.575783e-13
14620.000000  5.509429e-13
14675.000000  5.433796e-13
14725.000000  5.365996e-13
14775.000000  5.299503e-13
14825.000000  5.234076e-13
14875.000000  5.169916e-13
14925.000000  5.105907e-13
14975.000000  5.043302e-13
15025.000000  4.981696e-13
15075.000000  4.920232e-13
15125.000000  4.860073e-13
15175.000000  4.801031e-13
15225.000000  4.742091e-13
15275.000000  4.682469e-13
15325.000000  4.623273e-13
15375.000000  4.569662e-13
15425.000000  4.505625e-13
15475.000000  4.457523e-13
15525.000000  4.399525e-13
15575.000000  4.328637e-13
15625.000000  4.312354e-13
15675.000000  4.223898e-13
15725.000000  4.155466e-13
15775.000000  4.170217e-13
15825.000000  4.111065e-13
15875.000000  3.946927e-13
15925.000000  3.983175e-13
15975.000000  3.996232e-13
16050.000000  3.883342e-13
16150.000000  3.723259e-13
16250.000000  3.773332e-13
16350.000000  3.606562e-13
16450.000000  3.441887e-13
16550.000000  3.535822e-13
16650.000000  3.461323e-13
16750.000000  3.280995e-13
16850.000000  3.125048e-13
16950.000000  3.232457e-13
17050.000000  3.173699e-13
17150.000000  3.104707e-13
17250.000000  3.014275e-13
17350.000000  2.745932e-13
17450.000000  2.854450e-13
17550.000000  2.841992e-13
17650.000000  2.787798e-13
17750.000000  2.728745e-13
17850.000000  2.670860e-13
17950.000000  2.613101e-13
18050.000000  2.542033e-13
18150.000000  2.327284e-13
18250.000000  2.387617e-13
18350.000000  2.396699e-13
18450.000000  2.353499e-13
18550.000000  2.304435e-13
18650.000000  2.240444e-13
18750.000000  2.054879e-13
18850.000000  2.146730e-13
18950.000000  2.124545e-13
19050.000000  2.084692e-13
19150.000000  2.043519e-13
19250.000000  1.999918e-13
19350.000000  1.938716e-13
19450.000000  1.775832e-13
19550.000000  1.863477e-13
19650.000000  1.848998e-13
19750.000000  1.816948e-13
19850.000000  1.782334e-13
19950.000000  1.748381e-13
20050.000000  1.715071e-13
20150.000000  1.683011e-13
20250.000000  1.651417e-13
20350.000000  1.620623e-13
20450.000000  1.590512e-13
20550.000000  1.561015e-13
20650.000000  1.532868e-13
20750.000000  1.504790e-13
20850.000000  1.477017e-13
20950.000000  1.450323e-13
21050.000000  1.424357e-13
21150.000000  1.398671e-13
21250.000000  1.373325e-13
21350.000000  1.348954e-13
21450.000000  1.322544e-13
21550.000000  1.287524e-13
21650.000000  1.186424e-13
21750.000000  1.234367e-13
21850.000000  1.231362e-13
21950.000000  1.213191e-13
22050.000000  1.192409e-13
22150.000000  1.171885e-13
22250.000000  1.151806e-13
22350.000000  1.132192e-13
22450.000000  1.113003e-13
22550.000000  1.094206e-13
22650.000000  1.075798e-13
22750.000000  1.057762e-13
22850.000000  1.040480e-13
22950.000000  1.023272e-13
23050.000000  1.006455e-13
23150.000000  9.899479e-14
23250.000000  9.737768e-14
23350.000000  9.579167e-14
23450.000000  9.424949e-14
23550.000000  9.272751e-14
23650.000000  9.123365e-14
23750.000000  8.977341e-14
23850.000000  8.834235e-14
23950.000000  8.693845e-14
24050.000000  8.555856e-14
24150.000000  8.420294e-14
24250.000000  8.288244e-14
24350.000000  8.157765e-14
24450.000000  8.029065e-14
24550.000000  7.905279e-14
24650.000000  7.778964e-14
24750.000000  7.658771e-14
24850.000000  7.545327e-14
24950.000000  7.413519e-14
