2505.000000  3.738205e-10
2513.000000  3.550551e-10
2518.000000  3.624510e-10
2525.000000  3.424980e-10
2535.000000  3.431946e-10
2545.000000  3.356008e-10
2555.000000  3.470446e-10
2565.000000  3.420975e-10
2575.000000  3.559452e-10
2585.000000  3.535504e-10
2595.000000  3.532587e-10
2605.000000  3.397733e-10
2615.000000  3.374608e-10
2625.000000  3.385304e-10
2635.000000  3.393628e-10
2645.000000  3.519078e-10
2655.000000  3.466597e-10
2665.000000  3.311968e-10
2675.000000  3.387762e-10
2685.000000  3.343908e-10
2695.000000  3.277476e-10
2705.000000  3.285165e-10
2715.000000  3.185100e-10
2725.000000  3.173202e-10
2735.000000  3.258256e-10
2745.000000  3.020860e-10
2755.000000  2.993055e-10
2765.000000  3.049372e-10
2775.000000  3.113603e-10
2785.000000  3.100270e-10
2795.000000  2.847689e-10
2805.000000  2.976163e-10
2815.000000  3.071598e-10
2825.000000  3.036591e-10
2835.000000  2.929734e-10
2845.000000  2.851867e-10
2855.000000  2.859169e-10
2865.000000  2.914970e-10
2875.000000  2.856445e-10
2885.000000  2.868191e-10
2895.000000  2.842167e-10
2910.000000  2.890226e-10
2930.000000  2.801090e-10
2950.000000  2.762644e-10
2970.000000  2.733063e-10
2990.000000  2.692434e-10
3010.000000  2.691374e-10
3030.000000  2.656276e-10
3050.000000  2.602847e-10
3070.000000  2.560351e-10
3090.000000  2.538574e-10
3110.000000  2.479838e-10
3130.000000  2.446616e-10
3150.000000  2.416921e-10
3170.000000  2.379219e-10
3190.000000  2.310069e-10
3210.000000  2.303915e-10
3230.000000  2.271007e-10
3250.000000  2.241839e-10
3270.000000  2.217255e-10
3290.000000  2.188192e-10
3310.000000  2.163089e-10
3330.000000  2.126741e-10
3350.000000  2.088732e-10
3370.000000  2.060505e-10
3390.000000  2.030615e-10
3410.000000  2.008529e-10
3430.000000  1.979782e-10
3450.000000  1.953948e-10
3470.000000  1.923644e-10
3490.000000  1.898751e-10
3510.000000  1.876876e-10
3530.000000  1.853126e-10
3550.000000  1.827714e-10
3570.000000  1.802407e-10
3590.000000  1.774803e-10
3610.000000  1.753350e-10
3630.000000  1.728043e-10
3640.000000  1.718983e-10
3650.000000  1.714075e-10
3670.000000  1.696368e-10
3690.000000  1.669398e-10
3710.000000  1.622329e-10
3730.000000  1.536732e-10
3750.000000  1.618222e-10
3770.000000  1.631943e-10
3790.000000  1.834946e-10
3810.000000  2.037526e-10
3830.000000  1.709449e-10
3850.000000  2.160163e-10
3870.000000  2.365022e-10
3890.000000  1.524454e-10
3910.000000  2.344202e-10
3930.000000  2.443168e-10
3950.000000  2.298690e-10
3970.000000  1.444786e-10
3990.000000  2.176140e-10
4010.000000  2.346112e-10
4030.000000  2.253908e-10
4050.000000  2.314983e-10
4070.000000  2.220975e-10
4090.000000  1.793527e-10
4110.000000  1.459327e-10
4130.000000  2.052612e-10
4150.000000  2.125052e-10
4170.000000  2.117663e-10
4190.000000  2.094758e-10
4210.000000  2.067375e-10
4230.000000  2.034160e-10
4250.000000  2.000320e-10
4270.000000  1.954499e-10
4290.000000  1.925253e-10
4310.000000  1.840307e-10
4330.000000  1.449811e-10
4350.000000  1.276672e-10
4370.000000  1.739413e-10
4390.000000  1.746976e-10
4410.000000  1.770834e-10
4430.000000  1.740846e-10
4450.000000  1.727310e-10
4470.000000  1.647518e-10
4490.000000  1.656093e-10
4510.000000  1.654846e-10
4530.000000  1.629125e-10
4550.000000  1.602058e-10
4570.000000  1.587581e-10
4590.000000  1.560408e-10
4610.000000  1.542913e-10
4630.000000  1.513761e-10
4650.000000  1.498764e-10
4670.000000  1.475964e-10
4690.000000  1.455556e-10
4710.000000  1.416816e-10
4730.000000  1.413176e-10
4750.000000  1.389645e-10
4770.000000  1.374552e-10
4790.000000  1.351022e-10
4810.000000  1.319891e-10
4830.000000  1.264509e-10
4850.000000  1.037881e-10
4870.000000  8.872348e-11
4890.000000  1.192257e-10
4910.000000  1.228058e-10
4930.000000  1.205865e-10
4950.000000  1.213166e-10
4970.000000  1.200464e-10
4990.000000  1.185052e-10
5010.000000  1.152769e-10
5030.000000  1.149339e-10
5050.000000  1.119870e-10
5070.000000  1.122581e-10
5090.000000  1.107794e-10
5110.000000  1.091239e-10
5130.000000  1.079787e-10
5150.000000  1.061982e-10
5170.000000  1.048762e-10
5190.000000  1.036579e-10
5210.000000  1.019082e-10
5230.000000  1.009196e-10
5250.000000  9.988872e-11
5270.000000  9.824375e-11
5290.000000  9.758768e-11
5310.000000  9.606761e-11
5330.000000  9.503670e-11
5350.000000  9.381843e-11
5370.000000  9.280862e-11
5390.000000  9.160090e-11
5410.000000  9.033067e-11
5430.000000  8.922677e-11
5450.000000  8.821698e-11
5470.000000  8.700920e-11
5490.000000  8.611379e-11
5510.000000  8.503095e-11
5530.000000  8.413550e-11
5550.000000  8.311512e-11
5570.000000  8.209476e-11
5590.000000  8.113686e-11
5610.000000  8.017898e-11
5630.000000  7.929405e-11
5650.000000  7.806514e-11
5670.000000  7.718027e-11
5690.000000  7.643086e-11
5710.000000  7.559783e-11
5730.000000  7.470239e-11
5750.000000  7.381749e-11
5770.000000  7.298446e-11
5790.000000  7.208901e-11
5810.000000  7.126654e-11
5830.000000  7.044411e-11
5850.000000  6.961112e-11
5870.000000  6.771550e-11
5890.000000  6.788261e-11
5910.000000  6.725808e-11
5930.000000  6.654999e-11
5950.000000  6.552960e-11
5970.000000  6.496752e-11
5990.000000  6.413450e-11
6010.000000  6.356189e-11
6030.000000  6.284862e-11
6050.000000  6.214068e-11
6070.000000  6.144313e-11
6090.000000  6.075596e-11
6110.000000  6.011569e-11
6130.000000  5.944409e-11
6150.000000  5.853820e-11
6170.000000  5.810090e-11
6190.000000  5.750539e-11
6210.000000  5.687549e-11
6230.000000  5.620186e-11
6250.000000  5.542617e-11
6270.000000  5.502950e-11
6290.000000  5.442458e-11
6310.000000  5.380091e-11
6330.000000  5.324702e-11
6350.000000  5.219651e-11
6370.000000  5.181231e-11
6390.000000  5.154678e-11
6410.000000  5.095021e-11
6430.000000  5.047962e-11
6450.000000  4.982480e-11
6470.000000  4.928957e-11
6490.000000  4.862641e-11
6510.000000  4.784037e-11
6530.000000  4.647360e-11
6550.000000  4.149980e-11
6570.000000  3.539707e-11
6590.000000  4.394273e-11
6610.000000  4.521777e-11
6630.000000  4.515312e-11
6650.000000  4.483760e-11
6670.000000  4.424393e-11
6690.000000  4.387431e-11
6710.000000  4.361209e-11
6730.000000  4.316753e-11
6750.000000  4.274065e-11
6770.000000  4.231483e-11
6790.000000  4.186709e-11
6810.000000  4.145481e-11
6830.000000  4.100918e-11
6850.000000  4.062294e-11
6870.000000  4.022729e-11
6890.000000  3.982750e-11
6910.000000  3.942665e-11
6930.000000  3.899246e-11
6950.000000  3.865619e-11
6970.000000  3.828138e-11
6990.000000  3.790552e-11
7010.000000  3.750572e-11
7030.000000  3.716108e-11
7050.000000  3.672900e-11
7070.000000  3.626342e-11
7090.000000  3.609392e-11
7110.000000  3.571180e-11
7130.000000  3.538071e-11
7150.000000  3.504338e-11
7170.000000  3.471334e-11
7190.000000  3.438850e-11
7210.000000  3.406365e-11
7230.000000  3.367106e-11
7250.000000  3.339627e-11
7270.000000  3.309747e-11
7290.000000  3.273612e-11
7310.000000  3.247487e-11
7330.000000  3.216876e-11
7350.000000  3.186995e-11
7370.000000  3.157114e-11
7390.000000  3.127858e-11
7410.000000  3.098601e-11
7430.000000  3.064972e-11
7450.000000  3.039463e-11
7470.000000  3.007813e-11
7490.000000  2.982305e-11
7510.000000  2.955547e-11
7530.000000  2.929519e-11
7550.000000  2.902761e-11
7570.000000  2.876627e-11
7590.000000  2.849974e-11
7610.000000  2.824571e-11
7630.000000  2.798543e-11
7650.000000  2.773033e-11
7670.000000  2.747735e-11
7690.000000  2.722850e-11
7710.000000  2.698696e-11
7730.000000  2.674022e-11
7750.000000  2.650387e-11
7770.000000  2.598126e-11
7790.000000  2.602808e-11
7810.000000  2.580527e-11
7830.000000  2.557621e-11
7850.000000  2.528258e-11
7870.000000  2.503690e-11
7890.000000  2.476412e-11
7910.000000  2.467354e-11
7930.000000  2.446947e-11
7950.000000  2.418419e-11
7970.000000  2.403845e-11
7990.000000  2.370425e-11
8010.000000  2.362511e-11
8030.000000  2.341479e-11
8050.000000  2.321177e-11
8070.000000  2.301500e-11
8090.000000  2.281092e-11
8110.000000  2.261415e-11
8130.000000  2.242257e-11
8150.000000  2.223310e-11
8170.000000  2.204257e-11
8190.000000  2.183955e-11
8210.000000  2.162711e-11
8230.000000  2.140641e-11
8250.000000  2.132725e-11
8270.000000  2.116690e-11
8290.000000  2.096599e-11
8310.000000  2.082437e-11
8330.000000  2.064739e-11
8350.000000  2.048079e-11
8370.000000  2.032149e-11
8390.000000  2.016949e-11
8410.000000  1.999251e-11
8430.000000  1.982072e-11
8450.000000  1.951882e-11
8470.000000  1.946051e-11
8490.000000  1.928767e-11
8510.000000  1.903160e-11
8530.000000  1.898886e-11
8550.000000  1.849652e-11
8570.000000  1.877643e-11
8590.000000  1.818725e-11
8610.000000  1.796972e-11
8630.000000  1.847551e-11
8650.000000  1.789152e-11
8670.000000  1.668827e-11
8690.000000  1.791958e-11
8710.000000  1.822763e-11
8730.000000  1.755621e-11
8750.000000  1.549206e-11
8770.000000  1.683166e-11
8790.000000  1.784860e-11
8810.000000  1.796515e-11
8830.000000  1.747589e-11
8850.000000  1.585826e-11
8870.000000  1.441135e-11
8890.000000  1.655044e-11
8910.000000  1.729259e-11
8930.000000  1.739664e-11
8950.000000  1.731335e-11
8970.000000  1.694382e-11
8990.000000  1.602047e-11
9010.000000  1.366270e-11
9030.000000  1.432788e-11
9050.000000  1.595379e-11
9070.000000  1.633159e-11
9090.000000  1.638779e-11
9110.000000  1.638569e-11
9130.000000  1.626598e-11
9150.000000  1.612647e-11
9170.000000  1.585580e-11
9190.000000  1.536136e-11
9210.000000  1.422461e-11
9230.000000  1.204066e-11
9250.000000  1.372182e-11
9270.000000  1.467216e-11
9290.000000  1.510724e-11
9310.000000  1.514885e-11
9330.000000  1.508015e-11
9350.000000  1.500310e-11
9370.000000  1.490106e-11
9390.000000  1.477510e-11
9410.000000  1.455333e-11
9430.000000  1.454085e-11
9450.000000  1.440865e-11
9470.000000  1.422955e-11
9490.000000  1.398598e-11
9510.000000  1.350817e-11
9530.000000  1.236104e-11
9550.000000  1.067258e-11
9570.000000  1.240370e-11
9590.000000  1.319793e-11
9610.000000  1.339566e-11
9630.000000  1.331235e-11
9650.000000  1.336233e-11
9670.000000  1.326759e-11
9690.000000  1.319678e-11
9710.000000  1.312078e-11
9730.000000  1.303748e-11
9750.000000  1.293026e-11
9770.000000  1.284801e-11
9790.000000  1.274703e-11
9810.000000  1.265124e-11
9830.000000  1.254401e-11
9850.000000  1.246177e-11
9870.000000  1.236703e-11
9890.000000  1.224212e-11
9910.000000  1.215152e-11
9930.000000  1.205678e-11
9950.000000  1.194331e-11
9970.000000  1.181005e-11
9990.000000  1.162269e-11
10025.000000  1.056818e-11
10075.000000  1.009555e-11
10125.000000  1.107714e-11
10175.000000  1.101882e-11
10225.000000  1.086577e-11
10275.000000  1.068149e-11
10325.000000  1.047847e-11
10375.000000  1.030773e-11
10425.000000  1.012451e-11
10475.000000  9.946470e-12
10525.000000  9.769490e-12
10575.000000  9.605000e-12
10625.000000  9.440511e-12
10675.000000  9.251032e-12
10725.000000  9.111529e-12
10775.000000  8.947037e-12
10825.000000  8.730475e-12
10875.000000  8.486903e-12
10925.000000  7.331417e-12
10975.000000  7.789446e-12
11025.000000  8.137079e-12
11075.000000  8.073570e-12
11125.000000  7.965287e-12
11175.000000  7.838269e-12
11225.000000  7.712307e-12
11275.000000  7.554057e-12
11325.000000  7.440586e-12
11375.000000  7.343741e-12
11425.000000  7.224024e-12
11475.000000  7.110553e-12
11525.000000  6.996026e-12
11575.000000  6.887743e-12
11625.000000  6.768023e-12
11675.000000  6.660800e-12
11725.000000  6.565007e-12
11775.000000  6.445287e-12
11825.000000  6.357857e-12
11875.000000  6.259467e-12
11925.000000  6.167328e-12
11975.000000  6.065810e-12
12025.000000  5.979414e-12
12075.000000  5.887273e-12
12125.000000  5.797427e-12
12175.000000  5.710081e-12
12225.000000  5.623358e-12
12275.000000  5.537990e-12
12325.000000  5.455639e-12
12375.000000  5.374538e-12
12425.000000  5.295416e-12
12475.000000  5.210777e-12
12525.000000  5.138525e-12
12575.000000  5.058989e-12
12625.000000  4.984968e-12
12675.000000  4.900744e-12
12725.000000  4.801953e-12
12775.000000  4.582723e-12
12825.000000  4.061196e-12
12875.000000  4.495165e-12
12925.000000  4.537933e-12
12975.000000  4.492219e-12
13025.000000  4.443083e-12
13075.000000  4.380410e-12
13125.000000  4.318361e-12
13175.000000  4.253919e-12
13225.000000  4.198116e-12
13275.000000  4.139295e-12
13325.000000  4.081724e-12
13375.000000  4.025401e-12
13425.000000  3.969078e-12
13475.000000  3.914630e-12
13525.000000  3.860286e-12
13575.000000  3.807816e-12
13625.000000  3.755866e-12
13675.000000  3.704020e-12
13725.000000  3.653943e-12
13775.000000  3.605951e-12
13825.000000  3.557228e-12
13875.000000  3.509755e-12
13925.000000  3.462800e-12
13975.000000  3.416681e-12
14025.000000  3.371187e-12
14075.000000  3.326836e-12
14125.000000  3.282697e-12
14175.000000  3.240219e-12
14225.000000  3.197743e-12
14275.000000  3.155995e-12
14325.000000  3.114873e-12
14375.000000  3.074480e-12
14425.000000  3.031483e-12
14475.000000  2.994839e-12
14525.000000  2.956214e-12
14570.000000  2.923211e-12
14620.000000  2.887084e-12
14675.000000  2.847836e-12
14725.000000  2.811815e-12
14775.000000  2.775688e-12
14825.000000  2.742166e-12
14875.000000  2.708019e-12
14925.000000  2.675121e-12
14975.000000  2.641598e-12
15025.000000  2.609430e-12
15075.000000  2.577051e-12
15125.000000  2.546027e-12
15175.000000  2.515002e-12
15225.000000  2.484083e-12
15275.000000  2.453683e-12
15325.000000  2.422765e-12
15375.000000  2.394238e-12
15425.000000  2.362695e-12
15475.000000  2.335523e-12
15525.000000  2.305229e-12
15575.000000  2.272436e-12
15625.000000  2.255152e-12
15675.000000  2.215595e-12
15725.000000  2.184051e-12
15775.000000  2.179152e-12
15825.000000  2.148233e-12
15875.000000  2.082032e-12
15925.000000  2.085876e-12
15975.000000  2.085349e-12
16050.000000  2.029448e-12
16150.000000  1.954081e-12
16250.000000  1.966977e-12
16350.000000  1.882243e-12
16450.000000  1.801879e-12
16550.000000  1.842880e-12
16650.000000  1.804361e-12
16750.000000  1.708490e-12
16850.000000  1.629895e-12
16950.000000  1.684221e-12
17050.000000  1.654235e-12
17150.000000  1.617801e-12
17250.000000  1.569395e-12
17350.000000  1.429075e-12
17450.000000  1.484238e-12
17550.000000  1.480693e-12
17650.000000  1.454040e-12
17750.000000  1.423121e-12
17850.000000  1.392827e-12
17950.000000  1.361908e-12
18050.000000  1.322140e-12
18150.000000  1.208052e-12
18250.000000  1.239798e-12
18350.000000  1.248744e-12
18450.000000  1.227299e-12
18550.000000  1.200127e-12
18650.000000  1.165355e-12
18750.000000  1.062720e-12
18850.000000  1.117469e-12
18950.000000  1.106641e-12
19050.000000  1.086858e-12
19150.000000  1.065518e-12
19250.000000  1.041469e-12
19350.000000  1.008158e-12
19450.000000  9.191561e-13
19550.000000  9.690140e-13
19650.000000  9.631823e-13
19750.000000  9.472524e-13
19850.000000  9.290353e-13
19950.000000  9.113373e-13
20050.000000  8.942636e-13
20150.000000  8.771901e-13
20250.000000  8.607412e-13
20350.000000  8.449165e-13
20450.000000  8.290921e-13
20550.000000  8.133732e-13
20650.000000  7.987976e-13
20750.000000  7.842223e-13
20850.000000  7.697525e-13
20950.000000  7.558015e-13
21050.000000  7.419562e-13
21150.000000  7.286296e-13
21250.000000  7.154092e-13
21350.000000  7.028127e-13
21450.000000  6.883428e-13
21550.000000  6.688767e-13
21650.000000  6.121955e-13
21750.000000  6.410804e-13
21850.000000  6.403506e-13
21950.000000  6.320204e-13
22050.000000  6.210383e-13
22150.000000  6.103156e-13
22250.000000  5.998525e-13
22350.000000  5.896189e-13
22450.000000  5.795727e-13
22550.000000  5.697244e-13
22650.000000  5.601154e-13
22750.000000  5.507148e-13
22850.000000  5.416573e-13
22950.000000  5.326833e-13
23050.000000  5.239073e-13
23150.000000  5.152667e-13
23250.000000  5.068549e-13
23350.000000  4.985784e-13
23450.000000  4.905000e-13
23550.000000  4.825464e-13
23650.000000  4.747801e-13
23750.000000  4.671389e-13
23850.000000  4.596849e-13
23950.000000  4.523453e-13
24050.000000  4.451411e-13
24150.000000  4.380830e-13
24250.000000  4.312536e-13
24350.000000  4.244347e-13
24450.000000  4.177926e-13
24550.000000  4.112966e-13
24650.000000  4.047381e-13
24750.000000  3.984813e-13
24850.000000  3.924744e-13
24950.000000  3.859264e-13
