2505.000000  1.328737e-10
2513.000000  1.159266e-10
2518.000000  1.196101e-10
2525.000000  1.097894e-10
2535.000000  1.102939e-10
2545.000000  1.083126e-10
2555.000000  1.168470e-10
2565.000000  1.144297e-10
2575.000000  1.244421e-10
2585.000000  1.228904e-10
2595.000000  1.194151e-10
2605.000000  1.133894e-10
2615.000000  1.124911e-10
2625.000000  1.202031e-10
2635.000000  1.206188e-10
2645.000000  1.350479e-10
2655.000000  1.323550e-10
2665.000000  1.179366e-10
2675.000000  1.255641e-10
2685.000000  1.218753e-10
2695.000000  1.183097e-10
2705.000000  1.225684e-10
2715.000000  1.156406e-10
2725.000000  1.172456e-10
2735.000000  1.267824e-10
2745.000000  1.049384e-10
2755.000000  1.051217e-10
2765.000000  1.083573e-10
2775.000000  1.179135e-10
2785.000000  1.152217e-10
2795.000000  8.527388e-11
2805.000000  9.842763e-11
2815.000000  1.194293e-10
2825.000000  1.226806e-10
2835.000000  1.155273e-10
2845.000000  1.109437e-10
2855.000000  1.078105e-10
2865.000000  1.161126e-10
2875.000000  1.116300e-10
2885.000000  1.135840e-10
2895.000000  1.079254e-10
2910.000000  1.207563e-10
2930.000000  1.147904e-10
2950.000000  1.145166e-10
2970.000000  1.160210e-10
2990.000000  1.162077e-10
3010.000000  1.183720e-10
3030.000000  1.158538e-10
3050.000000  1.137972e-10
3070.000000  1.119750e-10
3090.000000  1.132636e-10
3110.000000  1.094192e-10
3130.000000  1.084593e-10
3150.000000  1.096950e-10
3170.000000  1.080919e-10
3190.000000  1.036759e-10
3210.000000  1.054109e-10
3230.000000  1.030052e-10
3250.000000  1.032707e-10
3270.000000  1.028961e-10
3290.000000  1.030298e-10
3310.000000  1.028470e-10
3330.000000  1.001589e-10
3350.000000  9.838806e-11
3370.000000  9.783881e-11
3390.000000  9.656253e-11
3410.000000  9.774860e-11
3430.000000  9.683658e-11
3450.000000  9.578455e-11
3470.000000  9.418477e-11
3490.000000  9.327455e-11
3510.000000  9.368545e-11
3530.000000  9.342013e-11
3550.000000  9.287119e-11
3570.000000  9.105225e-11
3590.000000  9.023010e-11
3610.000000  8.947175e-11
3630.000000  8.862502e-11
3640.000000  8.815886e-11
3650.000000  9.008269e-11
3670.000000  8.930854e-11
3690.000000  8.632091e-11
3710.000000  8.592590e-11
3730.000000  8.551302e-11
3750.000000  1.057688e-10
3770.000000  1.120499e-10
3790.000000  1.380526e-10
3810.000000  1.591994e-10
3830.000000  1.257797e-10
3850.000000  1.707957e-10
3870.000000  1.916073e-10
3890.000000  1.102591e-10
3910.000000  1.884747e-10
3930.000000  1.939443e-10
3950.000000  1.871165e-10
3970.000000  1.042345e-10
3990.000000  1.786573e-10
4010.000000  1.918817e-10
4030.000000  1.887596e-10
4050.000000  1.884868e-10
4070.000000  1.805027e-10
4090.000000  1.447561e-10
4110.000000  1.106156e-10
4130.000000  1.684624e-10
4150.000000  1.752934e-10
4170.000000  1.727987e-10
4190.000000  1.709304e-10
4210.000000  1.690704e-10
4230.000000  1.658604e-10
4250.000000  1.627927e-10
4270.000000  1.590486e-10
4290.000000  1.583832e-10
4310.000000  1.501966e-10
4330.000000  1.156825e-10
4350.000000  9.836846e-11
4370.000000  1.444378e-10
4390.000000  1.446590e-10
4410.000000  1.452355e-10
4430.000000  1.426348e-10
4450.000000  1.428883e-10
4470.000000  1.400155e-10
4490.000000  1.362631e-10
4510.000000  1.368758e-10
4530.000000  1.344238e-10
4550.000000  1.311488e-10
4570.000000  1.319307e-10
4590.000000  1.286029e-10
4610.000000  1.293404e-10
4630.000000  1.250542e-10
4650.000000  1.257490e-10
4670.000000  1.234666e-10
4690.000000  1.211357e-10
4710.000000  1.172823e-10
4730.000000  1.188004e-10
4750.000000  1.169817e-10
4770.000000  1.159020e-10
4790.000000  1.140934e-10
4810.000000  1.113865e-10
4830.000000  1.068296e-10
4850.000000  8.474880e-11
4870.000000  6.880776e-11
4890.000000  1.010220e-10
4910.000000  1.040373e-10
4930.000000  1.026379e-10
4950.000000  1.024976e-10
4970.000000  1.018083e-10
4990.000000  1.001244e-10
5010.000000  9.711462e-11
5030.000000  9.670254e-11
5050.000000  9.461827e-11
5070.000000  9.484402e-11
5090.000000  9.366173e-11
5110.000000  9.219731e-11
5130.000000  9.148182e-11
5150.000000  8.948677e-11
5170.000000  8.793922e-11
5190.000000  8.717312e-11
5210.000000  8.627738e-11
5230.000000  8.472925e-11
5250.000000  8.476697e-11
5270.000000  8.239927e-11
5290.000000  8.309269e-11
5310.000000  8.104554e-11
5330.000000  8.035591e-11
5350.000000  8.025766e-11
5370.000000  7.913194e-11
5390.000000  7.816281e-11
5410.000000  7.680231e-11
5430.000000  7.622263e-11
5450.000000  7.568660e-11
5470.000000  7.465947e-11
5490.000000  7.390660e-11
5510.000000  7.296777e-11
5530.000000  7.226481e-11
5550.000000  7.151386e-11
5570.000000  7.067321e-11
5590.000000  6.996502e-11
5610.000000  6.937161e-11
5630.000000  6.859019e-11
5650.000000  6.746244e-11
5670.000000  6.680215e-11
5690.000000  6.623680e-11
5710.000000  6.554130e-11
5730.000000  6.484162e-11
5750.000000  6.404239e-11
5770.000000  6.336070e-11
5790.000000  6.251786e-11
5810.000000  6.191916e-11
5830.000000  6.126501e-11
5850.000000  6.062970e-11
5870.000000  5.972632e-11
5890.000000  5.889569e-11
5910.000000  5.861204e-11
5930.000000  5.805472e-11
5950.000000  5.708766e-11
5970.000000  5.666279e-11
5990.000000  5.591283e-11
6010.000000  5.548418e-11
6030.000000  5.497399e-11
6050.000000  5.429691e-11
6070.000000  5.377351e-11
6090.000000  5.320149e-11
6110.000000  5.266627e-11
6130.000000  5.207082e-11
6150.000000  5.075036e-11
6170.000000  5.094512e-11
6190.000000  5.049888e-11
6210.000000  4.997188e-11
6230.000000  4.937147e-11
6250.000000  4.844645e-11
6270.000000  4.842748e-11
6290.000000  4.792683e-11
6310.000000  4.729903e-11
6330.000000  4.691421e-11
6350.000000  4.575893e-11
6370.000000  4.555459e-11
6390.000000  4.545076e-11
6410.000000  4.491073e-11
6430.000000  4.453923e-11
6450.000000  4.366453e-11
6470.000000  4.359732e-11
6490.000000  4.286650e-11
6510.000000  4.228659e-11
6530.000000  4.108516e-11
6550.000000  3.584826e-11
6570.000000  2.906336e-11
6590.000000  3.884443e-11
6610.000000  4.011283e-11
6630.000000  4.003861e-11
6650.000000  3.979962e-11
6670.000000  3.942097e-11
6690.000000  3.909622e-11
6710.000000  3.877317e-11
6730.000000  3.831510e-11
6750.000000  3.800097e-11
6770.000000  3.767397e-11
6790.000000  3.728233e-11
6810.000000  3.693308e-11
6830.000000  3.652842e-11
6850.000000  3.621033e-11
6870.000000  3.587444e-11
6890.000000  3.555208e-11
6910.000000  3.519294e-11
6930.000000  3.482422e-11
6950.000000  3.453881e-11
6970.000000  3.421181e-11
6990.000000  3.392112e-11
7010.000000  3.346304e-11
7030.000000  3.327208e-11
7050.000000  3.289347e-11
7070.000000  3.263491e-11
7090.000000  3.236780e-11
7110.000000  3.185667e-11
7130.000000  3.170458e-11
7150.000000  3.141885e-11
7170.000000  3.115944e-11
7190.000000  3.088210e-11
7210.000000  3.060555e-11
7230.000000  3.028662e-11
7250.000000  2.997879e-11
7270.000000  2.977861e-11
7290.000000  2.948806e-11
7310.000000  2.921465e-11
7330.000000  2.897424e-11
7350.000000  2.873400e-11
7370.000000  2.847973e-11
7390.000000  2.821129e-11
7410.000000  2.793888e-11
7430.000000  2.755336e-11
7450.000000  2.737575e-11
7470.000000  2.703986e-11
7490.000000  2.689424e-11
7510.000000  2.667096e-11
7530.000000  2.649439e-11
7550.000000  2.627607e-11
7570.000000  2.604009e-11
7590.000000  2.580792e-11
7610.000000  2.560411e-11
7630.000000  2.536783e-11
7650.000000  2.512178e-11
7670.000000  2.490479e-11
7690.000000  2.469076e-11
7710.000000  2.447259e-11
7730.000000  2.428198e-11
7750.000000  2.407306e-11
7770.000000  2.335679e-11
7790.000000  2.366411e-11
7810.000000  2.348243e-11
7830.000000  2.325552e-11
7850.000000  2.298689e-11
7870.000000  2.272441e-11
7890.000000  2.245182e-11
7910.000000  2.243797e-11
7930.000000  2.229268e-11
7950.000000  2.192925e-11
7970.000000  2.192925e-11
7990.000000  2.141594e-11
8010.000000  2.156583e-11
8030.000000  2.137504e-11
8050.000000  2.120240e-11
8070.000000  2.102083e-11
8090.000000  2.084819e-11
8110.000000  2.067043e-11
8130.000000  2.051626e-11
8150.000000  2.035268e-11
8170.000000  2.018911e-11
8190.000000  1.990385e-11
8210.000000  1.978459e-11
8230.000000  1.955720e-11
8250.000000  1.957667e-11
8270.000000  1.954384e-11
8290.000000  1.933392e-11
8310.000000  1.923020e-11
8330.000000  1.901239e-11
8350.000000  1.893436e-11
8370.000000  1.880210e-11
8390.000000  1.864296e-11
8410.000000  1.845032e-11
8430.000000  1.826379e-11
8450.000000  1.786527e-11
8470.000000  1.777169e-11
8490.000000  1.785126e-11
8510.000000  1.716183e-11
8530.000000  1.773610e-11
8550.000000  1.632185e-11
8570.000000  1.777804e-11
8590.000000  1.657033e-11
8610.000000  1.620691e-11
8630.000000  1.778882e-11
8650.000000  1.697536e-11
8670.000000  1.437993e-11
8690.000000  1.722055e-11
8710.000000  1.791477e-11
8730.000000  1.708332e-11
8750.000000  1.357455e-11
8770.000000  1.618380e-11
8790.000000  1.775768e-11
8810.000000  1.786944e-11
8830.000000  1.726097e-11
8850.000000  1.521430e-11
8870.000000  1.294246e-11
8890.000000  1.635628e-11
8910.000000  1.716345e-11
8930.000000  1.722061e-11
8950.000000  1.722935e-11
8970.000000  1.688900e-11
8990.000000  1.593159e-11
9010.000000  1.258402e-11
9030.000000  1.370409e-11
9050.000000  1.588951e-11
9070.000000  1.608665e-11
9090.000000  1.606494e-11
9110.000000  1.618472e-11
9130.000000  1.612009e-11
9150.000000  1.603932e-11
9170.000000  1.576963e-11
9190.000000  1.526379e-11
9210.000000  1.403317e-11
9230.000000  1.092187e-11
9250.000000  1.343017e-11
9270.000000  1.442040e-11
9290.000000  1.504721e-11
9310.000000  1.508966e-11
9330.000000  1.497483e-11
9350.000000  1.491959e-11
9370.000000  1.483386e-11
9390.000000  1.462512e-11
9410.000000  1.432566e-11
9430.000000  1.444337e-11
9450.000000  1.434843e-11
9470.000000  1.418193e-11
9490.000000  1.396766e-11
9510.000000  1.353440e-11
9530.000000  1.221531e-11
9550.000000  9.826779e-12
9570.000000  1.232343e-11
9590.000000  1.323275e-11
9610.000000  1.335340e-11
9630.000000  1.315098e-11
9650.000000  1.331747e-11
9670.000000  1.316330e-11
9690.000000  1.313987e-11
9710.000000  1.309830e-11
9730.000000  1.299357e-11
9750.000000  1.288870e-11
9770.000000  1.281615e-11
9790.000000  1.271606e-11
9810.000000  1.260723e-11
9830.000000  1.247597e-11
9850.000000  1.240375e-11
9870.000000  1.230862e-11
9890.000000  1.215530e-11
9910.000000  1.213187e-11
9930.000000  1.203196e-11
9950.000000  1.192824e-11
9970.000000  1.181993e-11
9990.000000  1.165462e-11
10025.000000  1.047464e-11
10075.000000  9.901761e-12
10125.000000  1.102615e-11
10175.000000  1.101436e-11
10225.000000  1.087781e-11
10275.000000  1.069114e-11
10325.000000  1.049557e-11
10375.000000  1.031897e-11
10425.000000  1.014665e-11
10475.000000  9.937733e-12
10525.000000  9.760306e-12
10575.000000  9.619832e-12
10625.000000  9.474544e-12
10675.000000  9.207430e-12
10725.000000  9.120515e-12
10775.000000  8.976973e-12
10825.000000  8.804000e-12
10875.000000  8.552987e-12
10925.000000  7.175340e-12
10975.000000  7.819835e-12
11025.000000  8.218116e-12
11075.000000  8.143573e-12
11125.000000  8.025846e-12
11175.000000  7.900651e-12
11225.000000  7.776252e-12
11275.000000  7.550091e-12
11325.000000  7.452933e-12
11375.000000  7.401399e-12
11425.000000  7.280254e-12
11475.000000  7.181509e-12
11525.000000  7.071162e-12
11575.000000  6.959000e-12
11625.000000  6.813451e-12
11675.000000  6.697090e-12
11725.000000  6.640683e-12
11775.000000  6.476359e-12
11825.000000  6.418098e-12
11875.000000  6.309269e-12
11925.000000  6.248943e-12
11975.000000  6.135616e-12
12025.000000  6.055161e-12
12075.000000  5.958569e-12
12125.000000  5.870876e-12
12175.000000  5.789547e-12
12225.000000  5.701477e-12
12275.000000  5.610786e-12
12325.000000  5.532181e-12
12375.000000  5.452717e-12
12425.000000  5.380442e-12
12475.000000  5.278390e-12
12525.000000  5.222473e-12
12575.000000  5.125963e-12
12625.000000  5.062977e-12
12675.000000  4.990566e-12
12725.000000  4.894928e-12
12775.000000  4.675382e-12
12825.000000  4.017957e-12
12875.000000  4.590174e-12
12925.000000  4.630017e-12
12975.000000  4.585155e-12
13025.000000  4.529306e-12
13075.000000  4.467451e-12
13125.000000  4.405318e-12
13175.000000  4.329071e-12
13225.000000  4.284977e-12
13275.000000  4.226457e-12
13325.000000  4.168759e-12
13375.000000  4.112035e-12
13425.000000  4.053448e-12
13475.000000  3.998060e-12
13525.000000  3.939077e-12
13575.000000  3.889131e-12
13625.000000  3.837781e-12
13675.000000  3.782904e-12
13725.000000  3.729859e-12
13775.000000  3.689377e-12
13825.000000  3.640353e-12
13875.000000  3.594444e-12
13925.000000  3.543710e-12
13975.000000  3.499615e-12
14025.000000  3.455125e-12
14075.000000  3.410638e-12
14125.000000  3.365241e-12
14175.000000  3.322568e-12
14225.000000  3.279892e-12
14275.000000  3.238140e-12
14325.000000  3.195878e-12
14375.000000  3.155512e-12
14425.000000  3.095345e-12
14475.000000  3.075604e-12
14525.000000  3.028033e-12
14570.000000  3.002984e-12
14620.000000  2.968503e-12
14675.000000  2.932178e-12
14725.000000  2.894977e-12
14775.000000  2.853210e-12
14825.000000  2.825045e-12
14875.000000  2.784730e-12
14925.000000  2.760076e-12
14975.000000  2.722464e-12
15025.000000  2.689386e-12
15075.000000  2.655696e-12
15125.000000  2.627020e-12
15175.000000  2.594748e-12
15225.000000  2.564376e-12
15275.000000  2.530616e-12
15325.000000  2.497934e-12
15375.000000  2.471308e-12
15425.000000  2.427778e-12
15475.000000  2.411453e-12
15525.000000  2.380192e-12
15575.000000  2.323948e-12
15625.000000  2.345681e-12
15675.000000  2.277422e-12
15725.000000  2.225010e-12
15775.000000  2.271433e-12
15825.000000  2.240633e-12
15875.000000  2.087060e-12
15925.000000  2.159612e-12
15975.000000  2.187950e-12
16050.000000  2.114079e-12
16150.000000  1.999520e-12
16250.000000  2.074846e-12
16350.000000  1.967660e-12
16450.000000  1.852073e-12
16550.000000  1.946582e-12
16650.000000  1.906047e-12
16750.000000  1.793434e-12
16850.000000  1.683475e-12
16950.000000  1.780347e-12
17050.000000  1.748008e-12
17150.000000  1.710758e-12
17250.000000  1.658906e-12
17350.000000  1.474378e-12
17450.000000  1.566609e-12
17550.000000  1.564216e-12
17650.000000  1.534976e-12
17750.000000  1.503215e-12
17850.000000  1.471869e-12
17950.000000  1.441993e-12
18050.000000  1.398599e-12
18150.000000  1.256779e-12
18250.000000  1.310594e-12
18350.000000  1.323155e-12
18450.000000  1.299953e-12
18550.000000  1.270010e-12
18650.000000  1.235304e-12
18750.000000  1.107483e-12
18850.000000  1.183151e-12
18950.000000  1.172852e-12
19050.000000  1.153210e-12
19150.000000  1.130519e-12
19250.000000  1.106103e-12
19350.000000  1.071501e-12
19450.000000  9.593371e-13
19550.000000  1.030638e-12
19650.000000  1.024000e-12
19750.000000  1.005743e-12
19850.000000  9.870937e-13
19950.000000  9.689223e-13
20050.000000  9.507839e-13
20150.000000  9.326454e-13
20250.000000  9.153810e-13
20350.000000  8.982451e-13
20450.000000  8.818939e-13
20550.000000  8.657375e-13
20650.000000  8.496718e-13
20750.000000  8.343332e-13
20850.000000  8.193543e-13
20950.000000  8.045169e-13
21050.000000  7.900341e-13
21150.000000  7.750275e-13
21250.000000  7.614516e-13
21350.000000  7.476532e-13
21450.000000  7.337500e-13
21550.000000  7.140170e-13
21650.000000  6.431398e-13
21750.000000  6.839148e-13
21850.000000  6.835956e-13
21950.000000  6.738114e-13
22050.000000  6.622325e-13
22150.000000  6.506652e-13
22250.000000  6.400343e-13
22350.000000  6.292287e-13
22450.000000  6.186590e-13
22550.000000  6.080414e-13
22650.000000  5.980554e-13
22750.000000  5.881104e-13
22850.000000  5.789011e-13
22950.000000  5.693308e-13
23050.000000  5.602020e-13
23150.000000  5.510355e-13
23250.000000  5.421889e-13
23350.000000  5.334248e-13
23450.000000  5.248899e-13
23550.000000  5.164982e-13
23650.000000  5.082800e-13
23750.000000  5.002000e-13
23850.000000  4.922636e-13
23950.000000  4.844971e-13
24050.000000  4.765507e-13
24150.000000  4.691484e-13
24250.000000  4.619854e-13
24350.000000  4.546738e-13
24450.000000  4.474018e-13
24550.000000  4.406944e-13
24650.000000  4.334235e-13
24750.000000  4.267982e-13
24850.000000  4.209342e-13
24950.000000  4.119113e-13
