2505.000000  1.085026e-12
2513.000000  5.089359e-13
2518.000000  3.605055e-13
2525.000000  3.618478e-13
2535.000000  4.918217e-13
2545.000000  6.232741e-13
2555.000000  1.444977e-12
2565.000000  1.254009e-12
2575.000000  1.909506e-12
2585.000000  1.731741e-12
2595.000000  1.537931e-12
2605.000000  1.214916e-12
2615.000000  1.100444e-12
2625.000000  1.607293e-12
2635.000000  3.434190e-12
2645.000000  4.613059e-12
2655.000000  6.823849e-12
2665.000000  3.792293e-12
2675.000000  4.506104e-12
2685.000000  5.546864e-12
2695.000000  3.676626e-12
2705.000000  4.833068e-12
2715.000000  3.164643e-12
2725.000000  2.187591e-12
2735.000000  2.968897e-12
2745.000000  1.556529e-12
2755.000000  2.325561e-12
2765.000000  3.266980e-12
2775.000000  3.321521e-12
2785.000000  1.707735e-12
2795.000000  7.181449e-13
2805.000000  9.052693e-13
2815.000000  2.875828e-12
2825.000000  4.618825e-12
2835.000000  3.999072e-12
2845.000000  2.158676e-12
2855.000000  1.032940e-12
2865.000000  3.277249e-12
2875.000000  5.626056e-12
2885.000000  5.057152e-12
2895.000000  6.758268e-12
2910.000000  9.212789e-12
2930.000000  8.091673e-12
2950.000000  7.686802e-12
2970.000000  8.103944e-12
2990.000000  8.014805e-12
3010.000000  7.928217e-12
3030.000000  8.833732e-12
3050.000000  9.157340e-12
3070.000000  9.805608e-12
3090.000000  9.068477e-12
3110.000000  1.053104e-11
3130.000000  9.892242e-12
3150.000000  9.495457e-12
3170.000000  1.036802e-11
3190.000000  9.130015e-12
3210.000000  1.010598e-11
3230.000000  8.241639e-12
3250.000000  1.161705e-11
3270.000000  1.386516e-11
3290.000000  1.335551e-11
3310.000000  1.260382e-11
3330.000000  1.279548e-11
3350.000000  1.238427e-11
3370.000000  9.360372e-12
3390.000000  1.088700e-11
3410.000000  1.105897e-11
3430.000000  1.163726e-11
3450.000000  1.212534e-11
3470.000000  1.260622e-11
3490.000000  1.389682e-11
3510.000000  1.453799e-11
3530.000000  1.328939e-11
3550.000000  1.554882e-11
3570.000000  1.106273e-11
3590.000000  1.123337e-11
3610.000000  1.311029e-11
3630.000000  1.334115e-11
3640.000000  1.351151e-11
3650.000000  1.560347e-11
3670.000000  1.611878e-11
3690.000000  1.525532e-11
3710.000000  1.596946e-11
3730.000000  1.142869e-11
3750.000000  1.287410e-11
3770.000000  1.563477e-11
3790.000000  1.618412e-11
3810.000000  1.560809e-11
3830.000000  9.267887e-12
3850.000000  1.258825e-11
3870.000000  1.240680e-11
3890.000000  1.463106e-11
3910.000000  1.736499e-11
3930.000000  9.128586e-12
3950.000000  1.547304e-11
3970.000000  1.069160e-11
3990.000000  2.118295e-11
4010.000000  2.268710e-11
4030.000000  2.244861e-11
4050.000000  2.147640e-11
4070.000000  2.079715e-11
4090.000000  2.387725e-11
4110.000000  2.295740e-11
4130.000000  2.320367e-11
4150.000000  2.312200e-11
4170.000000  2.338552e-11
4190.000000  2.209391e-11
4210.000000  2.260251e-11
4230.000000  2.150739e-11
4250.000000  2.201866e-11
4270.000000  2.047111e-11
4290.000000  1.864543e-11
4310.000000  1.560153e-11
4330.000000  2.262510e-11
4350.000000  2.153048e-11
4370.000000  2.395470e-11
4390.000000  2.167971e-11
4410.000000  2.338314e-11
4430.000000  2.493124e-11
4450.000000  2.469879e-11
4470.000000  2.607691e-11
4490.000000  2.635959e-11
4510.000000  2.896736e-11
4530.000000  2.616402e-11
4550.000000  2.705285e-11
4570.000000  2.869422e-11
4590.000000  2.709063e-11
4610.000000  2.769983e-11
4630.000000  2.727365e-11
4650.000000  2.751665e-11
4670.000000  2.823542e-11
4690.000000  2.762935e-11
4710.000000  2.654421e-11
4730.000000  2.783892e-11
4750.000000  2.829675e-11
4770.000000  2.834950e-11
4790.000000  2.819339e-11
4810.000000  2.785285e-11
4830.000000  2.828062e-11
4850.000000  2.644323e-11
4870.000000  2.350868e-11
4890.000000  2.673380e-11
4910.000000  2.674107e-11
4930.000000  2.616496e-11
4950.000000  2.723132e-11
4970.000000  2.745114e-11
4990.000000  2.557561e-11
5010.000000  2.447658e-11
5030.000000  2.591912e-11
5050.000000  2.589066e-11
5070.000000  2.690566e-11
5090.000000  2.582360e-11
5110.000000  2.624189e-11
5130.000000  2.557958e-11
5150.000000  2.462299e-11
5170.000000  2.186073e-11
5190.000000  2.221980e-11
5210.000000  2.472373e-11
5230.000000  2.516900e-11
5250.000000  2.598323e-11
5270.000000  2.285793e-11
5290.000000  2.572820e-11
5310.000000  2.661475e-11
5330.000000  2.390744e-11
5350.000000  2.572901e-11
5370.000000  2.566742e-11
5390.000000  2.534828e-11
5410.000000  2.442571e-11
5430.000000  2.513878e-11
5450.000000  2.577963e-11
5470.000000  2.526560e-11
5490.000000  2.505941e-11
5510.000000  2.506321e-11
5530.000000  2.523643e-11
5550.000000  2.555540e-11
5570.000000  2.478056e-11
5590.000000  2.421077e-11
5610.000000  2.498362e-11
5630.000000  2.505766e-11
5650.000000  2.498539e-11
5670.000000  2.438080e-11
5690.000000  2.471711e-11
5710.000000  2.421789e-11
5730.000000  2.564349e-11
5750.000000  2.479743e-11
5770.000000  2.501625e-11
5790.000000  2.428310e-11
5810.000000  2.481546e-11
5830.000000  2.511333e-11
5850.000000  2.452074e-11
5870.000000  2.452596e-11
5890.000000  2.251826e-11
5910.000000  2.423170e-11
5930.000000  2.415699e-11
5950.000000  2.416924e-11
5970.000000  2.419615e-11
5990.000000  2.392697e-11
6010.000000  2.351716e-11
6030.000000  2.354871e-11
6050.000000  2.395582e-11
6070.000000  2.378827e-11
6090.000000  2.321595e-11
6110.000000  2.300363e-11
6130.000000  2.214650e-11
6150.000000  2.245610e-11
6170.000000  2.166195e-11
6190.000000  2.279487e-11
6210.000000  2.282214e-11
6230.000000  2.219578e-11
6250.000000  2.154829e-11
6270.000000  2.240189e-11
6290.000000  2.246400e-11
6310.000000  2.177726e-11
6330.000000  2.183006e-11
6350.000000  2.183595e-11
6370.000000  2.172266e-11
6390.000000  2.186700e-11
6410.000000  2.132385e-11
6430.000000  2.152258e-11
6450.000000  2.121008e-11
6470.000000  2.112799e-11
6490.000000  2.083345e-11
6510.000000  2.126152e-11
6530.000000  2.120933e-11
6550.000000  2.051306e-11
6570.000000  1.844152e-11
6590.000000  2.068882e-11
6610.000000  2.095538e-11
6630.000000  2.076465e-11
6650.000000  2.069895e-11
6670.000000  2.042185e-11
6690.000000  2.067258e-11
6710.000000  2.023948e-11
6730.000000  2.043152e-11
6750.000000  2.017732e-11
6770.000000  2.013980e-11
6790.000000  2.002356e-11
6810.000000  1.986822e-11
6830.000000  1.995764e-11
6850.000000  1.950896e-11
6870.000000  1.966603e-11
6890.000000  1.964107e-11
6910.000000  1.948509e-11
6930.000000  1.938660e-11
6950.000000  1.928990e-11
6970.000000  1.924940e-11
6990.000000  1.915663e-11
7010.000000  1.858981e-11
7030.000000  1.885398e-11
7050.000000  1.888999e-11
7070.000000  1.869331e-11
7090.000000  1.858668e-11
7110.000000  1.858961e-11
7130.000000  1.830165e-11
7150.000000  1.815414e-11
7170.000000  1.810443e-11
7190.000000  1.762264e-11
7210.000000  1.792345e-11
7230.000000  1.790271e-11
7250.000000  1.794194e-11
7270.000000  1.785932e-11
7290.000000  1.736382e-11
7310.000000  1.761626e-11
7330.000000  1.750480e-11
7350.000000  1.753554e-11
7370.000000  1.750578e-11
7390.000000  1.706837e-11
7410.000000  1.683394e-11
7430.000000  1.698707e-11
7450.000000  1.698645e-11
7470.000000  1.707649e-11
7490.000000  1.688454e-11
7510.000000  1.687078e-11
7530.000000  1.684811e-11
7550.000000  1.684441e-11
7570.000000  1.665042e-11
7590.000000  1.659625e-11
7610.000000  1.646346e-11
7630.000000  1.651760e-11
7650.000000  1.641574e-11
7670.000000  1.597741e-11
7690.000000  1.624140e-11
7710.000000  1.605152e-11
7730.000000  1.603231e-11
7750.000000  1.581725e-11
7770.000000  1.598623e-11
7790.000000  1.597036e-11
7810.000000  1.583952e-11
7830.000000  1.565267e-11
7850.000000  1.561710e-11
7870.000000  1.569755e-11
7890.000000  1.558128e-11
7910.000000  1.535612e-11
7930.000000  1.503717e-11
7950.000000  1.503943e-11
7970.000000  1.526044e-11
7990.000000  1.523073e-11
8010.000000  1.501324e-11
8030.000000  1.496197e-11
8050.000000  1.481263e-11
8070.000000  1.489335e-11
8090.000000  1.460835e-11
8110.000000  1.470527e-11
8130.000000  1.473895e-11
8150.000000  1.462426e-11
8170.000000  1.456412e-11
8190.000000  1.410028e-11
8210.000000  1.413084e-11
8230.000000  1.409312e-11
8250.000000  1.418211e-11
8270.000000  1.427021e-11
8290.000000  1.416720e-11
8310.000000  1.387038e-11
8330.000000  1.377663e-11
8350.000000  1.381789e-11
8370.000000  1.386691e-11
8390.000000  1.358498e-11
8410.000000  1.376764e-11
8430.000000  1.348797e-11
8450.000000  1.353130e-11
8470.000000  1.342270e-11
8490.000000  1.324936e-11
8510.000000  1.264483e-11
8530.000000  1.299991e-11
8550.000000  1.119414e-11
8570.000000  1.327296e-11
8590.000000  1.301609e-11
8610.000000  1.297499e-11
8630.000000  1.307307e-11
8650.000000  1.285591e-11
8670.000000  1.113437e-11
8690.000000  1.254980e-11
8710.000000  1.274594e-11
8730.000000  1.267723e-11
8750.000000  1.239801e-11
8770.000000  1.265542e-11
8790.000000  1.255643e-11
8810.000000  1.223876e-11
8830.000000  1.242162e-11
8850.000000  1.236047e-11
8870.000000  1.197378e-11
8890.000000  1.235646e-11
8910.000000  1.236928e-11
8930.000000  1.212143e-11
8950.000000  1.212431e-11
8970.000000  1.211001e-11
8990.000000  1.210312e-11
9010.000000  1.143543e-11
9030.000000  1.183302e-11
9050.000000  1.203482e-11
9070.000000  1.180374e-11
9090.000000  1.147849e-11
9110.000000  1.158421e-11
9130.000000  1.176603e-11
9150.000000  1.163009e-11
9170.000000  1.154298e-11
9190.000000  1.155681e-11
9210.000000  1.122352e-11
9230.000000  1.087132e-11
9250.000000  1.105571e-11
9270.000000  1.122141e-11
9290.000000  1.122752e-11
9310.000000  1.125996e-11
9330.000000  1.117870e-11
9350.000000  1.111880e-11
9370.000000  1.105777e-11
9390.000000  1.101714e-11
9410.000000  1.055260e-11
9430.000000  1.083861e-11
9450.000000  1.069232e-11
9470.000000  1.084059e-11
9490.000000  1.083487e-11
9510.000000  1.074461e-11
9530.000000  1.062005e-11
9550.000000  1.016467e-11
9570.000000  1.051356e-11
9590.000000  1.060078e-11
9610.000000  1.047461e-11
9630.000000  1.037680e-11
9650.000000  1.032528e-11
9670.000000  1.026402e-11
9690.000000  1.033769e-11
9710.000000  1.029320e-11
9730.000000  1.026144e-11
9750.000000  1.013447e-11
9770.000000  1.014015e-11
9790.000000  1.005782e-11
9810.000000  1.011140e-11
9830.000000  1.004054e-11
9850.000000  1.003111e-11
9870.000000  9.935409e-12
9890.000000  9.893392e-12
9910.000000  9.818414e-12
9930.000000  9.892830e-12
9950.000000  9.843571e-12
9970.000000  9.810960e-12
9990.000000  9.752859e-12
10025.000000  9.609390e-12
10075.000000  9.398158e-12
10125.000000  9.463426e-12
10175.000000  9.284786e-12
10225.000000  9.250791e-12
10275.000000  9.206546e-12
10325.000000  9.033906e-12
10375.000000  8.947829e-12
10425.000000  8.908839e-12
10475.000000  8.742902e-12
10525.000000  8.717447e-12
10575.000000  8.589735e-12
10625.000000  8.491273e-12
10675.000000  8.271973e-12
10725.000000  8.284565e-12
10775.000000  8.170971e-12
10825.000000  7.983257e-12
10875.000000  7.945365e-12
10925.000000  7.751896e-12
10975.000000  7.677469e-12
11025.000000  7.721166e-12
11075.000000  7.710173e-12
11125.000000  7.607459e-12
11175.000000  7.535583e-12
11225.000000  7.502085e-12
11275.000000  7.319786e-12
11325.000000  7.312728e-12
11375.000000  7.233461e-12
11425.000000  7.127941e-12
11475.000000  7.177690e-12
11525.000000  7.114763e-12
11575.000000  7.002471e-12
11625.000000  6.877015e-12
11675.000000  6.841026e-12
11725.000000  6.873010e-12
11775.000000  6.697882e-12
11825.000000  6.620525e-12
11875.000000  6.559488e-12
11925.000000  6.635800e-12
11975.000000  6.358501e-12
12025.000000  6.412495e-12
12075.000000  6.321470e-12
12125.000000  6.320644e-12
12175.000000  6.333030e-12
12225.000000  6.271870e-12
12275.000000  6.182680e-12
12325.000000  6.146451e-12
12375.000000  6.091406e-12
12425.000000  6.020034e-12
12475.000000  5.999231e-12
12525.000000  5.922628e-12
12575.000000  5.872376e-12
12625.000000  5.822091e-12
12675.000000  5.749385e-12
12725.000000  5.732918e-12
12775.000000  5.670833e-12
12825.000000  5.294872e-12
12875.000000  5.549884e-12
12925.000000  5.499417e-12
12975.000000  5.495405e-12
13025.000000  5.412558e-12
13075.000000  5.404064e-12
13125.000000  5.293770e-12
13175.000000  5.246314e-12
13225.000000  5.262485e-12
13275.000000  5.164425e-12
13325.000000  5.153193e-12
13375.000000  5.103333e-12
13425.000000  5.092026e-12
13475.000000  5.042503e-12
13525.000000  5.004296e-12
13575.000000  4.913195e-12
13625.000000  4.894418e-12
13675.000000  4.852735e-12
13725.000000  4.815293e-12
13775.000000  4.779748e-12
13825.000000  4.750847e-12
13875.000000  4.720020e-12
13925.000000  4.680258e-12
13975.000000  4.638201e-12
14025.000000  4.572947e-12
14075.000000  4.561063e-12
14125.000000  4.473847e-12
14175.000000  4.485619e-12
14225.000000  4.385485e-12
14275.000000  4.306093e-12
14325.000000  4.358944e-12
14375.000000  4.354467e-12
14425.000000  4.185558e-12
14475.000000  4.271438e-12
14525.000000  4.164354e-12
14570.000000  4.175028e-12
14620.000000  4.147101e-12
14675.000000  4.117865e-12
14725.000000  4.032154e-12
14775.000000  4.015706e-12
14825.000000  4.000076e-12
14875.000000  3.876627e-12
14925.000000  3.985542e-12
14975.000000  3.917675e-12
15025.000000  3.775268e-12
15075.000000  3.780134e-12
15125.000000  3.836579e-12
15175.000000  3.826088e-12
15225.000000  3.749330e-12
15275.000000  3.761078e-12
15325.000000  3.718147e-12
15375.000000  3.693683e-12
15425.000000  3.669812e-12
15475.000000  3.642434e-12
15525.000000  3.586123e-12
15575.000000  3.554526e-12
15625.000000  3.569025e-12
15675.000000  3.476799e-12
15725.000000  3.478296e-12
15775.000000  3.332603e-12
15825.000000  3.389574e-12
15875.000000  3.265802e-12
15925.000000  3.326389e-12
15975.000000  3.322053e-12
16050.000000  3.280379e-12
16150.000000  3.202071e-12
16250.000000  3.194944e-12
16350.000000  3.102997e-12
16450.000000  3.021159e-12
16550.000000  3.025749e-12
16650.000000  2.968538e-12
16750.000000  2.860815e-12
16850.000000  2.767347e-12
16950.000000  2.809190e-12
17050.000000  2.719775e-12
17150.000000  2.668749e-12
17250.000000  2.593937e-12
17350.000000  2.454716e-12
17450.000000  2.483107e-12
17550.000000  2.465135e-12
17650.000000  2.414470e-12
17750.000000  2.365017e-12
17850.000000  2.330356e-12
17950.000000  2.286966e-12
18050.000000  2.228848e-12
18150.000000  2.111971e-12
18250.000000  2.119160e-12
18350.000000  2.099413e-12
18450.000000  2.041822e-12
18550.000000  2.020002e-12
18650.000000  1.961325e-12
18750.000000  1.828114e-12
18850.000000  1.894614e-12
18950.000000  1.825302e-12
19050.000000  1.839809e-12
19150.000000  1.798299e-12
19250.000000  1.766887e-12
19350.000000  1.716683e-12
19450.000000  1.616179e-12
19550.000000  1.665881e-12
19650.000000  1.635557e-12
19750.000000  1.598744e-12
19850.000000  1.580388e-12
19950.000000  1.551632e-12
20050.000000  1.532748e-12
20150.000000  1.512448e-12
20250.000000  1.471300e-12
20350.000000  1.435712e-12
20450.000000  1.432043e-12
20550.000000  1.401298e-12
20650.000000  1.367872e-12
20750.000000  1.350867e-12
20850.000000  1.326718e-12
20950.000000  1.294998e-12
21050.000000  1.285485e-12
21150.000000  1.259860e-12
21250.000000  1.237361e-12
21350.000000  1.219464e-12
21450.000000  1.201138e-12
21550.000000  1.177895e-12
21650.000000  1.105643e-12
21750.000000  1.126386e-12
21850.000000  1.113607e-12
21950.000000  1.104726e-12
22050.000000  1.074140e-12
22150.000000  1.067496e-12
22250.000000  1.047972e-12
22350.000000  1.030726e-12
22450.000000  1.014141e-12
22550.000000  9.946015e-13
22650.000000  9.779309e-13
22750.000000  9.673236e-13
22850.000000  9.441479e-13
22950.000000  9.257455e-13
23050.000000  9.187942e-13
23150.000000  9.022630e-13
23250.000000  8.785965e-13
23350.000000  8.685705e-13
23450.000000  8.620861e-13
23550.000000  8.343824e-13
23650.000000  8.324750e-13
23750.000000  8.139098e-13
23850.000000  7.927693e-13
23950.000000  7.928445e-13
24050.000000  7.811583e-13
24150.000000  7.583414e-13
24250.000000  7.544924e-13
24350.000000  7.430869e-13
24450.000000  7.302907e-13
24550.000000  7.122342e-13
24650.000000  7.125084e-13
24750.000000  6.967557e-13
24850.000000  6.797603e-13
24950.000000  6.791639e-13
