2505.000000  3.099961e-12
2513.000000  1.336570e-12
2518.000000  8.248355e-13
2525.000000  8.962770e-13
2535.000000  1.234919e-12
2545.000000  1.575797e-12
2555.000000  3.388062e-12
2565.000000  2.771653e-12
2575.000000  3.916014e-12
2585.000000  3.416360e-12
2595.000000  2.975698e-12
2605.000000  2.307476e-12
2615.000000  2.077134e-12
2625.000000  3.078810e-12
2635.000000  6.028623e-12
2645.000000  8.409571e-12
2655.000000  1.121177e-11
2665.000000  7.007711e-12
2675.000000  8.178292e-12
2685.000000  9.503211e-12
2695.000000  6.795341e-12
2705.000000  8.506125e-12
2715.000000  5.855245e-12
2725.000000  4.727868e-12
2735.000000  5.909785e-12
2745.000000  2.914053e-12
2755.000000  4.331744e-12
2765.000000  5.958197e-12
2775.000000  6.350563e-12
2785.000000  3.163617e-12
2795.000000  1.132178e-12
2805.000000  1.455522e-12
2815.000000  5.399556e-12
2825.000000  8.771177e-12
2835.000000  8.057363e-12
2845.000000  5.111978e-12
2855.000000  2.333338e-12
2865.000000  7.364573e-12
2875.000000  1.028493e-11
2885.000000  9.082409e-12
2895.000000  1.091067e-11
2910.000000  1.436286e-11
2930.000000  1.278446e-11
2950.000000  1.236889e-11
2970.000000  1.319786e-11
2990.000000  1.308698e-11
3010.000000  1.345246e-11
3030.000000  1.414441e-11
3050.000000  1.476975e-11
3070.000000  1.489304e-11
3090.000000  1.428503e-11
3110.000000  1.547234e-11
3130.000000  1.481021e-11
3150.000000  1.411985e-11
3170.000000  1.529296e-11
3190.000000  1.373692e-11
3210.000000  1.529473e-11
3230.000000  1.291128e-11
3250.000000  1.703084e-11
3270.000000  1.971589e-11
3290.000000  1.909466e-11
3310.000000  1.849458e-11
3330.000000  1.857127e-11
3350.000000  1.809584e-11
3370.000000  1.433004e-11
3390.000000  1.656776e-11
3410.000000  1.692705e-11
3430.000000  1.779511e-11
3450.000000  1.833724e-11
3470.000000  1.884081e-11
3490.000000  2.012487e-11
3510.000000  2.096195e-11
3530.000000  1.953389e-11
3550.000000  2.247820e-11
3570.000000  1.758643e-11
3590.000000  1.755212e-11
3610.000000  1.933693e-11
3630.000000  1.953918e-11
3640.000000  1.975044e-11
3650.000000  2.215432e-11
3670.000000  2.250017e-11
3690.000000  2.166938e-11
3710.000000  2.271947e-11
3730.000000  1.827731e-11
3750.000000  2.034779e-11
3770.000000  2.351363e-11
3790.000000  2.470169e-11
3810.000000  2.502357e-11
3830.000000  1.692246e-11
3850.000000  2.224696e-11
3870.000000  2.190513e-11
3890.000000  2.261419e-11
3910.000000  2.598480e-11
3930.000000  1.439129e-11
3950.000000  2.367650e-11
3970.000000  1.638426e-11
3990.000000  3.019675e-11
4010.000000  3.204982e-11
4030.000000  3.186262e-11
4050.000000  3.092064e-11
4070.000000  3.019180e-11
4090.000000  3.316032e-11
4110.000000  3.146137e-11
4130.000000  3.282747e-11
4150.000000  3.302310e-11
4170.000000  3.313205e-11
4190.000000  3.170978e-11
4210.000000  3.195546e-11
4230.000000  3.058048e-11
4250.000000  3.101692e-11
4270.000000  2.932146e-11
4290.000000  2.686264e-11
4310.000000  2.262409e-11
4330.000000  3.118734e-11
4350.000000  2.951734e-11
4370.000000  3.282327e-11
4390.000000  3.040493e-11
4410.000000  3.235936e-11
4430.000000  3.410837e-11
4450.000000  3.373690e-11
4470.000000  3.509638e-11
4490.000000  3.542180e-11
4510.000000  3.806380e-11
4530.000000  3.501779e-11
4550.000000  3.587393e-11
4570.000000  3.777076e-11
4590.000000  3.595654e-11
4610.000000  3.671331e-11
4630.000000  3.623185e-11
4650.000000  3.650271e-11
4670.000000  3.726374e-11
4690.000000  3.661739e-11
4710.000000  3.536375e-11
4730.000000  3.676333e-11
4750.000000  3.715518e-11
4770.000000  3.709502e-11
4790.000000  3.688908e-11
4810.000000  3.659466e-11
4830.000000  3.685662e-11
4850.000000  3.471407e-11
4870.000000  3.091484e-11
4890.000000  3.524028e-11
4910.000000  3.521935e-11
4930.000000  3.455396e-11
4950.000000  3.564443e-11
4970.000000  3.600195e-11
4990.000000  3.388653e-11
5010.000000  3.266847e-11
5030.000000  3.430563e-11
5050.000000  3.418379e-11
5070.000000  3.528501e-11
5090.000000  3.413874e-11
5110.000000  3.453538e-11
5130.000000  3.381063e-11
5150.000000  3.280183e-11
5170.000000  3.036659e-11
5190.000000  3.056217e-11
5210.000000  3.268697e-11
5230.000000  3.310397e-11
5250.000000  3.393565e-11
5270.000000  3.069522e-11
5290.000000  3.357302e-11
5310.000000  3.433050e-11
5330.000000  3.166917e-11
5350.000000  3.348850e-11
5370.000000  3.334037e-11
5390.000000  3.301060e-11
5410.000000  3.205908e-11
5430.000000  3.272272e-11
5450.000000  3.330220e-11
5470.000000  3.278262e-11
5490.000000  3.262516e-11
5510.000000  3.260353e-11
5530.000000  3.269817e-11
5550.000000  3.300103e-11
5570.000000  3.214303e-11
5590.000000  3.160071e-11
5610.000000  3.222845e-11
5630.000000  3.237333e-11
5650.000000  3.223441e-11
5670.000000  3.157416e-11
5690.000000  3.190471e-11
5710.000000  3.134796e-11
5730.000000  3.269852e-11
5750.000000  3.187320e-11
5770.000000  3.203264e-11
5790.000000  3.136397e-11
5810.000000  3.177845e-11
5830.000000  3.199378e-11
5850.000000  3.137617e-11
5870.000000  3.136181e-11
5890.000000  2.960070e-11
5910.000000  3.102600e-11
5930.000000  3.090279e-11
5950.000000  3.088942e-11
5970.000000  3.084678e-11
5990.000000  3.056633e-11
6010.000000  3.013744e-11
6030.000000  3.010705e-11
6050.000000  3.047637e-11
6070.000000  3.027942e-11
6090.000000  2.974951e-11
6110.000000  2.946697e-11
6130.000000  2.859037e-11
6150.000000  2.882845e-11
6170.000000  2.808273e-11
6190.000000  2.911391e-11
6210.000000  2.911599e-11
6230.000000  2.847841e-11
6250.000000  2.773829e-11
6270.000000  2.861381e-11
6290.000000  2.862515e-11
6310.000000  2.790546e-11
6330.000000  2.795435e-11
6350.000000  2.796728e-11
6370.000000  2.782370e-11
6390.000000  2.786848e-11
6410.000000  2.729084e-11
6430.000000  2.745503e-11
6450.000000  2.713583e-11
6470.000000  2.704271e-11
6490.000000  2.666314e-11
6510.000000  2.707340e-11
6530.000000  2.700301e-11
6550.000000  2.609322e-11
6570.000000  2.325202e-11
6590.000000  2.633644e-11
6610.000000  2.661974e-11
6630.000000  2.645254e-11
6650.000000  2.634429e-11
6670.000000  2.603809e-11
6690.000000  2.625940e-11
6710.000000  2.583596e-11
6730.000000  2.596309e-11
6750.000000  2.568666e-11
6770.000000  2.562472e-11
6790.000000  2.549501e-11
6810.000000  2.531446e-11
6830.000000  2.534717e-11
6850.000000  2.491181e-11
6870.000000  2.501342e-11
6890.000000  2.497222e-11
6910.000000  2.479216e-11
6930.000000  2.467861e-11
6950.000000  2.454562e-11
6970.000000  2.448755e-11
6990.000000  2.436763e-11
7010.000000  2.381564e-11
7030.000000  2.401722e-11
7050.000000  2.401617e-11
7070.000000  2.381698e-11
7090.000000  2.368711e-11
7110.000000  2.362314e-11
7130.000000  2.334225e-11
7150.000000  2.318348e-11
7170.000000  2.309677e-11
7190.000000  2.262682e-11
7210.000000  2.284815e-11
7230.000000  2.280879e-11
7250.000000  2.282283e-11
7270.000000  2.271817e-11
7290.000000  2.223119e-11
7310.000000  2.242014e-11
7330.000000  2.229219e-11
7350.000000  2.230437e-11
7370.000000  2.225481e-11
7390.000000  2.180373e-11
7410.000000  2.150991e-11
7430.000000  2.164927e-11
7450.000000  2.163097e-11
7470.000000  2.168661e-11
7490.000000  2.147126e-11
7510.000000  2.142845e-11
7530.000000  2.138045e-11
7550.000000  2.136437e-11
7570.000000  2.115537e-11
7590.000000  2.106930e-11
7610.000000  2.093569e-11
7630.000000  2.093784e-11
7650.000000  2.082104e-11
7670.000000  2.037495e-11
7690.000000  2.060628e-11
7710.000000  2.037406e-11
7730.000000  2.035808e-11
7750.000000  2.011720e-11
7770.000000  2.022061e-11
7790.000000  2.020518e-11
7810.000000  2.008239e-11
7830.000000  1.986355e-11
7850.000000  1.980455e-11
7870.000000  1.986207e-11
7890.000000  1.973832e-11
7910.000000  1.951825e-11
7930.000000  1.918559e-11
7950.000000  1.916962e-11
7970.000000  1.935016e-11
7990.000000  1.929384e-11
8010.000000  1.905727e-11
8030.000000  1.898996e-11
8050.000000  1.882822e-11
8070.000000  1.888794e-11
8090.000000  1.859877e-11
8110.000000  1.868531e-11
8130.000000  1.867549e-11
8150.000000  1.855019e-11
8170.000000  1.846339e-11
8190.000000  1.799530e-11
8210.000000  1.801532e-11
8230.000000  1.793312e-11
8250.000000  1.799146e-11
8270.000000  1.806294e-11
8290.000000  1.794502e-11
8310.000000  1.766728e-11
8330.000000  1.751105e-11
8350.000000  1.757479e-11
8370.000000  1.758263e-11
8390.000000  1.729616e-11
8410.000000  1.743908e-11
8430.000000  1.715875e-11
8450.000000  1.715733e-11
8470.000000  1.702745e-11
8490.000000  1.683204e-11
8510.000000  1.612028e-11
8530.000000  1.658215e-11
8550.000000  1.444364e-11
8570.000000  1.681272e-11
8590.000000  1.652043e-11
8610.000000  1.643122e-11
8630.000000  1.656701e-11
8650.000000  1.632924e-11
8670.000000  1.431112e-11
8690.000000  1.600381e-11
8710.000000  1.619985e-11
8730.000000  1.610532e-11
8750.000000  1.563558e-11
8770.000000  1.602431e-11
8790.000000  1.593348e-11
8810.000000  1.563466e-11
8830.000000  1.575216e-11
8850.000000  1.563474e-11
8870.000000  1.510153e-11
8890.000000  1.563741e-11
8910.000000  1.562630e-11
8930.000000  1.538435e-11
8950.000000  1.537478e-11
8970.000000  1.534820e-11
8990.000000  1.531185e-11
9010.000000  1.446639e-11
9030.000000  1.496896e-11
9050.000000  1.518752e-11
9070.000000  1.491874e-11
9090.000000  1.457078e-11
9110.000000  1.471584e-11
9130.000000  1.487266e-11
9150.000000  1.475940e-11
9170.000000  1.466654e-11
9190.000000  1.465506e-11
9210.000000  1.429667e-11
9230.000000  1.370664e-11
9250.000000  1.408395e-11
9270.000000  1.425374e-11
9290.000000  1.426781e-11
9310.000000  1.426905e-11
9330.000000  1.417403e-11
9350.000000  1.410280e-11
9370.000000  1.402732e-11
9390.000000  1.398172e-11
9410.000000  1.348468e-11
9430.000000  1.377762e-11
9450.000000  1.363501e-11
9470.000000  1.374850e-11
9490.000000  1.372304e-11
9510.000000  1.361493e-11
9530.000000  1.346190e-11
9550.000000  1.279647e-11
9570.000000  1.333373e-11
9590.000000  1.340984e-11
9610.000000  1.327162e-11
9630.000000  1.315636e-11
9650.000000  1.311016e-11
9670.000000  1.302153e-11
9690.000000  1.308040e-11
9710.000000  1.304017e-11
9730.000000  1.299103e-11
9750.000000  1.284639e-11
9770.000000  1.284413e-11
9790.000000  1.276302e-11
9810.000000  1.278178e-11
9830.000000  1.270725e-11
9850.000000  1.267036e-11
9870.000000  1.256466e-11
9890.000000  1.250187e-11
9910.000000  1.242976e-11
9930.000000  1.247848e-11
9950.000000  1.242140e-11
9970.000000  1.237471e-11
9990.000000  1.230933e-11
10025.000000  1.210985e-11
10075.000000  1.182961e-11
10125.000000  1.193008e-11
10175.000000  1.173976e-11
10225.000000  1.167462e-11
10275.000000  1.159873e-11
10325.000000  1.139334e-11
10375.000000  1.128990e-11
10425.000000  1.122330e-11
10475.000000  1.101974e-11
10525.000000  1.097843e-11
10575.000000  1.082578e-11
10625.000000  1.069840e-11
10675.000000  1.044207e-11
10725.000000  1.044596e-11
10775.000000  1.031417e-11
10825.000000  1.011690e-11
10875.000000  1.005050e-11
10925.000000  9.744722e-12
10975.000000  9.756072e-12
11025.000000  9.796160e-12
11075.000000  9.759325e-12
11125.000000  9.630257e-12
11175.000000  9.528312e-12
11225.000000  9.477581e-12
11275.000000  9.272776e-12
11325.000000  9.235241e-12
11375.000000  9.148894e-12
11425.000000  9.012115e-12
11475.000000  9.043172e-12
11525.000000  8.959643e-12
11575.000000  8.831029e-12
11625.000000  8.676645e-12
11675.000000  8.616467e-12
11725.000000  8.637481e-12
11775.000000  8.432097e-12
11825.000000  8.355277e-12
11875.000000  8.264690e-12
11925.000000  8.327778e-12
11975.000000  8.044340e-12
12025.000000  8.080019e-12
12075.000000  7.976746e-12
12125.000000  7.950259e-12
12175.000000  7.942773e-12
12225.000000  7.865278e-12
12275.000000  7.761109e-12
12325.000000  7.711834e-12
12375.000000  7.639493e-12
12425.000000  7.559310e-12
12475.000000  7.517107e-12
12525.000000  7.429611e-12
12575.000000  7.358680e-12
12625.000000  7.294282e-12
12675.000000  7.217482e-12
12725.000000  7.181048e-12
12775.000000  7.093149e-12
12825.000000  6.627614e-12
12875.000000  6.954731e-12
12925.000000  6.900012e-12
12975.000000  6.875363e-12
13025.000000  6.789561e-12
13075.000000  6.760415e-12
13125.000000  6.644646e-12
13175.000000  6.581474e-12
13225.000000  6.583186e-12
13275.000000  6.478721e-12
13325.000000  6.452898e-12
13375.000000  6.392259e-12
13425.000000  6.365768e-12
13475.000000  6.306447e-12
13525.000000  6.254769e-12
13575.000000  6.157987e-12
13625.000000  6.128838e-12
13675.000000  6.075819e-12
13725.000000  6.017450e-12
13775.000000  5.976662e-12
13825.000000  5.936059e-12
13875.000000  5.898111e-12
13925.000000  5.845784e-12
13975.000000  5.795985e-12
14025.000000  5.723249e-12
14075.000000  5.702396e-12
14125.000000  5.612450e-12
14175.000000  5.611238e-12
14225.000000  5.504383e-12
14275.000000  5.424168e-12
14325.000000  5.459021e-12
14375.000000  5.441304e-12
14425.000000  5.262196e-12
14475.000000  5.342286e-12
14525.000000  5.224963e-12
14570.000000  5.229806e-12
14620.000000  5.191873e-12
14675.000000  5.156138e-12
14725.000000  5.067473e-12
14775.000000  5.037312e-12
14825.000000  5.013428e-12
14875.000000  4.889261e-12
14925.000000  4.978478e-12
14975.000000  4.903464e-12
15025.000000  4.770151e-12
15075.000000  4.756160e-12
15125.000000  4.800427e-12
15175.000000  4.779138e-12
15225.000000  4.698468e-12
15275.000000  4.694106e-12
15325.000000  4.647305e-12
15375.000000  4.612215e-12
15425.000000  4.575761e-12
15475.000000  4.545187e-12
15525.000000  4.487587e-12
15575.000000  4.440753e-12
15625.000000  4.450266e-12
15675.000000  4.354529e-12
15725.000000  4.334069e-12
15775.000000  4.210524e-12
15825.000000  4.248597e-12
15875.000000  4.097445e-12
15925.000000  4.170665e-12
15975.000000  4.160799e-12
16050.000000  4.100286e-12
16150.000000  3.990408e-12
16250.000000  3.991847e-12
16350.000000  3.874115e-12
16450.000000  3.752452e-12
16550.000000  3.775060e-12
16650.000000  3.701692e-12
16750.000000  3.566912e-12
16850.000000  3.432710e-12
16950.000000  3.494097e-12
17050.000000  3.394705e-12
17150.000000  3.329331e-12
17250.000000  3.240199e-12
17350.000000  3.045059e-12
17450.000000  3.098744e-12
17550.000000  3.072052e-12
17650.000000  3.008400e-12
17750.000000  2.950159e-12
17850.000000  2.900969e-12
17950.000000  2.847611e-12
18050.000000  2.777675e-12
18150.000000  2.614545e-12
18250.000000  2.641396e-12
18350.000000  2.619115e-12
18450.000000  2.553511e-12
18550.000000  2.518894e-12
18650.000000  2.451853e-12
18750.000000  2.275947e-12
18850.000000  2.363013e-12
18950.000000  2.290485e-12
19050.000000  2.293395e-12
19150.000000  2.244415e-12
19250.000000  2.204508e-12
19350.000000  2.145505e-12
19450.000000  2.009616e-12
19550.000000  2.076306e-12
19650.000000  2.042262e-12
19750.000000  1.997728e-12
19850.000000  1.971556e-12
19950.000000  1.935646e-12
20050.000000  1.908913e-12
20150.000000  1.880892e-12
20250.000000  1.835468e-12
20350.000000  1.793460e-12
20450.000000  1.781547e-12
20550.000000  1.745999e-12
20650.000000  1.706758e-12
20750.000000  1.682996e-12
20850.000000  1.653954e-12
20950.000000  1.617044e-12
21050.000000  1.600126e-12
21150.000000  1.569406e-12
21250.000000  1.542077e-12
21350.000000  1.518031e-12
21450.000000  1.494930e-12
21550.000000  1.465832e-12
21650.000000  1.372644e-12
21750.000000  1.405335e-12
21850.000000  1.388775e-12
21950.000000  1.374743e-12
22050.000000  1.340835e-12
22150.000000  1.327814e-12
22250.000000  1.305234e-12
22350.000000  1.283752e-12
22450.000000  1.263135e-12
22550.000000  1.238625e-12
22650.000000  1.219222e-12
22750.000000  1.203611e-12
22850.000000  1.178424e-12
22950.000000  1.158204e-12
23050.000000  1.145784e-12
23150.000000  1.125608e-12
23250.000000  1.102279e-12
23350.000000  1.086641e-12
23450.000000  1.075166e-12
23550.000000  1.048856e-12
23650.000000  1.040217e-12
23750.000000  1.019415e-12
23850.000000  9.979026e-13
23950.000000  9.914383e-13
24050.000000  9.761190e-13
24150.000000  9.539700e-13
24250.000000  9.446547e-13
24350.000000  9.296607e-13
24450.000000  9.154920e-13
24550.000000  8.955194e-13
24650.000000  8.907970e-13
24750.000000  8.734717e-13
24850.000000  8.546401e-13
24950.000000  8.493640e-13
