2505.000000  4.587206e-11
2513.000000  3.872839e-11
2518.000000  4.038204e-11
2525.000000  3.626840e-11
2535.000000  3.621135e-11
2545.000000  3.556120e-11
2555.000000  3.918317e-11
2565.000000  3.804329e-11
2575.000000  4.209955e-11
2585.000000  4.159238e-11
2595.000000  3.972930e-11
2605.000000  3.750617e-11
2615.000000  3.684061e-11
2625.000000  4.099664e-11
2635.000000  4.132375e-11
2645.000000  4.843063e-11
2655.000000  4.763884e-11
2665.000000  4.145828e-11
2675.000000  4.450660e-11
2685.000000  4.295112e-11
2695.000000  4.167199e-11
2705.000000  4.332403e-11
2715.000000  4.047807e-11
2725.000000  4.122800e-11
2735.000000  4.511853e-11
2745.000000  3.532283e-11
2755.000000  3.615699e-11
2765.000000  3.756191e-11
2775.000000  4.213762e-11
2785.000000  4.048174e-11
2795.000000  2.639872e-11
2805.000000  3.146741e-11
2815.000000  4.286467e-11
2825.000000  4.497781e-11
2835.000000  4.224639e-11
2845.000000  4.042563e-11
2855.000000  3.864227e-11
2865.000000  4.267057e-11
2875.000000  4.083381e-11
2885.000000  4.163986e-11
2895.000000  3.912497e-11
2910.000000  4.497474e-11
2930.000000  4.262995e-11
2950.000000  4.249684e-11
2970.000000  4.369326e-11
2990.000000  4.402518e-11
3010.000000  4.495996e-11
3030.000000  4.401833e-11
3050.000000  4.328414e-11
3070.000000  4.282754e-11
3090.000000  4.365800e-11
3110.000000  4.204483e-11
3130.000000  4.173701e-11
3150.000000  4.265913e-11
3170.000000  4.220820e-11
3190.000000  4.021056e-11
3210.000000  4.121148e-11
3230.000000  4.010837e-11
3250.000000  4.060685e-11
3270.000000  4.055944e-11
3290.000000  4.086649e-11
3310.000000  4.104355e-11
3330.000000  3.991188e-11
3350.000000  3.923602e-11
3370.000000  3.904574e-11
3390.000000  3.878172e-11
3410.000000  3.948527e-11
3430.000000  3.930541e-11
3450.000000  3.889157e-11
3470.000000  3.823176e-11
3490.000000  3.789167e-11
3510.000000  3.840581e-11
3530.000000  3.844864e-11
3550.000000  3.844512e-11
3570.000000  3.747815e-11
3590.000000  3.722842e-11
3610.000000  3.705406e-11
3630.000000  3.688596e-11
3640.000000  3.654613e-11
3650.000000  3.748576e-11
3670.000000  3.716688e-11
3690.000000  3.560089e-11
3710.000000  3.725994e-11
3730.000000  3.923903e-11
3750.000000  5.233212e-11
3770.000000  5.641384e-11
3790.000000  7.126214e-11
3810.000000  8.215437e-11
3830.000000  6.384227e-11
3850.000000  8.803439e-11
3870.000000  9.815568e-11
3890.000000  5.633804e-11
3910.000000  9.602020e-11
3930.000000  9.514828e-11
3950.000000  9.572669e-11
3970.000000  5.291232e-11
3990.000000  9.235116e-11
4010.000000  9.732834e-11
4030.000000  9.586144e-11
4050.000000  9.530248e-11
4070.000000  9.175445e-11
4090.000000  7.549326e-11
4110.000000  5.699627e-11
4130.000000  8.638833e-11
4150.000000  8.922833e-11
4170.000000  8.755532e-11
4190.000000  8.657529e-11
4210.000000  8.569747e-11
4230.000000  8.399568e-11
4250.000000  8.252352e-11
4270.000000  8.032636e-11
4290.000000  8.058784e-11
4310.000000  7.635269e-11
4330.000000  6.005002e-11
4350.000000  5.088375e-11
4370.000000  7.445435e-11
4390.000000  7.402395e-11
4410.000000  7.364868e-11
4430.000000  7.271541e-11
4450.000000  7.294116e-11
4470.000000  7.174746e-11
4490.000000  6.990868e-11
4510.000000  7.029781e-11
4530.000000  6.879235e-11
4550.000000  6.697274e-11
4570.000000  6.780477e-11
4590.000000  6.584713e-11
4610.000000  6.668386e-11
4630.000000  6.423707e-11
4650.000000  6.483589e-11
4670.000000  6.367055e-11
4690.000000  6.220435e-11
4710.000000  6.016069e-11
4730.000000  6.136802e-11
4750.000000  6.061746e-11
4770.000000  5.994040e-11
4790.000000  5.911031e-11
4810.000000  5.774144e-11
4830.000000  5.574672e-11
4850.000000  4.460153e-11
4870.000000  3.571866e-11
4890.000000  5.287836e-11
4910.000000  5.412138e-11
4930.000000  5.324237e-11
4950.000000  5.321149e-11
4970.000000  5.297017e-11
4990.000000  5.190627e-11
5010.000000  5.023251e-11
5030.000000  5.018233e-11
5050.000000  4.924644e-11
5070.000000  4.936415e-11
5090.000000  4.878008e-11
5110.000000  4.807818e-11
5130.000000  4.757419e-11
5150.000000  4.653662e-11
5170.000000  4.559829e-11
5190.000000  4.523266e-11
5210.000000  4.496762e-11
5230.000000  4.398660e-11
5250.000000  4.422968e-11
5270.000000  4.273984e-11
5290.000000  4.332943e-11
5310.000000  4.216933e-11
5330.000000  4.169729e-11
5350.000000  4.197642e-11
5370.000000  4.131347e-11
5390.000000  4.082735e-11
5410.000000  4.007987e-11
5430.000000  3.980588e-11
5450.000000  3.964913e-11
5470.000000  3.913533e-11
5490.000000  3.876665e-11
5510.000000  3.826003e-11
5530.000000  3.783703e-11
5550.000000  3.754988e-11
5570.000000  3.709425e-11
5590.000000  3.675479e-11
5610.000000  3.647476e-11
5630.000000  3.606867e-11
5650.000000  3.550619e-11
5670.000000  3.515699e-11
5690.000000  3.487972e-11
5710.000000  3.452896e-11
5730.000000  3.419424e-11
5750.000000  3.375408e-11
5770.000000  3.341885e-11
5790.000000  3.298428e-11
5810.000000  3.267827e-11
5830.000000  3.233749e-11
5850.000000  3.202778e-11
5870.000000  3.161574e-11
5890.000000  3.104965e-11
5910.000000  3.098668e-11
5930.000000  3.069488e-11
5950.000000  3.020413e-11
5970.000000  2.998999e-11
5990.000000  2.957698e-11
6010.000000  2.933116e-11
6030.000000  2.910569e-11
6050.000000  2.874488e-11
6070.000000  2.849609e-11
6090.000000  2.819730e-11
6110.000000  2.790677e-11
6130.000000  2.758304e-11
6150.000000  2.683907e-11
6170.000000  2.700653e-11
6190.000000  2.680260e-11
6210.000000  2.653459e-11
6230.000000  2.621761e-11
6250.000000  2.566053e-11
6270.000000  2.574868e-11
6290.000000  2.548523e-11
6310.000000  2.513269e-11
6330.000000  2.495609e-11
6350.000000  2.436977e-11
6370.000000  2.424843e-11
6390.000000  2.419496e-11
6410.000000  2.389253e-11
6430.000000  2.371864e-11
6450.000000  2.320539e-11
6470.000000  2.325503e-11
6490.000000  2.283521e-11
6510.000000  2.257939e-11
6530.000000  2.202299e-11
6550.000000  1.929361e-11
6570.000000  1.543723e-11
6590.000000  2.088166e-11
6610.000000  2.147257e-11
6630.000000  2.141672e-11
6650.000000  2.128095e-11
6670.000000  2.108801e-11
6690.000000  2.091742e-11
6710.000000  2.074261e-11
6730.000000  2.048829e-11
6750.000000  2.032775e-11
6770.000000  2.017222e-11
6790.000000  1.996739e-11
6810.000000  1.979073e-11
6830.000000  1.957124e-11
6850.000000  1.940428e-11
6870.000000  1.923542e-11
6890.000000  1.906761e-11
6910.000000  1.887686e-11
6930.000000  1.868612e-11
6950.000000  1.853834e-11
6970.000000  1.836048e-11
6990.000000  1.821356e-11
7010.000000  1.794902e-11
7030.000000  1.786823e-11
7050.000000  1.768118e-11
7070.000000  1.754893e-11
7090.000000  1.740300e-11
7110.000000  1.706531e-11
7130.000000  1.703791e-11
7150.000000  1.689389e-11
7170.000000  1.676447e-11
7190.000000  1.661174e-11
7210.000000  1.647261e-11
7230.000000  1.630156e-11
7250.000000  1.613132e-11
7270.000000  1.604255e-11
7290.000000  1.587792e-11
7310.000000  1.573165e-11
7330.000000  1.561447e-11
7350.000000  1.549134e-11
7370.000000  1.536516e-11
7390.000000  1.521329e-11
7410.000000  1.506274e-11
7430.000000  1.484820e-11
7450.000000  1.476360e-11
7470.000000  1.457142e-11
7490.000000  1.451153e-11
7510.000000  1.439684e-11
7530.000000  1.431350e-11
7550.000000  1.420603e-11
7570.000000  1.408112e-11
7590.000000  1.396175e-11
7610.000000  1.385370e-11
7630.000000  1.372851e-11
7650.000000  1.359038e-11
7670.000000  1.347367e-11
7690.000000  1.336718e-11
7710.000000  1.324181e-11
7730.000000  1.315847e-11
7750.000000  1.304327e-11
7770.000000  1.264065e-11
7790.000000  1.283369e-11
7810.000000  1.273038e-11
7830.000000  1.260363e-11
7850.000000  1.246145e-11
7870.000000  1.232643e-11
7890.000000  1.219055e-11
7910.000000  1.216399e-11
7930.000000  1.209538e-11
7950.000000  1.189274e-11
7970.000000  1.191520e-11
7990.000000  1.161924e-11
8010.000000  1.171475e-11
8030.000000  1.161250e-11
8050.000000  1.152690e-11
8070.000000  1.142579e-11
8090.000000  1.133835e-11
8110.000000  1.124185e-11
8130.000000  1.116644e-11
8150.000000  1.107808e-11
8170.000000  1.099163e-11
8190.000000  1.080863e-11
8210.000000  1.074420e-11
8230.000000  1.063077e-11
8250.000000  1.063210e-11
8270.000000  1.064267e-11
8290.000000  1.053329e-11
8310.000000  1.047572e-11
8330.000000  1.033891e-11
8350.000000  1.031160e-11
8370.000000  1.023289e-11
8390.000000  1.013044e-11
8410.000000  1.001569e-11
8430.000000  9.923639e-12
8450.000000  9.706737e-12
8470.000000  9.564916e-12
8490.000000  9.796464e-12
8510.000000  9.195217e-12
8530.000000  9.817652e-12
8550.000000  8.654816e-12
8570.000000  9.917609e-12
8590.000000  9.090835e-12
8610.000000  8.835363e-12
8630.000000  1.000857e-11
8650.000000  9.548532e-12
8670.000000  7.757898e-12
8690.000000  9.707634e-12
8710.000000  1.015998e-11
8730.000000  9.703067e-12
8750.000000  7.466135e-12
8770.000000  9.187955e-12
8790.000000  1.008485e-11
8810.000000  1.010437e-11
8830.000000  9.766028e-12
8850.000000  8.638359e-12
8870.000000  7.197554e-12
8890.000000  9.322739e-12
8910.000000  9.697765e-12
8930.000000  9.703941e-12
8950.000000  9.722302e-12
8970.000000  9.552352e-12
8990.000000  9.082274e-12
9010.000000  7.069344e-12
9030.000000  7.796907e-12
9050.000000  9.033716e-12
9070.000000  9.046079e-12
9090.000000  9.001790e-12
9110.000000  9.102607e-12
9130.000000  9.079676e-12
9150.000000  9.044908e-12
9170.000000  8.905800e-12
9190.000000  8.648882e-12
9210.000000  8.009426e-12
9230.000000  6.118004e-12
9250.000000  7.666227e-12
9270.000000  8.165760e-12
9290.000000  8.509646e-12
9310.000000  8.513800e-12
9330.000000  8.443803e-12
9350.000000  8.415971e-12
9370.000000  8.369248e-12
9390.000000  8.232446e-12
9410.000000  8.045352e-12
9430.000000  8.138327e-12
9450.000000  8.090615e-12
9470.000000  8.007404e-12
9490.000000  7.908083e-12
9510.000000  7.702848e-12
9530.000000  7.001131e-12
9550.000000  5.533532e-12
9570.000000  7.061255e-12
9590.000000  7.523596e-12
9610.000000  7.541609e-12
9630.000000  7.414969e-12
9650.000000  7.518792e-12
9670.000000  7.417677e-12
9690.000000  7.402730e-12
9710.000000  7.394060e-12
9730.000000  7.334580e-12
9750.000000  7.271921e-12
9770.000000  7.237094e-12
9790.000000  7.179523e-12
9810.000000  7.120044e-12
9830.000000  7.041733e-12
9850.000000  6.995137e-12
9870.000000  6.942526e-12
9890.000000  6.857407e-12
9910.000000  6.851459e-12
9930.000000  6.796939e-12
9950.000000  6.743408e-12
9970.000000  6.695884e-12
9990.000000  6.614924e-12
10025.000000  5.982374e-12
10075.000000  5.651174e-12
10125.000000  6.244350e-12
10175.000000  6.235808e-12
10225.000000  6.158014e-12
10275.000000  6.052003e-12
10325.000000  5.940309e-12
10375.000000  5.840913e-12
10425.000000  5.746951e-12
10475.000000  5.614717e-12
10525.000000  5.521730e-12
10575.000000  5.445975e-12
10625.000000  5.365930e-12
10675.000000  5.201935e-12
10725.000000  5.162750e-12
10775.000000  5.088655e-12
10825.000000  4.999045e-12
10875.000000  4.870639e-12
10925.000000  4.102576e-12
10975.000000  4.482702e-12
11025.000000  4.680870e-12
11075.000000  4.632850e-12
11125.000000  4.561677e-12
11175.000000  4.491738e-12
11225.000000  4.422428e-12
11275.000000  4.282634e-12
11325.000000  4.227878e-12
11375.000000  4.207405e-12
11425.000000  4.135810e-12
11475.000000  4.088430e-12
11525.000000  4.027269e-12
11575.000000  3.962984e-12
11625.000000  3.873858e-12
11675.000000  3.802615e-12
11725.000000  3.784907e-12
11775.000000  3.680385e-12
11825.000000  3.652180e-12
11875.000000  3.587013e-12
11925.000000  3.565232e-12
11975.000000  3.494626e-12
12025.000000  3.452775e-12
12075.000000  3.396453e-12
12125.000000  3.347830e-12
12175.000000  3.304564e-12
12225.000000  3.253596e-12
12275.000000  3.201029e-12
12325.000000  3.157625e-12
12375.000000  3.114527e-12
12425.000000  3.074963e-12
12475.000000  3.015668e-12
12525.000000  2.984612e-12
12575.000000  2.925669e-12
12625.000000  2.893468e-12
12675.000000  2.857317e-12
12725.000000  2.806627e-12
12775.000000  2.694971e-12
12825.000000  2.314257e-12
12875.000000  2.643223e-12
12925.000000  2.655119e-12
12975.000000  2.627828e-12
13025.000000  2.594945e-12
13075.000000  2.559897e-12
13125.000000  2.524169e-12
13175.000000  2.479432e-12
13225.000000  2.456280e-12
13275.000000  2.422931e-12
13325.000000  2.390685e-12
13375.000000  2.358426e-12
13425.000000  2.324898e-12
13475.000000  2.293234e-12
13525.000000  2.258424e-12
13575.000000  2.230151e-12
13625.000000  2.202241e-12
13675.000000  2.170180e-12
13725.000000  2.137045e-12
13775.000000  2.117208e-12
13825.000000  2.090217e-12
13875.000000  2.064870e-12
13925.000000  2.034456e-12
13975.000000  2.010518e-12
14025.000000  1.985410e-12
14075.000000  1.960387e-12
14125.000000  1.934118e-12
14175.000000  1.909980e-12
14225.000000  1.885771e-12
14275.000000  1.861661e-12
14325.000000  1.838147e-12
14375.000000  1.815503e-12
14425.000000  1.774868e-12
14475.000000  1.769478e-12
14525.000000  1.739092e-12
14570.000000  1.727993e-12
14620.000000  1.706528e-12
14675.000000  1.687454e-12
14725.000000  1.665822e-12
14775.000000  1.640557e-12
14825.000000  1.625236e-12
14875.000000  1.601075e-12
14925.000000  1.589969e-12
14975.000000  1.567558e-12
15025.000000  1.547745e-12
15075.000000  1.528070e-12
15125.000000  1.512848e-12
15175.000000  1.493872e-12
15225.000000  1.477430e-12
15275.000000  1.455434e-12
15325.000000  1.436459e-12
15375.000000  1.424863e-12
15425.000000  1.391676e-12
15475.000000  1.390959e-12
15525.000000  1.375031e-12
15575.000000  1.328141e-12
15625.000000  1.361253e-12
15675.000000  1.312774e-12
15725.000000  1.272270e-12
15775.000000  1.319155e-12
15825.000000  1.303464e-12
15875.000000  1.186631e-12
15925.000000  1.254650e-12
15975.000000  1.274654e-12
16050.000000  1.231585e-12
16150.000000  1.156162e-12
16250.000000  1.210889e-12
16350.000000  1.149653e-12
16450.000000  1.076221e-12
16550.000000  1.135193e-12
16650.000000  1.111354e-12
16750.000000  1.049547e-12
16850.000000  9.814802e-13
16950.000000  1.038841e-12
17050.000000  1.018549e-12
17150.000000  9.978104e-13
17250.000000  9.682502e-13
17350.000000  8.613822e-13
17450.000000  9.161671e-13
17550.000000  9.118072e-13
17650.000000  8.938244e-13
17750.000000  8.766331e-13
17850.000000  8.580957e-13
17950.000000  8.419092e-13
18050.000000  8.173781e-13
18150.000000  7.363698e-13
18250.000000  7.684080e-13
18350.000000  7.731892e-13
18450.000000  7.595607e-13
18550.000000  7.415321e-13
18650.000000  7.231398e-13
18750.000000  6.491711e-13
18850.000000  6.923026e-13
18950.000000  6.848009e-13
19050.000000  6.739272e-13
19150.000000  6.607430e-13
19250.000000  6.469699e-13
19350.000000  6.287967e-13
19450.000000  5.639730e-13
19550.000000  6.047859e-13
19650.000000  5.993559e-13
19750.000000  5.880873e-13
19850.000000  5.774540e-13
19950.000000  5.665887e-13
20050.000000  5.561214e-13
20150.000000  5.458324e-13
20250.000000  5.356638e-13
20350.000000  5.257259e-13
20450.000000  5.162663e-13
20550.000000  5.068914e-13
20650.000000  4.973804e-13
20750.000000  4.885098e-13
20850.000000  4.798586e-13
20950.000000  4.712173e-13
21050.000000  4.627169e-13
21150.000000  4.537545e-13
21250.000000  4.458851e-13
21350.000000  4.378571e-13
21450.000000  4.304110e-13
21550.000000  4.197566e-13
21650.000000  3.789181e-13
21750.000000  4.025917e-13
21850.000000  4.011682e-13
21950.000000  3.951925e-13
22050.000000  3.882518e-13
22150.000000  3.813672e-13
22250.000000  3.754381e-13
22350.000000  3.690888e-13
22450.000000  3.629485e-13
22550.000000  3.566315e-13
22650.000000  3.509133e-13
22750.000000  3.451107e-13
22850.000000  3.396669e-13
22950.000000  3.340533e-13
23050.000000  3.287832e-13
23150.000000  3.234450e-13
23250.000000  3.183158e-13
23350.000000  3.131879e-13
23450.000000  3.082066e-13
23550.000000  3.033153e-13
23650.000000  2.985443e-13
23750.000000  2.937818e-13
23850.000000  2.891285e-13
23950.000000  2.845820e-13
24050.000000  2.799108e-13
24150.000000  2.755018e-13
24250.000000  2.714196e-13
24350.000000  2.670100e-13
24450.000000  2.626506e-13
24550.000000  2.589490e-13
24650.000000  2.544694e-13
24750.000000  2.506097e-13
24850.000000  2.476512e-13
24950.000000  2.410000e-13
