2505.000000  3.033216e-09
2513.000000  2.987237e-09
2518.000000  2.983461e-09
2525.000000  2.957052e-09
2535.000000  2.919728e-09
2545.000000  2.878478e-09
2555.000000  2.846538e-09
2565.000000  2.811623e-09
2575.000000  2.777274e-09
2585.000000  2.742924e-09
2595.000000  2.708812e-09
2605.000000  2.693170e-09
2615.000000  2.660426e-09
2625.000000  2.627920e-09
2635.000000  2.594611e-09
2645.000000  2.561868e-09
2655.000000  2.527756e-09
2665.000000  2.491235e-09
2675.000000  2.456083e-09
2685.000000  2.443087e-09
2695.000000  2.392439e-09
2705.000000  2.384737e-09
2715.000000  2.356246e-09
2725.000000  2.305837e-09
2735.000000  2.299829e-09
2745.000000  2.272855e-09
2755.000000  2.246208e-09
2765.000000  2.197970e-09
2775.000000  2.195085e-09
2785.000000  2.169479e-09
2795.000000  2.133433e-09
2805.000000  2.116750e-09
2815.000000  2.095159e-09
2825.000000  2.043946e-09
2835.000000  2.027173e-09
2845.000000  2.024051e-09
2855.000000  2.000853e-09
2865.000000  1.978221e-09
2875.000000  1.956392e-09
2885.000000  1.933998e-09
2895.000000  1.912406e-09
2910.000000  1.880466e-09
2930.000000  1.838889e-09
2950.000000  1.780777e-09
2970.000000  1.758948e-09
2990.000000  1.720583e-09
3010.000000  1.683022e-09
3030.000000  1.647869e-09
3050.000000  1.612389e-09
3070.000000  1.578040e-09
3090.000000  1.543928e-09
3110.000000  1.512225e-09
3130.000000  1.482366e-09
3150.000000  1.452031e-09
3170.000000  1.421369e-09
3190.000000  1.377384e-09
3210.000000  1.363019e-09
3230.000000  1.335569e-09
3250.000000  1.308119e-09
3270.000000  1.283316e-09
3290.000000  1.255866e-09
3310.000000  1.233234e-09
3330.000000  1.208996e-09
3350.000000  1.182587e-09
3370.000000  1.161798e-09
3390.000000  1.139404e-09
3410.000000  1.117575e-09
3430.000000  1.090363e-09
3450.000000  1.065322e-09
3470.000000  1.048548e-09
3490.000000  1.028801e-09
3510.000000  1.010987e-09
3530.000000  9.930830e-10
3550.000000  9.755067e-10
3570.000000  9.645920e-10
3590.000000  9.381829e-10
3610.000000  9.256622e-10
3630.000000  9.046362e-10
3640.000000  9.048739e-10
3650.000000  8.881006e-10
3670.000000  8.763830e-10
3690.000000  8.608882e-10
3710.000000  8.326351e-10
3730.000000  8.033078e-10
3750.000000  7.949615e-10
3770.000000  7.731898e-10
3790.000000  8.063956e-10
3810.000000  8.423043e-10
3830.000000  7.293090e-10
3850.000000  8.717770e-10
3870.000000  8.942602e-10
3890.000000  6.827361e-10
3910.000000  8.806986e-10
3930.000000  8.826313e-10
3950.000000  8.540514e-10
3970.000000  6.343428e-10
3990.000000  8.141610e-10
4010.000000  8.233888e-10
4030.000000  7.627904e-10
4050.000000  8.084473e-10
4070.000000  7.876143e-10
4090.000000  6.975943e-10
4110.000000  6.016255e-10
4130.000000  7.339720e-10
4150.000000  7.326990e-10
4170.000000  7.292966e-10
4190.000000  7.198659e-10
4210.000000  7.078569e-10
4230.000000  6.956872e-10
4250.000000  6.836781e-10
4270.000000  6.701908e-10
4290.000000  6.579410e-10
4310.000000  6.396925e-10
4330.000000  5.572441e-10
4350.000000  5.055674e-10
4370.000000  6.050124e-10
4390.000000  5.813214e-10
4410.000000  5.960813e-10
4430.000000  5.851071e-10
4450.000000  5.777702e-10
4470.000000  5.323363e-10
4490.000000  5.584717e-10
4510.000000  5.513847e-10
4530.000000  5.425786e-10
4550.000000  5.338528e-10
4570.000000  5.253352e-10
4590.000000  5.171150e-10
4610.000000  5.089751e-10
4630.000000  5.010196e-10
4650.000000  4.927280e-10
4670.000000  4.855428e-10
4690.000000  4.776527e-10
4710.000000  4.632168e-10
4730.000000  4.633863e-10
4750.000000  4.562337e-10
4770.000000  4.495630e-10
4790.000000  4.419525e-10
4810.000000  4.338364e-10
4830.000000  4.225560e-10
4850.000000  3.770478e-10
4870.000000  3.344508e-10
4890.000000  4.006881e-10
4910.000000  4.008426e-10
4930.000000  3.836617e-10
4950.000000  3.923101e-10
4970.000000  3.868914e-10
4990.000000  3.812883e-10
5010.000000  3.697194e-10
5030.000000  3.702101e-10
5050.000000  3.622784e-10
5070.000000  3.596939e-10
5090.000000  3.545162e-10
5110.000000  3.494990e-10
5130.000000  3.444818e-10
5150.000000  3.395687e-10
5170.000000  3.348162e-10
5190.000000  3.301202e-10
5210.000000  3.254480e-10
5230.000000  3.209364e-10
5250.000000  3.164814e-10
5270.000000  3.120738e-10
5290.000000  3.077794e-10
5310.000000  3.035324e-10
5330.000000  2.993986e-10
5350.000000  2.952885e-10
5370.000000  2.912824e-10
5390.000000  2.873329e-10
5410.000000  2.834072e-10
5430.000000  2.796183e-10
5450.000000  2.758532e-10
5470.000000  2.721684e-10
5490.000000  2.685401e-10
5510.000000  2.649355e-10
5530.000000  2.614113e-10
5550.000000  2.579674e-10
5570.000000  2.546038e-10
5590.000000  2.512401e-10
5610.000000  2.479568e-10
5630.000000  2.447300e-10
5650.000000  2.415508e-10
5670.000000  2.384280e-10
5690.000000  2.353053e-10
5710.000000  2.323432e-10
5730.000000  2.293245e-10
5750.000000  2.263624e-10
5770.000000  2.235044e-10
5790.000000  2.207028e-10
5810.000000  2.179013e-10
5830.000000  2.151236e-10
5850.000000  2.124261e-10
5870.000000  2.014996e-10
5890.000000  2.063888e-10
5910.000000  2.046074e-10
5930.000000  2.020706e-10
5950.000000  1.995337e-10
5970.000000  1.970772e-10
5990.000000  1.946206e-10
6010.000000  1.922444e-10
6030.000000  1.899246e-10
6050.000000  1.876287e-10
6070.000000  1.853327e-10
6090.000000  1.830606e-10
6110.000000  1.809014e-10
6130.000000  1.786858e-10
6150.000000  1.765504e-10
6170.000000  1.744389e-10
6190.000000  1.723838e-10
6210.000000  1.703288e-10
6230.000000  1.682737e-10
6250.000000  1.662990e-10
6270.000000  1.643480e-10
6290.000000  1.624535e-10
6310.000000  1.605026e-10
6330.000000  1.586646e-10
6350.000000  1.567940e-10
6370.000000  1.549798e-10
6390.000000  1.531894e-10
6410.000000  1.513991e-10
6430.000000  1.496652e-10
6450.000000  1.479551e-10
6470.000000  1.462213e-10
6490.000000  1.445112e-10
6510.000000  1.424562e-10
6530.000000  1.398628e-10
6550.000000  1.310390e-10
6570.000000  1.153034e-10
6590.000000  1.336650e-10
6610.000000  1.343400e-10
6630.000000  1.332961e-10
6650.000000  1.321809e-10
6670.000000  1.287846e-10
6690.000000  1.274522e-10
6710.000000  1.278299e-10
6730.000000  1.263845e-10
6750.000000  1.250521e-10
6770.000000  1.236633e-10
6790.000000  1.222744e-10
6810.000000  1.209658e-10
6830.000000  1.196572e-10
6850.000000  1.183487e-10
6870.000000  1.170966e-10
6890.000000  1.158118e-10
6910.000000  1.145598e-10
6930.000000  1.133315e-10
6950.000000  1.121270e-10
6970.000000  1.109552e-10
6990.000000  1.097507e-10
7010.000000  1.085790e-10
7030.000000  1.074310e-10
7050.000000  1.063068e-10
7070.000000  1.032079e-10
7090.000000  1.040912e-10
7110.000000  1.029997e-10
7130.000000  1.019320e-10
7150.000000  1.008644e-10
7170.000000  9.982046e-11
7190.000000  9.875279e-11
7210.000000  9.776542e-11
7230.000000  9.664121e-11
7250.000000  9.573414e-11
7270.000000  9.474677e-11
7290.000000  9.293262e-11
7310.000000  9.285231e-11
7330.000000  9.188872e-11
7350.000000  9.098164e-11
7370.000000  9.007456e-11
7390.000000  8.916749e-11
7410.000000  8.826041e-11
7430.000000  8.735334e-11
7450.000000  8.647004e-11
7470.000000  8.564326e-11
7490.000000  8.475997e-11
7510.000000  8.390941e-11
7530.000000  8.310641e-11
7550.000000  8.227964e-11
7570.000000  8.147664e-11
7590.000000  8.066682e-11
7610.000000  7.988078e-11
7630.000000  7.910039e-11
7650.000000  7.833130e-11
7670.000000  7.756787e-11
7690.000000  7.680771e-11
7710.000000  7.606272e-11
7730.000000  7.532575e-11
7750.000000  7.459682e-11
7770.000000  7.387591e-11
7790.000000  7.317107e-11
7810.000000  7.242845e-11
7830.000000  7.177981e-11
7850.000000  7.117133e-11
7870.000000  7.049057e-11
7890.000000  6.978007e-11
7910.000000  6.916594e-11
7930.000000  6.850927e-11
7950.000000  6.786301e-11
7970.000000  6.710909e-11
7990.000000  6.647889e-11
8010.000000  6.581747e-11
8030.000000  6.518965e-11
8050.000000  6.458117e-11
8070.000000  6.398547e-11
8090.000000  6.333118e-11
8110.000000  6.278129e-11
8130.000000  6.227154e-11
8150.000000  6.164937e-11
8170.000000  6.113873e-11
8190.000000  6.051983e-11
8210.000000  5.983104e-11
8230.000000  5.942807e-11
8250.000000  5.890464e-11
8270.000000  5.811384e-11
8290.000000  5.781763e-11
8310.000000  5.733197e-11
8330.000000  5.677642e-11
8350.000000  5.600168e-11
8370.000000  5.569744e-11
8390.000000  5.527840e-11
8410.000000  5.478946e-11
8430.000000  5.426366e-11
8450.000000  5.340862e-11
8470.000000  5.331553e-11
8490.000000  5.271745e-11
8510.000000  5.235134e-11
8530.000000  5.176130e-11
8550.000000  5.123458e-11
8570.000000  5.111030e-11
8590.000000  4.962087e-11
8610.000000  4.970682e-11
8630.000000  4.999445e-11
8650.000000  4.872750e-11
8670.000000  4.727164e-11
8690.000000  4.866982e-11
8710.000000  4.877273e-11
8730.000000  4.721671e-11
8750.000000  4.428512e-11
8770.000000  4.583496e-11
8790.000000  4.728840e-11
8810.000000  4.721702e-11
8830.000000  4.639083e-11
8850.000000  4.329485e-11
8870.000000  4.093669e-11
8890.000000  4.450173e-11
8910.000000  4.531601e-11
8930.000000  4.519883e-11
8950.000000  4.495080e-11
8970.000000  4.430127e-11
8990.000000  4.250675e-11
9010.000000  3.806440e-11
9030.000000  3.950802e-11
9050.000000  4.217693e-11
9070.000000  4.210554e-11
9090.000000  4.235773e-11
9110.000000  4.224055e-11
9130.000000  4.192828e-11
9150.000000  4.153006e-11
9170.000000  4.092306e-11
9190.000000  4.021733e-11
9210.000000  3.781670e-11
9230.000000  3.356797e-11
9250.000000  3.712464e-11
9270.000000  3.880436e-11
9290.000000  3.902443e-11
9310.000000  3.868004e-11
9330.000000  3.864078e-11
9350.000000  3.835973e-11
9370.000000  3.812538e-11
9390.000000  3.781548e-11
9410.000000  3.750321e-11
9430.000000  3.714989e-11
9450.000000  3.679510e-11
9470.000000  3.613754e-11
9490.000000  3.596653e-11
9510.000000  3.487299e-11
9530.000000  3.273169e-11
9550.000000  2.921846e-11
9570.000000  3.299906e-11
9590.000000  3.418420e-11
9610.000000  3.421958e-11
9630.000000  3.397154e-11
9650.000000  3.397957e-11
9670.000000  3.379340e-11
9690.000000  3.348350e-11
9710.000000  3.314149e-11
9730.000000  3.300260e-11
9750.000000  3.274089e-11
9770.000000  3.248720e-11
9790.000000  3.223352e-11
9810.000000  3.198221e-11
9830.000000  3.173418e-11
9850.000000  3.148852e-11
9870.000000  3.124524e-11
9890.000000  3.099959e-11
9910.000000  3.074828e-11
9930.000000  3.051869e-11
9950.000000  3.021683e-11
9970.000000  2.992537e-11
9990.000000  2.957533e-11
10025.000000  2.750393e-11
10075.000000  2.655253e-11
10125.000000  2.807165e-11
10175.000000  2.778109e-11
10225.000000  2.726806e-11
10275.000000  2.677675e-11
10325.000000  2.614091e-11
10375.000000  2.580216e-11
10425.000000  2.532929e-11
10475.000000  2.486683e-11
10525.000000  2.441567e-11
10575.000000  2.397491e-11
10625.000000  2.354219e-11
10675.000000  2.306129e-11
10725.000000  2.271452e-11
10775.000000  2.230826e-11
10825.000000  2.161859e-11
10875.000000  2.131672e-11
10925.000000  1.890093e-11
10975.000000  1.991090e-11
11025.000000  2.018718e-11
11075.000000  2.002183e-11
11125.000000  1.972799e-11
11175.000000  1.939163e-11
11225.000000  1.904961e-11
11275.000000  1.873972e-11
11325.000000  1.842179e-11
11375.000000  1.811190e-11
11425.000000  1.780765e-11
11475.000000  1.750817e-11
11525.000000  1.721998e-11
11575.000000  1.693418e-11
11625.000000  1.665640e-11
11675.000000  1.638101e-11
11725.000000  1.611691e-11
11775.000000  1.584955e-11
11825.000000  1.559586e-11
11875.000000  1.534218e-11
11925.000000  1.509652e-11
11975.000000  1.461800e-11
12025.000000  1.461800e-11
12075.000000  1.438603e-11
12125.000000  1.415881e-11
12175.000000  1.393724e-11
12225.000000  1.371806e-11
12275.000000  1.349887e-11
12325.000000  1.329336e-11
12375.000000  1.308221e-11
12425.000000  1.288473e-11
12475.000000  1.268160e-11
12525.000000  1.245439e-11
12575.000000  1.229944e-11
12625.000000  1.210999e-11
12675.000000  1.192293e-11
12725.000000  1.170136e-11
12775.000000  1.122284e-11
12825.000000  1.017509e-11
12875.000000  1.104380e-11
12925.000000  1.102536e-11
12975.000000  1.077406e-11
13025.000000  1.073718e-11
13075.000000  1.057658e-11
13125.000000  1.042163e-11
13175.000000  1.027234e-11
13225.000000  1.011977e-11
13275.000000  9.972849e-12
13325.000000  9.831583e-12
13375.000000  9.687043e-12
13425.000000  9.540126e-12
13475.000000  9.409269e-12
13525.000000  9.278411e-12
13575.000000  9.147553e-12
13625.000000  9.016696e-12
13675.000000  8.888217e-12
13725.000000  8.765388e-12
13775.000000  8.642561e-12
13825.000000  8.519734e-12
13875.000000  8.404936e-12
13925.000000  8.290138e-12
13975.000000  8.175340e-12
14025.000000  8.061791e-12
14075.000000  7.949254e-12
14125.000000  7.840791e-12
14175.000000  7.734647e-12
14225.000000  7.629961e-12
14275.000000  7.526553e-12
14325.000000  7.425317e-12
14375.000000  7.325687e-12
14425.000000  7.227663e-12
14475.000000  7.130917e-12
14525.000000  7.036105e-12
14570.000000  6.952207e-12
14620.000000  6.858436e-12
14675.000000  6.759608e-12
14725.000000  6.671696e-12
14775.000000  6.585151e-12
14825.000000  6.499975e-12
14875.000000  6.416077e-12
14925.000000  6.333548e-12
14975.000000  6.252059e-12
15025.000000  6.172176e-12
15075.000000  6.077602e-12
15125.000000  6.015623e-12
15175.000000  5.939517e-12
15225.000000  5.863887e-12
15275.000000  5.789625e-12
15325.000000  5.716404e-12
15375.000000  5.644552e-12
15425.000000  5.571093e-12
15475.000000  5.503255e-12
15525.000000  5.432443e-12
15575.000000  5.359222e-12
15625.000000  5.305036e-12
15675.000000  5.225390e-12
15725.000000  5.153775e-12
15775.000000  5.114043e-12
15825.000000  5.045878e-12
15875.000000  4.936520e-12
15925.000000  4.909637e-12
15975.000000  4.877369e-12
16050.000000  4.765932e-12
16150.000000  4.615949e-12
16250.000000  4.575742e-12
16350.000000  4.418058e-12
16450.000000  4.261414e-12
16550.000000  4.269624e-12
16650.000000  4.173444e-12
16750.000000  4.002913e-12
16850.000000  3.845466e-12
16950.000000  3.887311e-12
17050.000000  3.782060e-12
17150.000000  3.729151e-12
17250.000000  3.624942e-12
17350.000000  3.369382e-12
17450.000000  3.441652e-12
17550.000000  3.404565e-12
17650.000000  3.332950e-12
17750.000000  3.259729e-12
17850.000000  3.188679e-12
17950.000000  3.120276e-12
18050.000000  3.039828e-12
18150.000000  2.819036e-12
18250.000000  2.868822e-12
18350.000000  2.857906e-12
18450.000000  2.801548e-12
18550.000000  2.741978e-12
18650.000000  2.647642e-12
18750.000000  2.465870e-12
18850.000000  2.562376e-12
18950.000000  2.522880e-12
19050.000000  2.456887e-12
19150.000000  2.420038e-12
19250.000000  2.371145e-12
19350.000000  2.304586e-12
19450.000000  2.122011e-12
19550.000000  2.209447e-12
19650.000000  2.187290e-12
19750.000000  2.145623e-12
19850.000000  2.103392e-12
19950.000000  2.062528e-12
20050.000000  2.022468e-12
20150.000000  1.983449e-12
20250.000000  1.944994e-12
20350.000000  1.907581e-12
20450.000000  1.870970e-12
20550.000000  1.831951e-12
20650.000000  1.800962e-12
20750.000000  1.767563e-12
20850.000000  1.734165e-12
20950.000000  1.702134e-12
21050.000000  1.670579e-12
21150.000000  1.631560e-12
21250.000000  1.609404e-12
21350.000000  1.580020e-12
21450.000000  1.550071e-12
21550.000000  1.511052e-12
21650.000000  1.390217e-12
21750.000000  1.449876e-12
21850.000000  1.439199e-12
21950.000000  1.417043e-12
22050.000000  1.391912e-12
22150.000000  1.367584e-12
22250.000000  1.343019e-12
22350.000000  1.319494e-12
22450.000000  1.296772e-12
22550.000000  1.274050e-12
22650.000000  1.251894e-12
22750.000000  1.230778e-12
22850.000000  1.209662e-12
22950.000000  1.189112e-12
23050.000000  1.168799e-12
23150.000000  1.149289e-12
23250.000000  1.129780e-12
23350.000000  1.111073e-12
23450.000000  1.092366e-12
23550.000000  1.074225e-12
23650.000000  1.056559e-12
23750.000000  1.039220e-12
23850.000000  1.022119e-12
23950.000000  1.005256e-12
24050.000000  9.889587e-13
24150.000000  9.732262e-13
24250.000000  9.571662e-13
24350.000000  9.416715e-13
24450.000000  9.269797e-13
24550.000000  9.122879e-13
24650.000000  8.975962e-13
24750.000000  8.812985e-13
24850.000000  8.692535e-13
24950.000000  8.553647e-13
