2505.000000  3.097390e-11
2513.000000  2.418522e-11
2518.000000  2.474934e-11
2525.000000  2.152203e-11
2535.000000  1.982803e-11
2545.000000  1.909569e-11
2555.000000  2.304558e-11
2565.000000  2.207454e-11
2575.000000  2.617566e-11
2585.000000  2.622914e-11
2595.000000  2.502999e-11
2605.000000  2.295247e-11
2615.000000  2.139607e-11
2625.000000  2.697507e-11
2635.000000  2.864049e-11
2645.000000  3.601371e-11
2655.000000  3.734177e-11
2665.000000  2.996259e-11
2675.000000  3.345847e-11
2685.000000  3.297676e-11
2695.000000  3.013565e-11
2705.000000  3.236505e-11
2715.000000  2.880555e-11
2725.000000  2.944625e-11
2735.000000  3.261549e-11
2745.000000  2.245180e-11
2755.000000  2.486432e-11
2765.000000  2.705593e-11
2775.000000  3.177446e-11
2785.000000  2.762873e-11
2795.000000  1.250006e-11
2805.000000  1.624602e-11
2815.000000  3.259854e-11
2825.000000  3.654906e-11
2835.000000  3.431365e-11
2845.000000  3.237659e-11
2855.000000  2.900850e-11
2865.000000  3.458642e-11
2875.000000  3.359942e-11
2885.000000  3.400982e-11
2895.000000  3.188212e-11
2910.000000  3.819314e-11
2930.000000  3.576737e-11
2950.000000  3.545499e-11
2970.000000  3.749103e-11
2990.000000  3.767402e-11
3010.000000  3.867331e-11
3030.000000  3.810424e-11
3050.000000  3.799354e-11
3070.000000  3.852120e-11
3090.000000  3.935488e-11
3110.000000  3.792635e-11
3130.000000  3.764575e-11
3150.000000  3.907228e-11
3170.000000  3.879238e-11
3190.000000  3.604490e-11
3210.000000  3.751845e-11
3230.000000  3.548880e-11
3250.000000  3.730041e-11
3270.000000  3.834940e-11
3290.000000  3.850976e-11
3310.000000  3.931339e-11
3330.000000  3.831264e-11
3350.000000  3.779908e-11
3370.000000  3.716166e-11
3390.000000  3.749367e-11
3410.000000  3.774906e-11
3430.000000  3.799555e-11
3450.000000  3.777892e-11
3470.000000  3.724151e-11
3490.000000  3.716353e-11
3510.000000  3.803848e-11
3530.000000  3.773253e-11
3550.000000  3.892049e-11
3570.000000  3.688165e-11
3590.000000  3.659564e-11
3610.000000  3.676371e-11
3630.000000  3.708659e-11
3640.000000  3.652342e-11
3650.000000  3.838789e-11
3670.000000  3.798782e-11
3690.000000  3.639544e-11
3710.000000  3.752029e-11
3730.000000  3.794091e-11
3750.000000  4.666729e-11
3770.000000  5.009998e-11
3790.000000  6.128290e-11
3810.000000  7.149882e-11
3830.000000  5.646774e-11
3850.000000  7.926672e-11
3870.000000  8.966349e-11
3890.000000  5.213490e-11
3910.000000  8.908466e-11
3930.000000  7.696170e-11
3950.000000  8.802984e-11
3970.000000  4.758916e-11
3990.000000  8.803199e-11
4010.000000  1.013271e-10
4030.000000  1.016371e-10
4050.000000  1.001877e-10
4070.000000  9.449442e-11
4090.000000  7.395154e-11
4110.000000  5.670886e-11
4130.000000  8.976951e-11
4150.000000  9.697953e-11
4170.000000  9.692537e-11
4190.000000  9.603308e-11
4210.000000  9.589415e-11
4230.000000  9.289755e-11
4250.000000  9.338064e-11
4270.000000  8.894229e-11
4290.000000  8.958486e-11
4310.000000  8.083426e-11
4330.000000  6.247852e-11
4350.000000  5.328895e-11
4370.000000  8.186276e-11
4390.000000  8.509238e-11
4410.000000  8.425325e-11
4430.000000  8.305850e-11
4450.000000  8.466968e-11
4470.000000  8.421073e-11
4490.000000  8.297151e-11
4510.000000  8.525222e-11
4530.000000  8.166809e-11
4550.000000  8.040018e-11
4570.000000  8.271994e-11
4590.000000  7.944886e-11
4610.000000  8.082905e-11
4630.000000  7.834839e-11
4650.000000  7.880527e-11
4670.000000  7.850900e-11
4690.000000  7.516651e-11
4710.000000  7.218763e-11
4730.000000  7.559832e-11
4750.000000  7.525296e-11
4770.000000  7.379942e-11
4790.000000  7.281202e-11
4810.000000  7.072140e-11
4830.000000  6.677499e-11
4850.000000  5.133906e-11
4870.000000  4.109477e-11
4890.000000  6.221548e-11
4910.000000  6.632964e-11
4930.000000  6.586270e-11
4950.000000  6.715644e-11
4970.000000  6.748435e-11
4990.000000  6.492318e-11
5010.000000  6.267380e-11
5030.000000  6.420099e-11
5050.000000  6.290082e-11
5070.000000  6.393518e-11
5090.000000  6.293446e-11
5110.000000  6.277751e-11
5130.000000  6.141618e-11
5150.000000  5.996092e-11
5170.000000  5.874953e-11
5190.000000  5.810994e-11
5210.000000  5.826136e-11
5230.000000  5.762061e-11
5250.000000  5.843185e-11
5270.000000  5.468231e-11
5290.000000  5.695174e-11
5310.000000  5.607030e-11
5330.000000  5.393587e-11
5350.000000  5.545043e-11
5370.000000  5.475321e-11
5390.000000  5.414314e-11
5410.000000  5.284149e-11
5430.000000  5.310018e-11
5450.000000  5.323975e-11
5470.000000  5.250665e-11
5490.000000  5.214720e-11
5510.000000  5.175251e-11
5530.000000  5.111946e-11
5550.000000  5.101209e-11
5570.000000  5.017971e-11
5590.000000  4.958201e-11
5610.000000  4.945221e-11
5630.000000  4.932576e-11
5650.000000  4.871707e-11
5670.000000  4.792096e-11
5690.000000  4.784526e-11
5710.000000  4.738202e-11
5730.000000  4.758275e-11
5750.000000  4.671209e-11
5770.000000  4.646369e-11
5790.000000  4.592283e-11
5810.000000  4.563023e-11
5830.000000  4.533250e-11
5850.000000  4.476228e-11
5870.000000  4.440159e-11
5890.000000  4.335373e-11
5910.000000  4.361691e-11
5930.000000  4.323333e-11
5950.000000  4.281574e-11
5970.000000  4.250493e-11
5990.000000  4.194624e-11
6010.000000  4.132396e-11
6030.000000  4.118154e-11
6050.000000  4.090565e-11
6070.000000  4.073782e-11
6090.000000  4.023744e-11
6110.000000  3.974187e-11
6130.000000  3.900873e-11
6150.000000  3.826749e-11
6170.000000  3.818754e-11
6190.000000  3.854828e-11
6210.000000  3.823792e-11
6230.000000  3.766936e-11
6250.000000  3.665488e-11
6270.000000  3.730494e-11
6290.000000  3.699110e-11
6310.000000  3.631057e-11
6330.000000  3.614420e-11
6350.000000  3.553436e-11
6370.000000  3.533225e-11
6390.000000  3.526240e-11
6410.000000  3.463885e-11
6430.000000  3.453162e-11
6450.000000  3.379136e-11
6470.000000  3.380383e-11
6490.000000  3.310383e-11
6510.000000  3.278310e-11
6530.000000  3.157707e-11
6550.000000  2.712249e-11
6570.000000  2.164030e-11
6590.000000  2.961310e-11
6610.000000  3.128762e-11
6630.000000  3.155589e-11
6650.000000  3.146171e-11
6670.000000  3.119850e-11
6690.000000  3.110699e-11
6710.000000  3.086455e-11
6730.000000  3.063201e-11
6750.000000  3.020560e-11
6770.000000  3.022088e-11
6790.000000  2.994302e-11
6810.000000  2.970046e-11
6830.000000  2.938705e-11
6850.000000  2.915295e-11
6870.000000  2.900107e-11
6890.000000  2.877788e-11
6910.000000  2.852714e-11
6930.000000  2.827586e-11
6950.000000  2.806586e-11
6970.000000  2.781567e-11
6990.000000  2.764490e-11
7010.000000  2.715108e-11
7030.000000  2.709822e-11
7050.000000  2.694244e-11
7070.000000  2.675451e-11
7090.000000  2.654522e-11
7110.000000  2.578227e-11
7130.000000  2.593900e-11
7150.000000  2.578356e-11
7170.000000  2.557709e-11
7190.000000  2.533081e-11
7210.000000  2.521167e-11
7230.000000  2.499781e-11
7250.000000  2.473865e-11
7270.000000  2.469915e-11
7290.000000  2.434475e-11
7310.000000  2.423525e-11
7330.000000  2.406005e-11
7350.000000  2.395469e-11
7370.000000  2.378545e-11
7390.000000  2.348032e-11
7410.000000  2.318425e-11
7430.000000  2.295338e-11
7450.000000  2.287426e-11
7470.000000  2.257915e-11
7490.000000  2.250825e-11
7510.000000  2.243475e-11
7530.000000  2.230179e-11
7550.000000  2.222249e-11
7570.000000  2.200384e-11
7590.000000  2.186244e-11
7610.000000  2.168820e-11
7630.000000  2.154191e-11
7650.000000  2.133236e-11
7670.000000  2.104147e-11
7690.000000  2.095388e-11
7710.000000  2.081150e-11
7730.000000  2.073380e-11
7750.000000  2.052809e-11
7770.000000  1.997668e-11
7790.000000  2.032113e-11
7810.000000  2.013461e-11
7830.000000  1.988888e-11
7850.000000  1.967502e-11
7870.000000  1.956452e-11
7890.000000  1.937796e-11
7910.000000  1.923662e-11
7930.000000  1.905762e-11
7950.000000  1.889457e-11
7970.000000  1.900076e-11
7990.000000  1.865222e-11
8010.000000  1.866742e-11
8030.000000  1.848157e-11
8050.000000  1.839827e-11
8070.000000  1.825690e-11
8090.000000  1.811067e-11
8110.000000  1.804601e-11
8130.000000  1.794066e-11
8150.000000  1.780840e-11
8170.000000  1.768394e-11
8190.000000  1.726652e-11
8210.000000  1.719869e-11
8230.000000  1.707893e-11
8250.000000  1.701415e-11
8270.000000  1.711287e-11
8290.000000  1.697573e-11
8310.000000  1.681997e-11
8330.000000  1.655574e-11
8350.000000  1.661490e-11
8370.000000  1.653688e-11
8390.000000  1.634583e-11
8410.000000  1.627217e-11
8430.000000  1.609982e-11
8450.000000  1.574909e-11
8470.000000  1.569004e-11
8490.000000  1.578799e-11
8510.000000  1.495739e-11
8530.000000  1.567137e-11
8550.000000  1.379771e-11
8570.000000  1.573733e-11
8590.000000  1.475719e-11
8610.000000  1.441197e-11
8630.000000  1.565701e-11
8650.000000  1.506479e-11
8670.000000  1.244087e-11
8690.000000  1.497854e-11
8710.000000  1.566188e-11
8730.000000  1.503773e-11
8750.000000  1.211743e-11
8770.000000  1.439964e-11
8790.000000  1.548995e-11
8810.000000  1.554770e-11
8830.000000  1.497701e-11
8850.000000  1.348988e-11
8870.000000  1.154014e-11
8890.000000  1.438708e-11
8910.000000  1.505956e-11
8930.000000  1.512892e-11
8950.000000  1.522315e-11
8970.000000  1.485901e-11
8990.000000  1.409394e-11
9010.000000  1.126020e-11
9030.000000  1.235581e-11
9050.000000  1.410356e-11
9070.000000  1.418019e-11
9090.000000  1.406037e-11
9110.000000  1.440811e-11
9130.000000  1.445831e-11
9150.000000  1.440226e-11
9170.000000  1.414035e-11
9190.000000  1.367419e-11
9210.000000  1.258691e-11
9230.000000  9.886071e-12
9250.000000  1.207166e-11
9270.000000  1.297071e-11
9290.000000  1.359637e-11
9310.000000  1.367303e-11
9330.000000  1.361590e-11
9350.000000  1.358841e-11
9370.000000  1.352604e-11
9390.000000  1.333674e-11
9410.000000  1.281904e-11
9430.000000  1.308842e-11
9450.000000  1.301590e-11
9470.000000  1.294814e-11
9490.000000  1.274219e-11
9510.000000  1.228923e-11
9530.000000  1.119496e-11
9550.000000  9.019963e-12
9570.000000  1.127057e-11
9590.000000  1.205142e-11
9610.000000  1.215778e-11
9630.000000  1.203902e-11
9650.000000  1.220577e-11
9670.000000  1.201775e-11
9690.000000  1.197966e-11
9710.000000  1.212134e-11
9730.000000  1.202750e-11
9750.000000  1.186635e-11
9770.000000  1.190488e-11
9790.000000  1.182154e-11
9810.000000  1.174937e-11
9830.000000  1.164007e-11
9850.000000  1.150008e-11
9870.000000  1.142113e-11
9890.000000  1.127531e-11
9910.000000  1.123171e-11
9930.000000  1.121089e-11
9950.000000  1.111479e-11
9970.000000  1.103108e-11
9990.000000  1.085733e-11
10025.000000  9.767723e-12
10075.000000  9.253914e-12
10125.000000  1.034267e-11
10175.000000  1.037020e-11
10225.000000  1.029571e-11
10275.000000  1.016553e-11
10325.000000  9.970110e-12
10375.000000  9.832470e-12
10425.000000  9.682197e-12
10475.000000  9.408673e-12
10525.000000  9.323779e-12
10575.000000  9.207350e-12
10625.000000  9.083047e-12
10675.000000  8.756478e-12
10725.000000  8.738671e-12
10775.000000  8.616241e-12
10825.000000  8.452405e-12
10875.000000  8.194178e-12
10925.000000  6.879947e-12
10975.000000  7.506852e-12
11025.000000  7.976225e-12
11075.000000  7.959937e-12
11125.000000  7.838401e-12
11175.000000  7.741496e-12
11225.000000  7.652300e-12
11275.000000  7.385820e-12
11325.000000  7.299549e-12
11375.000000  7.279300e-12
11425.000000  7.127996e-12
11475.000000  7.124405e-12
11525.000000  7.033340e-12
11575.000000  6.921060e-12
11625.000000  6.730658e-12
11675.000000  6.596661e-12
11725.000000  6.646654e-12
11775.000000  6.410344e-12
11825.000000  6.388740e-12
11875.000000  6.257238e-12
11925.000000  6.301237e-12
11975.000000  6.132901e-12
12025.000000  6.092963e-12
12075.000000  5.990699e-12
12125.000000  5.917481e-12
12175.000000  5.865406e-12
12225.000000  5.774160e-12
12275.000000  5.687927e-12
12325.000000  5.616732e-12
12375.000000  5.552610e-12
12425.000000  5.496150e-12
12475.000000  5.404528e-12
12525.000000  5.327637e-12
12575.000000  5.219792e-12
12625.000000  5.170496e-12
12675.000000  5.113164e-12
12725.000000  5.017433e-12
12775.000000  4.759669e-12
12825.000000  4.029503e-12
12875.000000  4.684763e-12
12925.000000  4.761570e-12
12975.000000  4.733995e-12
13025.000000  4.686937e-12
13075.000000  4.641549e-12
13125.000000  4.570832e-12
13175.000000  4.494778e-12
13225.000000  4.465693e-12
13275.000000  4.405792e-12
13325.000000  4.355447e-12
13375.000000  4.299590e-12
13425.000000  4.245254e-12
13475.000000  4.192146e-12
13525.000000  4.127273e-12
13575.000000  4.070655e-12
13625.000000  4.036195e-12
13675.000000  3.979117e-12
13725.000000  3.894642e-12
13775.000000  3.875238e-12
13825.000000  3.832170e-12
13875.000000  3.801862e-12
13925.000000  3.733442e-12
13975.000000  3.698550e-12
14025.000000  3.656383e-12
14075.000000  3.619231e-12
14125.000000  3.564903e-12
14175.000000  3.528743e-12
14225.000000  3.479326e-12
14275.000000  3.432683e-12
14325.000000  3.402047e-12
14375.000000  3.368594e-12
14425.000000  3.252616e-12
14475.000000  3.282985e-12
14525.000000  3.205090e-12
14570.000000  3.206146e-12
14620.000000  3.159941e-12
14675.000000  3.132003e-12
14725.000000  3.085799e-12
14775.000000  3.037426e-12
14825.000000  3.014849e-12
14875.000000  2.964073e-12
14925.000000  2.967109e-12
14975.000000  2.920627e-12
15025.000000  2.877891e-12
15075.000000  2.840129e-12
15125.000000  2.828995e-12
15175.000000  2.797896e-12
15225.000000  2.762157e-12
15275.000000  2.730196e-12
15325.000000  2.696365e-12
15375.000000  2.670618e-12
15425.000000  2.612268e-12
15475.000000  2.603807e-12
15525.000000  2.577261e-12
15575.000000  2.511384e-12
15625.000000  2.545320e-12
15675.000000  2.466222e-12
15725.000000  2.404763e-12
15775.000000  2.446081e-12
15825.000000  2.428999e-12
15875.000000  2.238194e-12
15925.000000  2.345845e-12
15975.000000  2.375686e-12
16050.000000  2.292667e-12
16150.000000  2.160805e-12
16250.000000  2.265675e-12
16350.000000  2.137643e-12
16450.000000  1.995630e-12
16550.000000  2.131078e-12
16650.000000  2.090824e-12
16750.000000  1.951029e-12
16850.000000  1.815264e-12
16950.000000  1.957542e-12
17050.000000  1.917922e-12
17150.000000  1.884377e-12
17250.000000  1.812346e-12
17350.000000  1.583898e-12
17450.000000  1.706555e-12
17550.000000  1.718261e-12
17650.000000  1.687218e-12
17750.000000  1.659674e-12
17850.000000  1.623042e-12
17950.000000  1.595833e-12
18050.000000  1.540041e-12
18150.000000  1.361901e-12
18250.000000  1.436776e-12
18350.000000  1.462077e-12
18450.000000  1.437915e-12
18550.000000  1.402750e-12
18650.000000  1.361584e-12
18750.000000  1.194021e-12
18850.000000  1.299738e-12
18950.000000  1.289102e-12
19050.000000  1.280749e-12
19150.000000  1.255080e-12
19250.000000  1.227569e-12
19350.000000  1.184705e-12
19450.000000  1.042944e-12
19550.000000  1.141192e-12
19650.000000  1.138085e-12
19750.000000  1.117204e-12
19850.000000  1.100370e-12
19950.000000  1.080076e-12
20050.000000  1.061102e-12
20150.000000  1.042373e-12
20250.000000  1.021649e-12
20350.000000  1.001455e-12
20450.000000  9.865030e-13
20550.000000  9.681889e-13
20650.000000  9.483709e-13
20750.000000  9.322657e-13
20850.000000  9.163587e-13
20950.000000  8.992762e-13
21050.000000  8.835740e-13
21150.000000  8.654618e-13
21250.000000  8.506417e-13
21350.000000  8.354752e-13
21450.000000  8.211492e-13
21550.000000  7.968016e-13
21650.000000  7.055372e-13
21750.000000  7.613041e-13
21850.000000  7.643174e-13
21950.000000  7.559915e-13
22050.000000  7.411988e-13
22150.000000  7.285297e-13
22250.000000  7.190142e-13
22350.000000  7.068858e-13
22450.000000  6.952075e-13
22550.000000  6.807573e-13
22650.000000  6.715812e-13
22750.000000  6.608663e-13
22850.000000  6.498261e-13
22950.000000  6.386678e-13
23050.000000  6.298550e-13
23150.000000  6.192398e-13
23250.000000  6.100249e-13
23350.000000  6.000400e-13
23450.000000  5.907906e-13
23550.000000  5.815361e-13
23650.000000  5.725578e-13
23750.000000  5.628137e-13
23850.000000  5.541527e-13
23950.000000  5.457292e-13
24050.000000  5.368979e-13
24150.000000  5.284233e-13
24250.000000  5.207279e-13
24350.000000  5.119929e-13
24450.000000  5.043822e-13
24550.000000  4.961461e-13
24650.000000  4.886434e-13
24750.000000  4.809975e-13
24850.000000  4.736962e-13
24950.000000  4.636782e-13
