2505.000000  1.307061e-12
2513.000000  7.327178e-13
2518.000000  4.343073e-13
2525.000000  4.853692e-13
2535.000000  1.055972e-12
2545.000000  1.449647e-12
2555.000000  4.841373e-12
2565.000000  2.546643e-12
2575.000000  3.593538e-12
2585.000000  2.572688e-12
2595.000000  2.118644e-12
2605.000000  1.732896e-12
2615.000000  1.636666e-12
2625.000000  2.322107e-12
2635.000000  6.290255e-12
2645.000000  1.110396e-11
2655.000000  1.880786e-11
2665.000000  9.695112e-12
2675.000000  1.052553e-11
2685.000000  1.391789e-11
2695.000000  9.441457e-12
2705.000000  1.330308e-11
2715.000000  7.496869e-12
2725.000000  4.343899e-12
2735.000000  6.304453e-12
2745.000000  3.182850e-12
2755.000000  4.708724e-12
2765.000000  6.894904e-12
2775.000000  7.161133e-12
2785.000000  3.962223e-12
2795.000000  1.139383e-12
2805.000000  1.538586e-12
2815.000000  5.938614e-12
2825.000000  1.011623e-11
2835.000000  1.017459e-11
2845.000000  5.661779e-12
2855.000000  2.049355e-12
2865.000000  9.295010e-12
2875.000000  1.744318e-11
2885.000000  1.676947e-11
2895.000000  2.219883e-11
2910.000000  3.225860e-11
2930.000000  2.979289e-11
2950.000000  2.724326e-11
2970.000000  3.005017e-11
2990.000000  3.045585e-11
3010.000000  2.875016e-11
3030.000000  3.439475e-11
3050.000000  3.602253e-11
3070.000000  3.865314e-11
3090.000000  4.124394e-11
3110.000000  4.826014e-11
3130.000000  4.195258e-11
3150.000000  4.405775e-11
3170.000000  4.977435e-11
3190.000000  4.304271e-11
3210.000000  4.821263e-11
3230.000000  3.609102e-11
3250.000000  5.767665e-11
3270.000000  7.111122e-11
3290.000000  6.886490e-11
3310.000000  6.325297e-11
3330.000000  6.495112e-11
3350.000000  6.045447e-11
3370.000000  4.616616e-11
3390.000000  5.311571e-11
3410.000000  5.890952e-11
3430.000000  6.393402e-11
3450.000000  7.000413e-11
3470.000000  7.174324e-11
3490.000000  7.887689e-11
3510.000000  8.290987e-11
3530.000000  7.220975e-11
3550.000000  8.156415e-11
3570.000000  5.164873e-11
3590.000000  5.931522e-11
3610.000000  7.880154e-11
3630.000000  8.496318e-11
3640.000000  8.574793e-11
3650.000000  9.741167e-11
3670.000000  1.013865e-10
3690.000000  9.878352e-11
3710.000000  1.118632e-10
3730.000000  7.938526e-11
3750.000000  8.826155e-11
3770.000000  1.021554e-10
3790.000000  1.002824e-10
3810.000000  9.174117e-11
3830.000000  5.415441e-11
3850.000000  5.596678e-11
3870.000000  6.017260e-11
3890.000000  1.019383e-10
3910.000000  1.179294e-10
3930.000000  4.612998e-11
3950.000000  9.007819e-11
3970.000000  5.692805e-11
3990.000000  1.506568e-10
4010.000000  1.722867e-10
4030.000000  1.719497e-10
4050.000000  1.633279e-10
4070.000000  1.565454e-10
4090.000000  1.893796e-10
4110.000000  1.893923e-10
4130.000000  1.700845e-10
4150.000000  1.633549e-10
4170.000000  1.624903e-10
4190.000000  1.621971e-10
4210.000000  1.771473e-10
4230.000000  1.853925e-10
4250.000000  1.875094e-10
4270.000000  1.748976e-10
4290.000000  1.570954e-10
4310.000000  1.270591e-10
4330.000000  1.988929e-10
4350.000000  1.910067e-10
4370.000000  2.090039e-10
4390.000000  1.884905e-10
4410.000000  2.071163e-10
4430.000000  2.214272e-10
4450.000000  2.243525e-10
4470.000000  2.414125e-10
4490.000000  2.456879e-10
4510.000000  2.794109e-10
4530.000000  2.474998e-10
4550.000000  2.538664e-10
4570.000000  2.754609e-10
4590.000000  2.609669e-10
4610.000000  2.711898e-10
4630.000000  2.625021e-10
4650.000000  2.681026e-10
4670.000000  2.748281e-10
4690.000000  2.687759e-10
4710.000000  2.614073e-10
4730.000000  2.757544e-10
4750.000000  2.902653e-10
4770.000000  2.932285e-10
4790.000000  2.917673e-10
4810.000000  2.849836e-10
4830.000000  2.950000e-10
4850.000000  2.753451e-10
4870.000000  2.526209e-10
4890.000000  2.840909e-10
4910.000000  2.814868e-10
4930.000000  2.777176e-10
4950.000000  2.965849e-10
4970.000000  2.900717e-10
4990.000000  2.676448e-10
5010.000000  2.550581e-10
5030.000000  2.711829e-10
5050.000000  2.752559e-10
5070.000000  2.875955e-10
5090.000000  2.695900e-10
5110.000000  2.764009e-10
5130.000000  2.646016e-10
5150.000000  2.580097e-10
5170.000000  2.465175e-10
5190.000000  2.547699e-10
5210.000000  2.702519e-10
5230.000000  2.739787e-10
5250.000000  2.805071e-10
5270.000000  2.508291e-10
5290.000000  2.831222e-10
5310.000000  2.966422e-10
5330.000000  2.650290e-10
5350.000000  2.897090e-10
5370.000000  2.934185e-10
5390.000000  2.840529e-10
5410.000000  2.767017e-10
5430.000000  2.824648e-10
5450.000000  2.988533e-10
5470.000000  2.857319e-10
5490.000000  2.808018e-10
5510.000000  2.808166e-10
5530.000000  2.875743e-10
5550.000000  2.928745e-10
5570.000000  2.872293e-10
5590.000000  2.789144e-10
5610.000000  2.932420e-10
5630.000000  2.880566e-10
5650.000000  2.885868e-10
5670.000000  2.805716e-10
5690.000000  2.893202e-10
5710.000000  2.804946e-10
5730.000000  3.060932e-10
5750.000000  2.918941e-10
5770.000000  2.972305e-10
5790.000000  2.831858e-10
5810.000000  2.954717e-10
5830.000000  3.032386e-10
5850.000000  2.945627e-10
5870.000000  2.958879e-10
5890.000000  2.743160e-10
5910.000000  2.917185e-10
5930.000000  2.913512e-10
5950.000000  2.918031e-10
5970.000000  2.957820e-10
5990.000000  2.899126e-10
6010.000000  2.843571e-10
6030.000000  2.893806e-10
6050.000000  2.944053e-10
6070.000000  2.936774e-10
6090.000000  2.803484e-10
6110.000000  2.796838e-10
6130.000000  2.676253e-10
6150.000000  2.733849e-10
6170.000000  2.646918e-10
6190.000000  2.804707e-10
6210.000000  2.810053e-10
6230.000000  2.705416e-10
6250.000000  2.599392e-10
6270.000000  2.748309e-10
6290.000000  2.773008e-10
6310.000000  2.671069e-10
6330.000000  2.697913e-10
6350.000000  2.695241e-10
6370.000000  2.672391e-10
6390.000000  2.723277e-10
6410.000000  2.660597e-10
6430.000000  2.690236e-10
6450.000000  2.669057e-10
6470.000000  2.663620e-10
6490.000000  2.603812e-10
6510.000000  2.672952e-10
6530.000000  2.674944e-10
6550.000000  2.632523e-10
6570.000000  2.461503e-10
6590.000000  2.634010e-10
6610.000000  2.652309e-10
6630.000000  2.631025e-10
6650.000000  2.625704e-10
6670.000000  2.582946e-10
6690.000000  2.647103e-10
6710.000000  2.560344e-10
6730.000000  2.625704e-10
6750.000000  2.576758e-10
6770.000000  2.586659e-10
6790.000000  2.561649e-10
6810.000000  2.552108e-10
6830.000000  2.575617e-10
6850.000000  2.497189e-10
6870.000000  2.536363e-10
6890.000000  2.551214e-10
6910.000000  2.523165e-10
6930.000000  2.500470e-10
6950.000000  2.474116e-10
6970.000000  2.479243e-10
6990.000000  2.462919e-10
7010.000000  2.369210e-10
7030.000000  2.425159e-10
7050.000000  2.452011e-10
7070.000000  2.413093e-10
7090.000000  2.401633e-10
7110.000000  2.393865e-10
7130.000000  2.347767e-10
7150.000000  2.340809e-10
7170.000000  2.342175e-10
7190.000000  2.256367e-10
7210.000000  2.324969e-10
7230.000000  2.329627e-10
7250.000000  2.342269e-10
7270.000000  2.325712e-10
7290.000000  2.241101e-10
7310.000000  2.287077e-10
7330.000000  2.286861e-10
7350.000000  2.281616e-10
7370.000000  2.303723e-10
7390.000000  2.237643e-10
7410.000000  2.214217e-10
7430.000000  2.234897e-10
7450.000000  2.242529e-10
7470.000000  2.256872e-10
7490.000000  2.230156e-10
7510.000000  2.243919e-10
7530.000000  2.247770e-10
7550.000000  2.257499e-10
7570.000000  2.229628e-10
7590.000000  2.222071e-10
7610.000000  2.214144e-10
7630.000000  2.224930e-10
7650.000000  2.218397e-10
7670.000000  2.147556e-10
7690.000000  2.204254e-10
7710.000000  2.162520e-10
7730.000000  2.159970e-10
7750.000000  2.139646e-10
7770.000000  2.178356e-10
7790.000000  2.178163e-10
7810.000000  2.162430e-10
7830.000000  2.139164e-10
7850.000000  2.125345e-10
7870.000000  2.133719e-10
7890.000000  2.088865e-10
7910.000000  2.033473e-10
7930.000000  2.012512e-10
7950.000000  1.997102e-10
7970.000000  2.052102e-10
7990.000000  2.049183e-10
8010.000000  2.028202e-10
8030.000000  2.024511e-10
8050.000000  2.004069e-10
8070.000000  2.002210e-10
8090.000000  1.947809e-10
8110.000000  1.959520e-10
8130.000000  1.975917e-10
8150.000000  1.962012e-10
8170.000000  1.963792e-10
8190.000000  1.915335e-10
8210.000000  1.909704e-10
8230.000000  1.916388e-10
8250.000000  1.932284e-10
8270.000000  1.950714e-10
8290.000000  1.934961e-10
8310.000000  1.869831e-10
8330.000000  1.874623e-10
8350.000000  1.877285e-10
8370.000000  1.889116e-10
8390.000000  1.844217e-10
8410.000000  1.885489e-10
8430.000000  1.837999e-10
8450.000000  1.862089e-10
8470.000000  1.847825e-10
8490.000000  1.823759e-10
8510.000000  1.718228e-10
8530.000000  1.780982e-10
8550.000000  1.467718e-10
8570.000000  1.845520e-10
8590.000000  1.807425e-10
8610.000000  1.805703e-10
8630.000000  1.830225e-10
8650.000000  1.795050e-10
8670.000000  1.487368e-10
8690.000000  1.753554e-10
8710.000000  1.789660e-10
8730.000000  1.793269e-10
8750.000000  1.750575e-10
8770.000000  1.796460e-10
8790.000000  1.773352e-10
8810.000000  1.732849e-10
8830.000000  1.762240e-10
8850.000000  1.765015e-10
8870.000000  1.710301e-10
8890.000000  1.757258e-10
8910.000000  1.770135e-10
8930.000000  1.721864e-10
8950.000000  1.721536e-10
8970.000000  1.721810e-10
8990.000000  1.725547e-10
9010.000000  1.644120e-10
9030.000000  1.698302e-10
9050.000000  1.732584e-10
9070.000000  1.697020e-10
9090.000000  1.639040e-10
9110.000000  1.644533e-10
9130.000000  1.690724e-10
9150.000000  1.615479e-10
9170.000000  1.584621e-10
9190.000000  1.594510e-10
9210.000000  1.545905e-10
9230.000000  1.542040e-10
9250.000000  1.544781e-10
9270.000000  1.571541e-10
9290.000000  1.559299e-10
9310.000000  1.584038e-10
9330.000000  1.578543e-10
9350.000000  1.565784e-10
9370.000000  1.556804e-10
9390.000000  1.536961e-10
9410.000000  1.485256e-10
9430.000000  1.514055e-10
9450.000000  1.486752e-10
9470.000000  1.522102e-10
9490.000000  1.519806e-10
9510.000000  1.525748e-10
9530.000000  1.509333e-10
9550.000000  1.484672e-10
9570.000000  1.498856e-10
9590.000000  1.514156e-10
9610.000000  1.496433e-10
9630.000000  1.480475e-10
9650.000000  1.468250e-10
9670.000000  1.457423e-10
9690.000000  1.478825e-10
9710.000000  1.471701e-10
9730.000000  1.471507e-10
9750.000000  1.451629e-10
9770.000000  1.456633e-10
9790.000000  1.436113e-10
9810.000000  1.463380e-10
9830.000000  1.455475e-10
9850.000000  1.456800e-10
9870.000000  1.446954e-10
9890.000000  1.447657e-10
9910.000000  1.432480e-10
9930.000000  1.448260e-10
9950.000000  1.439541e-10
9970.000000  1.440324e-10
9990.000000  1.435365e-10
10025.000000  1.420621e-10
10075.000000  1.400187e-10
10125.000000  1.398967e-10
10175.000000  1.373266e-10
10225.000000  1.372725e-10
10275.000000  1.372078e-10
10325.000000  1.343671e-10
10375.000000  1.334494e-10
10425.000000  1.332954e-10
10475.000000  1.311044e-10
10525.000000  1.309236e-10
10575.000000  1.295272e-10
10625.000000  1.283409e-10
10675.000000  1.252710e-10
10725.000000  1.252652e-10
10775.000000  1.238600e-10
10825.000000  1.215766e-10
10875.000000  1.202542e-10
10925.000000  1.181128e-10
10975.000000  1.123028e-10
11025.000000  1.120171e-10
11075.000000  1.127611e-10
11125.000000  1.119471e-10
11175.000000  1.123107e-10
11225.000000  1.118434e-10
11275.000000  1.096163e-10
11325.000000  1.102453e-10
11375.000000  1.082704e-10
11425.000000  1.077826e-10
11475.000000  1.089987e-10
11525.000000  1.083340e-10
11575.000000  1.066903e-10
11625.000000  1.050422e-10
11675.000000  1.048116e-10
11725.000000  1.059689e-10
11775.000000  1.034578e-10
11825.000000  1.027875e-10
11875.000000  1.013907e-10
11925.000000  1.030916e-10
11975.000000  9.906384e-11
12025.000000  1.002926e-10
12075.000000  9.887626e-11
12125.000000  9.862748e-11
12175.000000  9.892903e-11
12225.000000  9.817094e-11
12275.000000  9.724684e-11
12325.000000  9.646984e-11
12375.000000  9.575253e-11
12425.000000  9.480632e-11
12475.000000  9.470855e-11
12525.000000  9.349359e-11
12575.000000  9.290483e-11
12625.000000  9.243830e-11
12675.000000  9.121596e-11
12725.000000  9.119519e-11
12775.000000  9.092170e-11
12825.000000  8.658626e-11
12875.000000  8.877252e-11
12925.000000  8.767975e-11
12975.000000  8.807151e-11
13025.000000  8.670965e-11
13075.000000  8.688537e-11
13125.000000  8.533393e-11
13175.000000  8.466162e-11
13225.000000  8.479253e-11
13275.000000  8.311290e-11
13325.000000  8.341800e-11
13375.000000  8.260782e-11
13425.000000  8.266744e-11
13475.000000  8.197112e-11
13525.000000  8.150649e-11
13575.000000  7.984548e-11
13625.000000  7.956736e-11
13675.000000  7.918987e-11
13725.000000  7.874742e-11
13775.000000  7.829301e-11
13825.000000  7.800353e-11
13875.000000  7.744096e-11
13925.000000  7.705885e-11
13975.000000  7.646594e-11
14025.000000  7.523013e-11
14075.000000  7.448506e-11
14125.000000  7.245174e-11
14175.000000  7.261426e-11
14225.000000  7.124802e-11
14275.000000  7.016818e-11
14325.000000  7.111897e-11
14375.000000  7.137898e-11
14425.000000  6.857116e-11
14475.000000  7.044198e-11
14525.000000  6.852827e-11
14570.000000  6.869293e-11
14620.000000  6.791925e-11
14675.000000  6.752583e-11
14725.000000  6.626090e-11
14775.000000  6.627379e-11
14825.000000  6.602128e-11
14875.000000  6.529916e-11
14925.000000  6.641951e-11
14975.000000  6.538620e-11
15025.000000  6.428983e-11
15075.000000  6.351392e-11
15125.000000  6.388274e-11
15175.000000  6.407848e-11
15225.000000  6.307574e-11
15275.000000  6.328980e-11
15325.000000  6.268837e-11
15375.000000  6.266795e-11
15425.000000  6.200821e-11
15475.000000  6.184467e-11
15525.000000  6.083426e-11
15575.000000  5.983031e-11
15625.000000  6.124061e-11
15675.000000  5.924379e-11
15725.000000  5.927750e-11
15775.000000  5.776379e-11
15825.000000  5.835403e-11
15875.000000  5.516527e-11
15925.000000  5.713704e-11
15975.000000  5.780523e-11
16050.000000  5.687715e-11
16150.000000  5.523457e-11
16250.000000  5.578010e-11
16350.000000  5.461462e-11
16450.000000  5.251420e-11
16550.000000  5.310456e-11
16650.000000  5.208967e-11
16750.000000  5.073993e-11
16850.000000  4.865288e-11
16950.000000  4.966195e-11
17050.000000  4.781818e-11
17150.000000  4.740094e-11
17250.000000  4.586992e-11
17350.000000  4.374113e-11
17450.000000  4.418283e-11
17550.000000  4.353187e-11
17650.000000  4.274914e-11
17750.000000  4.172817e-11
17850.000000  4.120361e-11
17950.000000  4.049224e-11
18050.000000  3.945018e-11
18150.000000  3.797426e-11
18250.000000  3.780486e-11
18350.000000  3.726915e-11
18450.000000  3.629181e-11
18550.000000  3.586684e-11
18650.000000  3.480014e-11
18750.000000  3.330293e-11
18850.000000  3.375977e-11
18950.000000  3.231411e-11
19050.000000  3.277840e-11
19150.000000  3.201411e-11
19250.000000  3.154059e-11
19350.000000  3.060372e-11
19450.000000  2.937998e-11
19550.000000  2.979465e-11
19650.000000  2.912801e-11
19750.000000  2.845919e-11
19850.000000  2.811330e-11
19950.000000  2.759856e-11
20050.000000  2.733322e-11
20150.000000  2.701083e-11
20250.000000  2.619014e-11
20350.000000  2.559977e-11
20450.000000  2.557572e-11
20550.000000  2.497586e-11
20650.000000  2.445041e-11
20750.000000  2.408013e-11
20850.000000  2.365870e-11
20950.000000  2.313007e-11
21050.000000  2.298413e-11
21150.000000  2.251913e-11
21250.000000  2.211642e-11
21350.000000  2.184398e-11
21450.000000  2.148645e-11
21550.000000  2.113664e-11
21650.000000  2.022225e-11
21750.000000  2.024104e-11
21850.000000  2.000150e-11
21950.000000  1.979504e-11
22050.000000  1.927457e-11
22150.000000  1.914960e-11
22250.000000  1.875708e-11
22350.000000  1.845128e-11
22450.000000  1.817666e-11
22550.000000  1.782811e-11
22650.000000  1.751219e-11
22750.000000  1.738034e-11
22850.000000  1.696532e-11
22950.000000  1.563356e-11
23050.000000  1.604075e-11
23150.000000  1.586912e-11
23250.000000  1.455719e-11
23350.000000  1.501733e-11
23450.000000  1.505231e-11
23550.000000  1.369178e-11
23650.000000  1.427219e-11
23750.000000  1.417039e-11
23850.000000  1.301269e-11
23950.000000  1.347264e-11
24050.000000  1.347369e-11
24150.000000  1.255357e-11
24250.000000  1.278955e-11
24350.000000  1.279862e-11
24450.000000  1.220424e-11
24550.000000  1.204496e-11
24650.000000  1.231363e-11
24750.000000  1.189098e-11
24850.000000  1.148721e-11
24950.000000  1.164197e-11
