2505.000000  8.508781e-11
2513.000000  7.519450e-11
2518.000000  7.719661e-11
2525.000000  7.140246e-11
2535.000000  7.025756e-11
2545.000000  7.023500e-11
2555.000000  7.531771e-11
2565.000000  7.466847e-11
2575.000000  8.034533e-11
2585.000000  7.996452e-11
2595.000000  7.783366e-11
2605.000000  7.420666e-11
2615.000000  7.336150e-11
2625.000000  7.867490e-11
2635.000000  7.908868e-11
2645.000000  8.869998e-11
2655.000000  8.725177e-11
2665.000000  7.917811e-11
2675.000000  8.303137e-11
2685.000000  8.192701e-11
2695.000000  7.869626e-11
2705.000000  8.085965e-11
2715.000000  7.657573e-11
2725.000000  7.749261e-11
2735.000000  8.370073e-11
2745.000000  7.003642e-11
2755.000000  7.102839e-11
2765.000000  7.333880e-11
2775.000000  7.936564e-11
2785.000000  7.735594e-11
2795.000000  5.760277e-11
2805.000000  6.538999e-11
2815.000000  8.082071e-11
2825.000000  8.231355e-11
2835.000000  7.867259e-11
2845.000000  7.570641e-11
2855.000000  7.326839e-11
2865.000000  7.843632e-11
2875.000000  7.590763e-11
2885.000000  7.756499e-11
2895.000000  7.411529e-11
2910.000000  8.225402e-11
2930.000000  7.878205e-11
2950.000000  7.848271e-11
2970.000000  7.963129e-11
2990.000000  7.998559e-11
3010.000000  8.118786e-11
3030.000000  8.004109e-11
3050.000000  7.905286e-11
3070.000000  7.805694e-11
3090.000000  7.906439e-11
3110.000000  7.694911e-11
3130.000000  7.641491e-11
3150.000000  7.739785e-11
3170.000000  7.675658e-11
3190.000000  7.384929e-11
3210.000000  7.523154e-11
3230.000000  7.356931e-11
3250.000000  7.418025e-11
3270.000000  7.414205e-11
3290.000000  7.457597e-11
3310.000000  7.467590e-11
3330.000000  7.300824e-11
3350.000000  7.179901e-11
3370.000000  7.170922e-11
3390.000000  7.109317e-11
3410.000000  7.209053e-11
3430.000000  7.178417e-11
3450.000000  7.119859e-11
3470.000000  7.019321e-11
3490.000000  6.975394e-11
3510.000000  7.026136e-11
3530.000000  7.025280e-11
3550.000000  7.008234e-11
3570.000000  6.877987e-11
3590.000000  6.836801e-11
3610.000000  6.803752e-11
3630.000000  6.770311e-11
3640.000000  6.727444e-11
3650.000000  6.845149e-11
3670.000000  6.789142e-11
3690.000000  6.509597e-11
3710.000000  6.890481e-11
3730.000000  7.330813e-11
3750.000000  9.847539e-11
3770.000000  1.064543e-10
3790.000000  1.341723e-10
3810.000000  1.557376e-10
3830.000000  1.212193e-10
3850.000000  1.686087e-10
3870.000000  1.883327e-10
3890.000000  1.057248e-10
3910.000000  1.848160e-10
3930.000000  1.862918e-10
3950.000000  1.839049e-10
3970.000000  9.984301e-11
3990.000000  1.763531e-10
4010.000000  1.875659e-10
4030.000000  1.855070e-10
4050.000000  1.836718e-10
4070.000000  1.768201e-10
4090.000000  1.428896e-10
4110.000000  1.079016e-10
4130.000000  1.670482e-10
4150.000000  1.719501e-10
4170.000000  1.690838e-10
4190.000000  1.674725e-10
4210.000000  1.656219e-10
4230.000000  1.622114e-10
4250.000000  1.599481e-10
4270.000000  1.566789e-10
4290.000000  1.554631e-10
4310.000000  1.476651e-10
4330.000000  1.146547e-10
4350.000000  9.690752e-11
4370.000000  1.436388e-10
4390.000000  1.436386e-10
4410.000000  1.429081e-10
4430.000000  1.417258e-10
4450.000000  1.411250e-10
4470.000000  1.390457e-10
4490.000000  1.357437e-10
4510.000000  1.355555e-10
4530.000000  1.331773e-10
4550.000000  1.299726e-10
4570.000000  1.306251e-10
4590.000000  1.278633e-10
4610.000000  1.284739e-10
4630.000000  1.247966e-10
4650.000000  1.251278e-10
4670.000000  1.231930e-10
4690.000000  1.207770e-10
4710.000000  1.171568e-10
4730.000000  1.186751e-10
4750.000000  1.172625e-10
4770.000000  1.157374e-10
4790.000000  1.140847e-10
4810.000000  1.117662e-10
4830.000000  1.077443e-10
4850.000000  8.556061e-11
4870.000000  6.856079e-11
4890.000000  1.020659e-10
4910.000000  1.048234e-10
4930.000000  1.033244e-10
4950.000000  1.032432e-10
4970.000000  1.025263e-10
4990.000000  1.009108e-10
5010.000000  9.838037e-11
5030.000000  9.816603e-11
5050.000000  9.645025e-11
5070.000000  9.626047e-11
5090.000000  9.513641e-11
5110.000000  9.391053e-11
5130.000000  9.284394e-11
5150.000000  9.138986e-11
5170.000000  8.939291e-11
5190.000000  8.855798e-11
5210.000000  8.828272e-11
5230.000000  8.648687e-11
5250.000000  8.651129e-11
5270.000000  8.429315e-11
5290.000000  8.458257e-11
5310.000000  8.284175e-11
5330.000000  8.206049e-11
5350.000000  8.190410e-11
5370.000000  8.074636e-11
5390.000000  7.988896e-11
5410.000000  7.869380e-11
5430.000000  7.798618e-11
5450.000000  7.740941e-11
5470.000000  7.648557e-11
5490.000000  7.570898e-11
5510.000000  7.482360e-11
5530.000000  7.392190e-11
5550.000000  7.330851e-11
5570.000000  7.245909e-11
5590.000000  7.172252e-11
5610.000000  7.104168e-11
5630.000000  7.027149e-11
5650.000000  6.939806e-11
5670.000000  6.865977e-11
5690.000000  6.800351e-11
5710.000000  6.730710e-11
5730.000000  6.662173e-11
5750.000000  6.585243e-11
5770.000000  6.518249e-11
5790.000000  6.443217e-11
5810.000000  6.379495e-11
5830.000000  6.312949e-11
5850.000000  6.248244e-11
5870.000000  6.173723e-11
5890.000000  6.076120e-11
5910.000000  6.052454e-11
5930.000000  5.992727e-11
5950.000000  5.916626e-11
5970.000000  5.864401e-11
5990.000000  5.792534e-11
6010.000000  5.740312e-11
6030.000000  5.688959e-11
6050.000000  5.626944e-11
6070.000000  5.573240e-11
6090.000000  5.515757e-11
6110.000000  5.459983e-11
6130.000000  5.401925e-11
6150.000000  5.296015e-11
6170.000000  5.291701e-11
6190.000000  5.246437e-11
6210.000000  5.193419e-11
6230.000000  5.138457e-11
6250.000000  5.056505e-11
6270.000000  5.041824e-11
6290.000000  4.991667e-11
6310.000000  4.934014e-11
6330.000000  4.891938e-11
6350.000000  4.802759e-11
6370.000000  4.769402e-11
6390.000000  4.748077e-11
6410.000000  4.695405e-11
6430.000000  4.655338e-11
6450.000000  4.580185e-11
6470.000000  4.560463e-11
6490.000000  4.495330e-11
6510.000000  4.436424e-11
6530.000000  4.320889e-11
6550.000000  3.779609e-11
6570.000000  3.026739e-11
6590.000000  4.092479e-11
6610.000000  4.214509e-11
6630.000000  4.208509e-11
6650.000000  4.180404e-11
6670.000000  4.147045e-11
6690.000000  4.112551e-11
6710.000000  4.076969e-11
6730.000000  4.034508e-11
6750.000000  3.999655e-11
6770.000000  3.966532e-11
6790.000000  3.928131e-11
6810.000000  3.893000e-11
6830.000000  3.854322e-11
6850.000000  3.820151e-11
6870.000000  3.786453e-11
6890.000000  3.752646e-11
6910.000000  3.717214e-11
6930.000000  3.682255e-11
6950.000000  3.650907e-11
6970.000000  3.617485e-11
6990.000000  3.586371e-11
7010.000000  3.545384e-11
7030.000000  3.520512e-11
7050.000000  3.487216e-11
7070.000000  3.458561e-11
7090.000000  3.428921e-11
7110.000000  3.378134e-11
7130.000000  3.363874e-11
7150.000000  3.334234e-11
7170.000000  3.307074e-11
7190.000000  3.278184e-11
7210.000000  3.249931e-11
7230.000000  3.218989e-11
7250.000000  3.189114e-11
7270.000000  3.165736e-11
7290.000000  3.136506e-11
7310.000000  3.108424e-11
7330.000000  3.083317e-11
7350.000000  3.058443e-11
7370.000000  3.032649e-11
7390.000000  3.005254e-11
7410.000000  2.977624e-11
7430.000000  2.945185e-11
7450.000000  2.924093e-11
7470.000000  2.891315e-11
7490.000000  2.873835e-11
7510.000000  2.851245e-11
7530.000000  2.830154e-11
7550.000000  2.807631e-11
7570.000000  2.784017e-11
7590.000000  2.760405e-11
7610.000000  2.738052e-11
7630.000000  2.714439e-11
7650.000000  2.690826e-11
7670.000000  2.667899e-11
7690.000000  2.646058e-11
7710.000000  2.622509e-11
7730.000000  2.603875e-11
7750.000000  2.582336e-11
7770.000000  2.512693e-11
7790.000000  2.540429e-11
7810.000000  2.519509e-11
7830.000000  2.497671e-11
7850.000000  2.474229e-11
7870.000000  2.447923e-11
7890.000000  2.423049e-11
7910.000000  2.414502e-11
7930.000000  2.397364e-11
7950.000000  2.368535e-11
7970.000000  2.361037e-11
7990.000000  2.318574e-11
8010.000000  2.322635e-11
8030.000000  2.303725e-11
8050.000000  2.285666e-11
8070.000000  2.266585e-11
8090.000000  2.249212e-11
8110.000000  2.230876e-11
8130.000000  2.214593e-11
8150.000000  2.197007e-11
8170.000000  2.179697e-11
8190.000000  2.152476e-11
8210.000000  2.142666e-11
8230.000000  2.125122e-11
8250.000000  2.114975e-11
8270.000000  2.111596e-11
8290.000000  2.093261e-11
8310.000000  2.080420e-11
8330.000000  2.056403e-11
8350.000000  2.047467e-11
8370.000000  2.030350e-11
8390.000000  2.009665e-11
8410.000000  1.987095e-11
8430.000000  1.970748e-11
8450.000000  1.935084e-11
8470.000000  1.896614e-11
8490.000000  1.948768e-11
8510.000000  1.827382e-11
8530.000000  1.953349e-11
8550.000000  1.721650e-11
8570.000000  1.975579e-11
8590.000000  1.808572e-11
8610.000000  1.756685e-11
8630.000000  1.998450e-11
8650.000000  1.904684e-11
8670.000000  1.546804e-11
8690.000000  1.948368e-11
8710.000000  2.032364e-11
8730.000000  1.942024e-11
8750.000000  1.488601e-11
8770.000000  1.833962e-11
8790.000000  2.014281e-11
8810.000000  2.021602e-11
8830.000000  1.963509e-11
8850.000000  1.728101e-11
8870.000000  1.438581e-11
8890.000000  1.862550e-11
8910.000000  1.940695e-11
8930.000000  1.944126e-11
8950.000000  1.943164e-11
8970.000000  1.910286e-11
8990.000000  1.814764e-11
9010.000000  1.413498e-11
9030.000000  1.558150e-11
9050.000000  1.808838e-11
9070.000000  1.821879e-11
9090.000000  1.811255e-11
9110.000000  1.826975e-11
9130.000000  1.821246e-11
9150.000000  1.810693e-11
9170.000000  1.785630e-11
9190.000000  1.739377e-11
9210.000000  1.607594e-11
9230.000000  1.228527e-11
9250.000000  1.539000e-11
9270.000000  1.648367e-11
9290.000000  1.706138e-11
9310.000000  1.705193e-11
9330.000000  1.694826e-11
9350.000000  1.686815e-11
9370.000000  1.677006e-11
9390.000000  1.655637e-11
9410.000000  1.626343e-11
9430.000000  1.634206e-11
9450.000000  1.622216e-11
9470.000000  1.606619e-11
9490.000000  1.585276e-11
9510.000000  1.543832e-11
9530.000000  1.401018e-11
9550.000000  1.110663e-11
9570.000000  1.413281e-11
9590.000000  1.507458e-11
9610.000000  1.515592e-11
9630.000000  1.497209e-11
9650.000000  1.509026e-11
9670.000000  1.491205e-11
9690.000000  1.488918e-11
9710.000000  1.482675e-11
9730.000000  1.471392e-11
9750.000000  1.460046e-11
9770.000000  1.451285e-11
9790.000000  1.440279e-11
9810.000000  1.429380e-11
9830.000000  1.417586e-11
9850.000000  1.406517e-11
9870.000000  1.397181e-11
9890.000000  1.380897e-11
9910.000000  1.377329e-11
9930.000000  1.365811e-11
9950.000000  1.355726e-11
9970.000000  1.343975e-11
9990.000000  1.327095e-11
10025.000000  1.201045e-11
10075.000000  1.137140e-11
10125.000000  1.261429e-11
10175.000000  1.255157e-11
10225.000000  1.237330e-11
10275.000000  1.216328e-11
10325.000000  1.194968e-11
10375.000000  1.175116e-11
10425.000000  1.155756e-11
10475.000000  1.132566e-11
10525.000000  1.114372e-11
10575.000000  1.097642e-11
10625.000000  1.080368e-11
10675.000000  1.051150e-11
10725.000000  1.040623e-11
10775.000000  1.026300e-11
10825.000000  1.007529e-11
10875.000000  9.811530e-12
10925.000000  8.270431e-12
10975.000000  9.027203e-12
11025.000000  9.424661e-12
11075.000000  9.330276e-12
11125.000000  9.192203e-12
11175.000000  9.050891e-12
11225.000000  8.910261e-12
11275.000000  8.680899e-12
11325.000000  8.558890e-12
11375.000000  8.490056e-12
11425.000000  8.353192e-12
11475.000000  8.242366e-12
11525.000000  8.117659e-12
11575.000000  7.992439e-12
11625.000000  7.839170e-12
11675.000000  7.695839e-12
11725.000000  7.635903e-12
11775.000000  7.450034e-12
11825.000000  7.379384e-12
11875.000000  7.259427e-12
11925.000000  7.192379e-12
11975.000000  7.061761e-12
12025.000000  6.974422e-12
12075.000000  6.865980e-12
12125.000000  6.767705e-12
12175.000000  6.676287e-12
12225.000000  6.577202e-12
12275.000000  6.476729e-12
12325.000000  6.385721e-12
12375.000000  6.297296e-12
12425.000000  6.213102e-12
12475.000000  6.107712e-12
12525.000000  6.034228e-12
12575.000000  5.929699e-12
12625.000000  5.855230e-12
12675.000000  5.776574e-12
12725.000000  5.671939e-12
12775.000000  5.445173e-12
12825.000000  4.683054e-12
12875.000000  5.342467e-12
12925.000000  5.369125e-12
12975.000000  5.315571e-12
13025.000000  5.248041e-12
13075.000000  5.177437e-12
13125.000000  5.106088e-12
13175.000000  5.024483e-12
13225.000000  4.969523e-12
13275.000000  4.902574e-12
13325.000000  4.837188e-12
13375.000000  4.772313e-12
13425.000000  4.707438e-12
13475.000000  4.644573e-12
13525.000000  4.577862e-12
13575.000000  4.520488e-12
13625.000000  4.462152e-12
13675.000000  4.400995e-12
13725.000000  4.335720e-12
13775.000000  4.289581e-12
13825.000000  4.234728e-12
13875.000000  4.182184e-12
13925.000000  4.124298e-12
13975.000000  4.074379e-12
14025.000000  4.022283e-12
14075.000000  3.972024e-12
14125.000000  3.920614e-12
14175.000000  3.870867e-12
14225.000000  3.822040e-12
14275.000000  3.774240e-12
14325.000000  3.726675e-12
14375.000000  3.680710e-12
14425.000000  3.609753e-12
14475.000000  3.588377e-12
14525.000000  3.532910e-12
14570.000000  3.504591e-12
14620.000000  3.463270e-12
14675.000000  3.422347e-12
14725.000000  3.379825e-12
14775.000000  3.332945e-12
14825.000000  3.298498e-12
14875.000000  3.253904e-12
14925.000000  3.224862e-12
14975.000000  3.182615e-12
15025.000000  3.142039e-12
15075.000000  3.104793e-12
15125.000000  3.070133e-12
15175.000000  3.031627e-12
15225.000000  2.997970e-12
15275.000000  2.952604e-12
15325.000000  2.914035e-12
15375.000000  2.892285e-12
15425.000000  2.824608e-12
15475.000000  2.823909e-12
15525.000000  2.791278e-12
15575.000000  2.692719e-12
15625.000000  2.766240e-12
15675.000000  2.665100e-12
15725.000000  2.580776e-12
15775.000000  2.684272e-12
15825.000000  2.649829e-12
15875.000000  2.407074e-12
15925.000000  2.549719e-12
15975.000000  2.592518e-12
16050.000000  2.505444e-12
16150.000000  2.349221e-12
16250.000000  2.463685e-12
16350.000000  2.339394e-12
16450.000000  2.189561e-12
16550.000000  2.311155e-12
16650.000000  2.262903e-12
16750.000000  2.136694e-12
16850.000000  1.998872e-12
16950.000000  2.116190e-12
17050.000000  2.076658e-12
17150.000000  2.032703e-12
17250.000000  1.973987e-12
17350.000000  1.756559e-12
17450.000000  1.869374e-12
17550.000000  1.861053e-12
17650.000000  1.824213e-12
17750.000000  1.788229e-12
17850.000000  1.750577e-12
17950.000000  1.716071e-12
18050.000000  1.667801e-12
18150.000000  1.502231e-12
18250.000000  1.567698e-12
18350.000000  1.576687e-12
18450.000000  1.548437e-12
18550.000000  1.514505e-12
18650.000000  1.474549e-12
18750.000000  1.324236e-12
18850.000000  1.411834e-12
18950.000000  1.397771e-12
19050.000000  1.374628e-12
19150.000000  1.347404e-12
19250.000000  1.320226e-12
19350.000000  1.281836e-12
19450.000000  1.151555e-12
19550.000000  1.233572e-12
19650.000000  1.222590e-12
19750.000000  1.200208e-12
19850.000000  1.178149e-12
19950.000000  1.156183e-12
20050.000000  1.134772e-12
20150.000000  1.113757e-12
20250.000000  1.093171e-12
20350.000000  1.073061e-12
20450.000000  1.053616e-12
20550.000000  1.034543e-12
20650.000000  1.015487e-12
20750.000000  9.973199e-13
20850.000000  9.795544e-13
20950.000000  9.620862e-13
21050.000000  9.448186e-13
21150.000000  9.272992e-13
21250.000000  9.109891e-13
21350.000000  8.950847e-13
21450.000000  8.792902e-13
21550.000000  8.571696e-13
21650.000000  7.751191e-13
21750.000000  8.223235e-13
21850.000000  8.195899e-13
21950.000000  8.071955e-13
22050.000000  7.932742e-13
22150.000000  7.794514e-13
22250.000000  7.668782e-13
22350.000000  7.540639e-13
22450.000000  7.414608e-13
22550.000000  7.288475e-13
22650.000000  7.170008e-13
22750.000000  7.052014e-13
22850.000000  6.940197e-13
22950.000000  6.827182e-13
23050.000000  6.718247e-13
23150.000000  6.610275e-13
23250.000000  6.504825e-13
23350.000000  6.401145e-13
23450.000000  6.299540e-13
23550.000000  6.199367e-13
23650.000000  6.101651e-13
23750.000000  6.005260e-13
23850.000000  5.910405e-13
23950.000000  5.817456e-13
24050.000000  5.723925e-13
24150.000000  5.633560e-13
24250.000000  5.549244e-13
24350.000000  5.459348e-13
24450.000000  5.369666e-13
24550.000000  5.295819e-13
24650.000000  5.202888e-13
24750.000000  5.124082e-13
24850.000000  5.067356e-13
24950.000000  4.927300e-13
