2505.000000  4.275707e-16
2513.000000  2.471662e-16
2518.000000  2.851348e-16
2525.000000  3.907415e-16
2535.000000  1.499205e-15
2545.000000  1.878560e-15
2555.000000  2.143743e-15
2565.000000  7.949033e-16
2575.000000  2.166508e-15
2585.000000  9.186542e-16
2595.000000  1.566567e-15
2605.000000  2.529417e-15
2615.000000  1.909638e-15
2625.000000  4.650276e-15
2635.000000  9.746846e-15
2645.000000  6.244498e-15
2655.000000  1.387021e-14
2665.000000  7.374915e-15
2675.000000  8.705004e-15
2685.000000  1.143077e-14
2695.000000  5.068247e-15
2705.000000  1.608626e-14
2715.000000  1.139631e-14
2725.000000  7.570808e-15
2735.000000  8.748568e-15
2745.000000  1.332999e-14
2755.000000  1.340475e-14
2765.000000  2.623197e-14
2775.000000  3.669993e-14
2785.000000  1.842060e-14
2795.000000  1.707779e-14
2805.000000  1.727784e-14
2815.000000  3.084123e-14
2825.000000  2.902211e-14
2835.000000  1.986229e-14
2845.000000  1.016142e-14
2855.000000  3.477099e-15
2865.000000  1.996579e-14
2875.000000  2.951634e-14
2885.000000  6.946725e-14
2895.000000  9.612420e-14
2910.000000  1.341571e-13
2930.000000  1.421338e-13
2950.000000  1.286372e-13
2970.000000  1.299277e-13
2990.000000  1.499368e-13
3010.000000  1.529770e-13
3030.000000  2.146679e-13
3050.000000  2.633650e-13
3070.000000  4.308858e-13
3090.000000  5.772908e-13
3110.000000  9.659310e-13
3130.000000  8.615010e-13
3150.000000  1.344296e-12
3170.000000  1.889548e-12
3190.000000  1.568293e-12
3210.000000  1.845582e-12
3230.000000  1.421597e-12
3250.000000  2.398018e-12
3270.000000  3.621634e-12
3290.000000  4.527441e-12
3310.000000  3.721789e-12
3330.000000  3.916969e-12
3350.000000  3.670372e-12
3370.000000  2.552512e-12
3390.000000  2.995823e-12
3410.000000  3.934274e-12
3430.000000  5.103909e-12
3450.000000  4.451922e-12
3470.000000  5.006187e-12
3490.000000  6.396882e-12
3510.000000  7.774188e-12
3530.000000  6.487668e-12
3550.000000  9.677121e-12
3570.000000  4.287094e-12
3590.000000  4.093809e-12
3610.000000  7.009762e-12
3630.000000  1.077018e-11
3640.000000  1.263787e-11
3650.000000  1.303586e-11
3670.000000  1.696970e-11
3690.000000  1.503539e-11
3710.000000  1.362330e-11
3730.000000  5.293029e-12
3750.000000  6.736879e-12
3770.000000  1.298396e-11
3790.000000  1.503099e-11
3810.000000  1.262317e-11
3830.000000  4.977907e-12
3850.000000  7.963664e-12
3870.000000  8.393892e-12
3890.000000  1.281169e-11
3910.000000  1.441396e-11
3930.000000  3.816992e-12
3950.000000  9.081865e-12
3970.000000  5.222644e-12
3990.000000  2.380834e-11
4010.000000  3.751849e-11
4030.000000  3.556610e-11
4050.000000  3.572489e-11
4070.000000  3.428238e-11
4090.000000  4.685171e-11
4110.000000  3.785401e-11
4130.000000  3.716707e-11
4150.000000  3.484451e-11
4170.000000  3.404811e-11
4190.000000  3.795710e-11
4210.000000  3.938701e-11
4230.000000  3.652096e-11
4250.000000  5.024933e-11
4270.000000  4.834030e-11
4290.000000  4.624000e-11
4310.000000  4.491974e-11
4330.000000  6.892644e-11
4350.000000  7.264128e-11
4370.000000  7.697403e-11
4390.000000  6.825694e-11
4410.000000  7.134991e-11
4430.000000  8.099015e-11
4450.000000  8.460988e-11
4470.000000  9.276300e-11
4490.000000  1.003390e-10
4510.000000  1.205348e-10
4530.000000  1.005848e-10
4550.000000  1.069614e-10
4570.000000  1.210393e-10
4590.000000  1.194455e-10
4610.000000  1.268803e-10
4630.000000  1.262910e-10
4650.000000  1.278088e-10
4670.000000  1.372203e-10
4690.000000  1.367884e-10
4710.000000  1.348689e-10
4730.000000  1.389412e-10
4750.000000  1.471022e-10
4770.000000  1.442512e-10
4790.000000  1.442249e-10
4810.000000  1.499137e-10
4830.000000  1.564254e-10
4850.000000  1.551338e-10
4870.000000  1.501699e-10
4890.000000  1.642222e-10
4910.000000  1.660075e-10
4930.000000  1.615476e-10
4950.000000  1.726787e-10
4970.000000  1.627810e-10
4990.000000  1.528409e-10
5010.000000  1.422121e-10
5030.000000  1.547798e-10
5050.000000  1.534988e-10
5070.000000  1.600747e-10
5090.000000  1.463989e-10
5110.000000  1.546641e-10
5130.000000  1.456783e-10
5150.000000  1.431399e-10
5170.000000  1.332096e-10
5190.000000  1.431359e-10
5210.000000  1.504329e-10
5230.000000  1.828692e-10
5250.000000  1.887909e-10
5270.000000  1.714775e-10
5290.000000  2.003501e-10
5310.000000  2.203581e-10
5330.000000  1.932756e-10
5350.000000  2.155149e-10
5370.000000  2.192304e-10
5390.000000  2.063425e-10
5410.000000  2.101248e-10
5430.000000  2.105201e-10
5450.000000  2.223839e-10
5470.000000  2.138357e-10
5490.000000  2.148270e-10
5510.000000  2.120885e-10
5530.000000  2.292705e-10
5550.000000  2.366052e-10
5570.000000  2.332978e-10
5590.000000  2.256882e-10
5610.000000  2.356035e-10
5630.000000  2.324667e-10
5650.000000  2.392060e-10
5670.000000  2.322535e-10
5690.000000  2.464111e-10
5710.000000  2.296814e-10
5730.000000  2.576984e-10
5750.000000  2.507746e-10
5770.000000  2.575197e-10
5790.000000  2.405705e-10
5810.000000  2.599362e-10
5830.000000  2.728777e-10
5850.000000  2.612859e-10
5870.000000  2.617714e-10
5890.000000  2.128895e-10
5910.000000  2.546156e-10
5930.000000  2.582947e-10
5950.000000  2.584255e-10
5970.000000  2.715210e-10
5990.000000  2.644148e-10
6010.000000  2.602370e-10
6030.000000  2.735463e-10
6050.000000  2.811064e-10
6070.000000  2.801847e-10
6090.000000  2.692602e-10
6110.000000  2.732411e-10
6130.000000  2.538551e-10
6150.000000  2.681659e-10
6170.000000  2.493388e-10
6190.000000  2.653678e-10
6210.000000  2.593484e-10
6230.000000  2.492235e-10
6250.000000  2.391950e-10
6270.000000  2.554174e-10
6290.000000  2.674578e-10
6310.000000  2.615757e-10
6330.000000  2.716196e-10
6350.000000  2.752216e-10
6370.000000  2.731563e-10
6390.000000  2.782773e-10
6410.000000  2.753716e-10
6430.000000  2.766276e-10
6450.000000  2.794633e-10
6470.000000  2.822003e-10
6490.000000  2.703768e-10
6510.000000  2.820138e-10
6530.000000  2.877919e-10
6550.000000  2.810347e-10
6570.000000  2.818161e-10
6590.000000  2.875671e-10
6610.000000  2.876777e-10
6630.000000  2.897052e-10
6650.000000  2.868377e-10
6670.000000  2.806369e-10
6690.000000  2.869222e-10
6710.000000  2.751760e-10
6730.000000  2.854866e-10
6750.000000  2.782159e-10
6770.000000  2.859733e-10
6790.000000  2.822614e-10
6810.000000  2.855546e-10
6830.000000  2.923095e-10
6850.000000  2.861710e-10
6870.000000  2.905137e-10
6890.000000  2.985216e-10
6910.000000  2.976983e-10
6930.000000  2.921223e-10
6950.000000  2.863100e-10
6970.000000  2.942725e-10
6990.000000  2.879517e-10
7010.000000  2.859884e-10
7030.000000  2.938630e-10
7050.000000  2.961602e-10
7070.000000  2.792470e-10
7090.000000  2.737545e-10
7110.000000  2.688090e-10
7130.000000  2.589139e-10
7150.000000  2.614830e-10
7170.000000  2.726240e-10
7190.000000  2.684961e-10
7210.000000  2.740145e-10
7230.000000  2.876162e-10
7250.000000  2.863217e-10
7270.000000  2.882233e-10
7290.000000  2.843948e-10
7310.000000  2.888563e-10
7330.000000  2.899236e-10
7350.000000  2.891333e-10
7370.000000  3.006459e-10
7390.000000  2.963385e-10
7410.000000  2.941635e-10
7430.000000  2.987426e-10
7450.000000  3.000047e-10
7470.000000  2.992945e-10
7490.000000  2.981865e-10
7510.000000  3.052349e-10
7530.000000  3.076655e-10
7550.000000  3.096730e-10
7570.000000  3.081136e-10
7590.000000  3.041646e-10
7610.000000  3.053571e-10
7630.000000  3.061999e-10
7650.000000  3.073288e-10
7670.000000  2.949459e-10
7690.000000  3.065199e-10
7710.000000  2.975738e-10
7730.000000  3.007822e-10
7750.000000  2.988819e-10
7770.000000  3.066199e-10
7790.000000  3.056505e-10
7810.000000  3.086143e-10
7830.000000  3.043549e-10
7850.000000  3.005272e-10
7870.000000  3.031718e-10
7890.000000  2.903126e-10
7910.000000  2.817654e-10
7930.000000  2.856344e-10
7950.000000  2.783609e-10
7970.000000  2.939718e-10
7990.000000  2.919014e-10
8010.000000  2.940406e-10
8030.000000  2.949088e-10
8050.000000  2.923075e-10
8070.000000  2.862657e-10
8090.000000  2.809369e-10
8110.000000  2.797074e-10
8130.000000  2.858201e-10
8150.000000  2.877347e-10
8170.000000  2.895065e-10
8190.000000  2.841317e-10
8210.000000  2.815744e-10
8230.000000  2.898673e-10
8250.000000  2.896306e-10
8270.000000  2.951653e-10
8290.000000  2.915720e-10
8310.000000  2.793293e-10
8330.000000  2.821513e-10
8350.000000  2.821259e-10
8370.000000  2.849393e-10
8390.000000  2.727500e-10
8410.000000  2.873207e-10
8430.000000  2.782133e-10
8450.000000  2.861085e-10
8470.000000  2.870429e-10
8490.000000  2.825068e-10
8510.000000  2.679355e-10
8530.000000  2.790250e-10
8550.000000  2.266935e-10
8570.000000  2.908567e-10
8590.000000  2.896837e-10
8610.000000  2.902704e-10
8630.000000  2.925025e-10
8650.000000  2.902133e-10
8670.000000  2.368575e-10
8690.000000  2.802106e-10
8710.000000  2.920777e-10
8730.000000  2.931526e-10
8750.000000  2.923929e-10
8770.000000  2.933733e-10
8790.000000  2.939612e-10
8810.000000  2.861911e-10
8830.000000  2.902663e-10
8850.000000  2.947697e-10
8870.000000  2.871871e-10
8890.000000  2.924134e-10
8910.000000  2.957948e-10
8930.000000  2.883402e-10
8950.000000  2.863477e-10
8970.000000  2.886335e-10
8990.000000  2.909415e-10
9010.000000  2.789864e-10
9030.000000  2.868205e-10
9050.000000  2.938905e-10
9070.000000  2.943286e-10
9090.000000  2.823143e-10
9110.000000  2.822205e-10
9130.000000  2.889178e-10
9150.000000  2.688295e-10
9170.000000  2.617953e-10
9190.000000  2.662619e-10
9210.000000  2.606588e-10
9230.000000  2.664409e-10
9250.000000  2.639270e-10
9270.000000  2.677636e-10
9290.000000  2.645099e-10
9310.000000  2.737114e-10
9330.000000  2.748566e-10
9350.000000  2.706244e-10
9370.000000  2.666584e-10
9390.000000  2.643790e-10
9410.000000  2.601787e-10
9430.000000  2.626628e-10
9450.000000  2.568514e-10
9470.000000  2.654561e-10
9490.000000  2.637791e-10
9510.000000  2.700679e-10
9530.000000  2.678124e-10
9550.000000  2.646014e-10
9570.000000  2.659421e-10
9590.000000  2.710124e-10
9610.000000  2.669171e-10
9630.000000  2.678980e-10
9650.000000  2.589640e-10
9670.000000  2.581766e-10
9690.000000  2.646458e-10
9710.000000  2.634181e-10
9730.000000  2.617997e-10
9750.000000  2.617089e-10
9770.000000  2.640107e-10
9790.000000  2.574479e-10
9810.000000  2.685131e-10
9830.000000  2.659093e-10
9850.000000  2.698593e-10
9870.000000  2.691005e-10
9890.000000  2.703128e-10
9910.000000  2.675953e-10
9930.000000  2.697301e-10
9950.000000  2.682707e-10
9970.000000  2.703071e-10
9990.000000  2.709543e-10
10025.000000  2.670585e-10
10075.000000  2.653490e-10
10125.000000  2.674706e-10
10175.000000  2.643883e-10
10225.000000  2.662581e-10
10275.000000  2.671551e-10
10325.000000  2.624507e-10
10375.000000  2.616549e-10
10425.000000  2.634071e-10
10475.000000  2.615207e-10
10525.000000  2.623158e-10
10575.000000  2.593094e-10
10625.000000  2.590291e-10
10675.000000  2.548323e-10
10725.000000  2.554702e-10
10775.000000  2.536027e-10
10825.000000  2.507565e-10
10875.000000  2.476261e-10
10925.000000  2.427014e-10
10975.000000  2.271420e-10
11025.000000  2.263769e-10
11075.000000  2.307808e-10
11125.000000  2.309893e-10
11175.000000  2.342379e-10
11225.000000  2.344723e-10
11275.000000  2.312671e-10
11325.000000  2.335330e-10
11375.000000  2.285875e-10
11425.000000  2.311223e-10
11475.000000  2.340216e-10
11525.000000  2.345330e-10
11575.000000  2.324249e-10
11625.000000  2.296039e-10
11675.000000  2.305799e-10
11725.000000  2.344020e-10
11775.000000  2.299535e-10
11825.000000  2.300014e-10
11875.000000  2.269472e-10
11925.000000  2.315427e-10
11975.000000  2.229520e-10
12025.000000  2.278580e-10
12075.000000  2.264941e-10
12125.000000  2.272619e-10
12175.000000  2.276048e-10
12225.000000  2.270605e-10
12275.000000  2.260350e-10
12325.000000  2.248975e-10
12375.000000  2.243921e-10
12425.000000  2.233966e-10
12475.000000  2.235544e-10
12525.000000  2.218661e-10
12575.000000  2.218677e-10
12625.000000  2.213046e-10
12675.000000  2.199449e-10
12725.000000  2.203180e-10
12775.000000  2.206540e-10
12825.000000  2.141901e-10
12875.000000  2.173619e-10
12925.000000  2.145237e-10
12975.000000  2.175717e-10
13025.000000  2.162576e-10
13075.000000  2.170952e-10
13125.000000  2.139355e-10
13175.000000  2.138826e-10
13225.000000  2.144605e-10
13275.000000  2.112658e-10
13325.000000  2.130857e-10
13375.000000  2.124942e-10
13425.000000  2.131338e-10
13475.000000  2.130252e-10
13525.000000  2.125243e-10
13575.000000  2.099944e-10
13625.000000  2.084935e-10
13675.000000  2.103554e-10
13725.000000  2.114799e-10
13775.000000  2.103449e-10
13825.000000  2.111572e-10
13875.000000  2.083215e-10
13925.000000  2.021494e-10
13975.000000  2.043035e-10
14025.000000  2.034270e-10
14075.000000  1.996085e-10
14125.000000  1.935541e-10
14175.000000  1.933350e-10
14225.000000  1.940836e-10
14275.000000  1.923072e-10
14325.000000  1.958018e-10
14375.000000  1.972451e-10
14425.000000  1.937570e-10
14475.000000  2.003759e-10
14525.000000  1.942241e-10
14570.000000  1.938471e-10
14620.000000  1.886552e-10
14675.000000  1.886508e-10
14725.000000  1.891180e-10
14775.000000  1.919026e-10
14825.000000  1.933347e-10
14875.000000  1.935766e-10
14925.000000  1.975136e-10
14975.000000  1.983510e-10
15025.000000  1.940132e-10
15075.000000  1.931015e-10
15125.000000  1.939668e-10
15175.000000  1.966001e-10
15225.000000  1.977318e-10
15275.000000  1.962868e-10
15325.000000  1.993092e-10
15375.000000  1.988479e-10
15425.000000  1.974178e-10
15475.000000  2.022204e-10
15525.000000  1.982104e-10
15575.000000  1.911003e-10
15625.000000  1.976985e-10
15675.000000  1.988879e-10
15725.000000  1.994737e-10
15775.000000  1.864136e-10
15825.000000  1.928644e-10
15875.000000  1.914359e-10
15925.000000  1.983003e-10
15975.000000  1.931270e-10
16050.000000  1.928474e-10
16150.000000  1.956608e-10
16250.000000  1.906843e-10
16350.000000  1.969586e-10
16450.000000  1.847084e-10
16550.000000  1.927282e-10
16650.000000  1.820380e-10
16750.000000  1.849361e-10
16850.000000  1.774471e-10
16950.000000  1.811518e-10
17050.000000  1.747004e-10
17150.000000  1.729103e-10
17250.000000  1.706387e-10
17350.000000  1.645630e-10
17450.000000  1.655370e-10
17550.000000  1.611762e-10
17650.000000  1.596657e-10
17750.000000  1.563063e-10
17850.000000  1.539440e-10
17950.000000  1.527325e-10
18050.000000  1.471565e-10
18150.000000  1.462305e-10
18250.000000  1.425788e-10
18350.000000  1.412023e-10
18450.000000  1.375988e-10
18550.000000  1.354831e-10
18650.000000  1.327882e-10
18750.000000  1.297410e-10
18850.000000  1.285072e-10
18950.000000  1.239960e-10
19050.000000  1.249578e-10
19150.000000  1.223870e-10
19250.000000  1.211872e-10
19350.000000  1.170788e-10
19450.000000  1.147411e-10
19550.000000  1.140072e-10
19650.000000  1.110343e-10
19750.000000  1.075148e-10
19850.000000  1.063809e-10
19950.000000  1.043088e-10
20050.000000  1.042106e-10
20150.000000  1.026797e-10
20250.000000  9.960398e-11
20350.000000  9.840835e-11
20450.000000  9.760579e-11
20550.000000  9.493326e-11
20650.000000  9.324190e-11
20750.000000  9.188744e-11
20850.000000  9.042086e-11
20950.000000  8.855628e-11
21050.000000  8.796433e-11
21150.000000  8.659317e-11
21250.000000  8.504623e-11
21350.000000  8.405411e-11
21450.000000  8.250065e-11
21550.000000  8.133066e-11
21650.000000  7.966072e-11
21750.000000  7.813832e-11
21850.000000  7.730148e-11
21950.000000  7.640382e-11
22050.000000  7.409619e-11
22150.000000  7.452935e-11
22250.000000  7.198712e-11
22350.000000  7.135330e-11
22450.000000  7.037215e-11
22550.000000  6.950722e-11
22650.000000  6.793014e-11
22750.000000  6.773360e-11
22850.000000  6.621247e-11
22950.000000  5.459093e-11
23050.000000  5.956434e-11
23150.000000  5.899089e-11
23250.000000  4.948933e-11
23350.000000  5.397323e-11
23450.000000  5.220977e-11
23550.000000  4.398936e-11
23650.000000  4.958825e-11
23750.000000  4.771225e-11
23850.000000  4.158992e-11
23950.000000  4.589178e-11
24050.000000  4.532391e-11
24150.000000  4.021348e-11
24250.000000  4.349270e-11
24350.000000  4.320933e-11
24450.000000  3.986835e-11
24550.000000  4.020701e-11
24650.000000  4.188425e-11
24750.000000  3.995285e-11
24850.000000  3.763896e-11
24950.000000  3.939875e-11
