2505.000000  5.946630e-14
2513.000000  3.450106e-14
2518.000000  2.340373e-14
2525.000000  2.747436e-14
2535.000000  1.019152e-13
2545.000000  1.259907e-13
2555.000000  2.744323e-13
2565.000000  1.467214e-13
2575.000000  2.455925e-13
2585.000000  1.903219e-13
2595.000000  2.008769e-13
2605.000000  2.475945e-13
2615.000000  2.219344e-13
2625.000000  3.449659e-13
2635.000000  7.600926e-13
2645.000000  8.610762e-13
2655.000000  1.808330e-12
2665.000000  9.773442e-13
2675.000000  8.650611e-13
2685.000000  1.332100e-12
2695.000000  6.855592e-13
2705.000000  1.271575e-12
2715.000000  7.868891e-13
2725.000000  4.524579e-13
2735.000000  6.507708e-13
2745.000000  6.044008e-13
2755.000000  7.412582e-13
2765.000000  1.095439e-12
2775.000000  1.294844e-12
2785.000000  7.272795e-13
2795.000000  3.226235e-13
2805.000000  4.066107e-13
2815.000000  1.070628e-12
2825.000000  1.303838e-12
2835.000000  9.523777e-13
2845.000000  4.405499e-13
2855.000000  1.246145e-13
2865.000000  7.322398e-13
2875.000000  1.392543e-12
2885.000000  2.129014e-12
2895.000000  3.304549e-12
2910.000000  5.033438e-12
2930.000000  5.039912e-12
2950.000000  4.364991e-12
2970.000000  4.484049e-12
2990.000000  4.339088e-12
3010.000000  3.586106e-12
3030.000000  5.507544e-12
3050.000000  5.847541e-12
3070.000000  8.553377e-12
3090.000000  9.501731e-12
3110.000000  1.390192e-11
3130.000000  1.144595e-11
3150.000000  1.464435e-11
3170.000000  1.787948e-11
3190.000000  1.420371e-11
3210.000000  1.578725e-11
3230.000000  1.179914e-11
3250.000000  2.023512e-11
3270.000000  2.658341e-11
3290.000000  2.773157e-11
3310.000000  2.312781e-11
3330.000000  2.418335e-11
3350.000000  2.185859e-11
3370.000000  1.484335e-11
3390.000000  1.709664e-11
3410.000000  1.983399e-11
3430.000000  2.264705e-11
3450.000000  2.256530e-11
3470.000000  2.423672e-11
3490.000000  2.941350e-11
3510.000000  3.177022e-11
3530.000000  2.533009e-11
3550.000000  2.965444e-11
3570.000000  1.480565e-11
3590.000000  1.877798e-11
3610.000000  2.951181e-11
3630.000000  3.631623e-11
3640.000000  3.764882e-11
3650.000000  4.332985e-11
3670.000000  4.879755e-11
3690.000000  4.362520e-11
3710.000000  4.480777e-11
3730.000000  2.130280e-11
3750.000000  2.536419e-11
3770.000000  3.724035e-11
3790.000000  3.666903e-11
3810.000000  3.056469e-11
3830.000000  1.448307e-11
3850.000000  1.712557e-11
3870.000000  1.992370e-11
3890.000000  3.856168e-11
3910.000000  4.859821e-11
3930.000000  1.707234e-11
3950.000000  3.670858e-11
3970.000000  2.268122e-11
3990.000000  7.086849e-11
4010.000000  8.459106e-11
4030.000000  8.007145e-11
4050.000000  7.402202e-11
4070.000000  6.787397e-11
4090.000000  8.972891e-11
4110.000000  8.570345e-11
4130.000000  7.215399e-11
4150.000000  6.399681e-11
4170.000000  6.639500e-11
4190.000000  7.098425e-11
4210.000000  8.046427e-11
4230.000000  8.442055e-11
4250.000000  9.525337e-11
4270.000000  8.826280e-11
4290.000000  8.021828e-11
4310.000000  6.990441e-11
4330.000000  1.089251e-10
4350.000000  1.091139e-10
4370.000000  1.187766e-10
4390.000000  1.038075e-10
4410.000000  1.132202e-10
4430.000000  1.215280e-10
4450.000000  1.247465e-10
4470.000000  1.364307e-10
4490.000000  1.412123e-10
4510.000000  1.664585e-10
4530.000000  1.419079e-10
4550.000000  1.483031e-10
4570.000000  1.632158e-10
4590.000000  1.591031e-10
4610.000000  1.646146e-10
4630.000000  1.579155e-10
4650.000000  1.618730e-10
4670.000000  1.694429e-10
4690.000000  1.660242e-10
4710.000000  1.610556e-10
4730.000000  1.699706e-10
4750.000000  1.804906e-10
4770.000000  1.829651e-10
4790.000000  1.823468e-10
4810.000000  1.812366e-10
4830.000000  1.903110e-10
4850.000000  1.779490e-10
4870.000000  1.651791e-10
4890.000000  1.831247e-10
4910.000000  1.821521e-10
4930.000000  1.782548e-10
4950.000000  1.925175e-10
4970.000000  1.857657e-10
4990.000000  1.696807e-10
5010.000000  1.591419e-10
5030.000000  1.701885e-10
5050.000000  1.711758e-10
5070.000000  1.796825e-10
5090.000000  1.638611e-10
5110.000000  1.702029e-10
5130.000000  1.611968e-10
5150.000000  1.564265e-10
5170.000000  1.391293e-10
5190.000000  1.503621e-10
5210.000000  1.660456e-10
5230.000000  1.806087e-10
5250.000000  1.885671e-10
5270.000000  1.641080e-10
5290.000000  1.931838e-10
5310.000000  2.098451e-10
5330.000000  1.783487e-10
5350.000000  2.005318e-10
5370.000000  2.034687e-10
5390.000000  1.932552e-10
5410.000000  1.913819e-10
5430.000000  1.950496e-10
5450.000000  2.092578e-10
5470.000000  1.989062e-10
5490.000000  1.950310e-10
5510.000000  1.942894e-10
5530.000000  2.029427e-10
5550.000000  2.091803e-10
5570.000000  2.043879e-10
5590.000000  1.969220e-10
5610.000000  2.110547e-10
5630.000000  2.048850e-10
5650.000000  2.073116e-10
5670.000000  2.017701e-10
5690.000000  2.106604e-10
5710.000000  2.009244e-10
5730.000000  2.246257e-10
5750.000000  2.120559e-10
5770.000000  2.175331e-10
5790.000000  2.029301e-10
5810.000000  2.179606e-10
5830.000000  2.276446e-10
5850.000000  2.183049e-10
5870.000000  2.194063e-10
5890.000000  1.841870e-10
5910.000000  2.152789e-10
5930.000000  2.168556e-10
5950.000000  2.169202e-10
5970.000000  2.225574e-10
5990.000000  2.166554e-10
6010.000000  2.119368e-10
6030.000000  2.193123e-10
6050.000000  2.239486e-10
6070.000000  2.230203e-10
6090.000000  2.100394e-10
6110.000000  2.115724e-10
6130.000000  1.972871e-10
6150.000000  2.060123e-10
6170.000000  1.965519e-10
6190.000000  2.127084e-10
6210.000000  2.111112e-10
6230.000000  2.024169e-10
6250.000000  1.936478e-10
6270.000000  2.053916e-10
6290.000000  2.106055e-10
6310.000000  2.012687e-10
6330.000000  2.047097e-10
6350.000000  2.022505e-10
6370.000000  2.006805e-10
6390.000000  2.087949e-10
6410.000000  2.046653e-10
6430.000000  2.067814e-10
6450.000000  2.057360e-10
6470.000000  2.057379e-10
6490.000000  1.997286e-10
6510.000000  2.062762e-10
6530.000000  2.068697e-10
6550.000000  2.044289e-10
6570.000000  1.991560e-10
6590.000000  2.064408e-10
6610.000000  2.079293e-10
6630.000000  2.054808e-10
6650.000000  2.055263e-10
6670.000000  2.007916e-10
6690.000000  2.079900e-10
6710.000000  1.989234e-10
6730.000000  2.084891e-10
6750.000000  2.033615e-10
6770.000000  2.052331e-10
6790.000000  2.024679e-10
6810.000000  2.022614e-10
6830.000000  2.055717e-10
6850.000000  1.980161e-10
6870.000000  2.018614e-10
6890.000000  2.042983e-10
6910.000000  2.018697e-10
6930.000000  1.979928e-10
6950.000000  1.943302e-10
6970.000000  1.958351e-10
6990.000000  1.932820e-10
7010.000000  1.867048e-10
7030.000000  1.924150e-10
7050.000000  1.961406e-10
7070.000000  1.911856e-10
7090.000000  1.894218e-10
7110.000000  1.881230e-10
7130.000000  1.830174e-10
7150.000000  1.828074e-10
7170.000000  1.855203e-10
7190.000000  1.785771e-10
7210.000000  1.847452e-10
7230.000000  1.881565e-10
7250.000000  1.876410e-10
7270.000000  1.858348e-10
7290.000000  1.785966e-10
7310.000000  1.832423e-10
7330.000000  1.827128e-10
7350.000000  1.819671e-10
7370.000000  1.864605e-10
7390.000000  1.813610e-10
7410.000000  1.808145e-10
7430.000000  1.828501e-10
7450.000000  1.827709e-10
7470.000000  1.834082e-10
7490.000000  1.811463e-10
7510.000000  1.842522e-10
7530.000000  1.857700e-10
7550.000000  1.866994e-10
7570.000000  1.844383e-10
7590.000000  1.832653e-10
7610.000000  1.831688e-10
7630.000000  1.849828e-10
7650.000000  1.852115e-10
7670.000000  1.774522e-10
7690.000000  1.845408e-10
7710.000000  1.804216e-10
7730.000000  1.801825e-10
7750.000000  1.790967e-10
7770.000000  1.840619e-10
7790.000000  1.837891e-10
7810.000000  1.824790e-10
7830.000000  1.805654e-10
7850.000000  1.785556e-10
7870.000000  1.788776e-10
7890.000000  1.714225e-10
7910.000000  1.657612e-10
7930.000000  1.654776e-10
7950.000000  1.624034e-10
7970.000000  1.698764e-10
7990.000000  1.694580e-10
8010.000000  1.687253e-10
8030.000000  1.693291e-10
8050.000000  1.670452e-10
8070.000000  1.653965e-10
8090.000000  1.597733e-10
8110.000000  1.587506e-10
8130.000000  1.619556e-10
8150.000000  1.615429e-10
8170.000000  1.624653e-10
8190.000000  1.589329e-10
8210.000000  1.585764e-10
8230.000000  1.608941e-10
8250.000000  1.625241e-10
8270.000000  1.643595e-10
8290.000000  1.625102e-10
8310.000000  1.541971e-10
8330.000000  1.560311e-10
8350.000000  1.558342e-10
8370.000000  1.583296e-10
8390.000000  1.527094e-10
8410.000000  1.591493e-10
8430.000000  1.541325e-10
8450.000000  1.577970e-10
8470.000000  1.570250e-10
8490.000000  1.561482e-10
8510.000000  1.474787e-10
8530.000000  1.524304e-10
8550.000000  1.271869e-10
8570.000000  1.578800e-10
8590.000000  1.550784e-10
8610.000000  1.559362e-10
8630.000000  1.574090e-10
8650.000000  1.555231e-10
8670.000000  1.296785e-10
8690.000000  1.497241e-10
8710.000000  1.544000e-10
8730.000000  1.551447e-10
8750.000000  1.536296e-10
8770.000000  1.560273e-10
8790.000000  1.541465e-10
8810.000000  1.491743e-10
8830.000000  1.528176e-10
8850.000000  1.548324e-10
8870.000000  1.513980e-10
8890.000000  1.540677e-10
8910.000000  1.560593e-10
8930.000000  1.507398e-10
8950.000000  1.507969e-10
8970.000000  1.509878e-10
8990.000000  1.514852e-10
9010.000000  1.452477e-10
9030.000000  1.495322e-10
9050.000000  1.534934e-10
9070.000000  1.515986e-10
9090.000000  1.452298e-10
9110.000000  1.440180e-10
9130.000000  1.495207e-10
9150.000000  1.377459e-10
9170.000000  1.337246e-10
9190.000000  1.358378e-10
9210.000000  1.314910e-10
9230.000000  1.345527e-10
9250.000000  1.333135e-10
9270.000000  1.359476e-10
9290.000000  1.338113e-10
9310.000000  1.382139e-10
9330.000000  1.380585e-10
9350.000000  1.363458e-10
9370.000000  1.355000e-10
9390.000000  1.322007e-10
9410.000000  1.281565e-10
9430.000000  1.304303e-10
9450.000000  1.269608e-10
9470.000000  1.317771e-10
9490.000000  1.309808e-10
9510.000000  1.334564e-10
9530.000000  1.321268e-10
9550.000000  1.309686e-10
9570.000000  1.312150e-10
9590.000000  1.335222e-10
9610.000000  1.314994e-10
9630.000000  1.305235e-10
9650.000000  1.278643e-10
9670.000000  1.269402e-10
9690.000000  1.301069e-10
9710.000000  1.288124e-10
9730.000000  1.291173e-10
9750.000000  1.279809e-10
9770.000000  1.285280e-10
9790.000000  1.255805e-10
9810.000000  1.300473e-10
9830.000000  1.289536e-10
9850.000000  1.302782e-10
9870.000000  1.298719e-10
9890.000000  1.306655e-10
9910.000000  1.285744e-10
9930.000000  1.303830e-10
9950.000000  1.291199e-10
9970.000000  1.299644e-10
9990.000000  1.297541e-10
10025.000000  1.285427e-10
10075.000000  1.272241e-10
10125.000000  1.276509e-10
10175.000000  1.253857e-10
10225.000000  1.257033e-10
10275.000000  1.260718e-10
10325.000000  1.235165e-10
10375.000000  1.227089e-10
10425.000000  1.230980e-10
10475.000000  1.217350e-10
10525.000000  1.216335e-10
10575.000000  1.202814e-10
10625.000000  1.196195e-10
10675.000000  1.169212e-10
10725.000000  1.168078e-10
10775.000000  1.157765e-10
10825.000000  1.133081e-10
10875.000000  1.116274e-10
10925.000000  1.095664e-10
10975.000000  1.011168e-10
11025.000000  1.008178e-10
11075.000000  1.025631e-10
11125.000000  1.024068e-10
11175.000000  1.038516e-10
11225.000000  1.033010e-10
11275.000000  1.013853e-10
11325.000000  1.025933e-10
11375.000000  9.999741e-11
11425.000000  1.006417e-10
11475.000000  1.021956e-10
11525.000000  1.018301e-10
11575.000000  1.004333e-10
11625.000000  9.911529e-11
11675.000000  9.920245e-11
11725.000000  1.007352e-10
11775.000000  9.864312e-11
11825.000000  9.781506e-11
11875.000000  9.661110e-11
11925.000000  9.866688e-11
11975.000000  9.401987e-11
12025.000000  9.600446e-11
12075.000000  9.466407e-11
12125.000000  9.496033e-11
12175.000000  9.545919e-11
12225.000000  9.491374e-11
12275.000000  9.426357e-11
12325.000000  9.320978e-11
12375.000000  9.290074e-11
12425.000000  9.181518e-11
12475.000000  9.219622e-11
12525.000000  9.100248e-11
12575.000000  9.087433e-11
12625.000000  9.059738e-11
12675.000000  8.911640e-11
12725.000000  8.932333e-11
12775.000000  8.956020e-11
12825.000000  8.566306e-11
12875.000000  8.731247e-11
12925.000000  8.601225e-11
12975.000000  8.714322e-11
13025.000000  8.553806e-11
13075.000000  8.628147e-11
13125.000000  8.436861e-11
13175.000000  8.412769e-11
13225.000000  8.431314e-11
13275.000000  8.256149e-11
13325.000000  8.337186e-11
13375.000000  8.254979e-11
13425.000000  8.297463e-11
13475.000000  8.230938e-11
13525.000000  8.208520e-11
13575.000000  8.027469e-11
13625.000000  8.001289e-11
13675.000000  8.002820e-11
13725.000000  8.013283e-11
13775.000000  7.952740e-11
13825.000000  7.947074e-11
13875.000000  7.871149e-11
13925.000000  7.851022e-11
13975.000000  7.778397e-11
14025.000000  7.652298e-11
14075.000000  7.493215e-11
14125.000000  7.190549e-11
14175.000000  7.218769e-11
14225.000000  7.131721e-11
14275.000000  6.995291e-11
14325.000000  7.155166e-11
14375.000000  7.211642e-11
14425.000000  6.932303e-11
14475.000000  7.183010e-11
14525.000000  6.944050e-11
14570.000000  6.940420e-11
14620.000000  6.835298e-11
14675.000000  6.776692e-11
14725.000000  6.668691e-11
14775.000000  6.723777e-11
14825.000000  6.710485e-11
14875.000000  6.669786e-11
14925.000000  6.825043e-11
14975.000000  6.740979e-11
15025.000000  6.569879e-11
15075.000000  6.523999e-11
15125.000000  6.551730e-11
15175.000000  6.615306e-11
15225.000000  6.536888e-11
15275.000000  6.570339e-11
15325.000000  6.548988e-11
15375.000000  6.579387e-11
15425.000000  6.526541e-11
15475.000000  6.511904e-11
15525.000000  6.374493e-11
15575.000000  6.297867e-11
15625.000000  6.460066e-11
15675.000000  6.248077e-11
15725.000000  6.335149e-11
15775.000000  6.025115e-11
15825.000000  6.148417e-11
15875.000000  5.891723e-11
15925.000000  6.032574e-11
15975.000000  6.123362e-11
16050.000000  6.050695e-11
16150.000000  5.955844e-11
16250.000000  5.965789e-11
16350.000000  5.918404e-11
16450.000000  5.696672e-11
16550.000000  5.760721e-11
16650.000000  5.611163e-11
16750.000000  5.526307e-11
16850.000000  5.326600e-11
16950.000000  5.421016e-11
17050.000000  5.202859e-11
17150.000000  5.178756e-11
17250.000000  5.010884e-11
17350.000000  4.839934e-11
17450.000000  4.855833e-11
17550.000000  4.762236e-11
17650.000000  4.701790e-11
17750.000000  4.565344e-11
17850.000000  4.532816e-11
17950.000000  4.449702e-11
18050.000000  4.325996e-11
18150.000000  4.240265e-11
18250.000000  4.166599e-11
18350.000000  4.087011e-11
18450.000000  3.980459e-11
18550.000000  3.951265e-11
18650.000000  3.817920e-11
18750.000000  3.718532e-11
18850.000000  3.720978e-11
18950.000000  3.538289e-11
19050.000000  3.621790e-11
19150.000000  3.529487e-11
19250.000000  3.488613e-11
19350.000000  3.369269e-11
19450.000000  3.280800e-11
19550.000000  3.300510e-11
19650.000000  3.209125e-11
19750.000000  3.117168e-11
19850.000000  3.088483e-11
19950.000000  3.034568e-11
20050.000000  3.021455e-11
20150.000000  2.987640e-11
20250.000000  2.882107e-11
20350.000000  2.829095e-11
20450.000000  2.828416e-11
20550.000000  2.748513e-11
20650.000000  2.694543e-11
20750.000000  2.655340e-11
20850.000000  2.608137e-11
20950.000000  2.547037e-11
21050.000000  2.543026e-11
21150.000000  2.493061e-11
21250.000000  2.443105e-11
21350.000000  2.423868e-11
21450.000000  2.376794e-11
21550.000000  2.339958e-11
21650.000000  2.268798e-11
21750.000000  2.236804e-11
21850.000000  2.216569e-11
21950.000000  2.194288e-11
22050.000000  2.128097e-11
22150.000000  2.133583e-11
22250.000000  2.073295e-11
22350.000000  2.043153e-11
22450.000000  2.012598e-11
22550.000000  1.984358e-11
22650.000000  1.939235e-11
22750.000000  1.935884e-11
22850.000000  1.882055e-11
22950.000000  1.666071e-11
23050.000000  1.749849e-11
23150.000000  1.732862e-11
23250.000000  1.539980e-11
23350.000000  1.618118e-11
23450.000000  1.622779e-11
23550.000000  1.429461e-11
23650.000000  1.529209e-11
23750.000000  1.509188e-11
23850.000000  1.353474e-11
23950.000000  1.432840e-11
24050.000000  1.439619e-11
24150.000000  1.309882e-11
24250.000000  1.358678e-11
24350.000000  1.368887e-11
24450.000000  1.284300e-11
24550.000000  1.270425e-11
24650.000000  1.318611e-11
24750.000000  1.264522e-11
24850.000000  1.204179e-11
24950.000000  1.243326e-11
