2505.000000  1.493115e-13
2513.000000  8.293142e-14
2518.000000  5.141889e-14
2525.000000  6.144033e-14
2535.000000  2.508517e-13
2545.000000  3.090467e-13
2555.000000  7.974376e-13
2565.000000  4.107035e-13
2575.000000  6.692145e-13
2585.000000  5.192602e-13
2595.000000  5.113997e-13
2605.000000  5.967538e-13
2615.000000  5.452854e-13
2625.000000  8.415623e-13
2635.000000  1.947045e-12
2645.000000  2.473007e-12
2655.000000  5.159758e-12
2665.000000  2.765377e-12
2675.000000  2.422568e-12
2685.000000  3.800911e-12
2695.000000  2.020037e-12
2705.000000  3.582075e-12
2715.000000  2.096166e-12
2725.000000  1.144094e-12
2735.000000  1.731029e-12
2745.000000  1.442608e-12
2755.000000  1.853887e-12
2765.000000  2.753455e-12
2775.000000  3.124439e-12
2785.000000  1.721805e-12
2795.000000  6.478106e-13
2805.000000  8.416305e-13
2815.000000  2.549585e-12
2825.000000  3.287324e-12
2835.000000  2.447338e-12
2845.000000  1.053085e-12
2855.000000  2.708436e-13
2865.000000  1.801514e-12
2875.000000  3.797132e-12
2885.000000  5.607181e-12
2895.000000  8.831659e-12
2910.000000  1.355123e-11
2930.000000  1.338097e-11
2950.000000  1.144775e-11
2970.000000  1.197913e-11
2990.000000  1.154131e-11
3010.000000  9.492546e-12
3030.000000  1.435436e-11
3050.000000  1.517136e-11
3070.000000  2.144430e-11
3090.000000  2.429175e-11
3110.000000  3.424533e-11
3130.000000  2.819963e-11
3150.000000  3.472290e-11
3170.000000  4.175304e-11
3190.000000  3.407762e-11
3210.000000  3.771798e-11
3230.000000  2.763980e-11
3250.000000  4.752036e-11
3270.000000  6.221003e-11
3290.000000  6.397616e-11
3310.000000  5.435717e-11
3330.000000  5.621835e-11
3350.000000  5.073339e-11
3370.000000  3.539577e-11
3390.000000  4.054442e-11
3410.000000  4.739793e-11
3430.000000  5.451828e-11
3450.000000  5.504712e-11
3470.000000  5.890859e-11
3490.000000  6.974372e-11
3510.000000  7.436048e-11
3530.000000  5.936194e-11
3550.000000  6.901671e-11
3570.000000  3.484015e-11
3590.000000  4.502270e-11
3610.000000  7.020255e-11
3630.000000  8.480675e-11
3640.000000  8.837265e-11
3650.000000  9.976007e-11
3670.000000  1.110324e-10
3690.000000  1.019624e-10
3710.000000  1.077382e-10
3730.000000  5.392778e-11
3750.000000  6.315209e-11
3770.000000  8.762912e-11
3790.000000  8.611824e-11
3810.000000  7.239794e-11
3830.000000  3.412655e-11
3850.000000  3.886258e-11
3870.000000  4.633160e-11
3890.000000  9.202258e-11
3910.000000  1.113807e-10
3930.000000  3.800335e-11
3950.000000  8.209901e-11
3970.000000  5.021853e-11
3990.000000  1.599478e-10
4010.000000  1.931014e-10
4030.000000  1.870408e-10
4050.000000  1.731426e-10
4070.000000  1.596326e-10
4090.000000  2.078577e-10
4110.000000  2.024008e-10
4130.000000  1.698124e-10
4150.000000  1.507268e-10
4170.000000  1.552983e-10
4190.000000  1.648896e-10
4210.000000  1.888234e-10
4230.000000  2.044232e-10
4250.000000  2.214323e-10
4270.000000  2.057908e-10
4290.000000  1.861518e-10
4310.000000  1.575513e-10
4330.000000  2.490459e-10
4350.000000  2.471476e-10
4370.000000  2.688796e-10
4390.000000  2.371979e-10
4410.000000  2.595206e-10
4430.000000  2.811977e-10
4450.000000  2.877618e-10
4470.000000  3.143492e-10
4490.000000  3.247814e-10
4510.000000  3.798751e-10
4530.000000  3.273785e-10
4550.000000  3.396453e-10
4570.000000  3.731733e-10
4590.000000  3.627293e-10
4610.000000  3.765983e-10
4630.000000  3.618844e-10
4650.000000  3.710915e-10
4670.000000  3.857790e-10
4690.000000  3.779162e-10
4710.000000  3.687940e-10
4730.000000  3.891102e-10
4750.000000  4.158201e-10
4770.000000  4.231571e-10
4790.000000  4.202285e-10
4810.000000  4.147977e-10
4830.000000  4.344690e-10
4850.000000  4.064212e-10
4870.000000  3.781818e-10
4890.000000  4.201997e-10
4910.000000  4.174015e-10
4930.000000  4.100293e-10
4950.000000  4.435391e-10
4970.000000  4.284091e-10
4990.000000  3.931885e-10
5010.000000  3.713913e-10
5030.000000  3.960584e-10
5050.000000  4.007289e-10
5070.000000  4.207822e-10
5090.000000  3.852848e-10
5110.000000  3.993834e-10
5130.000000  3.788519e-10
5150.000000  3.688561e-10
5170.000000  3.381673e-10
5190.000000  3.627014e-10
5210.000000  3.930661e-10
5230.000000  4.156812e-10
5250.000000  4.309149e-10
5270.000000  3.790059e-10
5290.000000  4.408104e-10
5310.000000  4.749472e-10
5330.000000  4.096460e-10
5350.000000  4.578314e-10
5370.000000  4.652831e-10
5390.000000  4.428788e-10
5410.000000  4.375992e-10
5430.000000  4.454635e-10
5450.000000  4.784219e-10
5470.000000  4.535967e-10
5490.000000  4.448768e-10
5510.000000  4.442399e-10
5530.000000  4.619913e-10
5550.000000  4.752596e-10
5570.000000  4.655651e-10
5590.000000  4.493316e-10
5610.000000  4.797697e-10
5630.000000  4.658044e-10
5650.000000  4.710209e-10
5670.000000  4.581387e-10
5690.000000  4.776728e-10
5710.000000  4.567216e-10
5730.000000  5.086101e-10
5750.000000  4.809894e-10
5770.000000  4.928977e-10
5790.000000  4.621838e-10
5810.000000  4.934975e-10
5830.000000  5.136778e-10
5850.000000  4.944974e-10
5870.000000  4.970894e-10
5890.000000  4.322505e-10
5910.000000  4.887246e-10
5930.000000  4.909562e-10
5950.000000  4.913563e-10
5970.000000  5.036170e-10
5990.000000  4.907671e-10
6010.000000  4.801864e-10
6030.000000  4.954090e-10
6050.000000  5.054241e-10
6070.000000  5.037167e-10
6090.000000  4.752852e-10
6110.000000  4.784117e-10
6130.000000  4.487692e-10
6150.000000  4.667753e-10
6170.000000  4.478027e-10
6190.000000  4.811739e-10
6210.000000  4.780175e-10
6230.000000  4.587259e-10
6250.000000  4.389065e-10
6270.000000  4.656767e-10
6290.000000  4.759628e-10
6310.000000  4.568860e-10
6330.000000  4.642046e-10
6350.000000  4.609805e-10
6370.000000  4.570115e-10
6390.000000  4.713191e-10
6410.000000  4.621681e-10
6430.000000  4.671941e-10
6450.000000  4.658253e-10
6470.000000  4.655439e-10
6490.000000  4.512144e-10
6510.000000  4.657238e-10
6530.000000  4.671303e-10
6550.000000  4.611924e-10
6570.000000  4.471102e-10
6590.000000  4.650651e-10
6610.000000  4.685546e-10
6630.000000  4.639454e-10
6650.000000  4.636892e-10
6670.000000  4.535307e-10
6690.000000  4.699027e-10
6710.000000  4.499980e-10
6730.000000  4.702080e-10
6750.000000  4.591519e-10
6770.000000  4.631372e-10
6790.000000  4.577004e-10
6810.000000  4.566627e-10
6830.000000  4.634117e-10
6850.000000  4.468947e-10
6870.000000  4.553070e-10
6890.000000  4.610284e-10
6910.000000  4.553466e-10
6930.000000  4.468540e-10
6950.000000  4.375415e-10
6970.000000  4.408139e-10
6990.000000  4.357931e-10
7010.000000  4.207447e-10
7030.000000  4.332809e-10
7050.000000  4.418294e-10
7070.000000  4.314764e-10
7090.000000  4.280148e-10
7110.000000  4.241142e-10
7130.000000  4.134769e-10
7150.000000  4.134867e-10
7170.000000  4.187200e-10
7190.000000  4.027854e-10
7210.000000  4.167741e-10
7230.000000  4.235685e-10
7250.000000  4.228472e-10
7270.000000  4.185430e-10
7290.000000  4.018681e-10
7310.000000  4.120632e-10
7330.000000  4.117060e-10
7350.000000  4.098507e-10
7370.000000  4.195919e-10
7390.000000  4.081449e-10
7410.000000  4.062750e-10
7430.000000  4.108902e-10
7450.000000  4.112680e-10
7470.000000  4.125678e-10
7490.000000  4.075270e-10
7510.000000  4.140257e-10
7530.000000  4.170555e-10
7550.000000  4.196112e-10
7570.000000  4.144881e-10
7590.000000  4.122046e-10
7610.000000  4.125164e-10
7630.000000  4.155580e-10
7650.000000  4.159869e-10
7670.000000  3.996728e-10
7690.000000  4.146518e-10
7710.000000  4.053498e-10
7730.000000  4.051484e-10
7750.000000  4.024878e-10
7770.000000  4.132332e-10
7790.000000  4.124582e-10
7810.000000  4.099227e-10
7830.000000  4.055983e-10
7850.000000  4.012873e-10
7870.000000  4.011249e-10
7890.000000  3.841799e-10
7910.000000  3.710461e-10
7930.000000  3.706902e-10
7950.000000  3.644212e-10
7970.000000  3.806935e-10
7990.000000  3.799242e-10
8010.000000  3.782519e-10
8030.000000  3.795673e-10
8050.000000  3.744717e-10
8070.000000  3.709225e-10
8090.000000  3.577673e-10
8110.000000  3.557108e-10
8130.000000  3.625961e-10
8150.000000  3.618229e-10
8170.000000  3.638494e-10
8190.000000  3.570101e-10
8210.000000  3.557404e-10
8230.000000  3.602807e-10
8250.000000  3.643304e-10
8270.000000  3.680368e-10
8290.000000  3.640280e-10
8310.000000  3.462963e-10
8330.000000  3.501056e-10
8350.000000  3.498387e-10
8370.000000  3.549901e-10
8390.000000  3.434404e-10
8410.000000  3.567453e-10
8430.000000  3.459257e-10
8450.000000  3.540369e-10
8470.000000  3.521769e-10
8490.000000  3.492631e-10
8510.000000  3.293380e-10
8530.000000  3.407296e-10
8550.000000  2.820919e-10
8570.000000  3.536288e-10
8590.000000  3.476595e-10
8610.000000  3.494653e-10
8630.000000  3.528847e-10
8650.000000  3.478069e-10
8670.000000  2.882690e-10
8690.000000  3.365236e-10
8710.000000  3.463507e-10
8730.000000  3.481336e-10
8750.000000  3.438921e-10
8770.000000  3.498711e-10
8790.000000  3.455774e-10
8810.000000  3.355167e-10
8830.000000  3.430823e-10
8850.000000  3.469160e-10
8870.000000  3.389531e-10
8890.000000  3.451962e-10
8910.000000  3.495594e-10
8930.000000  3.382592e-10
8950.000000  3.379931e-10
8970.000000  3.384798e-10
8990.000000  3.397024e-10
9010.000000  3.257646e-10
9030.000000  3.352122e-10
9050.000000  3.435957e-10
9070.000000  3.389935e-10
9090.000000  3.252237e-10
9110.000000  3.227832e-10
9130.000000  3.346214e-10
9150.000000  3.075977e-10
9170.000000  2.983400e-10
9190.000000  3.027200e-10
9210.000000  2.934603e-10
9230.000000  2.998782e-10
9250.000000  2.977357e-10
9270.000000  3.036001e-10
9290.000000  2.989991e-10
9310.000000  3.085651e-10
9330.000000  3.085074e-10
9350.000000  3.044508e-10
9370.000000  3.026468e-10
9390.000000  2.950566e-10
9410.000000  2.864821e-10
9430.000000  2.909600e-10
9450.000000  2.837465e-10
9470.000000  2.941309e-10
9490.000000  2.921398e-10
9510.000000  2.983035e-10
9530.000000  2.951387e-10
9550.000000  2.930306e-10
9570.000000  2.934952e-10
9590.000000  2.981456e-10
9610.000000  2.939845e-10
9630.000000  2.915684e-10
9650.000000  2.862118e-10
9670.000000  2.841702e-10
9690.000000  2.907558e-10
9710.000000  2.882514e-10
9730.000000  2.889608e-10
9750.000000  2.861130e-10
9770.000000  2.874533e-10
9790.000000  2.813021e-10
9810.000000  2.906809e-10
9830.000000  2.888851e-10
9850.000000  2.910850e-10
9870.000000  2.900788e-10
9890.000000  2.917808e-10
9910.000000  2.872801e-10
9930.000000  2.914325e-10
9950.000000  2.886710e-10
9970.000000  2.904635e-10
9990.000000  2.900193e-10
10025.000000  2.873014e-10
10075.000000  2.844449e-10
10125.000000  2.849766e-10
10175.000000  2.800192e-10
10225.000000  2.806946e-10
10275.000000  2.814153e-10
10325.000000  2.757151e-10
10375.000000  2.740236e-10
10425.000000  2.747062e-10
10475.000000  2.716264e-10
10525.000000  2.713906e-10
10575.000000  2.685245e-10
10625.000000  2.668550e-10
10675.000000  2.610492e-10
10725.000000  2.609190e-10
10775.000000  2.583764e-10
10825.000000  2.534927e-10
10875.000000  2.492968e-10
10925.000000  2.440851e-10
10975.000000  2.249678e-10
11025.000000  2.242453e-10
11075.000000  2.282992e-10
11125.000000  2.279151e-10
11175.000000  2.312794e-10
11225.000000  2.301952e-10
11275.000000  2.260684e-10
11325.000000  2.286915e-10
11375.000000  2.228859e-10
11425.000000  2.244328e-10
11475.000000  2.276027e-10
11525.000000  2.268093e-10
11575.000000  2.237897e-10
11625.000000  2.207784e-10
11675.000000  2.210238e-10
11725.000000  2.243924e-10
11775.000000  2.196914e-10
11825.000000  2.181738e-10
11875.000000  2.152820e-10
11925.000000  2.196664e-10
11975.000000  2.099007e-10
12025.000000  2.139537e-10
12075.000000  2.110494e-10
12125.000000  2.113375e-10
12175.000000  2.122940e-10
12225.000000  2.111043e-10
12275.000000  2.097143e-10
12325.000000  2.075832e-10
12375.000000  2.066141e-10
12425.000000  2.044786e-10
12475.000000  2.050857e-10
12525.000000  2.025557e-10
12575.000000  2.020157e-10
12625.000000  2.014110e-10
12675.000000  1.984245e-10
12725.000000  1.987507e-10
12775.000000  1.990042e-10
12825.000000  1.907615e-10
12875.000000  1.942852e-10
12925.000000  1.915098e-10
12975.000000  1.936753e-10
13025.000000  1.904475e-10
13075.000000  1.917523e-10
13125.000000  1.879404e-10
13175.000000  1.871196e-10
13225.000000  1.874705e-10
13275.000000  1.836479e-10
13325.000000  1.852542e-10
13375.000000  1.834697e-10
13425.000000  1.843180e-10
13475.000000  1.828721e-10
13525.000000  1.823951e-10
13575.000000  1.783639e-10
13625.000000  1.777675e-10
13675.000000  1.777137e-10
13725.000000  1.777711e-10
13775.000000  1.765049e-10
13825.000000  1.762856e-10
13875.000000  1.746422e-10
13925.000000  1.742706e-10
13975.000000  1.725932e-10
14025.000000  1.698572e-10
14075.000000  1.661866e-10
14125.000000  1.597255e-10
14175.000000  1.600155e-10
14225.000000  1.581631e-10
14275.000000  1.555226e-10
14325.000000  1.587387e-10
14375.000000  1.599678e-10
14425.000000  1.538921e-10
14475.000000  1.594772e-10
14525.000000  1.540903e-10
14570.000000  1.539852e-10
14620.000000  1.517950e-10
14675.000000  1.505076e-10
14725.000000  1.481827e-10
14775.000000  1.493526e-10
14825.000000  1.489898e-10
14875.000000  1.484214e-10
14925.000000  1.513422e-10
14975.000000  1.495252e-10
15025.000000  1.464894e-10
15075.000000  1.450057e-10
15125.000000  1.454874e-10
15175.000000  1.467305e-10
15225.000000  1.451196e-10
15275.000000  1.456817e-10
15325.000000  1.451521e-10
15375.000000  1.457963e-10
15425.000000  1.446388e-10
15475.000000  1.443559e-10
15525.000000  1.414938e-10
15575.000000  1.395022e-10
15625.000000  1.431791e-10
15675.000000  1.387774e-10
15725.000000  1.401398e-10
15775.000000  1.341438e-10
15825.000000  1.364948e-10
15875.000000  1.306003e-10
15925.000000  1.341889e-10
15975.000000  1.358958e-10
16050.000000  1.342170e-10
16150.000000  1.319283e-10
16250.000000  1.322432e-10
16350.000000  1.311566e-10
16450.000000  1.260193e-10
16550.000000  1.275537e-10
16650.000000  1.242688e-10
16750.000000  1.224168e-10
16850.000000  1.178010e-10
16950.000000  1.199689e-10
17050.000000  1.151711e-10
17150.000000  1.146454e-10
17250.000000  1.109902e-10
17350.000000  1.070368e-10
17450.000000  1.074485e-10
17550.000000  1.054042e-10
17650.000000  1.039544e-10
17750.000000  1.010825e-10
17850.000000  1.002076e-10
17950.000000  9.842695e-11
18050.000000  9.574090e-11
18150.000000  9.365002e-11
18250.000000  9.219822e-11
18350.000000  9.056164e-11
18450.000000  8.820708e-11
18550.000000  8.742242e-11
18650.000000  8.459918e-11
18750.000000  8.222309e-11
18850.000000  8.235895e-11
18950.000000  7.848757e-11
19050.000000  8.010908e-11
19150.000000  7.812932e-11
19250.000000  7.717818e-11
19350.000000  7.464016e-11
19450.000000  7.256553e-11
19550.000000  7.295822e-11
19650.000000  7.100826e-11
19750.000000  6.907688e-11
19850.000000  6.835303e-11
19950.000000  6.712207e-11
20050.000000  6.676760e-11
20150.000000  6.602387e-11
20250.000000  6.378067e-11
20350.000000  6.255312e-11
20450.000000  6.249746e-11
20550.000000  6.082691e-11
20650.000000  5.959497e-11
20750.000000  5.869874e-11
20850.000000  5.771264e-11
20950.000000  5.635501e-11
21050.000000  5.619738e-11
21150.000000  5.510250e-11
21250.000000  5.405530e-11
21350.000000  5.353050e-11
21450.000000  5.251815e-11
21550.000000  5.172795e-11
21650.000000  5.008495e-11
21750.000000  4.948925e-11
21850.000000  4.899033e-11
21950.000000  4.849126e-11
22050.000000  4.708976e-11
22150.000000  4.710540e-11
22250.000000  4.584959e-11
22350.000000  4.516291e-11
22450.000000  4.450717e-11
22550.000000  4.382120e-11
22650.000000  4.289406e-11
22750.000000  4.274670e-11
22850.000000  4.162124e-11
22950.000000  3.674315e-11
23050.000000  3.862407e-11
23150.000000  3.826974e-11
23250.000000  3.393172e-11
23350.000000  3.573013e-11
23450.000000  3.582996e-11
23550.000000  3.149821e-11
23650.000000  3.371316e-11
23750.000000  3.336940e-11
23850.000000  2.983888e-11
23950.000000  3.159032e-11
24050.000000  3.176343e-11
24150.000000  2.888981e-11
24250.000000  2.997143e-11
24350.000000  3.019402e-11
24450.000000  2.831464e-11
24550.000000  2.806127e-11
24650.000000  2.909487e-11
24750.000000  2.790843e-11
24850.000000  2.657908e-11
24950.000000  2.743077e-11
