2505.000000  5.323717e-11
2513.000000  4.842845e-11
2518.000000  4.901172e-11
2525.000000  4.596732e-11
2535.000000  4.509655e-11
2545.000000  4.516110e-11
2555.000000  4.809846e-11
2565.000000  4.806007e-11
2575.000000  5.106304e-11
2585.000000  5.119911e-11
2595.000000  5.051126e-11
2605.000000  4.844255e-11
2615.000000  4.793447e-11
2625.000000  5.050949e-11
2635.000000  5.070477e-11
2645.000000  5.552762e-11
2655.000000  5.489779e-11
2665.000000  5.112418e-11
2675.000000  5.284726e-11
2685.000000  5.296520e-11
2695.000000  5.059830e-11
2705.000000  5.145633e-11
2715.000000  4.918817e-11
2725.000000  4.948388e-11
2735.000000  5.269605e-11
2745.000000  4.586735e-11
2755.000000  4.654581e-11
2765.000000  4.814673e-11
2775.000000  5.093065e-11
2785.000000  4.989521e-11
2795.000000  3.947430e-11
2805.000000  4.370926e-11
2815.000000  5.199594e-11
2825.000000  5.217519e-11
2835.000000  5.046766e-11
2845.000000  4.888419e-11
2855.000000  4.745490e-11
2865.000000  4.999908e-11
2875.000000  4.885694e-11
2885.000000  4.989526e-11
2895.000000  4.842016e-11
2910.000000  5.228776e-11
2930.000000  5.042299e-11
2950.000000  5.021126e-11
2970.000000  5.062098e-11
2990.000000  5.073256e-11
3010.000000  5.125324e-11
3030.000000  5.084202e-11
3050.000000  5.043256e-11
3070.000000  4.991495e-11
3090.000000  5.031243e-11
3110.000000  4.939709e-11
3130.000000  4.911344e-11
3150.000000  4.953667e-11
3170.000000  4.921452e-11
3190.000000  4.763729e-11
3210.000000  4.832672e-11
3230.000000  4.740411e-11
3250.000000  4.781705e-11
3270.000000  4.795022e-11
3290.000000  4.815855e-11
3310.000000  4.817309e-11
3330.000000  4.730053e-11
3350.000000  4.657861e-11
3370.000000  4.658295e-11
3390.000000  4.621294e-11
3410.000000  4.671902e-11
3430.000000  4.654193e-11
3450.000000  4.622161e-11
3470.000000  4.573528e-11
3490.000000  4.555646e-11
3510.000000  4.577040e-11
3530.000000  4.571372e-11
3550.000000  4.561573e-11
3570.000000  4.488990e-11
3590.000000  4.466392e-11
3610.000000  4.448276e-11
3630.000000  4.434759e-11
3640.000000  4.413148e-11
3650.000000  4.461129e-11
3670.000000  4.441057e-11
3690.000000  4.269731e-11
3710.000000  4.417342e-11
3730.000000  4.572985e-11
3750.000000  5.839942e-11
3770.000000  6.255135e-11
3790.000000  7.831570e-11
3810.000000  9.305104e-11
3830.000000  7.270563e-11
3850.000000  1.038240e-10
3870.000000  1.191807e-10
3890.000000  6.278349e-11
3910.000000  1.186040e-10
3930.000000  1.242127e-10
3950.000000  1.184286e-10
3970.000000  5.997757e-11
3990.000000  1.124037e-10
4010.000000  1.276556e-10
4030.000000  1.277888e-10
4050.000000  1.258753e-10
4070.000000  1.189844e-10
4090.000000  8.880016e-11
4110.000000  6.644677e-11
4130.000000  1.117011e-10
4150.000000  1.178497e-10
4170.000000  1.171919e-10
4190.000000  1.160658e-10
4210.000000  1.147324e-10
4230.000000  1.123679e-10
4250.000000  1.111472e-10
4270.000000  1.088096e-10
4290.000000  1.071624e-10
4310.000000  9.984705e-11
4330.000000  7.219915e-11
4350.000000  6.088738e-11
4370.000000  9.637582e-11
4390.000000  9.956807e-11
4410.000000  9.947682e-11
4430.000000  9.899758e-11
4450.000000  9.849104e-11
4470.000000  9.727480e-11
4490.000000  9.528687e-11
4510.000000  9.490904e-11
4530.000000  9.343865e-11
4550.000000  9.150743e-11
4570.000000  9.157501e-11
4590.000000  8.996510e-11
4610.000000  8.992266e-11
4630.000000  8.794020e-11
4650.000000  8.768238e-11
4670.000000  8.655719e-11
4690.000000  8.482094e-11
4710.000000  8.233890e-11
4730.000000  8.327005e-11
4750.000000  8.228215e-11
4770.000000  8.107954e-11
4790.000000  7.978224e-11
4810.000000  7.782610e-11
4830.000000  7.349615e-11
4850.000000  5.547829e-11
4870.000000  4.453050e-11
4890.000000  6.882505e-11
4910.000000  7.292641e-11
4930.000000  7.256028e-11
4950.000000  7.266058e-11
4970.000000  7.221214e-11
4990.000000  7.125152e-11
5010.000000  6.983274e-11
5030.000000  6.968386e-11
5050.000000  6.862676e-11
5070.000000  6.827673e-11
5090.000000  6.749798e-11
5110.000000  6.673457e-11
5130.000000  6.592014e-11
5150.000000  6.506826e-11
5170.000000  6.355723e-11
5190.000000  6.301094e-11
5210.000000  6.289494e-11
5230.000000  6.178703e-11
5250.000000  6.165894e-11
5270.000000  6.031372e-11
5290.000000  6.027187e-11
5310.000000  5.928703e-11
5330.000000  5.862782e-11
5350.000000  5.836708e-11
5370.000000  5.759419e-11
5390.000000  5.702116e-11
5410.000000  5.625187e-11
5430.000000  5.575962e-11
5450.000000  5.525451e-11
5470.000000  5.466192e-11
5490.000000  5.412006e-11
5510.000000  5.354621e-11
5530.000000  5.288046e-11
5550.000000  5.244445e-11
5570.000000  5.185015e-11
5590.000000  5.129740e-11
5610.000000  5.079829e-11
5630.000000  5.029758e-11
5650.000000  4.975125e-11
5670.000000  4.921252e-11
5690.000000  4.873254e-11
5710.000000  4.823851e-11
5730.000000  4.777052e-11
5750.000000  4.724896e-11
5770.000000  4.677894e-11
5790.000000  4.628654e-11
5810.000000  4.582527e-11
5830.000000  4.536606e-11
5850.000000  4.490639e-11
5870.000000  4.442277e-11
5890.000000  4.371533e-11
5910.000000  4.356254e-11
5930.000000  4.313242e-11
5950.000000  4.267118e-11
5970.000000  4.226344e-11
5990.000000  4.181056e-11
6010.000000  4.139443e-11
6030.000000  4.101628e-11
6050.000000  4.060693e-11
6070.000000  4.022675e-11
6090.000000  3.982779e-11
6110.000000  3.942883e-11
6130.000000  3.902620e-11
6150.000000  3.847071e-11
6170.000000  3.825901e-11
6190.000000  3.793447e-11
6210.000000  3.757502e-11
6230.000000  3.719480e-11
6250.000000  3.671912e-11
6270.000000  3.650914e-11
6290.000000  3.616047e-11
6310.000000  3.578189e-11
6330.000000  3.546399e-11
6350.000000  3.495242e-11
6370.000000  3.468645e-11
6390.000000  3.446202e-11
6410.000000  3.410129e-11
6430.000000  3.377223e-11
6450.000000  3.330136e-11
6470.000000  3.304858e-11
6490.000000  3.258283e-11
6510.000000  3.203560e-11
6530.000000  3.084729e-11
6550.000000  2.638821e-11
6570.000000  2.119070e-11
6590.000000  2.893144e-11
6610.000000  3.036147e-11
6630.000000  3.051896e-11
6650.000000  3.038846e-11
6670.000000  3.017004e-11
6690.000000  2.994600e-11
6710.000000  2.972398e-11
6730.000000  2.945402e-11
6750.000000  2.919004e-11
6770.000000  2.895159e-11
6790.000000  2.868886e-11
6810.000000  2.843328e-11
6830.000000  2.817405e-11
6850.000000  2.792885e-11
6870.000000  2.768365e-11
6890.000000  2.743966e-11
6910.000000  2.720121e-11
6930.000000  2.695601e-11
6950.000000  2.671956e-11
6970.000000  2.648474e-11
6990.000000  2.625828e-11
7010.000000  2.600230e-11
7030.000000  2.579701e-11
7050.000000  2.557418e-11
7070.000000  2.535814e-11
7090.000000  2.514406e-11
7110.000000  2.480492e-11
7130.000000  2.469114e-11
7150.000000  2.448710e-11
7170.000000  2.428180e-11
7190.000000  2.407611e-11
7210.000000  2.387245e-11
7230.000000  2.366676e-11
7250.000000  2.345947e-11
7270.000000  2.327620e-11
7290.000000  2.307211e-11
7310.000000  2.287559e-11
7330.000000  2.268393e-11
7350.000000  2.250740e-11
7370.000000  2.231574e-11
7390.000000  2.212918e-11
7410.000000  2.193388e-11
7430.000000  2.173022e-11
7450.000000  2.156569e-11
7470.000000  2.135161e-11
7490.000000  2.119785e-11
7510.000000  2.104248e-11
7530.000000  2.087834e-11
7550.000000  2.071584e-11
7570.000000  2.054330e-11
7590.000000  2.037755e-11
7610.000000  2.021341e-11
7630.000000  2.004887e-11
7650.000000  1.987634e-11
7670.000000  1.971219e-11
7690.000000  1.955843e-11
7710.000000  1.939429e-11
7730.000000  1.925092e-11
7750.000000  1.909716e-11
7770.000000  1.865423e-11
7790.000000  1.879800e-11
7810.000000  1.864627e-11
7830.000000  1.849048e-11
7850.000000  1.832833e-11
7870.000000  1.815544e-11
7890.000000  1.799130e-11
7910.000000  1.789821e-11
7930.000000  1.776483e-11
7950.000000  1.760069e-11
7970.000000  1.749925e-11
7990.000000  1.728118e-11
8010.000000  1.722250e-11
8030.000000  1.708788e-11
8050.000000  1.696324e-11
8070.000000  1.682351e-11
8090.000000  1.669727e-11
8110.000000  1.657467e-11
8130.000000  1.644329e-11
8150.000000  1.631908e-11
8170.000000  1.619445e-11
8190.000000  1.601988e-11
8210.000000  1.594879e-11
8230.000000  1.582618e-11
8250.000000  1.571557e-11
8270.000000  1.566407e-11
8290.000000  1.555022e-11
8310.000000  1.544800e-11
8330.000000  1.527343e-11
8350.000000  1.521954e-11
8370.000000  1.510170e-11
8390.000000  1.495797e-11
8410.000000  1.481939e-11
8430.000000  1.470074e-11
8450.000000  1.447589e-11
8470.000000  1.423470e-11
8490.000000  1.445953e-11
8510.000000  1.373785e-11
8530.000000  1.439638e-11
8550.000000  1.298139e-11
8570.000000  1.447622e-11
8590.000000  1.338842e-11
8610.000000  1.304453e-11
8630.000000  1.456040e-11
8650.000000  1.387231e-11
8670.000000  1.149281e-11
8690.000000  1.417056e-11
8710.000000  1.474203e-11
8730.000000  1.403716e-11
8750.000000  1.095084e-11
8770.000000  1.326403e-11
8790.000000  1.461333e-11
8810.000000  1.475548e-11
8830.000000  1.429301e-11
8850.000000  1.249719e-11
8870.000000  1.052325e-11
8890.000000  1.345364e-11
8910.000000  1.422398e-11
8930.000000  1.435858e-11
8950.000000  1.434148e-11
8970.000000  1.402309e-11
8990.000000  1.314252e-11
9010.000000  1.030220e-11
9030.000000  1.128870e-11
9050.000000  1.317085e-11
9070.000000  1.347675e-11
9090.000000  1.345440e-11
9110.000000  1.359464e-11
9130.000000  1.357351e-11
9150.000000  1.345330e-11
9170.000000  1.323439e-11
9190.000000  1.280262e-11
9210.000000  1.165885e-11
9230.000000  9.019276e-12
9250.000000  1.117481e-11
9270.000000  1.218521e-11
9290.000000  1.265890e-11
9310.000000  1.270289e-11
9330.000000  1.265900e-11
9350.000000  1.259984e-11
9370.000000  1.252042e-11
9390.000000  1.239579e-11
9410.000000  1.218842e-11
9430.000000  1.222122e-11
9450.000000  1.212139e-11
9470.000000  1.198200e-11
9490.000000  1.177387e-11
9510.000000  1.134375e-11
9530.000000  1.018531e-11
9550.000000  8.157072e-12
9570.000000  1.028838e-11
9590.000000  1.111130e-11
9610.000000  1.127866e-11
9630.000000  1.123995e-11
9650.000000  1.129828e-11
9670.000000  1.118044e-11
9690.000000  1.117044e-11
9710.000000  1.112015e-11
9730.000000  1.105424e-11
9750.000000  1.097279e-11
9770.000000  1.090887e-11
9790.000000  1.082942e-11
9810.000000  1.075561e-11
9830.000000  1.067354e-11
9850.000000  1.059184e-11
9870.000000  1.051160e-11
9890.000000  1.039121e-11
9910.000000  1.035027e-11
9930.000000  1.026140e-11
9950.000000  1.017837e-11
9970.000000  1.007244e-11
9990.000000  9.910181e-12
10025.000000  8.846835e-12
10075.000000  8.388209e-12
10125.000000  9.477974e-12
10175.000000  9.453452e-12
10225.000000  9.330172e-12
10275.000000  9.183767e-12
10325.000000  9.029360e-12
10375.000000  8.882266e-12
10425.000000  8.737245e-12
10475.000000  8.568604e-12
10525.000000  8.442807e-12
10575.000000  8.311453e-12
10625.000000  8.179692e-12
10675.000000  7.969455e-12
10725.000000  7.884611e-12
10775.000000  7.769819e-12
10825.000000  7.617483e-12
10875.000000  7.371749e-12
10925.000000  6.140189e-12
10975.000000  6.715137e-12
11025.000000  7.113645e-12
11075.000000  7.068337e-12
11125.000000  6.977071e-12
11175.000000  6.877352e-12
11225.000000  6.773473e-12
11275.000000  6.623842e-12
11325.000000  6.524235e-12
11375.000000  6.461739e-12
11425.000000  6.359566e-12
11475.000000  6.275385e-12
11525.000000  6.182767e-12
11575.000000  6.089227e-12
11625.000000  5.979898e-12
11675.000000  5.870772e-12
11725.000000  5.823506e-12
11775.000000  5.686691e-12
11825.000000  5.631063e-12
11875.000000  5.543384e-12
11925.000000  5.490372e-12
11975.000000  5.392978e-12
12025.000000  5.328566e-12
12075.000000  5.247122e-12
12125.000000  5.174155e-12
12175.000000  5.104507e-12
12225.000000  5.030376e-12
12275.000000  4.956003e-12
12325.000000  4.887187e-12
12375.000000  4.820291e-12
12425.000000  4.755469e-12
12475.000000  4.683376e-12
12525.000000  4.620666e-12
12575.000000  4.546411e-12
12625.000000  4.482136e-12
12675.000000  4.417323e-12
12725.000000  4.328530e-12
12775.000000  4.114628e-12
12825.000000  3.514012e-12
12875.000000  4.047690e-12
12925.000000  4.104384e-12
12975.000000  4.070523e-12
13025.000000  4.025826e-12
13075.000000  3.974231e-12
13125.000000  3.920630e-12
13175.000000  3.863750e-12
13225.000000  3.817583e-12
13275.000000  3.767098e-12
13325.000000  3.716812e-12
13375.000000  3.668404e-12
13425.000000  3.619996e-12
13475.000000  3.572463e-12
13525.000000  3.523013e-12
13575.000000  3.478045e-12
13625.000000  3.434670e-12
13675.000000  3.389214e-12
13725.000000  3.337843e-12
13775.000000  3.302741e-12
13825.000000  3.260725e-12
13875.000000  3.220626e-12
13925.000000  3.177247e-12
13975.000000  3.139022e-12
14025.000000  3.099122e-12
14075.000000  3.060698e-12
14125.000000  3.021798e-12
14175.000000  2.983936e-12
14225.000000  2.946464e-12
14275.000000  2.909602e-12
14325.000000  2.874332e-12
14375.000000  2.838587e-12
14425.000000  2.785772e-12
14475.000000  2.768568e-12
14525.000000  2.727020e-12
14570.000000  2.704581e-12
14620.000000  2.671706e-12
14675.000000  2.639916e-12
14725.000000  2.608597e-12
14775.000000  2.573687e-12
14825.000000  2.546212e-12
14875.000000  2.512812e-12
14925.000000  2.489659e-12
14975.000000  2.459379e-12
15025.000000  2.427058e-12
15075.000000  2.400222e-12
15125.000000  2.373586e-12
15175.000000  2.344547e-12
15225.000000  2.318146e-12
15275.000000  2.285355e-12
15325.000000  2.256477e-12
15375.000000  2.236027e-12
15425.000000  2.191329e-12
15475.000000  2.183500e-12
15525.000000  2.156584e-12
15575.000000  2.094316e-12
15625.000000  2.131176e-12
15675.000000  2.060880e-12
15725.000000  2.004487e-12
15775.000000  2.067623e-12
15825.000000  2.039309e-12
15875.000000  1.869878e-12
15925.000000  1.962823e-12
15975.000000  1.996804e-12
16050.000000  1.926309e-12
16150.000000  1.809160e-12
16250.000000  1.899949e-12
16350.000000  1.795975e-12
16450.000000  1.680701e-12
16550.000000  1.786631e-12
16650.000000  1.751323e-12
16750.000000  1.639522e-12
16850.000000  1.532428e-12
16950.000000  1.637725e-12
17050.000000  1.609851e-12
17150.000000  1.575780e-12
17250.000000  1.525886e-12
17350.000000  1.343464e-12
17450.000000  1.441085e-12
17550.000000  1.443484e-12
17650.000000  1.417487e-12
17750.000000  1.389648e-12
17850.000000  1.360771e-12
17950.000000  1.331253e-12
18050.000000  1.292385e-12
18150.000000  1.150819e-12
18250.000000  1.207304e-12
18350.000000  1.222845e-12
18450.000000  1.201562e-12
18550.000000  1.175597e-12
18650.000000  1.140922e-12
18750.000000  1.012430e-12
18850.000000  1.091511e-12
18950.000000  1.084845e-12
19050.000000  1.068706e-12
19150.000000  1.047442e-12
19250.000000  1.024800e-12
19350.000000  9.914102e-13
19450.000000  8.820646e-13
19550.000000  9.538485e-13
19650.000000  9.493691e-13
19750.000000  9.337475e-13
19850.000000  9.167450e-13
19950.000000  8.997132e-13
20050.000000  8.830968e-13
20150.000000  8.668245e-13
20250.000000  8.508274e-13
20350.000000  8.352457e-13
20450.000000  8.201872e-13
20550.000000  8.053326e-13
20650.000000  7.905979e-13
20750.000000  7.764902e-13
20850.000000  7.626702e-13
20950.000000  7.491130e-13
21050.000000  7.357323e-13
21150.000000  7.222911e-13
21250.000000  7.095133e-13
21350.000000  6.971876e-13
21450.000000  6.836542e-13
21550.000000  6.643530e-13
21650.000000  5.957548e-13
21750.000000  6.362087e-13
21850.000000  6.372407e-13
21950.000000  6.286939e-13
22050.000000  6.180209e-13
22150.000000  6.073124e-13
22250.000000  5.975945e-13
22350.000000  5.875845e-13
22450.000000  5.777948e-13
22550.000000  5.679926e-13
22650.000000  5.588100e-13
22750.000000  5.495595e-13
22850.000000  5.407920e-13
22950.000000  5.319881e-13
23050.000000  5.235486e-13
23150.000000  5.151640e-13
23250.000000  5.069322e-13
23350.000000  4.988917e-13
23450.000000  4.910390e-13
23550.000000  4.832226e-13
23650.000000  4.756650e-13
23750.000000  4.681438e-13
23850.000000  4.608104e-13
23950.000000  4.535968e-13
24050.000000  4.464551e-13
24150.000000  4.394129e-13
24250.000000  4.327425e-13
24350.000000  4.258885e-13
24450.000000  4.190380e-13
24550.000000  4.130467e-13
24650.000000  4.060528e-13
24750.000000  3.999654e-13
24850.000000  3.949722e-13
24950.000000  3.853543e-13
