2505.000000  1.076117e-15
2513.000000  6.357320e-16
2518.000000  6.778373e-16
2525.000000  9.199876e-16
2535.000000  3.530349e-15
2545.000000  4.386339e-15
2555.000000  5.300989e-15
2565.000000  1.975596e-15
2575.000000  5.287467e-15
2585.000000  2.295640e-15
2595.000000  3.892328e-15
2605.000000  6.258282e-15
2615.000000  4.763340e-15
2625.000000  1.132008e-14
2635.000000  2.566346e-14
2645.000000  1.676032e-14
2655.000000  3.975348e-14
2665.000000  1.956103e-14
2675.000000  2.384172e-14
2685.000000  3.168184e-14
2695.000000  1.264802e-14
2705.000000  4.086244e-14
2715.000000  2.779789e-14
2725.000000  1.726040e-14
2735.000000  2.090317e-14
2745.000000  3.040948e-14
2755.000000  3.209494e-14
2765.000000  6.085000e-14
2775.000000  8.775815e-14
2785.000000  4.094310e-14
2795.000000  3.343735e-14
2805.000000  3.476626e-14
2815.000000  7.348143e-14
2825.000000  6.966842e-14
2835.000000  4.620341e-14
2845.000000  2.201626e-14
2855.000000  7.338372e-15
2865.000000  4.263986e-14
2875.000000  6.758617e-14
2885.000000  1.590438e-13
2895.000000  2.321785e-13
2910.000000  3.334608e-13
2930.000000  3.418893e-13
2950.000000  3.009112e-13
2970.000000  3.116307e-13
2990.000000  3.307765e-13
3010.000000  3.213767e-13
3030.000000  4.840972e-13
3050.000000  5.732290e-13
3070.000000  1.038315e-12
3090.000000  1.461286e-12
3110.000000  2.522593e-12
3130.000000  2.290723e-12
3150.000000  3.651626e-12
3170.000000  4.970601e-12
3190.000000  3.907614e-12
3210.000000  4.699098e-12
3230.000000  3.157340e-12
3250.000000  5.630272e-12
3270.000000  8.692591e-12
3290.000000  1.042717e-11
3310.000000  8.553191e-12
3330.000000  8.721065e-12
3350.000000  8.028254e-12
3370.000000  5.675619e-12
3390.000000  6.404970e-12
3410.000000  8.432238e-12
3430.000000  1.053252e-11
3450.000000  9.037610e-12
3470.000000  1.010993e-11
3490.000000  1.285786e-11
3510.000000  1.445611e-11
3530.000000  1.119473e-11
3550.000000  1.572209e-11
3570.000000  6.466104e-12
3590.000000  6.861706e-12
3610.000000  1.223974e-11
3630.000000  1.960434e-11
3640.000000  2.188436e-11
3650.000000  2.372003e-11
3670.000000  3.041858e-11
3690.000000  2.608385e-11
3710.000000  2.415665e-11
3730.000000  8.628040e-12
3750.000000  1.067543e-11
3770.000000  2.034457e-11
3790.000000  2.244210e-11
3810.000000  1.762603e-11
3830.000000  6.787244e-12
3850.000000  1.024932e-11
3870.000000  1.111199e-11
3890.000000  2.062990e-11
3910.000000  2.262517e-11
3930.000000  5.854472e-12
3950.000000  1.376322e-11
3970.000000  7.865280e-12
3990.000000  3.759823e-11
4010.000000  5.905134e-11
4030.000000  5.759691e-11
4050.000000  5.429537e-11
4070.000000  4.897965e-11
4090.000000  7.032378e-11
4110.000000  6.555820e-11
4130.000000  5.470318e-11
4150.000000  4.890849e-11
4170.000000  5.086842e-11
4190.000000  5.754450e-11
4210.000000  6.432846e-11
4230.000000  6.124507e-11
4250.000000  8.355100e-11
4270.000000  7.984556e-11
4290.000000  7.413666e-11
4310.000000  6.803353e-11
4330.000000  1.062480e-10
4350.000000  1.122550e-10
4370.000000  1.198124e-10
4390.000000  1.035055e-10
4410.000000  1.101204e-10
4430.000000  1.216196e-10
4450.000000  1.252950e-10
4470.000000  1.383378e-10
4490.000000  1.471323e-10
4510.000000  1.782704e-10
4530.000000  1.460184e-10
4550.000000  1.534225e-10
4570.000000  1.744099e-10
4590.000000  1.751689e-10
4610.000000  1.835881e-10
4630.000000  1.778673e-10
4650.000000  1.823608e-10
4670.000000  1.927480e-10
4690.000000  1.894314e-10
4710.000000  1.862615e-10
4730.000000  1.978003e-10
4750.000000  2.170440e-10
4770.000000  2.215535e-10
4790.000000  2.182991e-10
4810.000000  2.198780e-10
4830.000000  2.338285e-10
4850.000000  2.206327e-10
4870.000000  2.077486e-10
4890.000000  2.329240e-10
4910.000000  2.335047e-10
4930.000000  2.269703e-10
4950.000000  2.473826e-10
4970.000000  2.346767e-10
4990.000000  2.138284e-10
5010.000000  2.002407e-10
5030.000000  2.173337e-10
5050.000000  2.209676e-10
5070.000000  2.325699e-10
5090.000000  2.074096e-10
5110.000000  2.202727e-10
5130.000000  2.046999e-10
5150.000000  2.019359e-10
5170.000000  1.822344e-10
5190.000000  1.987964e-10
5210.000000  2.126087e-10
5230.000000  2.422150e-10
5250.000000  2.518814e-10
5270.000000  2.211317e-10
5290.000000  2.645363e-10
5310.000000  2.921409e-10
5330.000000  2.462972e-10
5350.000000  2.807995e-10
5370.000000  2.866947e-10
5390.000000  2.665645e-10
5410.000000  2.692402e-10
5430.000000  2.727858e-10
5450.000000  2.958998e-10
5470.000000  2.771687e-10
5490.000000  2.723321e-10
5510.000000  2.701946e-10
5530.000000  2.888715e-10
5550.000000  3.013815e-10
5570.000000  2.967123e-10
5590.000000  2.853993e-10
5610.000000  3.053832e-10
5630.000000  2.910313e-10
5650.000000  3.013437e-10
5670.000000  2.928943e-10
5690.000000  3.121105e-10
5710.000000  2.915200e-10
5730.000000  3.325718e-10
5750.000000  3.104282e-10
5770.000000  3.218283e-10
5790.000000  2.964728e-10
5810.000000  3.268802e-10
5830.000000  3.467047e-10
5850.000000  3.289228e-10
5870.000000  3.283572e-10
5890.000000  2.566634e-10
5910.000000  3.197015e-10
5930.000000  3.251865e-10
5950.000000  3.253998e-10
5970.000000  3.406044e-10
5990.000000  3.276312e-10
6010.000000  3.189727e-10
6030.000000  3.370432e-10
6050.000000  3.467525e-10
6070.000000  3.473701e-10
6090.000000  3.248835e-10
6110.000000  3.286015e-10
6130.000000  3.021544e-10
6150.000000  3.194485e-10
6170.000000  3.020203e-10
6190.000000  3.259050e-10
6210.000000  3.176804e-10
6230.000000  3.019710e-10
6250.000000  2.870097e-10
6270.000000  3.094513e-10
6290.000000  3.243013e-10
6310.000000  3.091428e-10
6330.000000  3.196842e-10
6350.000000  3.139255e-10
6370.000000  3.116328e-10
6390.000000  3.248153e-10
6410.000000  3.222960e-10
6430.000000  3.244013e-10
6450.000000  3.276336e-10
6470.000000  3.306034e-10
6490.000000  3.129208e-10
6510.000000  3.245776e-10
6530.000000  3.288413e-10
6550.000000  3.246729e-10
6570.000000  3.243688e-10
6590.000000  3.334229e-10
6610.000000  3.355212e-10
6630.000000  3.332935e-10
6650.000000  3.309840e-10
6670.000000  3.211690e-10
6690.000000  3.353590e-10
6710.000000  3.177467e-10
6730.000000  3.382413e-10
6750.000000  3.272907e-10
6770.000000  3.350568e-10
6790.000000  3.284262e-10
6810.000000  3.302715e-10
6830.000000  3.370390e-10
6850.000000  3.257303e-10
6870.000000  3.331598e-10
6890.000000  3.422816e-10
6910.000000  3.373364e-10
6930.000000  3.253665e-10
6950.000000  3.119872e-10
6970.000000  3.210839e-10
6990.000000  3.143202e-10
7010.000000  3.072589e-10
7030.000000  3.188981e-10
7050.000000  3.279811e-10
7070.000000  3.119370e-10
7090.000000  3.043133e-10
7110.000000  2.962561e-10
7130.000000  2.857275e-10
7150.000000  2.904411e-10
7170.000000  3.003471e-10
7190.000000  2.916666e-10
7210.000000  3.020949e-10
7230.000000  3.146074e-10
7250.000000  3.120471e-10
7270.000000  3.074383e-10
7290.000000  2.962911e-10
7310.000000  3.059167e-10
7330.000000  3.061745e-10
7350.000000  3.045824e-10
7370.000000  3.198196e-10
7390.000000  3.122233e-10
7410.000000  3.120310e-10
7430.000000  3.158465e-10
7450.000000  3.160723e-10
7470.000000  3.139971e-10
7490.000000  3.110535e-10
7510.000000  3.214062e-10
7530.000000  3.264284e-10
7550.000000  3.293677e-10
7570.000000  3.259187e-10
7590.000000  3.222217e-10
7610.000000  3.243477e-10
7630.000000  3.269009e-10
7650.000000  3.282483e-10
7670.000000  3.119954e-10
7690.000000  3.282642e-10
7710.000000  3.180848e-10
7730.000000  3.194272e-10
7750.000000  3.184360e-10
7770.000000  3.288037e-10
7790.000000  3.290561e-10
7810.000000  3.290454e-10
7830.000000  3.246597e-10
7850.000000  3.168737e-10
7870.000000  3.171561e-10
7890.000000  2.948265e-10
7910.000000  2.836219e-10
7930.000000  2.884807e-10
7950.000000  2.799630e-10
7970.000000  2.992931e-10
7990.000000  2.987189e-10
8010.000000  2.997769e-10
8030.000000  3.020820e-10
8050.000000  2.964759e-10
8070.000000  2.890757e-10
8090.000000  2.777097e-10
8110.000000  2.728560e-10
8130.000000  2.817463e-10
8150.000000  2.835342e-10
8170.000000  2.871521e-10
8190.000000  2.838572e-10
8210.000000  2.806415e-10
8230.000000  2.902918e-10
8250.000000  2.913809e-10
8270.000000  2.959997e-10
8290.000000  2.903928e-10
8310.000000  2.712787e-10
8330.000000  2.779626e-10
8350.000000  2.764779e-10
8370.000000  2.831951e-10
8390.000000  2.728370e-10
8410.000000  2.873792e-10
8430.000000  2.776098e-10
8450.000000  2.854990e-10
8470.000000  2.859042e-10
8490.000000  2.789988e-10
8510.000000  2.616760e-10
8530.000000  2.689736e-10
8550.000000  2.114753e-10
8570.000000  2.866715e-10
8590.000000  2.846778e-10
8610.000000  2.882022e-10
8630.000000  2.907520e-10
8650.000000  2.838183e-10
8670.000000  2.229164e-10
8690.000000  2.759110e-10
8710.000000  2.886426e-10
8730.000000  2.908066e-10
8750.000000  2.889780e-10
8770.000000  2.930513e-10
8790.000000  2.907778e-10
8810.000000  2.812763e-10
8830.000000  2.881219e-10
8850.000000  2.940456e-10
8870.000000  2.866747e-10
8890.000000  2.916856e-10
8910.000000  2.974692e-10
8930.000000  2.861000e-10
8950.000000  2.856066e-10
8970.000000  2.868559e-10
8990.000000  2.887608e-10
9010.000000  2.769886e-10
9030.000000  2.849465e-10
9050.000000  2.944570e-10
9070.000000  2.933334e-10
9090.000000  2.779052e-10
9110.000000  2.731617e-10
9130.000000  2.855052e-10
9150.000000  2.545826e-10
9170.000000  2.447489e-10
9190.000000  2.512110e-10
9210.000000  2.425375e-10
9230.000000  2.519752e-10
9250.000000  2.484028e-10
9270.000000  2.546927e-10
9290.000000  2.499239e-10
9310.000000  2.624799e-10
9330.000000  2.631219e-10
9350.000000  2.567921e-10
9370.000000  2.547366e-10
9390.000000  2.457529e-10
9410.000000  2.389207e-10
9430.000000  2.428466e-10
9450.000000  2.354007e-10
9470.000000  2.478730e-10
9490.000000  2.444880e-10
9510.000000  2.543108e-10
9530.000000  2.523848e-10
9550.000000  2.493684e-10
9570.000000  2.501718e-10
9590.000000  2.563199e-10
9610.000000  2.510351e-10
9630.000000  2.502937e-10
9650.000000  2.422787e-10
9670.000000  2.392984e-10
9690.000000  2.466164e-10
9710.000000  2.449840e-10
9730.000000  2.463567e-10
9750.000000  2.448172e-10
9770.000000  2.467024e-10
9790.000000  2.396915e-10
9810.000000  2.516381e-10
9830.000000  2.497297e-10
9850.000000  2.536212e-10
9870.000000  2.538076e-10
9890.000000  2.563669e-10
9910.000000  2.510535e-10
9930.000000  2.558311e-10
9950.000000  2.522118e-10
9970.000000  2.557522e-10
9990.000000  2.563101e-10
10025.000000  2.527033e-10
10075.000000  2.508885e-10
10125.000000  2.538146e-10
10175.000000  2.496470e-10
10225.000000  2.517894e-10
10275.000000  2.534112e-10
10325.000000  2.479874e-10
10375.000000  2.471403e-10
10425.000000  2.486542e-10
10475.000000  2.468115e-10
10525.000000  2.473155e-10
10575.000000  2.444132e-10
10625.000000  2.440422e-10
10675.000000  2.384228e-10
10725.000000  2.387538e-10
10775.000000  2.370868e-10
10825.000000  2.332107e-10
10875.000000  2.265414e-10
10925.000000  2.203775e-10
10975.000000  1.999361e-10
11025.000000  1.994260e-10
11075.000000  2.048721e-10
11125.000000  2.054068e-10
11175.000000  2.106551e-10
11225.000000  2.095477e-10
11275.000000  2.050817e-10
11325.000000  2.079725e-10
11375.000000  2.019128e-10
11425.000000  2.059889e-10
11475.000000  2.101207e-10
11525.000000  2.097756e-10
11575.000000  2.075935e-10
11625.000000  2.051642e-10
11675.000000  2.055151e-10
11725.000000  2.103019e-10
11775.000000  2.057588e-10
11825.000000  2.054808e-10
11875.000000  2.023183e-10
11925.000000  2.072318e-10
11975.000000  1.968627e-10
12025.000000  2.019973e-10
12075.000000  1.995253e-10
12125.000000  2.005736e-10
12175.000000  2.018682e-10
12225.000000  2.012389e-10
12275.000000  2.004082e-10
12325.000000  1.978330e-10
12375.000000  1.974994e-10
12425.000000  1.956831e-10
12475.000000  1.968808e-10
12525.000000  1.947301e-10
12575.000000  1.948748e-10
12625.000000  1.948908e-10
12675.000000  1.918115e-10
12725.000000  1.924317e-10
12775.000000  1.934589e-10
12825.000000  1.853326e-10
12875.000000  1.891364e-10
12925.000000  1.858244e-10
12975.000000  1.896278e-10
13025.000000  1.864267e-10
13075.000000  1.885143e-10
13125.000000  1.844302e-10
13175.000000  1.843716e-10
13225.000000  1.847956e-10
13275.000000  1.808699e-10
13325.000000  1.835981e-10
13375.000000  1.821031e-10
13425.000000  1.834309e-10
13475.000000  1.824744e-10
13525.000000  1.822508e-10
13575.000000  1.783219e-10
13625.000000  1.775441e-10
13675.000000  1.784823e-10
13725.000000  1.792634e-10
13775.000000  1.780920e-10
13825.000000  1.786327e-10
13875.000000  1.763509e-10
13925.000000  1.754697e-10
13975.000000  1.731378e-10
14025.000000  1.708682e-10
14075.000000  1.644444e-10
14125.000000  1.565380e-10
14175.000000  1.561753e-10
14225.000000  1.568207e-10
14275.000000  1.544691e-10
14325.000000  1.583712e-10
14375.000000  1.602724e-10
14425.000000  1.537618e-10
14475.000000  1.615065e-10
14525.000000  1.537029e-10
14570.000000  1.534168e-10
14620.000000  1.499172e-10
14675.000000  1.486734e-10
14725.000000  1.474557e-10
14775.000000  1.496967e-10
14825.000000  1.504908e-10
14875.000000  1.511206e-10
14925.000000  1.540972e-10
14975.000000  1.533464e-10
15025.000000  1.501142e-10
15075.000000  1.478208e-10
15125.000000  1.472261e-10
15175.000000  1.495370e-10
15225.000000  1.492549e-10
15275.000000  1.491321e-10
15325.000000  1.502044e-10
15375.000000  1.520139e-10
15425.000000  1.502349e-10
15475.000000  1.510164e-10
15525.000000  1.475420e-10
15575.000000  1.430049e-10
15625.000000  1.476783e-10
15675.000000  1.456684e-10
15725.000000  1.478812e-10
15775.000000  1.370878e-10
15825.000000  1.409265e-10
15875.000000  1.377942e-10
15925.000000  1.414362e-10
15975.000000  1.407220e-10
16050.000000  1.395850e-10
16150.000000  1.399609e-10
16250.000000  1.383110e-10
16350.000000  1.412010e-10
16450.000000  1.324058e-10
16550.000000  1.373414e-10
16650.000000  1.305422e-10
16750.000000  1.325570e-10
16850.000000  1.264215e-10
16950.000000  1.300871e-10
17050.000000  1.246314e-10
17150.000000  1.250034e-10
17250.000000  1.217108e-10
17350.000000  1.174769e-10
17450.000000  1.184882e-10
17550.000000  1.153214e-10
17650.000000  1.146536e-10
17750.000000  1.111346e-10
17850.000000  1.105518e-10
17950.000000  1.090516e-10
18050.000000  1.054353e-10
18150.000000  1.049140e-10
18250.000000  1.024677e-10
18350.000000  1.005062e-10
18450.000000  9.824550e-11
18550.000000  9.739702e-11
18650.000000  9.431245e-11
18750.000000  9.276639e-11
18850.000000  9.191001e-11
18950.000000  8.751857e-11
19050.000000  8.992281e-11
19150.000000  8.755505e-11
19250.000000  8.693622e-11
19350.000000  8.372781e-11
19450.000000  8.201670e-11
19550.000000  8.207102e-11
19650.000000  7.930538e-11
19750.000000  7.645071e-11
19850.000000  7.590331e-11
19950.000000  7.458386e-11
20050.000000  7.464105e-11
20150.000000  7.375173e-11
20250.000000  7.107184e-11
20350.000000  7.015719e-11
20450.000000  6.979773e-11
20550.000000  6.765912e-11
20650.000000  6.640194e-11
20750.000000  6.530757e-11
20850.000000  6.446956e-11
20950.000000  6.294733e-11
21050.000000  6.287940e-11
21150.000000  6.182178e-11
21250.000000  6.055820e-11
21350.000000  6.009000e-11
21450.000000  5.869726e-11
21550.000000  5.793040e-11
21650.000000  5.657532e-11
21750.000000  5.542700e-11
21850.000000  5.503657e-11
21950.000000  5.451254e-11
22050.000000  5.269981e-11
22150.000000  5.322732e-11
22250.000000  5.135391e-11
22350.000000  5.075321e-11
22450.000000  4.998920e-11
22550.000000  4.937270e-11
22650.000000  4.819136e-11
22750.000000  4.832737e-11
22850.000000  4.701277e-11
22950.000000  3.923458e-11
23050.000000  4.256157e-11
23150.000000  4.216657e-11
23250.000000  3.573384e-11
23350.000000  3.872603e-11
23450.000000  3.768623e-11
23550.000000  3.188034e-11
23650.000000  3.578609e-11
23750.000000  3.450665e-11
23850.000000  3.007398e-11
23950.000000  3.310009e-11
24050.000000  3.278307e-11
24150.000000  2.915604e-11
24250.000000  3.137714e-11
24350.000000  3.126233e-11
24450.000000  2.893675e-11
24550.000000  2.914916e-11
24650.000000  3.040670e-11
24750.000000  2.903533e-11
24850.000000  2.729603e-11
24950.000000  2.856253e-11
