2505.000000  1.128676e-11
2513.000000  6.326256e-12
2518.000000  5.165838e-12
2525.000000  4.528974e-12
2535.000000  4.600428e-12
2545.000000  5.344159e-12
2555.000000  8.973467e-12
2565.000000  7.743037e-12
2575.000000  1.012449e-11
2585.000000  9.267892e-12
2595.000000  8.415405e-12
2605.000000  7.000984e-12
2615.000000  6.260615e-12
2625.000000  9.095416e-12
2635.000000  1.367309e-11
2645.000000  1.891934e-11
2655.000000  2.238862e-11
2665.000000  1.526785e-11
2675.000000  1.779744e-11
2685.000000  1.899338e-11
2695.000000  1.527378e-11
2705.000000  1.808685e-11
2715.000000  1.395080e-11
2725.000000  1.352188e-11
2735.000000  1.533551e-11
2745.000000  7.898330e-12
2755.000000  1.057299e-11
2765.000000  1.343175e-11
2775.000000  1.581738e-11
2785.000000  9.542773e-12
2795.000000  3.048887e-12
2805.000000  4.081528e-12
2815.000000  1.466295e-11
2825.000000  2.114621e-11
2835.000000  1.998779e-11
2845.000000  1.752933e-11
2855.000000  1.059236e-11
2865.000000  2.043318e-11
2875.000000  2.203167e-11
2885.000000  2.046751e-11
2895.000000  2.105915e-11
2910.000000  2.687753e-11
2930.000000  2.427364e-11
2950.000000  2.386408e-11
2970.000000  2.635003e-11
2990.000000  2.606385e-11
3010.000000  2.761268e-11
3030.000000  2.739989e-11
3050.000000  2.815427e-11
3070.000000  2.830695e-11
3090.000000  2.900499e-11
3110.000000  2.870731e-11
3130.000000  2.834771e-11
3150.000000  2.815612e-11
3170.000000  2.906885e-11
3190.000000  2.628307e-11
3210.000000  2.864760e-11
3230.000000  2.497323e-11
3250.000000  2.926030e-11
3270.000000  3.207115e-11
3290.000000  3.141069e-11
3310.000000  3.207643e-11
3330.000000  3.166075e-11
3350.000000  3.115277e-11
3370.000000  2.846202e-11
3390.000000  3.042626e-11
3410.000000  3.050178e-11
3430.000000  3.089444e-11
3450.000000  3.169040e-11
3470.000000  3.150639e-11
3490.000000  3.224651e-11
3510.000000  3.321381e-11
3530.000000  3.187228e-11
3550.000000  3.520708e-11
3570.000000  3.077816e-11
3590.000000  3.046208e-11
3610.000000  3.143025e-11
3630.000000  3.167859e-11
3640.000000  3.150165e-11
3650.000000  3.477999e-11
3670.000000  3.427719e-11
3690.000000  3.330348e-11
3710.000000  3.478680e-11
3730.000000  3.276706e-11
3750.000000  3.699274e-11
3770.000000  4.024249e-11
3790.000000  4.451850e-11
3810.000000  4.863680e-11
3830.000000  3.780555e-11
3850.000000  4.932681e-11
3870.000000  5.161429e-11
3890.000000  4.182709e-11
3910.000000  5.146625e-11
3930.000000  3.237146e-11
3950.000000  4.771244e-11
3970.000000  3.196848e-11
3990.000000  5.449260e-11
4010.000000  5.775355e-11
4030.000000  5.770951e-11
4050.000000  5.652232e-11
4070.000000  5.568094e-11
4090.000000  5.495206e-11
4110.000000  4.834721e-11
4130.000000  5.738932e-11
4150.000000  5.927542e-11
4170.000000  5.852498e-11
4190.000000  5.768770e-11
4210.000000  5.756200e-11
4230.000000  5.542686e-11
4250.000000  5.686865e-11
4270.000000  5.503787e-11
4290.000000  5.273033e-11
4310.000000  4.780813e-11
4330.000000  5.127746e-11
4350.000000  4.664177e-11
4370.000000  5.720542e-11
4390.000000  5.510122e-11
4410.000000  5.564905e-11
4430.000000  5.578286e-11
4450.000000  5.569934e-11
4470.000000  5.670957e-11
4490.000000  5.655622e-11
4510.000000  5.968204e-11
4530.000000  5.570377e-11
4550.000000  5.620501e-11
4570.000000  5.878863e-11
4590.000000  5.602180e-11
4610.000000  5.716109e-11
4630.000000  5.604023e-11
4650.000000  5.651375e-11
4670.000000  5.726729e-11
4690.000000  5.574118e-11
4710.000000  5.356711e-11
4730.000000  5.605094e-11
4750.000000  5.627929e-11
4770.000000  5.580335e-11
4790.000000  5.544902e-11
4810.000000  5.484123e-11
4830.000000  5.453231e-11
4850.000000  4.886715e-11
4870.000000  4.176598e-11
4890.000000  5.188714e-11
4910.000000  5.232111e-11
4930.000000  5.146278e-11
4950.000000  5.277857e-11
4970.000000  5.318877e-11
4990.000000  5.033100e-11
5010.000000  4.860990e-11
5030.000000  5.073969e-11
5050.000000  5.031430e-11
5070.000000  5.160036e-11
5090.000000  5.029450e-11
5110.000000  5.065038e-11
5130.000000  4.950442e-11
5150.000000  4.830969e-11
5170.000000  4.670399e-11
5190.000000  4.628388e-11
5210.000000  4.760420e-11
5230.000000  4.786337e-11
5250.000000  4.864313e-11
5270.000000  4.466154e-11
5290.000000  4.782077e-11
5310.000000  4.817287e-11
5330.000000  4.531748e-11
5350.000000  4.728708e-11
5370.000000  4.701858e-11
5390.000000  4.656515e-11
5410.000000  4.530976e-11
5430.000000  4.607625e-11
5450.000000  4.659461e-11
5470.000000  4.588378e-11
5490.000000  4.556854e-11
5510.000000  4.549231e-11
5530.000000  4.534479e-11
5550.000000  4.556846e-11
5570.000000  4.458002e-11
5590.000000  4.398870e-11
5610.000000  4.439530e-11
5630.000000  4.452522e-11
5650.000000  4.412370e-11
5670.000000  4.327263e-11
5690.000000  4.356114e-11
5710.000000  4.301978e-11
5730.000000  4.422675e-11
5750.000000  4.321734e-11
5770.000000  4.329773e-11
5790.000000  4.262184e-11
5810.000000  4.280402e-11
5830.000000  4.286979e-11
5850.000000  4.216729e-11
5870.000000  4.205655e-11
5890.000000  4.062715e-11
5910.000000  4.152723e-11
5930.000000  4.126806e-11
5950.000000  4.116950e-11
5970.000000  4.097140e-11
5990.000000  4.055880e-11
6010.000000  4.002188e-11
6030.000000  3.986842e-11
6050.000000  4.009590e-11
6070.000000  3.994975e-11
6090.000000  3.931941e-11
6110.000000  3.886987e-11
6130.000000  3.792533e-11
6150.000000  3.781268e-11
6170.000000  3.722877e-11
6190.000000  3.819628e-11
6210.000000  3.810015e-11
6230.000000  3.739606e-11
6250.000000  3.632624e-11
6270.000000  3.736846e-11
6290.000000  3.725832e-11
6310.000000  3.639357e-11
6330.000000  3.638990e-11
6350.000000  3.619455e-11
6370.000000  3.597396e-11
6390.000000  3.600621e-11
6410.000000  3.530474e-11
6430.000000  3.542465e-11
6450.000000  3.493988e-11
6470.000000  3.486328e-11
6490.000000  3.429831e-11
6510.000000  3.455158e-11
6530.000000  3.419609e-11
6550.000000  3.203592e-11
6570.000000  2.725537e-11
6590.000000  3.303259e-11
6610.000000  3.368410e-11
6630.000000  3.358962e-11
6650.000000  3.343615e-11
6670.000000  3.308341e-11
6690.000000  3.320906e-11
6710.000000  3.280991e-11
6730.000000  3.278520e-11
6750.000000  3.235800e-11
6770.000000  3.236285e-11
6790.000000  3.214102e-11
6810.000000  3.190208e-11
6830.000000  3.179466e-11
6850.000000  3.138386e-11
6870.000000  3.142032e-11
6890.000000  3.126961e-11
6910.000000  3.105339e-11
6930.000000  3.086198e-11
6950.000000  3.070420e-11
6970.000000  3.054053e-11
6990.000000  3.039584e-11
7010.000000  2.973194e-11
7030.000000  2.989438e-11
7050.000000  2.983428e-11
7070.000000  2.961166e-11
7090.000000  2.943203e-11
7110.000000  2.904537e-11
7130.000000  2.892763e-11
7150.000000  2.875597e-11
7170.000000  2.855011e-11
7190.000000  2.812371e-11
7210.000000  2.823576e-11
7230.000000  2.808023e-11
7250.000000  2.802403e-11
7270.000000  2.793281e-11
7290.000000  2.740807e-11
7310.000000  2.749904e-11
7330.000000  2.735060e-11
7350.000000  2.731849e-11
7370.000000  2.719536e-11
7390.000000  2.671549e-11
7410.000000  2.635834e-11
7430.000000  2.639627e-11
7450.000000  2.633437e-11
7470.000000  2.628583e-11
7490.000000  2.607625e-11
7510.000000  2.601707e-11
7530.000000  2.591403e-11
7550.000000  2.587715e-11
7570.000000  2.561662e-11
7590.000000  2.550318e-11
7610.000000  2.531418e-11
7630.000000  2.526885e-11
7650.000000  2.507334e-11
7670.000000  2.462538e-11
7690.000000  2.473471e-11
7710.000000  2.452616e-11
7730.000000  2.448037e-11
7750.000000  2.420575e-11
7770.000000  2.401077e-11
7790.000000  2.419944e-11
7810.000000  2.400962e-11
7830.000000  2.374301e-11
7850.000000  2.360637e-11
7870.000000  2.361616e-11
7890.000000  2.346953e-11
7910.000000  2.325560e-11
7930.000000  2.287888e-11
7950.000000  2.287244e-11
7970.000000  2.300544e-11
7990.000000  2.286143e-11
8010.000000  2.264472e-11
8030.000000  2.250337e-11
8050.000000  2.235645e-11
8070.000000  2.234573e-11
8090.000000  2.207957e-11
8110.000000  2.212606e-11
8130.000000  2.206699e-11
8150.000000  2.190756e-11
8170.000000  2.178282e-11
8190.000000  2.126191e-11
8210.000000  2.124791e-11
8230.000000  2.113917e-11
8250.000000  2.110057e-11
8270.000000  2.121243e-11
8290.000000  2.106431e-11
8310.000000  2.078034e-11
8330.000000  2.054580e-11
8350.000000  2.062534e-11
8370.000000  2.060733e-11
8390.000000  2.033822e-11
8410.000000  2.038345e-11
8430.000000  2.012182e-11
8450.000000  1.991243e-11
8470.000000  1.983985e-11
8490.000000  1.968892e-11
8510.000000  1.881152e-11
8530.000000  1.943447e-11
8550.000000  1.697933e-11
8570.000000  1.960216e-11
8590.000000  1.908127e-11
8610.000000  1.886819e-11
8630.000000  1.931327e-11
8650.000000  1.897334e-11
8670.000000  1.642912e-11
8690.000000  1.859951e-11
8710.000000  1.893500e-11
8730.000000  1.869917e-11
8750.000000  1.729292e-11
8770.000000  1.845033e-11
8790.000000  1.859546e-11
8810.000000  1.838909e-11
8830.000000  1.828567e-11
8850.000000  1.778374e-11
8870.000000  1.654724e-11
8890.000000  1.800916e-11
8910.000000  1.810075e-11
8930.000000  1.788800e-11
8950.000000  1.793764e-11
8970.000000  1.782158e-11
8990.000000  1.762422e-11
9010.000000  1.588766e-11
9030.000000  1.680780e-11
9050.000000  1.748108e-11
9070.000000  1.714954e-11
9090.000000  1.678998e-11
9110.000000  1.704780e-11
9130.000000  1.722205e-11
9150.000000  1.714542e-11
9170.000000  1.701114e-11
9190.000000  1.690098e-11
9210.000000  1.632192e-11
9230.000000  1.465092e-11
9250.000000  1.595125e-11
9270.000000  1.630875e-11
9290.000000  1.649720e-11
9310.000000  1.647521e-11
9330.000000  1.636543e-11
9350.000000  1.629795e-11
9370.000000  1.622673e-11
9390.000000  1.612270e-11
9410.000000  1.549263e-11
9430.000000  1.583798e-11
9450.000000  1.572536e-11
9470.000000  1.580390e-11
9490.000000  1.573027e-11
9510.000000  1.552620e-11
9530.000000  1.510566e-11
9550.000000  1.354461e-11
9570.000000  1.500885e-11
9590.000000  1.525297e-11
9610.000000  1.510397e-11
9630.000000  1.496020e-11
9650.000000  1.499006e-11
9670.000000  1.482166e-11
9690.000000  1.483735e-11
9710.000000  1.488799e-11
9730.000000  1.481836e-11
9750.000000  1.461465e-11
9770.000000  1.464027e-11
9790.000000  1.455439e-11
9810.000000  1.452709e-11
9830.000000  1.443250e-11
9850.000000  1.433697e-11
9870.000000  1.423056e-11
9890.000000  1.411883e-11
9910.000000  1.404014e-11
9930.000000  1.408199e-11
9950.000000  1.401104e-11
9970.000000  1.394290e-11
9990.000000  1.384563e-11
10025.000000  1.334429e-11
10075.000000  1.288394e-11
10125.000000  1.334099e-11
10175.000000  1.317724e-11
10225.000000  1.309060e-11
10275.000000  1.297937e-11
10325.000000  1.273833e-11
10375.000000  1.261389e-11
10425.000000  1.249424e-11
10475.000000  1.220992e-11
10525.000000  1.216073e-11
10575.000000  1.200075e-11
10625.000000  1.184961e-11
10675.000000  1.150561e-11
10725.000000  1.150668e-11
10775.000000  1.137819e-11
10825.000000  1.116671e-11
10875.000000  1.103989e-11
10925.000000  1.023890e-11
10975.000000  1.059452e-11
11025.000000  1.077924e-11
11075.000000  1.072581e-11
11125.000000  1.056766e-11
11175.000000  1.043600e-11
11225.000000  1.036261e-11
11275.000000  1.009446e-11
11325.000000  1.000935e-11
11375.000000  9.953909e-12
11425.000000  9.769262e-12
11475.000000  9.802820e-12
11525.000000  9.696933e-12
11575.000000  9.555476e-12
11625.000000  9.346218e-12
11675.000000  9.227629e-12
11725.000000  9.282914e-12
11775.000000  9.008018e-12
11825.000000  8.965996e-12
11875.000000  8.823604e-12
11925.000000  8.904354e-12
11975.000000  8.631361e-12
12025.000000  8.636548e-12
12075.000000  8.516513e-12
12125.000000  8.451832e-12
12175.000000  8.423684e-12
12225.000000  8.326625e-12
12275.000000  8.210218e-12
12325.000000  8.139088e-12
12375.000000  8.057854e-12
12425.000000  7.976872e-12
12475.000000  7.902589e-12
12525.000000  7.795544e-12
12575.000000  7.691857e-12
12625.000000  7.627802e-12
12675.000000  7.552719e-12
12725.000000  7.480425e-12
12775.000000  7.301237e-12
12825.000000  6.557022e-12
12875.000000  7.164203e-12
12925.000000  7.155915e-12
12975.000000  7.121098e-12
13025.000000  7.034526e-12
13075.000000  6.991184e-12
13125.000000  6.879182e-12
13175.000000  6.795142e-12
13225.000000  6.780238e-12
13275.000000  6.679086e-12
13325.000000  6.634117e-12
13375.000000  6.561814e-12
13425.000000  6.513932e-12
13475.000000  6.447724e-12
13525.000000  6.373175e-12
13575.000000  6.279574e-12
13625.000000  6.248069e-12
13675.000000  6.175932e-12
13725.000000  6.076228e-12
13775.000000  6.045385e-12
13825.000000  5.994539e-12
13875.000000  5.964711e-12
13925.000000  5.881445e-12
13975.000000  5.830277e-12
14025.000000  5.760303e-12
14075.000000  5.728202e-12
14125.000000  5.642540e-12
14175.000000  5.621446e-12
14225.000000  5.522366e-12
14275.000000  5.444886e-12
14325.000000  5.448583e-12
14375.000000  5.418200e-12
14425.000000  5.219296e-12
14475.000000  5.300018e-12
14525.000000  5.175287e-12
14570.000000  5.186329e-12
14620.000000  5.127402e-12
14675.000000  5.092718e-12
14725.000000  5.004096e-12
14775.000000  4.953674e-12
14825.000000  4.927013e-12
14875.000000  4.826582e-12
14925.000000  4.877367e-12
14975.000000  4.800324e-12
15025.000000  4.710331e-12
15075.000000  4.663279e-12
15125.000000  4.678771e-12
15175.000000  4.647020e-12
15225.000000  4.570338e-12
15275.000000  4.550852e-12
15325.000000  4.498130e-12
15375.000000  4.458892e-12
15425.000000  4.391359e-12
15475.000000  4.368600e-12
15525.000000  4.323359e-12
15575.000000  4.254353e-12
15625.000000  4.274458e-12
15675.000000  4.172360e-12
15725.000000  4.123026e-12
15775.000000  4.070853e-12
15825.000000  4.075280e-12
15875.000000  3.875866e-12
15925.000000  3.979657e-12
15975.000000  3.983820e-12
16050.000000  3.894205e-12
16150.000000  3.743107e-12
16250.000000  3.805009e-12
16350.000000  3.654326e-12
16450.000000  3.483684e-12
16550.000000  3.585176e-12
16650.000000  3.519025e-12
16750.000000  3.351846e-12
16850.000000  3.172027e-12
16950.000000  3.309643e-12
17050.000000  3.224749e-12
17150.000000  3.168759e-12
17250.000000  3.065586e-12
17350.000000  2.789033e-12
17450.000000  2.913647e-12
17550.000000  2.905183e-12
17650.000000  2.847450e-12
17750.000000  2.797159e-12
17850.000000  2.744165e-12
17950.000000  2.697528e-12
18050.000000  2.619919e-12
18150.000000  2.394903e-12
18250.000000  2.472163e-12
18350.000000  2.476297e-12
18450.000000  2.423675e-12
18550.000000  2.379087e-12
18650.000000  2.313961e-12
18750.000000  2.092563e-12
18850.000000  2.220327e-12
18950.000000  2.168506e-12
19050.000000  2.169554e-12
19150.000000  2.124025e-12
19250.000000  2.082267e-12
19350.000000  2.020563e-12
19450.000000  1.840057e-12
19550.000000  1.951814e-12
19650.000000  1.929752e-12
19750.000000  1.890565e-12
19850.000000  1.864148e-12
19950.000000  1.829961e-12
20050.000000  1.801294e-12
20150.000000  1.772929e-12
20250.000000  1.733111e-12
20350.000000  1.694781e-12
20450.000000  1.678866e-12
20550.000000  1.646232e-12
20650.000000  1.610805e-12
20750.000000  1.586020e-12
20850.000000  1.558690e-12
20950.000000  1.526475e-12
21050.000000  1.505409e-12
21150.000000  1.475719e-12
21250.000000  1.449775e-12
21350.000000  1.426699e-12
21450.000000  1.404450e-12
21550.000000  1.371654e-12
21650.000000  1.251989e-12
21750.000000  1.314038e-12
21850.000000  1.305717e-12
21950.000000  1.292107e-12
22050.000000  1.262756e-12
22150.000000  1.245554e-12
22250.000000  1.227509e-12
22350.000000  1.207100e-12
22450.000000  1.187323e-12
22550.000000  1.161783e-12
22650.000000  1.145788e-12
22750.000000  1.129518e-12
22850.000000  1.108262e-12
22950.000000  1.091381e-12
23050.000000  1.077224e-12
23150.000000  1.058187e-12
23250.000000  1.042746e-12
23350.000000  1.024511e-12
23450.000000  1.010625e-12
23550.000000  9.937609e-13
23650.000000  9.795572e-13
23750.000000  9.599754e-13
23850.000000  9.456701e-13
23950.000000  9.335617e-13
24050.000000  9.182173e-13
24150.000000  9.022786e-13
24250.000000  8.902386e-13
24350.000000  8.749504e-13
24450.000000  8.633205e-13
24550.000000  8.461704e-13
24650.000000  8.373866e-13
24750.000000  8.229140e-13
24850.000000  8.081026e-13
24950.000000  7.974245e-13
