2505.000000  6.753563e-09
2513.000000  6.661449e-09
2518.000000  6.656195e-09
2525.000000  6.596415e-09
2535.000000  6.513844e-09
2545.000000  6.442371e-09
2555.000000  6.387841e-09
2565.000000  6.311117e-09
2575.000000  6.247041e-09
2585.000000  6.177715e-09
2595.000000  6.108389e-09
2605.000000  6.080943e-09
2615.000000  6.020567e-09
2625.000000  5.958639e-09
2635.000000  5.883466e-09
2645.000000  5.830489e-09
2655.000000  5.757463e-09
2665.000000  5.680738e-09
2675.000000  5.615112e-09
2685.000000  5.594469e-09
2695.000000  5.487556e-09
2705.000000  5.476458e-09
2715.000000  5.414531e-09
2725.000000  5.311318e-09
2735.000000  5.303919e-09
2745.000000  5.224091e-09
2755.000000  5.173260e-09
2765.000000  5.086395e-09
2775.000000  5.086395e-09
2785.000000  5.030313e-09
2795.000000  4.920297e-09
2805.000000  4.903353e-09
2815.000000  4.878416e-09
2825.000000  4.771503e-09
2835.000000  4.737617e-09
2845.000000  4.728666e-09
2855.000000  4.681534e-09
2865.000000  4.636550e-09
2875.000000  4.587866e-09
2885.000000  4.542882e-09
2895.000000  4.497897e-09
2910.000000  4.428571e-09
2930.000000  4.340748e-09
2950.000000  4.222144e-09
2970.000000  4.171908e-09
2990.000000  4.091484e-09
3010.000000  4.012302e-09
3030.000000  3.935888e-09
3050.000000  3.859939e-09
3070.000000  3.786758e-09
3090.000000  3.714354e-09
3110.000000  3.644717e-09
3130.000000  3.581547e-09
3150.000000  3.513152e-09
3170.000000  3.448229e-09
3190.000000  3.355241e-09
3210.000000  3.321651e-09
3230.000000  3.260426e-09
3250.000000  3.200681e-09
3270.000000  3.146389e-09
3290.000000  3.085845e-09
3310.000000  3.035157e-09
3330.000000  2.981235e-09
3350.000000  2.923709e-09
3370.000000  2.877149e-09
3390.000000  2.826771e-09
3410.000000  2.777718e-09
3430.000000  2.719918e-09
3450.000000  2.664612e-09
3470.000000  2.625939e-09
3490.000000  2.581170e-09
3510.000000  2.541972e-09
3530.000000  2.504038e-09
3550.000000  2.462132e-09
3570.000000  2.433625e-09
3590.000000  2.378475e-09
3610.000000  2.345780e-09
3630.000000  2.301010e-09
3640.000000  2.296845e-09
3650.000000  2.264964e-09
3670.000000  2.237877e-09
3690.000000  2.195505e-09
3710.000000  2.120164e-09
3730.000000  2.026852e-09
3750.000000  2.121350e-09
3770.000000  2.130433e-09
3790.000000  2.298400e-09
3810.000000  2.435722e-09
3830.000000  2.075716e-09
3850.000000  2.555229e-09
3870.000000  2.631386e-09
3890.000000  1.946390e-09
3910.000000  2.600386e-09
3930.000000  2.599947e-09
3950.000000  2.524793e-09
3970.000000  1.817615e-09
3990.000000  2.411255e-09
4010.000000  2.437569e-09
4030.000000  2.265884e-09
4050.000000  2.394612e-09
4070.000000  2.337348e-09
4090.000000  2.062000e-09
4110.000000  1.751787e-09
4130.000000  2.181652e-09
4150.000000  2.178980e-09
4170.000000  2.167763e-09
4190.000000  2.141846e-09
4210.000000  2.107361e-09
4230.000000  2.072876e-09
4250.000000  2.038976e-09
4270.000000  2.001007e-09
4290.000000  1.965996e-09
4310.000000  1.914924e-09
4330.000000  1.655697e-09
4350.000000  1.491302e-09
4370.000000  1.816028e-09
4390.000000  1.747405e-09
4410.000000  1.789717e-09
4430.000000  1.755387e-09
4450.000000  1.736773e-09
4470.000000  1.609310e-09
4490.000000  1.680344e-09
4510.000000  1.659080e-09
4530.000000  1.633747e-09
4550.000000  1.608784e-09
4570.000000  1.584347e-09
4590.000000  1.560493e-09
4610.000000  1.536855e-09
4630.000000  1.513742e-09
4650.000000  1.490843e-09
4670.000000  1.469054e-09
4690.000000  1.447265e-09
4710.000000  1.404738e-09
4730.000000  1.404213e-09
4750.000000  1.383009e-09
4770.000000  1.364179e-09
4790.000000  1.342450e-09
4810.000000  1.318597e-09
4830.000000  1.286080e-09
4850.000000  1.140620e-09
4870.000000  1.001927e-09
4890.000000  1.222098e-09
4910.000000  1.222874e-09
4930.000000  1.174524e-09
4950.000000  1.197482e-09
4970.000000  1.180872e-09
4990.000000  1.164321e-09
5010.000000  1.131161e-09
5030.000000  1.131900e-09
5050.000000  1.108047e-09
5070.000000  1.100804e-09
5090.000000  1.085733e-09
5110.000000  1.070818e-09
5130.000000  1.056117e-09
5150.000000  1.041786e-09
5170.000000  1.027610e-09
5190.000000  1.013649e-09
5210.000000  9.998430e-10
5230.000000  9.866217e-10
5250.000000  9.734004e-10
5270.000000  9.603938e-10
5290.000000  9.475425e-10
5310.000000  9.350610e-10
5330.000000  9.225796e-10
5350.000000  9.104681e-10
5370.000000  8.985713e-10
5390.000000  8.868297e-10
5410.000000  8.753027e-10
5430.000000  8.639311e-10
5450.000000  8.525594e-10
5470.000000  8.417723e-10
5490.000000  8.307706e-10
5510.000000  8.201387e-10
5530.000000  8.097215e-10
5550.000000  7.993044e-10
5570.000000  7.892571e-10
5590.000000  7.793651e-10
5610.000000  7.693179e-10
5630.000000  7.596406e-10
5650.000000  7.503331e-10
5670.000000  7.408111e-10
5690.000000  7.317183e-10
5710.000000  7.225662e-10
5730.000000  7.136287e-10
5750.000000  7.049059e-10
5770.000000  6.963383e-10
5790.000000  6.877707e-10
5810.000000  6.792032e-10
5830.000000  6.710055e-10
5850.000000  6.628079e-10
5870.000000  6.318669e-10
5890.000000  6.453028e-10
5910.000000  6.391694e-10
5930.000000  6.315564e-10
5950.000000  6.240985e-10
5970.000000  6.166408e-10
5990.000000  6.091830e-10
6010.000000  6.019398e-10
6030.000000  5.948519e-10
6050.000000  5.879787e-10
6070.000000  5.808908e-10
6090.000000  5.741728e-10
6110.000000  5.675143e-10
6130.000000  5.607963e-10
6150.000000  5.542930e-10
6170.000000  5.479450e-10
6190.000000  5.418116e-10
6210.000000  5.354635e-10
6230.000000  5.293301e-10
6250.000000  5.231968e-10
6270.000000  5.174333e-10
6290.000000  5.114551e-10
6310.000000  5.056917e-10
6330.000000  4.999282e-10
6350.000000  4.941648e-10
6370.000000  4.887712e-10
6390.000000  4.833777e-10
6410.000000  4.777695e-10
6430.000000  4.727458e-10
6450.000000  4.673523e-10
6470.000000  4.621140e-10
6490.000000  4.569351e-10
6510.000000  4.504319e-10
6530.000000  4.426041e-10
6550.000000  4.137504e-10
6570.000000  3.621716e-10
6590.000000  4.236788e-10
6610.000000  4.256837e-10
6630.000000  4.225096e-10
6650.000000  4.189657e-10
6670.000000  4.098135e-10
6690.000000  4.055297e-10
6710.000000  4.057444e-10
6730.000000  4.014606e-10
6750.000000  3.971768e-10
6770.000000  3.928930e-10
6790.000000  3.886093e-10
6810.000000  3.846333e-10
6830.000000  3.806573e-10
6850.000000  3.766969e-10
6870.000000  3.727520e-10
6890.000000  3.688381e-10
6910.000000  3.649242e-10
6930.000000  3.610570e-10
6950.000000  3.574043e-10
6970.000000  3.537184e-10
6990.000000  3.500694e-10
7010.000000  3.464789e-10
7030.000000  3.429408e-10
7050.000000  3.394243e-10
7070.000000  3.304320e-10
7090.000000  3.325392e-10
7110.000000  3.291706e-10
7130.000000  3.258760e-10
7150.000000  3.225659e-10
7170.000000  3.192714e-10
7190.000000  3.161247e-10
7210.000000  3.129411e-10
7230.000000  3.096251e-10
7250.000000  3.067433e-10
7270.000000  3.036922e-10
7290.000000  2.982593e-10
7310.000000  2.976638e-10
7330.000000  2.947821e-10
7350.000000  2.918789e-10
7370.000000  2.890282e-10
7390.000000  2.861990e-10
7410.000000  2.834068e-10
7430.000000  2.806360e-10
7450.000000  2.779607e-10
7470.000000  2.752795e-10
7490.000000  2.725982e-10
7510.000000  2.698800e-10
7530.000000  2.673896e-10
7550.000000  2.648194e-10
7570.000000  2.622920e-10
7590.000000  2.597957e-10
7610.000000  2.573209e-10
7630.000000  2.548831e-10
7650.000000  2.524453e-10
7670.000000  2.500814e-10
7690.000000  2.477021e-10
7710.000000  2.453907e-10
7730.000000  2.430853e-10
7750.000000  2.407955e-10
7770.000000  2.385056e-10
7790.000000  2.363482e-10
7810.000000  2.340214e-10
7830.000000  2.319749e-10
7850.000000  2.300454e-10
7870.000000  2.279035e-10
7890.000000  2.257091e-10
7910.000000  2.237581e-10
7930.000000  2.217117e-10
7950.000000  2.196593e-10
7970.000000  2.174530e-10
7990.000000  2.155330e-10
8010.000000  2.134962e-10
8030.000000  2.114867e-10
8050.000000  2.095942e-10
8070.000000  2.077601e-10
8090.000000  2.055753e-10
8110.000000  2.039691e-10
8130.000000  2.022771e-10
8150.000000  2.002462e-10
8170.000000  1.987235e-10
8190.000000  1.966926e-10
8210.000000  1.945877e-10
8230.000000  1.933455e-10
8250.000000  1.917275e-10
8270.000000  1.892408e-10
8290.000000  1.883004e-10
8310.000000  1.867194e-10
8330.000000  1.850273e-10
8350.000000  1.826361e-10
8370.000000  1.815788e-10
8390.000000  1.802626e-10
8410.000000  1.786661e-10
8430.000000  1.769525e-10
8450.000000  1.743919e-10
8470.000000  1.736639e-10
8490.000000  1.719444e-10
8510.000000  1.701748e-10
8530.000000  1.690198e-10
8550.000000  1.655174e-10
8570.000000  1.677776e-10
8590.000000  1.611943e-10
8610.000000  1.606262e-10
8630.000000  1.651059e-10
8650.000000  1.597923e-10
8670.000000  1.500908e-10
8690.000000  1.607755e-10
8710.000000  1.623758e-10
8730.000000  1.565169e-10
8750.000000  1.406258e-10
8770.000000  1.509096e-10
8790.000000  1.581600e-10
8810.000000  1.581326e-10
8830.000000  1.552783e-10
8850.000000  1.430198e-10
8870.000000  1.320213e-10
8890.000000  1.485124e-10
8910.000000  1.518083e-10
8930.000000  1.513740e-10
8950.000000  1.505972e-10
8970.000000  1.485197e-10
8990.000000  1.425617e-10
9010.000000  1.248594e-10
9030.000000  1.308603e-10
9050.000000  1.415414e-10
9070.000000  1.415332e-10
9090.000000  1.419986e-10
9110.000000  1.415761e-10
9130.000000  1.405344e-10
9150.000000  1.392707e-10
9170.000000  1.373353e-10
9190.000000  1.351528e-10
9210.000000  1.270803e-10
9230.000000  1.109686e-10
9250.000000  1.244073e-10
9270.000000  1.304895e-10
9290.000000  1.310909e-10
9310.000000  1.299108e-10
9330.000000  1.297318e-10
9350.000000  1.288011e-10
9370.000000  1.279443e-10
9390.000000  1.269181e-10
9410.000000  1.258823e-10
9430.000000  1.249146e-10
9450.000000  1.236354e-10
9470.000000  1.216200e-10
9490.000000  1.210341e-10
9510.000000  1.176715e-10
9530.000000  1.103507e-10
9550.000000  9.777476e-11
9570.000000  1.112134e-10
9590.000000  1.152610e-10
9610.000000  1.152492e-10
9630.000000  1.144449e-10
9650.000000  1.144294e-10
9670.000000  1.136836e-10
9690.000000  1.126789e-10
9710.000000  1.115787e-10
9730.000000  1.110823e-10
9750.000000  1.102255e-10
9770.000000  1.093688e-10
9790.000000  1.085335e-10
9810.000000  1.076982e-10
9830.000000  1.068784e-10
9850.000000  1.060801e-10
9870.000000  1.052818e-10
9890.000000  1.044621e-10
9910.000000  1.036638e-10
9930.000000  1.029025e-10
9950.000000  1.019777e-10
9970.000000  1.009885e-10
9990.000000  9.989423e-11
10025.000000  9.310687e-11
10075.000000  8.983969e-11
10125.000000  9.492906e-11
10175.000000  9.385035e-11
10225.000000  9.212131e-11
10275.000000  9.050325e-11
10325.000000  8.849380e-11
10375.000000  8.725160e-11
10425.000000  8.568605e-11
10475.000000  8.416344e-11
10525.000000  8.265635e-11
10575.000000  8.120772e-11
10625.000000  7.975909e-11
10675.000000  7.821501e-11
10725.000000  7.698834e-11
10775.000000  7.565069e-11
10825.000000  7.341928e-11
10875.000000  7.245749e-11
10925.000000  6.459143e-11
10975.000000  6.782162e-11
11025.000000  6.869754e-11
11075.000000  6.808420e-11
11125.000000  6.706395e-11
11175.000000  6.594825e-11
11225.000000  6.479556e-11
11275.000000  6.375384e-11
11325.000000  6.269660e-11
11375.000000  6.165488e-11
11425.000000  6.065015e-11
11475.000000  5.964543e-11
11525.000000  5.866217e-11
11575.000000  5.773143e-11
11625.000000  5.678516e-11
11675.000000  5.587589e-11
11725.000000  5.498214e-11
11775.000000  5.410986e-11
11825.000000  5.325310e-11
11875.000000  5.239635e-11
11925.000000  5.156105e-11
11975.000000  5.020194e-11
12025.000000  4.996446e-11
12075.000000  4.918168e-11
12125.000000  4.842038e-11
12175.000000  4.765907e-11
12225.000000  4.693476e-11
12275.000000  4.621044e-11
12325.000000  4.550166e-11
12375.000000  4.481433e-11
12425.000000  4.412701e-11
12475.000000  4.346116e-11
12525.000000  4.271538e-11
12575.000000  4.217602e-11
12625.000000  4.152569e-11
12675.000000  4.091235e-11
12725.000000  4.017251e-11
12775.000000  3.870242e-11
12825.000000  3.526649e-11
12875.000000  3.800423e-11
12925.000000  3.787644e-11
12975.000000  3.713842e-11
13025.000000  3.689939e-11
13075.000000  3.636004e-11
13125.000000  3.583548e-11
13175.000000  3.532106e-11
13225.000000  3.481715e-11
13275.000000  3.431908e-11
13325.000000  3.383211e-11
13375.000000  3.335468e-11
13425.000000  3.285816e-11
13475.000000  3.242202e-11
13525.000000  3.196834e-11
13575.000000  3.152051e-11
13625.000000  3.108378e-11
13675.000000  3.065289e-11
13725.000000  3.022880e-11
13775.000000  2.981271e-11
13825.000000  2.940402e-11
13875.000000  2.900272e-11
13925.000000  2.860882e-11
13975.000000  2.822018e-11
14025.000000  2.783738e-11
14075.000000  2.746198e-11
14125.000000  2.709397e-11
14175.000000  2.673181e-11
14225.000000  2.637491e-11
14275.000000  2.602385e-11
14325.000000  2.567804e-11
14375.000000  2.534178e-11
14425.000000  2.500552e-11
14475.000000  2.467820e-11
14525.000000  2.435519e-11
14570.000000  2.407071e-11
14620.000000  2.375665e-11
14675.000000  2.342038e-11
14725.000000  2.312111e-11
14775.000000  2.282769e-11
14825.000000  2.253796e-11
14875.000000  2.225134e-11
14925.000000  2.197116e-11
14975.000000  2.169408e-11
15025.000000  2.142071e-11
15075.000000  2.111189e-11
15125.000000  2.088565e-11
15175.000000  2.062551e-11
15225.000000  2.036753e-11
15275.000000  2.010740e-11
15325.000000  1.985252e-11
15375.000000  1.961673e-11
15425.000000  1.934764e-11
15475.000000  1.912820e-11
15525.000000  1.888131e-11
15575.000000  1.859529e-11
15625.000000  1.847203e-11
15675.000000  1.814376e-11
15725.000000  1.786727e-11
15775.000000  1.783435e-11
15825.000000  1.759330e-11
15875.000000  1.703568e-11
15925.000000  1.708843e-11
15975.000000  1.704440e-11
16050.000000  1.662365e-11
16150.000000  1.601306e-11
16250.000000  1.602977e-11
16350.000000  1.543826e-11
16450.000000  1.481501e-11
16550.000000  1.497444e-11
16650.000000  1.465298e-11
16750.000000  1.403558e-11
16850.000000  1.343608e-11
16950.000000  1.366054e-11
17050.000000  1.331259e-11
17150.000000  1.309588e-11
17250.000000  1.275067e-11
17350.000000  1.183304e-11
17450.000000  1.211573e-11
17550.000000  1.197767e-11
17650.000000  1.172124e-11
17750.000000  1.146851e-11
17850.000000  1.122162e-11
17950.000000  1.098368e-11
18050.000000  1.071675e-11
18150.000000  9.970830e-12
18250.000000  1.013574e-11
18350.000000  1.007751e-11
18450.000000  9.876568e-12
18550.000000  9.670371e-12
18650.000000  9.378499e-12
18750.000000  8.770642e-12
18850.000000  9.052375e-12
18950.000000  8.906918e-12
19050.000000  8.694876e-12
19150.000000  8.552159e-12
19250.000000  8.381402e-12
19350.000000  8.158857e-12
19450.000000  7.570454e-12
19550.000000  7.831545e-12
19650.000000  7.740617e-12
19750.000000  7.592055e-12
19850.000000  7.443493e-12
19950.000000  7.300183e-12
20050.000000  7.161166e-12
20150.000000  7.023701e-12
20250.000000  6.889936e-12
20350.000000  6.759870e-12
20450.000000  6.629804e-12
20550.000000  6.496039e-12
20650.000000  6.386615e-12
20750.000000  6.267647e-12
20850.000000  6.152378e-12
20950.000000  6.039255e-12
21050.000000  5.927685e-12
21150.000000  5.802870e-12
21250.000000  5.716236e-12
21350.000000  5.612065e-12
21450.000000  5.510040e-12
21550.000000  5.379974e-12
21650.000000  5.003020e-12
21750.000000  5.170078e-12
21850.000000  5.123541e-12
21950.000000  5.040012e-12
22050.000000  4.952783e-12
22150.000000  4.867108e-12
22250.000000  4.779880e-12
22350.000000  4.700050e-12
22450.000000  4.618073e-12
22550.000000  4.538244e-12
22650.000000  4.462113e-12
22750.000000  4.385982e-12
22850.000000  4.311998e-12
22950.000000  4.239567e-12
23050.000000  4.167136e-12
23150.000000  4.098403e-12
23250.000000  4.031224e-12
23350.000000  3.964638e-12
23450.000000  3.899605e-12
23550.000000  3.834572e-12
23650.000000  3.773238e-12
23750.000000  3.711749e-12
23850.000000  3.650726e-12
23950.000000  3.592899e-12
24050.000000  3.535169e-12
24150.000000  3.478489e-12
24250.000000  3.423133e-12
24350.000000  3.368577e-12
24450.000000  3.314545e-12
24550.000000  3.262889e-12
24650.000000  3.210493e-12
24750.000000  3.156247e-12
24850.000000  3.112632e-12
24950.000000  3.058816e-12
