2505.000000  2.063434e-11
2513.000000  1.569087e-11
2518.000000  1.583815e-11
2525.000000  1.361765e-11
2535.000000  1.225116e-11
2545.000000  1.211419e-11
2555.000000  1.525023e-11
2565.000000  1.443812e-11
2575.000000  1.737883e-11
2585.000000  1.727980e-11
2595.000000  1.653809e-11
2605.000000  1.498193e-11
2615.000000  1.376028e-11
2625.000000  1.791162e-11
2635.000000  1.973248e-11
2645.000000  2.506439e-11
2655.000000  2.655939e-11
2665.000000  2.091624e-11
2675.000000  2.352793e-11
2685.000000  2.349797e-11
2695.000000  2.092548e-11
2705.000000  2.280406e-11
2715.000000  1.995386e-11
2725.000000  2.039229e-11
2735.000000  2.258000e-11
2745.000000  1.498243e-11
2755.000000  1.709543e-11
2765.000000  1.898876e-11
2775.000000  2.240047e-11
2785.000000  1.876504e-11
2795.000000  7.677846e-12
2805.000000  1.016896e-11
2815.000000  2.295942e-11
2825.000000  2.631014e-11
2835.000000  2.469923e-11
2845.000000  2.326742e-11
2855.000000  2.004970e-11
2865.000000  2.488098e-11
2875.000000  2.442600e-11
2885.000000  2.452226e-11
2895.000000  2.317077e-11
2910.000000  2.797855e-11
2930.000000  2.614041e-11
2950.000000  2.585041e-11
2970.000000  2.752737e-11
2990.000000  2.758436e-11
3010.000000  2.841026e-11
3030.000000  2.807819e-11
3050.000000  2.815826e-11
3070.000000  2.866221e-11
3090.000000  2.931414e-11
3110.000000  2.833045e-11
3130.000000  2.809261e-11
3150.000000  2.912906e-11
3170.000000  2.903465e-11
3190.000000  2.682331e-11
3210.000000  2.803464e-11
3230.000000  2.623470e-11
3250.000000  2.792514e-11
3270.000000  2.900406e-11
3290.000000  2.905347e-11
3310.000000  2.976338e-11
3330.000000  2.906496e-11
3350.000000  2.869557e-11
3370.000000  2.807997e-11
3390.000000  2.846803e-11
3410.000000  2.852369e-11
3430.000000  2.881131e-11
3450.000000  2.874929e-11
3470.000000  2.835638e-11
3490.000000  2.840557e-11
3510.000000  2.906843e-11
3530.000000  2.868837e-11
3550.000000  2.993986e-11
3570.000000  2.809693e-11
3590.000000  2.786502e-11
3610.000000  2.809810e-11
3630.000000  2.837392e-11
3640.000000  2.797967e-11
3650.000000  2.967832e-11
3670.000000  2.926408e-11
3690.000000  2.807715e-11
3710.000000  2.930276e-11
3730.000000  2.966953e-11
3750.000000  3.611417e-11
3770.000000  3.879077e-11
3790.000000  4.632362e-11
3810.000000  5.311888e-11
3830.000000  4.245767e-11
3850.000000  5.783691e-11
3870.000000  6.377459e-11
3890.000000  4.047732e-11
3910.000000  6.299798e-11
3930.000000  5.115854e-11
3950.000000  6.184359e-11
3970.000000  3.624444e-11
3990.000000  6.305560e-11
4010.000000  6.970173e-11
4030.000000  6.962200e-11
4050.000000  6.865347e-11
4070.000000  6.602730e-11
4090.000000  5.558871e-11
4110.000000  4.399220e-11
4130.000000  6.413315e-11
4150.000000  6.772626e-11
4170.000000  6.736174e-11
4190.000000  6.674334e-11
4210.000000  6.672086e-11
4230.000000  6.474843e-11
4250.000000  6.544888e-11
4270.000000  6.307441e-11
4290.000000  6.318156e-11
4310.000000  5.812471e-11
4330.000000  4.837747e-11
4350.000000  4.183389e-11
4370.000000  6.016132e-11
4390.000000  6.117790e-11
4410.000000  6.040832e-11
4430.000000  5.972681e-11
4450.000000  6.045936e-11
4470.000000  6.035545e-11
4490.000000  5.980170e-11
4510.000000  6.156921e-11
4530.000000  5.881870e-11
4550.000000  5.822099e-11
4570.000000  6.005513e-11
4590.000000  5.772694e-11
4610.000000  5.872076e-11
4630.000000  5.717971e-11
4650.000000  5.749606e-11
4670.000000  5.753520e-11
4690.000000  5.542436e-11
4710.000000  5.334109e-11
4730.000000  5.572872e-11
4750.000000  5.559030e-11
4770.000000  5.471444e-11
4790.000000  5.410182e-11
4810.000000  5.298728e-11
4830.000000  5.087510e-11
4850.000000  4.104199e-11
4870.000000  3.333984e-11
4890.000000  4.786214e-11
4910.000000  5.000020e-11
4930.000000  4.944135e-11
4950.000000  5.039755e-11
4970.000000  5.066100e-11
4990.000000  4.864868e-11
5010.000000  4.709714e-11
5030.000000  4.845358e-11
5050.000000  4.759175e-11
5070.000000  4.836176e-11
5090.000000  4.754896e-11
5110.000000  4.753795e-11
5130.000000  4.653160e-11
5150.000000  4.549731e-11
5170.000000  4.460350e-11
5190.000000  4.413485e-11
5210.000000  4.433598e-11
5230.000000  4.406051e-11
5250.000000  4.470773e-11
5270.000000  4.180567e-11
5290.000000  4.366289e-11
5310.000000  4.325143e-11
5330.000000  4.151699e-11
5350.000000  4.268886e-11
5370.000000  4.219335e-11
5390.000000  4.178672e-11
5410.000000  4.082005e-11
5430.000000  4.110214e-11
5450.000000  4.122698e-11
5470.000000  4.069017e-11
5490.000000  4.045594e-11
5510.000000  4.020793e-11
5530.000000  3.978457e-11
5550.000000  3.979523e-11
5570.000000  3.909081e-11
5590.000000  3.863625e-11
5610.000000  3.859410e-11
5630.000000  3.856859e-11
5650.000000  3.814828e-11
5670.000000  3.753070e-11
5690.000000  3.753116e-11
5710.000000  3.715018e-11
5730.000000  3.744560e-11
5750.000000  3.678593e-11
5770.000000  3.663577e-11
5790.000000  3.622762e-11
5810.000000  3.605595e-11
5830.000000  3.587065e-11
5850.000000  3.540525e-11
5870.000000  3.516885e-11
5890.000000  3.433987e-11
5910.000000  3.461273e-11
5930.000000  3.433399e-11
5950.000000  3.408216e-11
5970.000000  3.384890e-11
5990.000000  3.345835e-11
6010.000000  3.300258e-11
6030.000000  3.284415e-11
6050.000000  3.272455e-11
6070.000000  3.259052e-11
6090.000000  3.220089e-11
6110.000000  3.182169e-11
6130.000000  3.122142e-11
6150.000000  3.079987e-11
6170.000000  3.061008e-11
6190.000000  3.096583e-11
6210.000000  3.076486e-11
6230.000000  3.030017e-11
6250.000000  2.952364e-11
6270.000000  3.005596e-11
6290.000000  2.984426e-11
6310.000000  2.929937e-11
6330.000000  2.918933e-11
6350.000000  2.880999e-11
6370.000000  2.863527e-11
6390.000000  2.857320e-11
6410.000000  2.808513e-11
6430.000000  2.801699e-11
6450.000000  2.752015e-11
6470.000000  2.748504e-11
6490.000000  2.697710e-11
6510.000000  2.681528e-11
6530.000000  2.603961e-11
6550.000000  2.291568e-11
6570.000000  1.853660e-11
6590.000000  2.465011e-11
6610.000000  2.574315e-11
6630.000000  2.588667e-11
6650.000000  2.579318e-11
6670.000000  2.557417e-11
6690.000000  2.553156e-11
6710.000000  2.532637e-11
6730.000000  2.516238e-11
6750.000000  2.482761e-11
6770.000000  2.483318e-11
6790.000000  2.462371e-11
6810.000000  2.443771e-11
6830.000000  2.421900e-11
6850.000000  2.400748e-11
6870.000000  2.390524e-11
6890.000000  2.374894e-11
6910.000000  2.355430e-11
6930.000000  2.337168e-11
6950.000000  2.321211e-11
6970.000000  2.302181e-11
6990.000000  2.288877e-11
7010.000000  2.250333e-11
7030.000000  2.246719e-11
7050.000000  2.235295e-11
7070.000000  2.219826e-11
7090.000000  2.203933e-11
7110.000000  2.150667e-11
7130.000000  2.158147e-11
7150.000000  2.146216e-11
7170.000000  2.128999e-11
7190.000000  2.107375e-11
7210.000000  2.100205e-11
7230.000000  2.084328e-11
7250.000000  2.067946e-11
7270.000000  2.062814e-11
7290.000000  2.033114e-11
7310.000000  2.026056e-11
7330.000000  2.011590e-11
7350.000000  2.004966e-11
7370.000000  1.992247e-11
7390.000000  1.966507e-11
7410.000000  1.941336e-11
7430.000000  1.928908e-11
7450.000000  1.921159e-11
7470.000000  1.902408e-11
7490.000000  1.893647e-11
7510.000000  1.887255e-11
7530.000000  1.877212e-11
7550.000000  1.870782e-11
7570.000000  1.853528e-11
7590.000000  1.842495e-11
7610.000000  1.828493e-11
7630.000000  1.817891e-11
7650.000000  1.801163e-11
7670.000000  1.776913e-11
7690.000000  1.772164e-11
7710.000000  1.758948e-11
7730.000000  1.753847e-11
7750.000000  1.736207e-11
7770.000000  1.697594e-11
7790.000000  1.721504e-11
7810.000000  1.707028e-11
7830.000000  1.687127e-11
7850.000000  1.672070e-11
7870.000000  1.664698e-11
7890.000000  1.650719e-11
7910.000000  1.638496e-11
7930.000000  1.619673e-11
7950.000000  1.611323e-11
7970.000000  1.617336e-11
7990.000000  1.595520e-11
8010.000000  1.590981e-11
8030.000000  1.576978e-11
8050.000000  1.568760e-11
8070.000000  1.559549e-11
8090.000000  1.546462e-11
8110.000000  1.542600e-11
8130.000000  1.534383e-11
8150.000000  1.523103e-11
8170.000000  1.512686e-11
8190.000000  1.479342e-11
8210.000000  1.475779e-11
8230.000000  1.466028e-11
8250.000000  1.459679e-11
8270.000000  1.466260e-11
8290.000000  1.455328e-11
8310.000000  1.441027e-11
8330.000000  1.419610e-11
8350.000000  1.425077e-11
8370.000000  1.418714e-11
8390.000000  1.402473e-11
8410.000000  1.397593e-11
8430.000000  1.384246e-11
8450.000000  1.358290e-11
8470.000000  1.351873e-11
8490.000000  1.359321e-11
8510.000000  1.289273e-11
8530.000000  1.347585e-11
8550.000000  1.190558e-11
8570.000000  1.352375e-11
8590.000000  1.281250e-11
8610.000000  1.253375e-11
8630.000000  1.341505e-11
8650.000000  1.300577e-11
8670.000000  1.091593e-11
8690.000000  1.288092e-11
8710.000000  1.333845e-11
8730.000000  1.292754e-11
8750.000000  1.077296e-11
8770.000000  1.248097e-11
8790.000000  1.314469e-11
8810.000000  1.313367e-11
8830.000000  1.278559e-11
8850.000000  1.179224e-11
8870.000000  1.027427e-11
8890.000000  1.237610e-11
8910.000000  1.276135e-11
8930.000000  1.276158e-11
8950.000000  1.281510e-11
8970.000000  1.258971e-11
8990.000000  1.211508e-11
9010.000000  9.993438e-12
9030.000000  1.089016e-11
9050.000000  1.208051e-11
9070.000000  1.204420e-11
9090.000000  1.189387e-11
9110.000000  1.214425e-11
9130.000000  1.220438e-11
9150.000000  1.215411e-11
9170.000000  1.198179e-11
9190.000000  1.170098e-11
9210.000000  1.095029e-11
9230.000000  8.886036e-12
9250.000000  1.056473e-11
9270.000000  1.116871e-11
9290.000000  1.155150e-11
9310.000000  1.157769e-11
9330.000000  1.152101e-11
9350.000000  1.148343e-11
9370.000000  1.143541e-11
9390.000000  1.130896e-11
9410.000000  1.089079e-11
9430.000000  1.109826e-11
9450.000000  1.104107e-11
9470.000000  1.101233e-11
9490.000000  1.087896e-11
9510.000000  1.058104e-11
9530.000000  9.844047e-12
9550.000000  8.133034e-12
9570.000000  9.873998e-12
9590.000000  1.037778e-11
9610.000000  1.040433e-11
9630.000000  1.031411e-11
9650.000000  1.040446e-11
9670.000000  1.025686e-11
9690.000000  1.023557e-11
9710.000000  1.032643e-11
9730.000000  1.026113e-11
9750.000000  1.012175e-11
9770.000000  1.014580e-11
9790.000000  1.007990e-11
9810.000000  1.002835e-11
9830.000000  9.953193e-12
9850.000000  9.847823e-12
9870.000000  9.783966e-12
9890.000000  9.674886e-12
9910.000000  9.628193e-12
9930.000000  9.614146e-12
9950.000000  9.545863e-12
9970.000000  9.481728e-12
9990.000000  9.363768e-12
10025.000000  8.603150e-12
10075.000000  8.190676e-12
10125.000000  8.958212e-12
10175.000000  8.935033e-12
10225.000000  8.869197e-12
10275.000000  8.763555e-12
10325.000000  8.600710e-12
10375.000000  8.494491e-12
10425.000000  8.376490e-12
10475.000000  8.158526e-12
10525.000000  8.099047e-12
10575.000000  7.994179e-12
10625.000000  7.886207e-12
10675.000000  7.627588e-12
10725.000000  7.612902e-12
10775.000000  7.515368e-12
10825.000000  7.376959e-12
10875.000000  7.194560e-12
10925.000000  6.197234e-12
10975.000000  6.682960e-12
11025.000000  7.004079e-12
11075.000000  6.980315e-12
11125.000000  6.878421e-12
11175.000000  6.791557e-12
11225.000000  6.720473e-12
11275.000000  6.513883e-12
11325.000000  6.439720e-12
11375.000000  6.414480e-12
11425.000000  6.287511e-12
11475.000000  6.286478e-12
11525.000000  6.209368e-12
11575.000000  6.116142e-12
11625.000000  5.959494e-12
11675.000000  5.851259e-12
11725.000000  5.890362e-12
11775.000000  5.694964e-12
11825.000000  5.674671e-12
11875.000000  5.564531e-12
11925.000000  5.601731e-12
11975.000000  5.453405e-12
12025.000000  5.425470e-12
12075.000000  5.340550e-12
12125.000000  5.281159e-12
12175.000000  5.240563e-12
12225.000000  5.166350e-12
12275.000000  5.090430e-12
12325.000000  5.032053e-12
12375.000000  4.975931e-12
12425.000000  4.925160e-12
12475.000000  4.855458e-12
12525.000000  4.784802e-12
12575.000000  4.699371e-12
12625.000000  4.654465e-12
12675.000000  4.605061e-12
12725.000000  4.527399e-12
12775.000000  4.327519e-12
12825.000000  3.711353e-12
12875.000000  4.256485e-12
12925.000000  4.308056e-12
12975.000000  4.283108e-12
13025.000000  4.240333e-12
13075.000000  4.201050e-12
13125.000000  4.137525e-12
13175.000000  4.075371e-12
13225.000000  4.050709e-12
13275.000000  3.997394e-12
13325.000000  3.955388e-12
13375.000000  3.906249e-12
13425.000000  3.861634e-12
13475.000000  3.815999e-12
13525.000000  3.761424e-12
13575.000000  3.710197e-12
13625.000000  3.681169e-12
13675.000000  3.632175e-12
13725.000000  3.558094e-12
13775.000000  3.540583e-12
13825.000000  3.502770e-12
13875.000000  3.477456e-12
13925.000000  3.419911e-12
13975.000000  3.387895e-12
14025.000000  3.348779e-12
14075.000000  3.317924e-12
14125.000000  3.269485e-12
14175.000000  3.239760e-12
14225.000000  3.192997e-12
14275.000000  3.150446e-12
14325.000000  3.128635e-12
14375.000000  3.099753e-12
14425.000000  2.994170e-12
14475.000000  3.024231e-12
14525.000000  2.955386e-12
14570.000000  2.955475e-12
14620.000000  2.914666e-12
14675.000000  2.890419e-12
14725.000000  2.847014e-12
14775.000000  2.806080e-12
14825.000000  2.785726e-12
14875.000000  2.738261e-12
14925.000000  2.744382e-12
14975.000000  2.702863e-12
15025.000000  2.661789e-12
15075.000000  2.628730e-12
15125.000000  2.620955e-12
15175.000000  2.593996e-12
15225.000000  2.560103e-12
15275.000000  2.533013e-12
15325.000000  2.502147e-12
15375.000000  2.478948e-12
15425.000000  2.427043e-12
15475.000000  2.419840e-12
15525.000000  2.395902e-12
15575.000000  2.337034e-12
15625.000000  2.366422e-12
15675.000000  2.297534e-12
15725.000000  2.241753e-12
15775.000000  2.272919e-12
15825.000000  2.258980e-12
15875.000000  2.090966e-12
15925.000000  2.187146e-12
15975.000000  2.209107e-12
16050.000000  2.137587e-12
16150.000000  2.018680e-12
16250.000000  2.107398e-12
16350.000000  1.994907e-12
16450.000000  1.866991e-12
16550.000000  1.981955e-12
16650.000000  1.944893e-12
16750.000000  1.823183e-12
16850.000000  1.699390e-12
16950.000000  1.822317e-12
17050.000000  1.783923e-12
17150.000000  1.752751e-12
17250.000000  1.687825e-12
17350.000000  1.485197e-12
17450.000000  1.592902e-12
17550.000000  1.600289e-12
17650.000000  1.570549e-12
17750.000000  1.544467e-12
17850.000000  1.511225e-12
17950.000000  1.485205e-12
18050.000000  1.435928e-12
18150.000000  1.276611e-12
18250.000000  1.343342e-12
18350.000000  1.361492e-12
18450.000000  1.337753e-12
18550.000000  1.307478e-12
18650.000000  1.269564e-12
18750.000000  1.119223e-12
18850.000000  1.212891e-12
18950.000000  1.199534e-12
19050.000000  1.192922e-12
19150.000000  1.169168e-12
19250.000000  1.143790e-12
19350.000000  1.105664e-12
19450.000000  9.795438e-13
19550.000000  1.065450e-12
19650.000000  1.060469e-12
19750.000000  1.040674e-12
19850.000000  1.025128e-12
19950.000000  1.006171e-12
20050.000000  9.887718e-13
20150.000000  9.715666e-13
20250.000000  9.521071e-13
20350.000000  9.328399e-13
20450.000000  9.196565e-13
20550.000000  9.025367e-13
20650.000000  8.839997e-13
20750.000000  8.692955e-13
20850.000000  8.544230e-13
20950.000000  8.381412e-13
21050.000000  8.239497e-13
21150.000000  8.074299e-13
21250.000000  7.934872e-13
21350.000000  7.797340e-13
21450.000000  7.664595e-13
21550.000000  7.450035e-13
21650.000000  6.636687e-13
21750.000000  7.127110e-13
21850.000000  7.133056e-13
21950.000000  7.055516e-13
22050.000000  6.914432e-13
22150.000000  6.800032e-13
22250.000000  6.709039e-13
22350.000000  6.596937e-13
22450.000000  6.487686e-13
22550.000000  6.350620e-13
22650.000000  6.265444e-13
22750.000000  6.168174e-13
22850.000000  6.063563e-13
22950.000000  5.961587e-13
23050.000000  5.879228e-13
23150.000000  5.779978e-13
23250.000000  5.694517e-13
23350.000000  5.599908e-13
23450.000000  5.515021e-13
23550.000000  5.428389e-13
23650.000000  5.344554e-13
23750.000000  5.252325e-13
23850.000000  5.171089e-13
23950.000000  5.095145e-13
24050.000000  5.012642e-13
24150.000000  4.932498e-13
24250.000000  4.861387e-13
24350.000000  4.779679e-13
24450.000000  4.709668e-13
24550.000000  4.631157e-13
24650.000000  4.564716e-13
24750.000000  4.492033e-13
24850.000000  4.422683e-13
24950.000000  4.334517e-13
