2505.000000  1.593155e-11
2513.000000  1.549862e-11
2518.000000  1.559833e-11
2525.000000  1.491817e-11
2535.000000  1.478425e-11
2545.000000  1.472627e-11
2555.000000  1.518191e-11
2565.000000  1.502954e-11
2575.000000  1.544229e-11
2585.000000  1.544399e-11
2595.000000  1.535305e-11
2605.000000  1.499043e-11
2615.000000  1.489039e-11
2625.000000  1.494624e-11
2635.000000  1.502925e-11
2645.000000  1.566856e-11
2655.000000  1.552009e-11
2665.000000  1.507134e-11
2675.000000  1.525382e-11
2685.000000  1.528933e-11
2695.000000  1.498236e-11
2705.000000  1.498060e-11
2715.000000  1.468507e-11
2725.000000  1.466186e-11
2735.000000  1.498619e-11
2745.000000  1.407088e-11
2755.000000  1.404978e-11
2765.000000  1.433191e-11
2775.000000  1.467548e-11
2785.000000  1.461316e-11
2795.000000  1.359684e-11
2805.000000  1.411922e-11
2815.000000  1.464658e-11
2825.000000  1.451593e-11
2835.000000  1.425072e-11
2845.000000  1.402387e-11
2855.000000  1.388240e-11
2865.000000  1.403174e-11
2875.000000  1.390688e-11
2885.000000  1.407141e-11
2895.000000  1.400529e-11
2910.000000  1.422621e-11
2930.000000  1.389339e-11
2950.000000  1.380415e-11
2970.000000  1.376581e-11
2990.000000  1.367730e-11
3010.000000  1.371721e-11
3030.000000  1.364268e-11
3050.000000  1.350142e-11
3070.000000  1.336691e-11
3090.000000  1.333391e-11
3110.000000  1.319538e-11
3130.000000  1.305094e-11
3150.000000  1.300272e-11
3170.000000  1.291693e-11
3190.000000  1.269150e-11
3210.000000  1.270005e-11
3230.000000  1.257343e-11
3250.000000  1.253891e-11
3270.000000  1.249371e-11
3290.000000  1.242215e-11
3310.000000  1.235265e-11
3330.000000  1.222900e-11
3350.000000  1.208418e-11
3370.000000  1.201737e-11
3390.000000  1.193511e-11
3410.000000  1.190527e-11
3430.000000  1.181419e-11
3450.000000  1.175527e-11
3470.000000  1.165679e-11
3490.000000  1.157902e-11
3510.000000  1.151988e-11
3530.000000  1.144979e-11
3550.000000  1.137159e-11
3570.000000  1.128741e-11
3590.000000  1.120841e-11
3610.000000  1.113149e-11
3630.000000  1.105207e-11
3640.000000  1.101423e-11
3650.000000  1.118087e-11
3670.000000  1.101566e-11
3690.000000  1.080304e-11
3710.000000  1.276869e-11
3730.000000  1.528536e-11
3750.000000  2.164557e-11
3770.000000  2.224300e-11
3790.000000  2.519573e-11
3810.000000  2.779451e-11
3830.000000  2.295836e-11
3850.000000  2.906452e-11
3870.000000  3.029078e-11
3890.000000  2.094403e-11
3910.000000  2.960341e-11
3930.000000  2.938164e-11
3950.000000  2.894073e-11
3970.000000  1.978380e-11
3990.000000  2.794289e-11
4010.000000  2.821523e-11
4030.000000  2.775822e-11
4050.000000  2.753945e-11
4070.000000  2.702104e-11
4090.000000  2.434506e-11
4110.000000  1.954000e-11
4130.000000  2.576013e-11
4150.000000  2.571154e-11
4170.000000  2.540666e-11
4190.000000  2.509468e-11
4210.000000  2.476828e-11
4230.000000  2.442525e-11
4250.000000  2.410691e-11
4270.000000  2.378258e-11
4290.000000  2.345542e-11
4310.000000  2.298233e-11
4330.000000  2.001300e-11
4350.000000  1.732770e-11
4370.000000  2.207949e-11
4390.000000  2.189196e-11
4410.000000  2.171576e-11
4430.000000  2.143702e-11
4450.000000  2.118112e-11
4470.000000  2.082381e-11
4490.000000  2.048884e-11
4510.000000  2.035576e-11
4530.000000  2.010207e-11
4550.000000  1.979656e-11
4570.000000  1.961961e-11
4590.000000  1.933928e-11
4610.000000  1.915170e-11
4630.000000  1.887794e-11
4650.000000  1.868029e-11
4670.000000  1.844362e-11
4690.000000  1.822163e-11
4710.000000  1.796045e-11
4730.000000  1.777935e-11
4750.000000  1.756291e-11
4770.000000  1.735312e-11
4790.000000  1.713863e-11
4810.000000  1.690097e-11
4830.000000  1.658587e-11
4850.000000  1.475493e-11
4870.000000  1.226605e-11
4890.000000  1.592258e-11
4910.000000  1.590117e-11
4930.000000  1.570785e-11
4950.000000  1.557116e-11
4970.000000  1.539031e-11
4990.000000  1.520799e-11
5010.000000  1.498445e-11
5030.000000  1.485022e-11
5050.000000  1.464493e-11
5070.000000  1.451134e-11
5090.000000  1.434420e-11
5110.000000  1.417604e-11
5130.000000  1.401596e-11
5150.000000  1.385256e-11
5170.000000  1.366548e-11
5190.000000  1.352826e-11
5210.000000  1.338522e-11
5230.000000  1.322043e-11
5250.000000  1.308401e-11
5270.000000  1.292110e-11
5290.000000  1.279215e-11
5310.000000  1.263629e-11
5330.000000  1.250632e-11
5350.000000  1.237119e-11
5370.000000  1.223273e-11
5390.000000  1.209721e-11
5410.000000  1.196250e-11
5430.000000  1.183030e-11
5450.000000  1.170371e-11
5470.000000  1.157380e-11
5490.000000  1.144865e-11
5510.000000  1.132312e-11
5530.000000  1.120150e-11
5550.000000  1.108052e-11
5570.000000  1.096182e-11
5590.000000  1.084335e-11
5610.000000  1.072755e-11
5630.000000  1.061324e-11
5650.000000  1.049851e-11
5670.000000  1.038710e-11
5690.000000  1.027775e-11
5710.000000  1.016862e-11
5730.000000  1.006137e-11
5750.000000  9.955980e-12
5770.000000  9.851242e-12
5790.000000  9.747724e-12
5810.000000  9.646492e-12
5830.000000  9.546299e-12
5850.000000  9.447156e-12
5870.000000  9.323760e-12
5890.000000  9.251340e-12
5910.000000  9.157820e-12
5930.000000  9.063651e-12
5950.000000  8.968896e-12
5970.000000  8.878895e-12
5990.000000  8.786816e-12
6010.000000  8.700541e-12
6030.000000  8.611395e-12
6050.000000  8.524705e-12
6070.000000  8.438651e-12
6090.000000  8.354479e-12
6110.000000  8.270294e-12
6130.000000  8.187991e-12
6150.000000  8.101936e-12
6170.000000  8.025879e-12
6190.000000  7.945861e-12
6210.000000  7.867505e-12
6230.000000  7.790164e-12
6250.000000  7.710366e-12
6270.000000  7.637828e-12
6290.000000  7.563211e-12
6310.000000  7.488803e-12
6330.000000  7.416484e-12
6350.000000  7.330674e-12
6370.000000  7.265822e-12
6390.000000  7.202619e-12
6410.000000  7.133392e-12
6430.000000  7.064813e-12
6450.000000  6.994363e-12
6470.000000  6.930745e-12
6490.000000  6.860208e-12
6510.000000  6.779529e-12
6530.000000  6.675564e-12
6550.000000  6.199384e-12
6570.000000  5.105788e-12
6590.000000  6.425564e-12
6610.000000  6.455046e-12
6630.000000  6.415796e-12
6650.000000  6.363560e-12
6670.000000  6.301238e-12
6690.000000  6.243657e-12
6710.000000  6.188152e-12
6730.000000  6.129985e-12
6750.000000  6.074065e-12
6770.000000  6.018146e-12
6790.000000  5.963069e-12
6810.000000  5.907798e-12
6830.000000  5.854592e-12
6850.000000  5.800970e-12
6870.000000  5.747983e-12
6890.000000  5.695803e-12
6910.000000  5.643660e-12
6930.000000  5.592935e-12
6950.000000  5.542233e-12
6970.000000  5.492351e-12
6990.000000  5.443103e-12
7010.000000  5.394663e-12
7030.000000  5.347065e-12
7050.000000  5.298466e-12
7070.000000  5.250026e-12
7090.000000  5.205361e-12
7110.000000  5.158790e-12
7130.000000  5.113282e-12
7150.000000  5.069009e-12
7170.000000  5.023916e-12
7190.000000  4.979863e-12
7210.000000  4.937032e-12
7230.000000  4.893394e-12
7250.000000  4.851405e-12
7270.000000  4.808830e-12
7290.000000  4.766647e-12
7310.000000  4.726100e-12
7330.000000  4.685786e-12
7350.000000  4.644433e-12
7370.000000  4.604535e-12
7390.000000  4.565870e-12
7410.000000  4.526607e-12
7430.000000  4.487514e-12
7450.000000  4.449485e-12
7470.000000  4.411456e-12
7490.000000  4.374271e-12
7510.000000  4.337683e-12
7530.000000  4.301524e-12
7550.000000  4.265365e-12
7570.000000  4.229206e-12
7590.000000  4.194281e-12
7610.000000  4.158757e-12
7630.000000  4.124467e-12
7650.000000  4.090177e-12
7670.000000  4.055888e-12
7690.000000  4.022013e-12
7710.000000  3.989178e-12
7730.000000  3.956330e-12
7750.000000  3.923911e-12
7770.000000  3.871986e-12
7790.000000  3.859914e-12
7810.000000  3.827714e-12
7830.000000  3.796736e-12
7850.000000  3.765965e-12
7870.000000  3.733765e-12
7890.000000  3.701345e-12
7910.000000  3.674950e-12
7930.000000  3.645048e-12
7950.000000  3.615719e-12
7970.000000  3.587259e-12
7990.000000  3.555682e-12
8010.000000  3.530313e-12
8030.000000  3.501632e-12
8050.000000  3.473587e-12
8070.000000  3.446361e-12
8090.000000  3.418316e-12
8110.000000  3.391505e-12
8130.000000  3.365109e-12
8150.000000  3.338299e-12
8170.000000  3.311708e-12
8190.000000  3.285312e-12
8210.000000  3.278873e-12
8230.000000  3.255801e-12
8250.000000  3.233365e-12
8270.000000  3.210294e-12
8290.000000  3.186416e-12
8310.000000  3.161280e-12
8330.000000  3.131220e-12
8350.000000  3.101734e-12
8370.000000  3.057183e-12
8390.000000  3.027621e-12
8410.000000  2.990385e-12
8430.000000  3.003510e-12
8450.000000  2.990007e-12
8470.000000  2.850947e-12
8490.000000  3.059878e-12
8510.000000  2.795788e-12
8530.000000  3.091821e-12
8550.000000  2.685685e-12
8570.000000  3.131331e-12
8590.000000  2.891841e-12
8610.000000  2.805200e-12
8630.000000  3.178892e-12
8650.000000  3.090551e-12
8670.000000  2.530276e-12
8690.000000  3.151251e-12
8710.000000  3.196445e-12
8730.000000  3.112505e-12
8750.000000  2.457039e-12
8770.000000  2.981016e-12
8790.000000  3.107892e-12
8810.000000  3.095541e-12
8830.000000  3.054672e-12
8850.000000  2.841458e-12
8870.000000  2.384809e-12
8890.000000  2.947308e-12
8910.000000  2.976896e-12
8930.000000  2.962600e-12
8950.000000  2.942033e-12
8970.000000  2.912056e-12
8990.000000  2.849551e-12
9010.000000  2.341493e-12
9030.000000  2.568593e-12
9050.000000  2.805270e-12
9070.000000  2.804861e-12
9090.000000  2.788462e-12
9110.000000  2.772738e-12
9130.000000  2.753027e-12
9150.000000  2.730516e-12
9170.000000  2.706368e-12
9190.000000  2.673444e-12
9210.000000  2.579563e-12
9230.000000  2.049371e-12
9250.000000  2.500651e-12
9270.000000  2.579090e-12
9290.000000  2.587087e-12
9310.000000  2.573011e-12
9330.000000  2.554742e-12
9350.000000  2.536474e-12
9370.000000  2.517777e-12
9390.000000  2.498017e-12
9410.000000  2.477450e-12
9430.000000  2.461858e-12
9450.000000  2.445030e-12
9470.000000  2.425037e-12
9490.000000  2.403173e-12
9510.000000  2.371471e-12
9530.000000  2.259881e-12
9550.000000  1.839699e-12
9570.000000  2.258175e-12
9590.000000  2.307695e-12
9610.000000  2.301746e-12
9630.000000  2.286644e-12
9650.000000  2.273569e-12
9670.000000  2.256742e-12
9690.000000  2.241564e-12
9710.000000  2.224958e-12
9730.000000  2.209365e-12
9750.000000  2.193759e-12
9770.000000  2.178387e-12
9790.000000  2.162402e-12
9810.000000  2.147445e-12
9830.000000  2.131424e-12
9850.000000  2.116895e-12
9870.000000  2.102744e-12
9890.000000  2.087566e-12
9910.000000  2.072829e-12
9930.000000  2.057651e-12
9950.000000  2.044148e-12
9970.000000  2.028542e-12
9990.000000  2.011640e-12
10025.000000  1.894808e-12
10075.000000  1.806224e-12
10125.000000  1.919403e-12
10175.000000  1.890726e-12
10225.000000  1.858650e-12
10275.000000  1.827054e-12
10325.000000  1.796321e-12
10375.000000  1.766312e-12
10425.000000  1.736762e-12
10475.000000  1.707896e-12
10525.000000  1.679591e-12
10575.000000  1.651911e-12
10625.000000  1.624834e-12
10675.000000  1.596816e-12
10725.000000  1.571943e-12
10775.000000  1.546778e-12
10825.000000  1.520574e-12
10875.000000  1.492440e-12
10925.000000  1.324081e-12
10975.000000  1.412234e-12
11025.000000  1.425243e-12
11075.000000  1.404282e-12
11125.000000  1.382153e-12
11175.000000  1.360520e-12
11225.000000  1.339179e-12
11275.000000  1.317359e-12
11325.000000  1.297285e-12
11375.000000  1.277854e-12
11425.000000  1.258197e-12
11475.000000  1.238994e-12
11525.000000  1.220000e-12
11575.000000  1.201487e-12
11625.000000  1.183138e-12
11675.000000  1.165201e-12
11725.000000  1.147873e-12
11775.000000  1.130043e-12
11825.000000  1.113709e-12
11875.000000  1.097188e-12
11925.000000  1.081024e-12
11975.000000  1.064957e-12
12025.000000  1.049435e-12
12075.000000  1.034099e-12
12125.000000  1.018951e-12
12175.000000  1.004177e-12
12225.000000  9.896309e-13
12275.000000  9.753749e-13
12325.000000  9.613474e-13
12375.000000  9.475081e-13
12425.000000  9.340843e-13
12475.000000  9.206824e-13
12525.000000  9.077352e-13
12575.000000  8.948723e-13
12625.000000  8.822184e-13
12675.000000  8.699384e-13
12725.000000  8.573072e-13
12775.000000  8.369880e-13
12825.000000  7.486135e-13
12875.000000  8.168744e-13
12925.000000  8.109124e-13
12975.000000  8.001357e-13
13025.000000  7.891645e-13
13075.000000  7.783802e-13
13125.000000  7.678245e-13
13175.000000  7.573726e-13
13225.000000  7.472935e-13
13275.000000  7.371544e-13
13325.000000  7.272622e-13
13375.000000  7.175998e-13
13425.000000  7.080815e-13
13475.000000  6.987123e-13
13525.000000  6.894225e-13
13575.000000  6.803210e-13
13625.000000  6.714064e-13
13675.000000  6.626360e-13
13725.000000  6.539720e-13
13775.000000  6.454728e-13
13825.000000  6.371412e-13
13875.000000  6.289745e-13
13925.000000  6.208493e-13
13975.000000  6.128903e-13
14025.000000  6.050169e-13
14075.000000  5.973683e-13
14125.000000  5.897626e-13
14175.000000  5.822618e-13
14225.000000  5.749065e-13
14275.000000  5.676747e-13
14325.000000  5.605063e-13
14375.000000  5.535250e-13
14425.000000  5.465436e-13
14475.000000  5.398299e-13
14525.000000  5.332004e-13
14570.000000  5.272174e-13
14620.000000  5.220643e-13
14675.000000  5.151635e-13
14725.000000  5.090364e-13
14775.000000  5.029264e-13
14825.000000  4.970240e-13
14875.000000  4.910203e-13
14925.000000  4.849958e-13
14975.000000  4.790142e-13
15025.000000  4.727234e-13
15075.000000  4.667184e-13
15125.000000  4.606303e-13
15175.000000  4.550579e-13
15225.000000  4.517995e-13
15275.000000  4.418726e-13
15325.000000  4.367949e-13
15375.000000  4.366659e-13
15425.000000  4.226673e-13
15475.000000  4.279880e-13
15525.000000  4.244281e-13
15575.000000  4.031232e-13
15625.000000  4.204484e-13
15675.000000  4.062577e-13
15725.000000  3.899650e-13
15775.000000  4.085657e-13
15825.000000  4.038839e-13
15875.000000  3.673715e-13
15925.000000  3.913930e-13
15975.000000  3.935473e-13
16050.000000  3.837803e-13
16150.000000  3.609784e-13
16250.000000  3.722382e-13
16350.000000  3.585593e-13
16450.000000  3.377272e-13
16550.000000  3.481403e-13
16650.000000  3.405603e-13
16750.000000  3.277658e-13
16850.000000  3.092422e-13
16950.000000  3.186972e-13
17050.000000  3.118870e-13
17150.000000  3.051732e-13
17250.000000  2.982907e-13
17350.000000  2.745721e-13
17450.000000  2.847736e-13
17550.000000  2.800938e-13
17650.000000  2.743149e-13
17750.000000  2.685617e-13
17850.000000  2.630333e-13
17950.000000  2.576540e-13
18050.000000  2.521414e-13
18150.000000  2.335704e-13
18250.000000  2.399513e-13
18350.000000  2.373515e-13
18450.000000  2.326138e-13
18550.000000  2.279175e-13
18650.000000  2.230073e-13
18750.000000  2.064577e-13
18850.000000  2.140914e-13
18950.000000  2.104831e-13
19050.000000  2.063698e-13
19150.000000  2.023799e-13
19250.000000  1.985770e-13
19350.000000  1.941886e-13
19450.000000  1.798785e-13
19550.000000  1.868854e-13
19650.000000  1.838332e-13
19750.000000  1.803732e-13
19850.000000  1.770049e-13
19950.000000  1.737032e-13
20050.000000  1.704887e-13
20150.000000  1.673387e-13
20250.000000  1.642573e-13
20350.000000  1.612568e-13
20450.000000  1.583228e-13
20550.000000  1.554533e-13
20650.000000  1.526501e-13
20750.000000  1.499094e-13
20850.000000  1.472331e-13
20950.000000  1.446089e-13
21050.000000  1.420448e-13
21150.000000  1.395430e-13
21250.000000  1.370912e-13
21350.000000  1.346892e-13
21450.000000  1.323495e-13
21550.000000  1.297716e-13
21650.000000  1.207572e-13
21750.000000  1.250045e-13
21850.000000  1.234729e-13
21950.000000  1.213620e-13
22050.000000  1.193050e-13
22150.000000  1.172976e-13
22250.000000  1.153195e-13
22350.000000  1.133934e-13
22450.000000  1.115047e-13
22550.000000  1.096490e-13
22650.000000  1.078373e-13
22750.000000  1.060649e-13
22850.000000  1.044336e-13
22950.000000  1.027382e-13
23050.000000  1.010882e-13
23150.000000  9.946345e-14
23250.000000  9.787801e-14
23350.000000  9.631347e-14
23450.000000  9.478217e-14
23550.000000  9.327372e-14
23650.000000  9.178825e-14
23750.000000  9.033588e-14
23850.000000  8.889416e-14
23950.000000  8.747919e-14
24050.000000  8.606228e-14
24150.000000  8.462703e-14
24250.000000  8.355283e-14
24350.000000  8.202146e-14
24450.000000  8.062739e-14
24550.000000  7.977107e-14
24650.000000  7.822440e-14
24750.000000  7.706690e-14
24850.000000  7.654139e-14
24950.000000  7.379390e-14
