2505.000000  1.401125e-11
2513.000000  8.036029e-12
2518.000000  6.891259e-12
2525.000000  5.778590e-12
2535.000000  5.736645e-12
2545.000000  6.674462e-12
2555.000000  1.105969e-11
2565.000000  9.427401e-12
2575.000000  1.220643e-11
2585.000000  1.113395e-11
2595.000000  1.008522e-11
2605.000000  8.406753e-12
2615.000000  7.520523e-12
2625.000000  1.095299e-11
2635.000000  1.625615e-11
2645.000000  2.269215e-11
2655.000000  2.657847e-11
2665.000000  1.817200e-11
2675.000000  2.123371e-11
2685.000000  2.236611e-11
2695.000000  1.826118e-11
2705.000000  2.154476e-11
2715.000000  1.678688e-11
2725.000000  1.642328e-11
2735.000000  1.853442e-11
2745.000000  9.434789e-12
2755.000000  1.256593e-11
2765.000000  1.588090e-11
2775.000000  1.901792e-11
2785.000000  1.164443e-11
2795.000000  3.653962e-12
2805.000000  4.905167e-12
2815.000000  1.763871e-11
2825.000000  2.536792e-11
2835.000000  2.395536e-11
2845.000000  2.164288e-11
2855.000000  1.377152e-11
2865.000000  2.469141e-11
2875.000000  2.609768e-11
2885.000000  2.454303e-11
2895.000000  2.478652e-11
2910.000000  3.169040e-11
2930.000000  2.867188e-11
2950.000000  2.817523e-11
2970.000000  3.126167e-11
2990.000000  3.096932e-11
3010.000000  3.288793e-11
3030.000000  3.249561e-11
3050.000000  3.327712e-11
3070.000000  3.354510e-11
3090.000000  3.466200e-11
3110.000000  3.403551e-11
3130.000000  3.358565e-11
3150.000000  3.369277e-11
3170.000000  3.454617e-11
3190.000000  3.122218e-11
3210.000000  3.394767e-11
3230.000000  2.967869e-11
3250.000000  3.446286e-11
3270.000000  3.754836e-11
3290.000000  3.683587e-11
3310.000000  3.777344e-11
3330.000000  3.721783e-11
3350.000000  3.665416e-11
3370.000000  3.393863e-11
3390.000000  3.598509e-11
3410.000000  3.607581e-11
3430.000000  3.645205e-11
3450.000000  3.736898e-11
3470.000000  3.701299e-11
3490.000000  3.772177e-11
3510.000000  3.887970e-11
3530.000000  3.743240e-11
3550.000000  4.119941e-11
3570.000000  3.631244e-11
3590.000000  3.596617e-11
3610.000000  3.696744e-11
3630.000000  3.728148e-11
3640.000000  3.698573e-11
3650.000000  4.076875e-11
3670.000000  4.005914e-11
3690.000000  3.889604e-11
3710.000000  4.094303e-11
3730.000000  3.935233e-11
3750.000000  4.496162e-11
3770.000000  4.881595e-11
3790.000000  5.446391e-11
3810.000000  6.002772e-11
3830.000000  4.720118e-11
3850.000000  6.151846e-11
3870.000000  6.491869e-11
3890.000000  5.112231e-11
3910.000000  6.407198e-11
3930.000000  4.059046e-11
3950.000000  5.946681e-11
3970.000000  3.927063e-11
3990.000000  6.728493e-11
4010.000000  7.148922e-11
4030.000000  7.138684e-11
4050.000000  6.999637e-11
4070.000000  6.897478e-11
4090.000000  6.713229e-11
4110.000000  5.844260e-11
4130.000000  7.062489e-11
4150.000000  7.325351e-11
4170.000000  7.218287e-11
4190.000000  7.141379e-11
4210.000000  7.123398e-11
4230.000000  6.871265e-11
4250.000000  7.048607e-11
4270.000000  6.823526e-11
4290.000000  6.584027e-11
4310.000000  6.011771e-11
4330.000000  6.243483e-11
4350.000000  5.643753e-11
4370.000000  7.036557e-11
4390.000000  6.811393e-11
4410.000000  6.841106e-11
4430.000000  6.824205e-11
4450.000000  6.832163e-11
4470.000000  6.942789e-11
4490.000000  6.914240e-11
4510.000000  7.293993e-11
4530.000000  6.806579e-11
4550.000000  6.856820e-11
4570.000000  7.176449e-11
4590.000000  6.828394e-11
4610.000000  6.976338e-11
4630.000000  6.827702e-11
4650.000000  6.889317e-11
4670.000000  6.975043e-11
4690.000000  6.772240e-11
4710.000000  6.506239e-11
4730.000000  6.819053e-11
4750.000000  6.845675e-11
4770.000000  6.777494e-11
4790.000000  6.736329e-11
4810.000000  6.655867e-11
4830.000000  6.604886e-11
4850.000000  5.858286e-11
4870.000000  4.974331e-11
4890.000000  6.274369e-11
4910.000000  6.340019e-11
4930.000000  6.237986e-11
4950.000000  6.400094e-11
4970.000000  6.446987e-11
4990.000000  6.095546e-11
5010.000000  5.881756e-11
5030.000000  6.140993e-11
5050.000000  6.085460e-11
5070.000000  6.241436e-11
5090.000000  6.086140e-11
5110.000000  6.126253e-11
5130.000000  5.981808e-11
5150.000000  5.838034e-11
5170.000000  5.676948e-11
5190.000000  5.618059e-11
5210.000000  5.748248e-11
5230.000000  5.776310e-11
5250.000000  5.864698e-11
5270.000000  5.387081e-11
5290.000000  5.761473e-11
5310.000000  5.793669e-11
5330.000000  5.458648e-11
5350.000000  5.693559e-11
5370.000000  5.661604e-11
5390.000000  5.603170e-11
5410.000000  5.453928e-11
5430.000000  5.541508e-11
5450.000000  5.606075e-11
5470.000000  5.518447e-11
5490.000000  5.477486e-11
5510.000000  5.465176e-11
5530.000000  5.446746e-11
5550.000000  5.470298e-11
5570.000000  5.355340e-11
5590.000000  5.284930e-11
5610.000000  5.330115e-11
5630.000000  5.342858e-11
5650.000000  5.289879e-11
5670.000000  5.187269e-11
5690.000000  5.221586e-11
5710.000000  5.157643e-11
5730.000000  5.300035e-11
5750.000000  5.177974e-11
5770.000000  5.186056e-11
5790.000000  5.104442e-11
5810.000000  5.123556e-11
5830.000000  5.129574e-11
5850.000000  5.046022e-11
5870.000000  5.031482e-11
5890.000000  4.869110e-11
5910.000000  4.965973e-11
5930.000000  4.932547e-11
5950.000000  4.919957e-11
5970.000000  4.895677e-11
5990.000000  4.844317e-11
6010.000000  4.777630e-11
6030.000000  4.760589e-11
6050.000000  4.782366e-11
6070.000000  4.768787e-11
6090.000000  4.691295e-11
6110.000000  4.637039e-11
6130.000000  4.525244e-11
6150.000000  4.504962e-11
6170.000000  4.440292e-11
6190.000000  4.552763e-11
6210.000000  4.540400e-11
6230.000000  4.456452e-11
6250.000000  4.324436e-11
6270.000000  4.452175e-11
6290.000000  4.437249e-11
6310.000000  4.333303e-11
6330.000000  4.332183e-11
6350.000000  4.305045e-11
6370.000000  4.277363e-11
6390.000000  4.281610e-11
6410.000000  4.198166e-11
6430.000000  4.211871e-11
6450.000000  4.151983e-11
6470.000000  4.144018e-11
6490.000000  4.073504e-11
6510.000000  4.102075e-11
6530.000000  4.055154e-11
6550.000000  3.779720e-11
6570.000000  3.195592e-11
6590.000000  3.910154e-11
6610.000000  3.993953e-11
6630.000000  3.985880e-11
6650.000000  3.966724e-11
6670.000000  3.924945e-11
6690.000000  3.939040e-11
6710.000000  3.892754e-11
6730.000000  3.888075e-11
6750.000000  3.832192e-11
6770.000000  3.837387e-11
6790.000000  3.809587e-11
6810.000000  3.781347e-11
6830.000000  3.766141e-11
6850.000000  3.718067e-11
6870.000000  3.722304e-11
6890.000000  3.703644e-11
6910.000000  3.677910e-11
6930.000000  3.653511e-11
6950.000000  3.634629e-11
6970.000000  3.613514e-11
6990.000000  3.597088e-11
7010.000000  3.516723e-11
7030.000000  3.536545e-11
7050.000000  3.528200e-11
7070.000000  3.502310e-11
7090.000000  3.480420e-11
7110.000000  3.427878e-11
7130.000000  3.417729e-11
7150.000000  3.398738e-11
7170.000000  3.373163e-11
7190.000000  3.324082e-11
7210.000000  3.335475e-11
7230.000000  3.315996e-11
7250.000000  3.307635e-11
7270.000000  3.298222e-11
7290.000000  3.236355e-11
7310.000000  3.244797e-11
7330.000000  3.228647e-11
7350.000000  3.223248e-11
7370.000000  3.208400e-11
7390.000000  3.152008e-11
7410.000000  3.109388e-11
7430.000000  3.111527e-11
7450.000000  3.103965e-11
7470.000000  3.095492e-11
7490.000000  3.072708e-11
7510.000000  3.066033e-11
7530.000000  3.053265e-11
7550.000000  3.049596e-11
7570.000000  3.018122e-11
7590.000000  3.004914e-11
7610.000000  2.982206e-11
7630.000000  2.976167e-11
7650.000000  2.951973e-11
7670.000000  2.899624e-11
7690.000000  2.910633e-11
7710.000000  2.886779e-11
7730.000000  2.881240e-11
7750.000000  2.849084e-11
7770.000000  2.820632e-11
7790.000000  2.847250e-11
7810.000000  2.824229e-11
7830.000000  2.792028e-11
7850.000000  2.774364e-11
7870.000000  2.775073e-11
7890.000000  2.756985e-11
7910.000000  2.731740e-11
7930.000000  2.688470e-11
7950.000000  2.687432e-11
7970.000000  2.703373e-11
7990.000000  2.683891e-11
8010.000000  2.660389e-11
8030.000000  2.642388e-11
8050.000000  2.626043e-11
8070.000000  2.623279e-11
8090.000000  2.592846e-11
8110.000000  2.598061e-11
8130.000000  2.590515e-11
8150.000000  2.571531e-11
8170.000000  2.556570e-11
8190.000000  2.494561e-11
8210.000000  2.492312e-11
8230.000000  2.479600e-11
8250.000000  2.473824e-11
8270.000000  2.488322e-11
8290.000000  2.470704e-11
8310.000000  2.437597e-11
8330.000000  2.408648e-11
8350.000000  2.418951e-11
8370.000000  2.416042e-11
8390.000000  2.384695e-11
8410.000000  2.388610e-11
8430.000000  2.358436e-11
8450.000000  2.330263e-11
8470.000000  2.322129e-11
8490.000000  2.308558e-11
8510.000000  2.200008e-11
8530.000000  2.279986e-11
8550.000000  1.984605e-11
8570.000000  2.299851e-11
8590.000000  2.230319e-11
8610.000000  2.201020e-11
8630.000000  2.267126e-11
8650.000000  2.224472e-11
8670.000000  1.910302e-11
8690.000000  2.180449e-11
8710.000000  2.225709e-11
8730.000000  2.194606e-11
8750.000000  2.001832e-11
8770.000000  2.161278e-11
8790.000000  2.186601e-11
8810.000000  2.165003e-11
8830.000000  2.146699e-11
8850.000000  2.077981e-11
8870.000000  1.915964e-11
8890.000000  2.111681e-11
8910.000000  2.127100e-11
8930.000000  2.103143e-11
8950.000000  2.110200e-11
8970.000000  2.094493e-11
8990.000000  2.067449e-11
9010.000000  1.843936e-11
9030.000000  1.960492e-11
9050.000000  2.051769e-11
9070.000000  2.012938e-11
9090.000000  1.970896e-11
9110.000000  2.002919e-11
9130.000000  2.023471e-11
9150.000000  2.015334e-11
9170.000000  1.998623e-11
9190.000000  1.983469e-11
9210.000000  1.910561e-11
9230.000000  1.694649e-11
9250.000000  1.864008e-11
9270.000000  1.910363e-11
9290.000000  1.937472e-11
9310.000000  1.934800e-11
9330.000000  1.922386e-11
9350.000000  1.914718e-11
9370.000000  1.906598e-11
9390.000000  1.893004e-11
9410.000000  1.817523e-11
9430.000000  1.858429e-11
9450.000000  1.845790e-11
9470.000000  1.854571e-11
9490.000000  1.845509e-11
9510.000000  1.819608e-11
9530.000000  1.763972e-11
9550.000000  1.566635e-11
9570.000000  1.753810e-11
9590.000000  1.786981e-11
9610.000000  1.769972e-11
9630.000000  1.752253e-11
9650.000000  1.757644e-11
9670.000000  1.736498e-11
9690.000000  1.737248e-11
9710.000000  1.745955e-11
9730.000000  1.737629e-11
9750.000000  1.712243e-11
9770.000000  1.716781e-11
9790.000000  1.706470e-11
9810.000000  1.702873e-11
9830.000000  1.691654e-11
9850.000000  1.679110e-11
9870.000000  1.666917e-11
9890.000000  1.653164e-11
9910.000000  1.643860e-11
9930.000000  1.648917e-11
9950.000000  1.640187e-11
9970.000000  1.631909e-11
9990.000000  1.620508e-11
10025.000000  1.555426e-11
10075.000000  1.499239e-11
10125.000000  1.559338e-11
10175.000000  1.541824e-11
10225.000000  1.531449e-11
10275.000000  1.518323e-11
10325.000000  1.489633e-11
10375.000000  1.474877e-11
10425.000000  1.460217e-11
10475.000000  1.425486e-11
10525.000000  1.419839e-11
10575.000000  1.401617e-11
10625.000000  1.384017e-11
10675.000000  1.342551e-11
10725.000000  1.342580e-11
10775.000000  1.327710e-11
10825.000000  1.303128e-11
10875.000000  1.287231e-11
10925.000000  1.185303e-11
10975.000000  1.231882e-11
11025.000000  1.256633e-11
11075.000000  1.250396e-11
11125.000000  1.231431e-11
11175.000000  1.216049e-11
11225.000000  1.207309e-11
11275.000000  1.174505e-11
11325.000000  1.164313e-11
11375.000000  1.158506e-11
11425.000000  1.136169e-11
11475.000000  1.140863e-11
11525.000000  1.128426e-11
11575.000000  1.111677e-11
11625.000000  1.086188e-11
11675.000000  1.071477e-11
11725.000000  1.079183e-11
11775.000000  1.046052e-11
11825.000000  1.041737e-11
11875.000000  1.024208e-11
11925.000000  1.034381e-11
11975.000000  1.002877e-11
12025.000000  1.003217e-11
12075.000000  9.888633e-12
12125.000000  9.807148e-12
12175.000000  9.773071e-12
12225.000000  9.655821e-12
12275.000000  9.521151e-12
12325.000000  9.433364e-12
12375.000000  9.339579e-12
12425.000000  9.246843e-12
12475.000000  9.155331e-12
12525.000000  9.027163e-12
12575.000000  8.901003e-12
12625.000000  8.830444e-12
12675.000000  8.743997e-12
12725.000000  8.655325e-12
12775.000000  8.434892e-12
12825.000000  7.535795e-12
12875.000000  8.275380e-12
12925.000000  8.273075e-12
12975.000000  8.231479e-12
13025.000000  8.133286e-12
13075.000000  8.080437e-12
13125.000000  7.951273e-12
13175.000000  7.849900e-12
13225.000000  7.831304e-12
13275.000000  7.714337e-12
13325.000000  7.661040e-12
13375.000000  7.575041e-12
13425.000000  7.516001e-12
13475.000000  7.438752e-12
13525.000000  7.349302e-12
13575.000000  7.239740e-12
13625.000000  7.204545e-12
13675.000000  7.118378e-12
13725.000000  6.995004e-12
13775.000000  6.962539e-12
13825.000000  6.904452e-12
13875.000000  6.870091e-12
13925.000000  6.768324e-12
13975.000000  6.710512e-12
14025.000000  6.629312e-12
14075.000000  6.591774e-12
14125.000000  6.491791e-12
14175.000000  6.464395e-12
14225.000000  6.350992e-12
14275.000000  6.262381e-12
14325.000000  6.262102e-12
14375.000000  6.225402e-12
14425.000000  5.991627e-12
14475.000000  6.086657e-12
14525.000000  5.940672e-12
14570.000000  5.955051e-12
14620.000000  5.883977e-12
14675.000000  5.843820e-12
14725.000000  5.741948e-12
14775.000000  5.679621e-12
14825.000000  5.649778e-12
14875.000000  5.539330e-12
14925.000000  5.591408e-12
14975.000000  5.502409e-12
15025.000000  5.405387e-12
15075.000000  5.344893e-12
15125.000000  5.359157e-12
15175.000000  5.321231e-12
15225.000000  5.235348e-12
15275.000000  5.208786e-12
15325.000000  5.147182e-12
15375.000000  5.102902e-12
15425.000000  5.018193e-12
15475.000000  4.994569e-12
15525.000000  4.945113e-12
15575.000000  4.856517e-12
15625.000000  4.889861e-12
15675.000000  4.767115e-12
15725.000000  4.700018e-12
15775.000000  4.661392e-12
15825.000000  4.662512e-12
15875.000000  4.407061e-12
15925.000000  4.546828e-12
15975.000000  4.560032e-12
16050.000000  4.448862e-12
16150.000000  4.260850e-12
16250.000000  4.354190e-12
16350.000000  4.172729e-12
16450.000000  3.961146e-12
16550.000000  4.101288e-12
16650.000000  4.026664e-12
16750.000000  3.827485e-12
16850.000000  3.611176e-12
16950.000000  3.784958e-12
17050.000000  3.688445e-12
17150.000000  3.625290e-12
17250.000000  3.505482e-12
17350.000000  3.173374e-12
17450.000000  3.328844e-12
17550.000000  3.320558e-12
17650.000000  3.255051e-12
17750.000000  3.198713e-12
17850.000000  3.136939e-12
17950.000000  3.085230e-12
18050.000000  2.994259e-12
18150.000000  2.727898e-12
18250.000000  2.823663e-12
18350.000000  2.831654e-12
18450.000000  2.772576e-12
18550.000000  2.719471e-12
18650.000000  2.645679e-12
18750.000000  2.387084e-12
18850.000000  2.537339e-12
18950.000000  2.479445e-12
19050.000000  2.481173e-12
19150.000000  2.429133e-12
19250.000000  2.380773e-12
19350.000000  2.309844e-12
19450.000000  2.097174e-12
19550.000000  2.230846e-12
19650.000000  2.206456e-12
19750.000000  2.161827e-12
19850.000000  2.131582e-12
19950.000000  2.092430e-12
20050.000000  2.059332e-12
20150.000000  2.026591e-12
20250.000000  1.981540e-12
20350.000000  1.937899e-12
20450.000000  1.919110e-12
20550.000000  1.881918e-12
20650.000000  1.841630e-12
20750.000000  1.812987e-12
20850.000000  1.781654e-12
20950.000000  1.745393e-12
21050.000000  1.720499e-12
21150.000000  1.686364e-12
21250.000000  1.656797e-12
21350.000000  1.630327e-12
21450.000000  1.605014e-12
21550.000000  1.567123e-12
21650.000000  1.426725e-12
21750.000000  1.501125e-12
21850.000000  1.492381e-12
21950.000000  1.476645e-12
22050.000000  1.443273e-12
22150.000000  1.423012e-12
22250.000000  1.402852e-12
22350.000000  1.379478e-12
22450.000000  1.357006e-12
22550.000000  1.327187e-12
22650.000000  1.309288e-12
22750.000000  1.290649e-12
22850.000000  1.266739e-12
22950.000000  1.246996e-12
23050.000000  1.231097e-12
23150.000000  1.209310e-12
23250.000000  1.191795e-12
23350.000000  1.170983e-12
23450.000000  1.154905e-12
23550.000000  1.135886e-12
23650.000000  1.119496e-12
23750.000000  1.097228e-12
23850.000000  1.080989e-12
23950.000000  1.066872e-12
24050.000000  1.049306e-12
24150.000000  1.031284e-12
24250.000000  1.017439e-12
24350.000000  9.998343e-13
24450.000000  9.865635e-13
24550.000000  9.672816e-13
24650.000000  9.568346e-13
24750.000000  9.404163e-13
24850.000000  9.238976e-13
24950.000000  9.105436e-13
