2505.000000  2.918246e-12
2513.000000  1.626344e-12
2518.000000  1.156973e-12
2525.000000  1.122138e-12
2535.000000  1.707079e-12
2545.000000  2.262088e-12
2555.000000  5.659942e-12
2565.000000  4.238545e-12
2575.000000  6.098108e-12
2585.000000  5.181353e-12
2595.000000  4.560601e-12
2605.000000  3.689130e-12
2615.000000  3.367023e-12
2625.000000  4.867901e-12
2635.000000  1.119893e-11
2645.000000  1.620880e-11
2655.000000  2.540927e-11
2665.000000  1.296659e-11
2675.000000  1.527790e-11
2685.000000  1.885439e-11
2695.000000  1.315014e-11
2705.000000  1.781143e-11
2715.000000  1.142935e-11
2725.000000  7.668444e-12
2735.000000  1.029720e-11
2745.000000  5.272186e-12
2755.000000  7.697144e-12
2765.000000  1.097904e-11
2775.000000  1.169193e-11
2785.000000  6.449911e-12
2795.000000  2.350122e-12
2805.000000  3.051661e-12
2815.000000  1.019631e-11
2825.000000  1.694923e-11
2835.000000  1.618932e-11
2845.000000  9.555004e-12
2855.000000  4.295446e-12
2865.000000  1.443507e-11
2875.000000  2.394580e-11
2885.000000  2.131318e-11
2895.000000  2.723702e-11
2910.000000  3.825912e-11
2930.000000  3.444214e-11
2950.000000  3.257844e-11
2970.000000  3.576541e-11
2990.000000  3.555498e-11
3010.000000  3.523605e-11
3030.000000  3.978025e-11
3050.000000  4.071894e-11
3070.000000  4.359893e-11
3090.000000  4.378998e-11
3110.000000  4.943297e-11
3130.000000  4.561283e-11
3150.000000  4.555198e-11
3170.000000  4.989212e-11
3190.000000  4.308851e-11
3210.000000  4.830343e-11
3230.000000  3.755205e-11
3250.000000  5.501496e-11
3270.000000  6.604584e-11
3290.000000  6.286920e-11
3310.000000  5.969023e-11
3330.000000  6.114262e-11
3350.000000  5.858897e-11
3370.000000  4.613500e-11
3390.000000  5.215823e-11
3410.000000  5.433089e-11
3430.000000  5.557063e-11
3450.000000  6.143423e-11
3470.000000  6.255678e-11
3490.000000  6.823568e-11
3510.000000  7.094756e-11
3530.000000  6.427115e-11
3550.000000  7.309807e-11
3570.000000  5.001288e-11
3590.000000  5.382873e-11
3610.000000  6.555888e-11
3630.000000  6.830373e-11
3640.000000  6.779241e-11
3650.000000  7.976758e-11
3670.000000  8.127136e-11
3690.000000  7.793295e-11
3710.000000  8.440508e-11
3730.000000  6.264419e-11
3750.000000  6.994095e-11
3770.000000  8.193411e-11
3790.000000  8.197677e-11
3810.000000  7.780874e-11
3830.000000  4.752170e-11
3850.000000  5.587403e-11
3870.000000  5.730577e-11
3890.000000  8.030110e-11
3910.000000  9.638846e-11
3930.000000  4.566574e-11
3950.000000  7.980288e-11
3970.000000  5.341811e-11
3990.000000  1.171913e-10
4010.000000  1.270994e-10
4030.000000  1.265836e-10
4050.000000  1.205219e-10
4070.000000  1.171473e-10
4090.000000  1.359411e-10
4110.000000  1.326365e-10
4130.000000  1.280395e-10
4150.000000  1.277367e-10
4170.000000  1.267456e-10
4190.000000  1.240535e-10
4210.000000  1.307251e-10
4230.000000  1.287794e-10
4250.000000  1.330553e-10
4270.000000  1.235413e-10
4290.000000  1.120861e-10
4310.000000  9.314346e-11
4330.000000  1.358016e-10
4350.000000  1.289415e-10
4370.000000  1.457454e-10
4390.000000  1.314905e-10
4410.000000  1.422646e-10
4430.000000  1.471344e-10
4450.000000  1.486631e-10
4470.000000  1.582210e-10
4490.000000  1.590069e-10
4510.000000  1.795031e-10
4530.000000  1.595036e-10
4550.000000  1.636596e-10
4570.000000  1.763726e-10
4590.000000  1.655677e-10
4610.000000  1.700882e-10
4630.000000  1.644055e-10
4650.000000  1.675879e-10
4670.000000  1.719312e-10
4690.000000  1.671500e-10
4710.000000  1.603167e-10
4730.000000  1.705697e-10
4750.000000  1.766875e-10
4770.000000  1.777066e-10
4790.000000  1.770593e-10
4810.000000  1.724292e-10
4830.000000  1.784569e-10
4850.000000  1.627425e-10
4870.000000  1.450619e-10
4890.000000  1.678439e-10
4910.000000  1.670133e-10
4930.000000  1.642614e-10
4950.000000  1.741287e-10
4970.000000  1.717798e-10
4990.000000  1.581866e-10
5010.000000  1.502129e-10
5030.000000  1.599034e-10
5050.000000  1.615406e-10
5070.000000  1.689659e-10
5090.000000  1.597093e-10
5110.000000  1.635370e-10
5130.000000  1.571141e-10
5150.000000  1.519620e-10
5170.000000  1.399180e-10
5190.000000  1.426950e-10
5210.000000  1.562775e-10
5230.000000  1.578993e-10
5250.000000  1.619916e-10
5270.000000  1.417092e-10
5290.000000  1.615437e-10
5310.000000  1.684640e-10
5330.000000  1.488626e-10
5350.000000  1.627083e-10
5370.000000  1.643214e-10
5390.000000  1.605094e-10
5410.000000  1.544293e-10
5430.000000  1.595476e-10
5450.000000  1.669309e-10
5470.000000  1.604128e-10
5490.000000  1.572433e-10
5510.000000  1.571573e-10
5530.000000  1.600525e-10
5550.000000  1.623861e-10
5570.000000  1.584902e-10
5590.000000  1.538793e-10
5610.000000  1.612408e-10
5630.000000  1.592833e-10
5650.000000  1.588118e-10
5670.000000  1.542080e-10
5690.000000  1.582000e-10
5710.000000  1.546267e-10
5730.000000  1.676176e-10
5750.000000  1.594192e-10
5770.000000  1.620330e-10
5790.000000  1.547104e-10
5810.000000  1.604602e-10
5830.000000  1.640497e-10
5850.000000  1.594323e-10
5870.000000  1.597740e-10
5890.000000  1.468564e-10
5910.000000  1.573600e-10
5930.000000  1.568567e-10
5950.000000  1.570519e-10
5970.000000  1.582276e-10
5990.000000  1.553362e-10
6010.000000  1.521380e-10
6030.000000  1.538606e-10
6050.000000  1.566379e-10
6070.000000  1.563074e-10
6090.000000  1.495802e-10
6110.000000  1.485523e-10
6130.000000  1.420280e-10
6150.000000  1.442610e-10
6170.000000  1.394811e-10
6190.000000  1.483216e-10
6210.000000  1.487743e-10
6230.000000  1.433751e-10
6250.000000  1.378451e-10
6270.000000  1.458039e-10
6290.000000  1.467032e-10
6310.000000  1.407469e-10
6330.000000  1.414891e-10
6350.000000  1.403112e-10
6370.000000  1.393598e-10
6390.000000  1.428360e-10
6410.000000  1.388406e-10
6430.000000  1.406012e-10
6450.000000  1.382975e-10
6470.000000  1.380783e-10
6490.000000  1.358724e-10
6510.000000  1.391291e-10
6530.000000  1.383458e-10
6550.000000  1.345411e-10
6570.000000  1.217995e-10
6590.000000  1.355653e-10
6610.000000  1.372443e-10
6630.000000  1.354618e-10
6650.000000  1.353703e-10
6670.000000  1.330389e-10
6690.000000  1.356671e-10
6710.000000  1.317149e-10
6730.000000  1.340572e-10
6750.000000  1.315642e-10
6770.000000  1.317684e-10
6790.000000  1.304291e-10
6810.000000  1.296803e-10
6830.000000  1.308714e-10
6850.000000  1.268689e-10
6870.000000  1.288431e-10
6890.000000  1.287672e-10
6910.000000  1.274018e-10
6930.000000  1.265828e-10
6950.000000  1.260367e-10
6970.000000  1.256559e-10
6990.000000  1.252383e-10
7010.000000  1.197005e-10
7030.000000  1.226908e-10
7050.000000  1.235301e-10
7070.000000  1.217520e-10
7090.000000  1.209089e-10
7110.000000  1.208659e-10
7130.000000  1.187803e-10
7150.000000  1.181065e-10
7170.000000  1.174472e-10
7190.000000  1.133256e-10
7210.000000  1.168915e-10
7230.000000  1.161942e-10
7250.000000  1.169150e-10
7270.000000  1.164541e-10
7290.000000  1.119937e-10
7310.000000  1.146455e-10
7330.000000  1.142481e-10
7350.000000  1.142359e-10
7370.000000  1.143162e-10
7390.000000  1.107843e-10
7410.000000  1.096039e-10
7430.000000  1.103156e-10
7450.000000  1.106155e-10
7470.000000  1.115825e-10
7490.000000  1.101486e-10
7510.000000  1.105220e-10
7530.000000  1.105265e-10
7550.000000  1.106297e-10
7570.000000  1.090094e-10
7590.000000  1.088394e-10
7610.000000  1.077002e-10
7630.000000  1.087656e-10
7650.000000  1.079958e-10
7670.000000  1.044774e-10
7690.000000  1.068101e-10
7710.000000  1.054272e-10
7730.000000  1.049076e-10
7750.000000  1.036908e-10
7770.000000  1.050769e-10
7790.000000  1.055553e-10
7810.000000  1.041861e-10
7830.000000  1.030668e-10
7850.000000  1.024667e-10
7870.000000  1.032439e-10
7890.000000  1.019838e-10
7910.000000  9.981421e-11
7930.000000  9.782934e-11
7950.000000  9.776330e-11
7970.000000  9.980695e-11
7990.000000  9.973200e-11
8010.000000  9.827219e-11
8030.000000  9.776375e-11
8050.000000  9.679375e-11
8070.000000  9.718162e-11
8090.000000  9.489787e-11
8110.000000  9.585107e-11
8130.000000  9.637455e-11
8150.000000  9.533976e-11
8170.000000  9.522433e-11
8190.000000  9.205620e-11
8210.000000  9.177886e-11
8230.000000  9.204783e-11
8250.000000  9.261375e-11
8270.000000  9.360560e-11
8290.000000  9.284530e-11
8310.000000  8.985804e-11
8330.000000  9.002528e-11
8350.000000  8.998457e-11
8370.000000  9.067169e-11
8390.000000  8.860756e-11
8410.000000  9.012290e-11
8430.000000  8.779027e-11
8450.000000  8.830878e-11
8470.000000  8.769667e-11
8490.000000  8.656541e-11
8510.000000  8.179580e-11
8530.000000  8.446959e-11
8550.000000  7.063496e-11
8570.000000  8.716775e-11
8590.000000  8.480438e-11
8610.000000  8.472341e-11
8630.000000  8.603448e-11
8650.000000  8.422326e-11
8670.000000  7.049314e-11
8690.000000  8.193893e-11
8710.000000  8.367343e-11
8730.000000  8.347854e-11
8750.000000  8.061633e-11
8770.000000  8.351424e-11
8790.000000  8.263004e-11
8810.000000  8.052287e-11
8830.000000  8.193335e-11
8850.000000  8.140002e-11
8870.000000  7.797998e-11
8890.000000  8.129830e-11
8910.000000  8.194117e-11
8930.000000  7.958004e-11
8950.000000  7.993099e-11
8970.000000  7.967710e-11
8990.000000  7.967348e-11
9010.000000  7.453168e-11
9030.000000  7.773568e-11
9050.000000  7.985626e-11
9070.000000  7.785208e-11
9090.000000  7.520163e-11
9110.000000  7.577150e-11
9130.000000  7.795577e-11
9150.000000  7.606091e-11
9170.000000  7.513688e-11
9190.000000  7.552850e-11
9210.000000  7.267124e-11
9230.000000  7.039738e-11
9250.000000  7.182385e-11
9270.000000  7.321983e-11
9290.000000  7.322430e-11
9310.000000  7.382297e-11
9330.000000  7.328905e-11
9350.000000  7.295535e-11
9370.000000  7.256263e-11
9390.000000  7.188386e-11
9410.000000  6.856168e-11
9430.000000  7.067218e-11
9450.000000  6.937796e-11
9470.000000  7.090627e-11
9490.000000  7.101488e-11
9510.000000  7.043421e-11
9530.000000  6.947158e-11
9550.000000  6.641363e-11
9570.000000  6.873869e-11
9590.000000  6.968301e-11
9610.000000  6.859053e-11
9630.000000  6.781822e-11
9650.000000  6.755431e-11
9670.000000  6.690891e-11
9690.000000  6.768917e-11
9710.000000  6.750071e-11
9730.000000  6.746565e-11
9750.000000  6.635801e-11
9770.000000  6.657637e-11
9790.000000  6.573794e-11
9810.000000  6.667871e-11
9830.000000  6.602919e-11
9850.000000  6.609808e-11
9870.000000  6.548243e-11
9890.000000  6.532722e-11
9910.000000  6.458433e-11
9930.000000  6.544455e-11
9950.000000  6.502506e-11
9970.000000  6.487605e-11
9990.000000  6.452406e-11
10025.000000  6.357357e-11
10075.000000  6.213162e-11
10125.000000  6.263378e-11
10175.000000  6.129979e-11
10225.000000  6.122754e-11
10275.000000  6.115523e-11
10325.000000  5.982396e-11
10375.000000  5.928404e-11
10425.000000  5.906449e-11
10475.000000  5.781241e-11
10525.000000  5.773921e-11
10575.000000  5.702453e-11
10625.000000  5.644217e-11
10675.000000  5.474545e-11
10725.000000  5.479502e-11
10775.000000  5.413833e-11
10825.000000  5.281580e-11
10875.000000  5.249331e-11
10925.000000  5.118332e-11
10975.000000  5.004572e-11
11025.000000  5.032133e-11
11075.000000  5.029833e-11
11125.000000  4.973181e-11
11175.000000  4.946656e-11
11225.000000  4.922410e-11
11275.000000  4.789853e-11
11325.000000  4.799409e-11
11375.000000  4.740268e-11
11425.000000  4.674679e-11
11475.000000  4.742326e-11
11525.000000  4.696935e-11
11575.000000  4.615779e-11
11625.000000  4.532020e-11
11675.000000  4.504047e-11
11725.000000  4.553477e-11
11775.000000  4.425458e-11
11825.000000  4.387403e-11
11875.000000  4.329347e-11
11925.000000  4.409673e-11
11975.000000  4.211161e-11
12025.000000  4.260372e-11
12075.000000  4.190213e-11
12125.000000  4.182173e-11
12175.000000  4.202080e-11
12225.000000  4.161623e-11
12275.000000  4.111183e-11
12325.000000  4.072922e-11
12375.000000  4.043714e-11
12425.000000  3.992512e-11
12475.000000  3.985887e-11
12525.000000  3.922501e-11
12575.000000  3.892086e-11
12625.000000  3.869974e-11
12675.000000  3.809378e-11
12725.000000  3.807563e-11
12775.000000  3.780079e-11
12825.000000  3.509648e-11
12875.000000  3.678940e-11
12925.000000  3.640034e-11
12975.000000  3.652509e-11
13025.000000  3.579285e-11
13075.000000  3.590802e-11
13125.000000  3.514139e-11
13175.000000  3.483375e-11
13225.000000  3.492205e-11
13275.000000  3.416866e-11
13325.000000  3.423408e-11
13375.000000  3.384215e-11
13425.000000  3.380715e-11
13475.000000  3.347652e-11
13525.000000  3.321840e-11
13575.000000  3.249121e-11
13625.000000  3.238947e-11
13675.000000  3.212280e-11
13725.000000  3.187023e-11
13775.000000  3.165650e-11
13825.000000  3.150638e-11
13875.000000  3.132939e-11
13925.000000  3.103585e-11
13975.000000  3.077858e-11
14025.000000  3.026803e-11
14075.000000  3.012906e-11
14125.000000  2.938277e-11
14175.000000  2.954861e-11
14225.000000  2.885030e-11
14275.000000  2.828656e-11
14325.000000  2.863921e-11
14375.000000  2.871870e-11
14425.000000  2.736879e-11
14475.000000  2.809331e-11
14525.000000  2.731999e-11
14570.000000  2.748097e-11
14620.000000  2.714336e-11
14675.000000  2.699133e-11
14725.000000  2.634505e-11
14775.000000  2.625683e-11
14825.000000  2.616631e-11
14875.000000  2.555757e-11
14925.000000  2.622583e-11
14975.000000  2.572386e-11
15025.000000  2.504586e-11
15075.000000  2.484146e-11
15125.000000  2.510253e-11
15175.000000  2.512270e-11
15225.000000  2.455346e-11
15275.000000  2.474211e-11
15325.000000  2.438794e-11
15375.000000  2.430344e-11
15425.000000  2.404037e-11
15475.000000  2.386948e-11
15525.000000  2.343168e-11
15575.000000  2.316410e-11
15625.000000  2.351917e-11
15675.000000  2.264752e-11
15725.000000  2.284810e-11
15775.000000  2.189573e-11
15825.000000  2.221783e-11
15875.000000  2.108010e-11
15925.000000  2.161216e-11
15975.000000  2.186634e-11
16050.000000  2.149109e-11
16150.000000  2.087000e-11
16250.000000  2.103561e-11
16350.000000  2.040484e-11
16450.000000  1.970500e-11
16550.000000  1.992079e-11
16650.000000  1.959105e-11
16750.000000  1.888965e-11
16850.000000  1.811618e-11
16950.000000  1.859706e-11
17050.000000  1.791626e-11
17150.000000  1.772389e-11
17250.000000  1.708645e-11
17350.000000  1.610005e-11
17450.000000  1.640228e-11
17550.000000  1.625261e-11
17650.000000  1.595380e-11
17750.000000  1.557180e-11
17850.000000  1.538126e-11
17950.000000  1.510934e-11
18050.000000  1.469909e-11
18150.000000  1.394266e-11
18250.000000  1.399548e-11
18350.000000  1.385694e-11
18450.000000  1.348300e-11
18550.000000  1.333125e-11
18650.000000  1.289833e-11
18750.000000  1.214245e-11
18850.000000  1.250890e-11
18950.000000  1.195918e-11
19050.000000  1.217654e-11
19150.000000  1.188032e-11
19250.000000  1.168688e-11
19350.000000  1.132140e-11
19450.000000  1.070574e-11
19550.000000  1.104097e-11
19650.000000  1.080565e-11
19750.000000  1.056688e-11
19850.000000  1.045405e-11
19950.000000  1.026454e-11
20050.000000  1.014923e-11
20150.000000  1.003131e-11
20250.000000  9.722559e-12
20350.000000  9.485317e-12
20450.000000  9.497313e-12
20550.000000  9.257953e-12
20650.000000  9.065241e-12
20750.000000  8.938673e-12
20850.000000  8.760573e-12
20950.000000  8.569044e-12
21050.000000  8.523544e-12
21150.000000  8.339315e-12
21250.000000  8.178550e-12
21350.000000  8.088909e-12
21450.000000  7.961267e-12
21550.000000  7.811135e-12
21650.000000  7.351216e-12
21750.000000  7.455895e-12
21850.000000  7.390292e-12
21950.000000  7.328554e-12
22050.000000  7.122554e-12
22150.000000  7.077997e-12
22250.000000  6.947004e-12
22350.000000  6.829569e-12
22450.000000  6.721044e-12
22550.000000  6.586914e-12
22650.000000  6.470707e-12
22750.000000  6.420777e-12
22850.000000  6.255017e-12
22950.000000  6.036191e-12
23050.000000  6.050134e-12
23150.000000  5.949262e-12
23250.000000  5.694691e-12
23350.000000  5.702392e-12
23450.000000  5.679058e-12
23550.000000  5.388652e-12
23650.000000  5.456083e-12
23750.000000  5.335463e-12
23850.000000  5.120565e-12
23950.000000  5.182950e-12
24050.000000  5.120998e-12
24150.000000  4.902404e-12
24250.000000  4.919710e-12
24350.000000  4.864350e-12
24450.000000  4.742491e-12
24550.000000  4.627858e-12
24650.000000  4.673123e-12
24750.000000  4.546269e-12
24850.000000  4.434696e-12
24950.000000  4.436580e-12
