2505.000000  8.098443e-10
2513.000000  7.745302e-10
2518.000000  7.942792e-10
2525.000000  7.629552e-10
2535.000000  7.568296e-10
2545.000000  7.408907e-10
2555.000000  7.579670e-10
2565.000000  7.472702e-10
2575.000000  7.599136e-10
2585.000000  7.574230e-10
2595.000000  7.520107e-10
2605.000000  7.350850e-10
2615.000000  7.294331e-10
2625.000000  7.239803e-10
2635.000000  7.214595e-10
2645.000000  7.331664e-10
2655.000000  7.252983e-10
2665.000000  7.023935e-10
2675.000000  7.081780e-10
2685.000000  7.007652e-10
2695.000000  6.864349e-10
2705.000000  6.850426e-10
2715.000000  6.711349e-10
2725.000000  6.612837e-10
2735.000000  6.695023e-10
2745.000000  6.377353e-10
2755.000000  6.341651e-10
2765.000000  6.359966e-10
2775.000000  6.429452e-10
2785.000000  6.367246e-10
2795.000000  6.053061e-10
2805.000000  6.197720e-10
2815.000000  6.237754e-10
2825.000000  6.126914e-10
2835.000000  5.914702e-10
2845.000000  5.887954e-10
2855.000000  5.897716e-10
2865.000000  5.943396e-10
2875.000000  5.839195e-10
2885.000000  5.809932e-10
2895.000000  5.770423e-10
2910.000000  5.727224e-10
2930.000000  5.581708e-10
2950.000000  5.452723e-10
2970.000000  5.400315e-10
2990.000000  5.285438e-10
3010.000000  5.227567e-10
3030.000000  5.155807e-10
3050.000000  5.050935e-10
3070.000000  4.957036e-10
3090.000000  4.875215e-10
3110.000000  4.777116e-10
3130.000000  4.705894e-10
3150.000000  4.621401e-10
3170.000000  4.537289e-10
3190.000000  4.407137e-10
3210.000000  4.375806e-10
3230.000000  4.307830e-10
3250.000000  4.237211e-10
3270.000000  4.171316e-10
3290.000000  4.100187e-10
3310.000000  4.038405e-10
3330.000000  3.968009e-10
3350.000000  3.893853e-10
3370.000000  3.834153e-10
3390.000000  3.772090e-10
3410.000000  3.712847e-10
3430.000000  3.644044e-10
3450.000000  3.578004e-10
3470.000000  3.524472e-10
3490.000000  3.468907e-10
3510.000000  3.416437e-10
3530.000000  3.366697e-10
3550.000000  3.312737e-10
3570.000000  3.270345e-10
3590.000000  3.200522e-10
3610.000000  3.158076e-10
3630.000000  3.105130e-10
3640.000000  3.095991e-10
3650.000000  3.063159e-10
3670.000000  3.027076e-10
3690.000000  2.977727e-10
3710.000000  2.884961e-10
3730.000000  2.752857e-10
3750.000000  2.827556e-10
3770.000000  2.816528e-10
3790.000000  3.059725e-10
3810.000000  3.280359e-10
3830.000000  2.789138e-10
3850.000000  3.446532e-10
3870.000000  3.631231e-10
3890.000000  2.575994e-10
3910.000000  3.612010e-10
3930.000000  3.637227e-10
3950.000000  3.517157e-10
3970.000000  2.418854e-10
3990.000000  3.338088e-10
4010.000000  3.466479e-10
4030.000000  3.222637e-10
4050.000000  3.419807e-10
4070.000000  3.299116e-10
4090.000000  2.816902e-10
4110.000000  2.368862e-10
4130.000000  3.060483e-10
4150.000000  3.104725e-10
4170.000000  3.098894e-10
4190.000000  3.070886e-10
4210.000000  3.030754e-10
4230.000000  2.977901e-10
4250.000000  2.924877e-10
4270.000000  2.839063e-10
4290.000000  2.817712e-10
4310.000000  2.721634e-10
4330.000000  2.267722e-10
4350.000000  2.033968e-10
4370.000000  2.570010e-10
4390.000000  2.507048e-10
4410.000000  2.570213e-10
4430.000000  2.523696e-10
4450.000000  2.503648e-10
4470.000000  2.318907e-10
4490.000000  2.401573e-10
4510.000000  2.399189e-10
4530.000000  2.356122e-10
4550.000000  2.321885e-10
4570.000000  2.291647e-10
4590.000000  2.257087e-10
4610.000000  2.221795e-10
4630.000000  2.182800e-10
4650.000000  2.152282e-10
4670.000000  2.125598e-10
4690.000000  2.097488e-10
4710.000000  2.023664e-10
4730.000000  2.023945e-10
4750.000000  1.992146e-10
4770.000000  1.977908e-10
4790.000000  1.942666e-10
4810.000000  1.898892e-10
4830.000000  1.840006e-10
4850.000000  1.585250e-10
4870.000000  1.385549e-10
4890.000000  1.745469e-10
4910.000000  1.765080e-10
4930.000000  1.700062e-10
4950.000000  1.735827e-10
4970.000000  1.717365e-10
4990.000000  1.691849e-10
5010.000000  1.631228e-10
5030.000000  1.639905e-10
5050.000000  1.593401e-10
5070.000000  1.600478e-10
5090.000000  1.578133e-10
5110.000000  1.553350e-10
5130.000000  1.531472e-10
5150.000000  1.508168e-10
5170.000000  1.494162e-10
5190.000000  1.474476e-10
5210.000000  1.443253e-10
5230.000000  1.435482e-10
5250.000000  1.417624e-10
5270.000000  1.396665e-10
5290.000000  1.382528e-10
5310.000000  1.362799e-10
5330.000000  1.344218e-10
5350.000000  1.324219e-10
5370.000000  1.312106e-10
5390.000000  1.294868e-10
5410.000000  1.276968e-10
5430.000000  1.257631e-10
5450.000000  1.243452e-10
5470.000000  1.226792e-10
5490.000000  1.214473e-10
5510.000000  1.197813e-10
5530.000000  1.183666e-10
5550.000000  1.169454e-10
5570.000000  1.154077e-10
5590.000000  1.140340e-10
5610.000000  1.124995e-10
5630.000000  1.113399e-10
5650.000000  1.092047e-10
5670.000000  1.079873e-10
5690.000000  1.069857e-10
5710.000000  1.058882e-10
5730.000000  1.046521e-10
5750.000000  1.033614e-10
5770.000000  1.021263e-10
5790.000000  1.008934e-10
5810.000000  9.965831e-11
5830.000000  9.847391e-11
5850.000000  9.730405e-11
5870.000000  9.297970e-11
5890.000000  9.441464e-11
5910.000000  9.383870e-11
5930.000000  9.278864e-11
5950.000000  9.137071e-11
5970.000000  9.058226e-11
5990.000000  8.935038e-11
6010.000000  8.853485e-11
6030.000000  8.748803e-11
6050.000000  8.650097e-11
6070.000000  8.545515e-11
6090.000000  8.446611e-11
6110.000000  8.354108e-11
6130.000000  8.260150e-11
6150.000000  8.136863e-11
6170.000000  8.069068e-11
6190.000000  7.978243e-11
6210.000000  7.890487e-11
6230.000000  7.797885e-11
6250.000000  7.692879e-11
6270.000000  7.623728e-11
6290.000000  7.537327e-11
6310.000000  7.445148e-11
6330.000000  7.371151e-11
6350.000000  7.242692e-11
6370.000000  7.179744e-11
6390.000000  7.124351e-11
6410.000000  7.044053e-11
6430.000000  6.976356e-11
6450.000000  6.891634e-11
6470.000000  6.811210e-11
6490.000000  6.726587e-11
6510.000000  6.627478e-11
6530.000000  6.481609e-11
6550.000000  5.949524e-11
6570.000000  5.174741e-11
6590.000000  6.154623e-11
6610.000000  6.265072e-11
6630.000000  6.231731e-11
6650.000000  6.180960e-11
6670.000000  6.054339e-11
6690.000000  5.998794e-11
6710.000000  5.996551e-11
6730.000000  5.934611e-11
6750.000000  5.873585e-11
6770.000000  5.813179e-11
6790.000000  5.741006e-11
6810.000000  5.689881e-11
6830.000000  5.628170e-11
6850.000000  5.573923e-11
6870.000000  5.517606e-11
6890.000000  5.460753e-11
6910.000000  5.404026e-11
6930.000000  5.342202e-11
6950.000000  5.294609e-11
6970.000000  5.241571e-11
6990.000000  5.187799e-11
7010.000000  5.133520e-11
7030.000000  5.082174e-11
7050.000000  5.025049e-11
7070.000000  4.912570e-11
7090.000000  4.932648e-11
7110.000000  4.880085e-11
7130.000000  4.832450e-11
7150.000000  4.783752e-11
7170.000000  4.738275e-11
7190.000000  4.692329e-11
7210.000000  4.645935e-11
7230.000000  4.567865e-11
7250.000000  4.552474e-11
7270.000000  4.510249e-11
7290.000000  4.439449e-11
7310.000000  4.422854e-11
7330.000000  4.379686e-11
7350.000000  4.337768e-11
7370.000000  4.295808e-11
7390.000000  4.254333e-11
7410.000000  4.213477e-11
7430.000000  4.168891e-11
7450.000000  4.131450e-11
7470.000000  4.088589e-11
7490.000000  4.051590e-11
7510.000000  4.013826e-11
7530.000000  3.976827e-11
7550.000000  3.939786e-11
7570.000000  3.902788e-11
7590.000000  3.865508e-11
7610.000000  3.830337e-11
7630.000000  3.793959e-11
7650.000000  3.758633e-11
7670.000000  3.723495e-11
7690.000000  3.688934e-11
7710.000000  3.654891e-11
7730.000000  3.620331e-11
7750.000000  3.587486e-11
7770.000000  3.526445e-11
7790.000000  3.521508e-11
7810.000000  3.488705e-11
7830.000000  3.457823e-11
7850.000000  3.418405e-11
7870.000000  3.388153e-11
7890.000000  3.351629e-11
7910.000000  3.333668e-11
7930.000000  3.304689e-11
7950.000000  3.266883e-11
7970.000000  3.244581e-11
7990.000000  3.204509e-11
8010.000000  3.187789e-11
8030.000000  3.158087e-11
8050.000000  3.129550e-11
8070.000000  3.102535e-11
8090.000000  3.073750e-11
8110.000000  3.046589e-11
8130.000000  3.019607e-11
8150.000000  2.992818e-11
8170.000000  2.967766e-11
8190.000000  2.939159e-11
8210.000000  2.906178e-11
8230.000000  2.879402e-11
8250.000000  2.864024e-11
8270.000000  2.834488e-11
8290.000000  2.814238e-11
8310.000000  2.791451e-11
8330.000000  2.767876e-11
8350.000000  2.738443e-11
8370.000000  2.718753e-11
8390.000000  2.699747e-11
8410.000000  2.676152e-11
8430.000000  2.651192e-11
8450.000000  2.609704e-11
8470.000000  2.604451e-11
8490.000000  2.578008e-11
8510.000000  2.551686e-11
8530.000000  2.536052e-11
8550.000000  2.486898e-11
8570.000000  2.507157e-11
8590.000000  2.430397e-11
8610.000000  2.415601e-11
8630.000000  2.461416e-11
8650.000000  2.391183e-11
8670.000000  2.267466e-11
8690.000000  2.392069e-11
8710.000000  2.416877e-11
8730.000000  2.335789e-11
8750.000000  2.117338e-11
8770.000000  2.251104e-11
8790.000000  2.354705e-11
8810.000000  2.361369e-11
8830.000000  2.308187e-11
8850.000000  2.129051e-11
8870.000000  1.971388e-11
8890.000000  2.202346e-11
8910.000000  2.268854e-11
8930.000000  2.271028e-11
8950.000000  2.260641e-11
8970.000000  2.221642e-11
8990.000000  2.119894e-11
9010.000000  1.858017e-11
9030.000000  1.935553e-11
9050.000000  2.104978e-11
9070.000000  2.125914e-11
9090.000000  2.133678e-11
9110.000000  2.130897e-11
9130.000000  2.115910e-11
9150.000000  2.096627e-11
9170.000000  2.064622e-11
9190.000000  2.016956e-11
9210.000000  1.888539e-11
9230.000000  1.644410e-11
9250.000000  1.836202e-11
9270.000000  1.931533e-11
9290.000000  1.968401e-11
9310.000000  1.961739e-11
9330.000000  1.955372e-11
9350.000000  1.943809e-11
9370.000000  1.930218e-11
9390.000000  1.914620e-11
9410.000000  1.888163e-11
9430.000000  1.883761e-11
9450.000000  1.866345e-11
9470.000000  1.838227e-11
9490.000000  1.819369e-11
9510.000000  1.763339e-11
9530.000000  1.640605e-11
9550.000000  1.450593e-11
9570.000000  1.647387e-11
9590.000000  1.725438e-11
9610.000000  1.737067e-11
9630.000000  1.722532e-11
9650.000000  1.728359e-11
9670.000000  1.716175e-11
9690.000000  1.704978e-11
9710.000000  1.691193e-11
9730.000000  1.681858e-11
9750.000000  1.668288e-11
9770.000000  1.656548e-11
9790.000000  1.644051e-11
9810.000000  1.631247e-11
9830.000000  1.618131e-11
9850.000000  1.606568e-11
9870.000000  1.594206e-11
9890.000000  1.580615e-11
9910.000000  1.564763e-11
9930.000000  1.555411e-11
9950.000000  1.541487e-11
9970.000000  1.525883e-11
9990.000000  1.505847e-11
10025.000000  1.390743e-11
10075.000000  1.335820e-11
10125.000000  1.431565e-11
10175.000000  1.419760e-11
10225.000000  1.397422e-11
10275.000000  1.372732e-11
10325.000000  1.343650e-11
10375.000000  1.323950e-11
10425.000000  1.300375e-11
10475.000000  1.277071e-11
10525.000000  1.254651e-11
10575.000000  1.232452e-11
10625.000000  1.211315e-11
10675.000000  1.186626e-11
10725.000000  1.168861e-11
10775.000000  1.148457e-11
10825.000000  1.115315e-11
10875.000000  1.094432e-11
10925.000000  9.658144e-12
10975.000000  1.016354e-11
11025.000000  1.042764e-11
11075.000000  1.033926e-11
11125.000000  1.019753e-11
11175.000000  1.002473e-11
11225.000000  9.858129e-12
11275.000000  9.672501e-12
11325.000000  9.518304e-12
11375.000000  9.380935e-12
11425.000000  9.226738e-12
11475.000000  9.078644e-12
11525.000000  8.930325e-12
11575.000000  8.788433e-12
11625.000000  8.640014e-12
11675.000000  8.502744e-12
11725.000000  8.372931e-12
11775.000000  8.224837e-12
11825.000000  8.107851e-12
11875.000000  7.978038e-12
11925.000000  7.854850e-12
11975.000000  7.675239e-12
12025.000000  7.613829e-12
12075.000000  7.496420e-12
12125.000000  7.379010e-12
12175.000000  7.266448e-12
12225.000000  7.155240e-12
12275.000000  7.044032e-12
12325.000000  6.939026e-12
12375.000000  6.834020e-12
12425.000000  6.729338e-12
12475.000000  6.624332e-12
12525.000000  6.523971e-12
12575.000000  6.431124e-12
12625.000000  6.333981e-12
12675.000000  6.231725e-12
12725.000000  6.115337e-12
12775.000000  5.866714e-12
12825.000000  5.300256e-12
12875.000000  5.758134e-12
12925.000000  5.771944e-12
12975.000000  5.683649e-12
13025.000000  5.634607e-12
13075.000000  5.553693e-12
13125.000000  5.474369e-12
13175.000000  5.393423e-12
13225.000000  5.319373e-12
13275.000000  5.244325e-12
13325.000000  5.170233e-12
13375.000000  5.097381e-12
13425.000000  5.024081e-12
13475.000000  4.955631e-12
13525.000000  4.886333e-12
13575.000000  4.818988e-12
13625.000000  4.752160e-12
13675.000000  4.686056e-12
13725.000000  4.621844e-12
13775.000000  4.559810e-12
13825.000000  4.497426e-12
13875.000000  4.436726e-12
13925.000000  4.376090e-12
13975.000000  4.317385e-12
14025.000000  4.259343e-12
14075.000000  4.202363e-12
14125.000000  4.146171e-12
14175.000000  4.091230e-12
14225.000000  4.036866e-12
14275.000000  3.983598e-12
14325.000000  3.931095e-12
14375.000000  3.879686e-12
14425.000000  3.826563e-12
14475.000000  3.778224e-12
14525.000000  3.728854e-12
14570.000000  3.686096e-12
14620.000000  3.638512e-12
14675.000000  3.587734e-12
14725.000000  3.542043e-12
14775.000000  3.496762e-12
14825.000000  3.452973e-12
14875.000000  3.409563e-12
14925.000000  3.366973e-12
14975.000000  3.324792e-12
15025.000000  3.283442e-12
15075.000000  3.238763e-12
15125.000000  3.202361e-12
15175.000000  3.162251e-12
15225.000000  3.123162e-12
15275.000000  3.084115e-12
15325.000000  3.045510e-12
15375.000000  3.009193e-12
15425.000000  2.969564e-12
15475.000000  2.934933e-12
15525.000000  2.897126e-12
15575.000000  2.856244e-12
15625.000000  2.832556e-12
15675.000000  2.785769e-12
15725.000000  2.746273e-12
15775.000000  2.734043e-12
15825.000000  2.696959e-12
15875.000000  2.624014e-12
15925.000000  2.621733e-12
15975.000000  2.612813e-12
16050.000000  2.548523e-12
16150.000000  2.460534e-12
16250.000000  2.458754e-12
16350.000000  2.364834e-12
16450.000000  2.273086e-12
16550.000000  2.299013e-12
16650.000000  2.249455e-12
16750.000000  2.147351e-12
16850.000000  2.057095e-12
16950.000000  2.098267e-12
17050.000000  2.051738e-12
17150.000000  2.013691e-12
17250.000000  1.957056e-12
17350.000000  1.807626e-12
17450.000000  1.855928e-12
17550.000000  1.842214e-12
17650.000000  1.805254e-12
17750.000000  1.766343e-12
17850.000000  1.728672e-12
17950.000000  1.691711e-12
18050.000000  1.645567e-12
18150.000000  1.523344e-12
18250.000000  1.551013e-12
18350.000000  1.550490e-12
18450.000000  1.522603e-12
18550.000000  1.489386e-12
18650.000000  1.444286e-12
18750.000000  1.338974e-12
18850.000000  1.390707e-12
18950.000000  1.372493e-12
19050.000000  1.342604e-12
19150.000000  1.319079e-12
19250.000000  1.291040e-12
19350.000000  1.253578e-12
19450.000000  1.156491e-12
19550.000000  1.203999e-12
19650.000000  1.193278e-12
19750.000000  1.171263e-12
19850.000000  1.148989e-12
19950.000000  1.126780e-12
20050.000000  1.105601e-12
20150.000000  1.084590e-12
20250.000000  1.063598e-12
20350.000000  1.043828e-12
20450.000000  1.024067e-12
20550.000000  1.003686e-12
20650.000000  9.863632e-13
20750.000000  9.682851e-13
20850.000000  9.503848e-13
20950.000000  9.330622e-13
21050.000000  9.157821e-13
21150.000000  8.977363e-13
21250.000000  8.830300e-13
21350.000000  8.669577e-13
21450.000000  8.504107e-13
21550.000000  8.285629e-13
21650.000000  7.658621e-13
21750.000000  7.948711e-13
21850.000000  7.910758e-13
21950.000000  7.790441e-13
22050.000000  7.654849e-13
22150.000000  7.523259e-13
22250.000000  7.393770e-13
22350.000000  7.264056e-13
22450.000000  7.140445e-13
22550.000000  7.016833e-13
22650.000000  6.899424e-13
22750.000000  6.782014e-13
22850.000000  6.669353e-13
22950.000000  6.558145e-13
23050.000000  6.448311e-13
23150.000000  6.341791e-13
23250.000000  6.236765e-13
23350.000000  6.133891e-13
23450.000000  6.033351e-13
23550.000000  5.935379e-13
23650.000000  5.838393e-13
23750.000000  5.744152e-13
23850.000000  5.651487e-13
23950.000000  5.560483e-13
24050.000000  5.471236e-13
24150.000000  5.383942e-13
24250.000000  5.299140e-13
24350.000000  5.214947e-13
24450.000000  5.132130e-13
24550.000000  5.051846e-13
24650.000000  4.971672e-13
24750.000000  4.891097e-13
24850.000000  4.819940e-13
24950.000000  4.739504e-13
