2505.000000  6.046105e-10
2513.000000  5.118774e-10
2518.000000  5.346584e-10
2525.000000  4.811016e-10
2535.000000  4.739677e-10
2545.000000  4.712830e-10
2555.000000  5.178905e-10
2565.000000  5.045905e-10
2575.000000  5.563566e-10
2585.000000  5.491215e-10
2595.000000  5.235512e-10
2605.000000  4.936659e-10
2615.000000  4.830203e-10
2625.000000  5.423144e-10
2635.000000  5.502023e-10
2645.000000  6.500539e-10
2655.000000  6.399200e-10
2665.000000  5.611753e-10
2675.000000  5.982706e-10
2685.000000  5.818466e-10
2695.000000  5.617088e-10
2705.000000  5.820058e-10
2715.000000  5.430851e-10
2725.000000  5.531775e-10
2735.000000  6.058346e-10
2745.000000  4.714453e-10
2755.000000  4.886300e-10
2765.000000  5.094516e-10
2775.000000  5.723132e-10
2785.000000  5.490741e-10
2795.000000  3.505847e-10
2805.000000  4.164667e-10
2815.000000  5.839642e-10
2825.000000  6.111515e-10
2835.000000  5.776359e-10
2845.000000  5.537440e-10
2855.000000  5.282540e-10
2865.000000  5.819678e-10
2875.000000  5.586210e-10
2885.000000  5.710198e-10
2895.000000  5.378939e-10
2910.000000  6.175030e-10
2930.000000  5.880210e-10
2950.000000  5.856281e-10
2970.000000  6.031059e-10
2990.000000  6.088839e-10
3010.000000  6.214333e-10
3030.000000  6.110397e-10
3050.000000  6.025709e-10
3070.000000  5.974067e-10
3090.000000  6.102670e-10
3110.000000  5.893000e-10
3130.000000  5.854294e-10
3150.000000  5.996948e-10
3170.000000  5.953993e-10
3190.000000  5.677325e-10
3210.000000  5.832693e-10
3230.000000  5.683112e-10
3250.000000  5.770564e-10
3270.000000  5.772332e-10
3290.000000  5.832945e-10
3310.000000  5.870963e-10
3330.000000  5.721920e-10
3350.000000  5.628926e-10
3370.000000  5.615006e-10
3390.000000  5.591678e-10
3410.000000  5.704526e-10
3430.000000  5.696586e-10
3450.000000  5.647379e-10
3470.000000  5.557435e-10
3490.000000  5.515157e-10
3510.000000  5.603095e-10
3530.000000  5.623225e-10
3550.000000  5.632984e-10
3570.000000  5.495320e-10
3590.000000  5.468642e-10
3610.000000  5.456779e-10
3630.000000  5.446547e-10
3640.000000  5.393141e-10
3650.000000  5.530888e-10
3670.000000  5.466241e-10
3690.000000  5.272104e-10
3710.000000  5.935069e-10
3730.000000  6.694589e-10
3750.000000  9.584382e-10
3770.000000  1.031508e-09
3790.000000  1.295863e-09
3810.000000  1.476382e-09
3830.000000  1.147467e-09
3850.000000  1.570456e-09
3870.000000  1.716532e-09
3890.000000  1.026377e-09
3910.000000  1.671576e-09
3930.000000  1.613368e-09
3950.000000  1.666646e-09
3970.000000  9.581980e-10
3990.000000  1.618375e-09
4010.000000  1.665660e-09
4030.000000  1.639945e-09
4050.000000  1.627311e-09
4070.000000  1.577516e-09
4090.000000  1.349432e-09
4110.000000  1.024307e-09
4130.000000  1.499553e-09
4150.000000  1.529804e-09
4170.000000  1.495588e-09
4190.000000  1.481561e-09
4210.000000  1.465542e-09
4230.000000  1.436741e-09
4250.000000  1.415598e-09
4270.000000  1.381730e-09
4290.000000  1.381670e-09
4310.000000  1.315821e-09
4330.000000  1.078045e-09
4350.000000  9.150646e-10
4370.000000  1.295306e-09
4390.000000  1.276910e-09
4410.000000  1.263438e-09
4430.000000  1.256817e-09
4450.000000  1.253480e-09
4470.000000  1.234810e-09
4490.000000  1.207765e-09
4510.000000  1.209786e-09
4530.000000  1.184101e-09
4550.000000  1.152043e-09
4570.000000  1.167069e-09
4590.000000  1.134844e-09
4610.000000  1.149623e-09
4630.000000  1.110397e-09
4650.000000  1.119082e-09
4670.000000  1.100593e-09
4690.000000  1.077705e-09
4710.000000  1.043386e-09
4730.000000  1.062161e-09
4750.000000  1.051623e-09
4770.000000  1.038552e-09
4790.000000  1.024693e-09
4810.000000  1.004667e-09
4830.000000  9.772712e-10
4850.000000  8.062767e-10
4870.000000  6.447019e-10
4890.000000  9.319250e-10
4910.000000  9.443149e-10
4930.000000  9.267591e-10
4950.000000  9.265679e-10
4970.000000  9.218846e-10
4990.000000  9.039479e-10
5010.000000  8.768773e-10
5030.000000  8.772611e-10
5050.000000  8.628154e-10
5070.000000  8.626589e-10
5090.000000  8.527858e-10
5110.000000  8.416225e-10
5130.000000  8.311203e-10
5150.000000  8.160595e-10
5170.000000  7.980352e-10
5190.000000  7.908227e-10
5210.000000  7.890895e-10
5230.000000  7.710747e-10
5250.000000  7.750444e-10
5270.000000  7.503003e-10
5290.000000  7.585164e-10
5310.000000  7.400289e-10
5330.000000  7.322678e-10
5350.000000  7.361306e-10
5370.000000  7.245422e-10
5390.000000  7.167036e-10
5410.000000  7.048316e-10
5430.000000  6.987874e-10
5450.000000  6.961089e-10
5470.000000  6.876328e-10
5490.000000  6.812751e-10
5510.000000  6.725957e-10
5530.000000  6.643297e-10
5550.000000  6.604183e-10
5570.000000  6.523260e-10
5590.000000  6.463072e-10
5610.000000  6.408200e-10
5630.000000  6.339899e-10
5650.000000  6.251668e-10
5670.000000  6.188995e-10
5690.000000  6.137707e-10
5710.000000  6.076666e-10
5730.000000  6.018268e-10
5750.000000  5.946844e-10
5770.000000  5.888298e-10
5790.000000  5.816274e-10
5810.000000  5.762499e-10
5830.000000  5.701520e-10
5850.000000  5.648792e-10
5870.000000  5.580448e-10
5890.000000  5.479440e-10
5910.000000  5.470573e-10
5930.000000  5.418241e-10
5950.000000  5.342442e-10
5970.000000  5.301203e-10
5990.000000  5.231371e-10
6010.000000  5.187406e-10
6030.000000  5.145216e-10
6050.000000  5.086675e-10
6070.000000  5.041708e-10
6090.000000  4.989380e-10
6110.000000  4.938199e-10
6130.000000  4.884435e-10
6150.000000  4.768700e-10
6170.000000  4.785850e-10
6190.000000  4.748588e-10
6210.000000  4.702476e-10
6230.000000  4.650099e-10
6250.000000  4.555765e-10
6270.000000  4.567773e-10
6290.000000  4.522811e-10
6310.000000  4.461939e-10
6330.000000  4.430641e-10
6350.000000  4.342159e-10
6370.000000  4.313607e-10
6390.000000  4.299681e-10
6410.000000  4.248553e-10
6430.000000  4.217311e-10
6450.000000  4.137488e-10
6470.000000  4.140549e-10
6490.000000  4.072222e-10
6510.000000  4.029335e-10
6530.000000  3.949838e-10
6550.000000  3.517653e-10
6570.000000  2.801646e-10
6590.000000  3.766635e-10
6610.000000  3.840267e-10
6630.000000  3.825001e-10
6650.000000  3.797939e-10
6670.000000  3.764275e-10
6690.000000  3.733381e-10
6710.000000  3.701050e-10
6730.000000  3.658673e-10
6750.000000  3.629827e-10
6770.000000  3.601319e-10
6790.000000  3.566405e-10
6810.000000  3.535217e-10
6830.000000  3.497866e-10
6850.000000  3.469160e-10
6870.000000  3.439219e-10
6890.000000  3.409274e-10
6910.000000  3.376892e-10
6930.000000  3.345558e-10
6950.000000  3.316910e-10
6970.000000  3.287014e-10
6990.000000  3.259555e-10
7010.000000  3.217280e-10
7030.000000  3.199671e-10
7050.000000  3.169774e-10
7070.000000  3.144855e-10
7090.000000  3.118593e-10
7110.000000  3.062350e-10
7130.000000  3.056323e-10
7150.000000  3.031255e-10
7170.000000  3.007627e-10
7190.000000  2.980271e-10
7210.000000  2.955303e-10
7230.000000  2.926602e-10
7250.000000  2.899145e-10
7270.000000  2.880490e-10
7290.000000  2.851842e-10
7310.000000  2.825631e-10
7330.000000  2.805585e-10
7350.000000  2.783249e-10
7370.000000  2.760817e-10
7390.000000  2.735749e-10
7410.000000  2.709540e-10
7430.000000  2.676015e-10
7450.000000  2.658507e-10
7470.000000  2.626081e-10
7490.000000  2.613591e-10
7510.000000  2.593745e-10
7530.000000  2.577477e-10
7550.000000  2.558726e-10
7570.000000  2.536290e-10
7590.000000  2.515105e-10
7610.000000  2.496302e-10
7630.000000  2.473967e-10
7650.000000  2.451389e-10
7670.000000  2.430298e-10
7690.000000  2.411547e-10
7710.000000  2.389115e-10
7730.000000  2.374143e-10
7750.000000  2.354197e-10
7770.000000  2.285711e-10
7790.000000  2.316793e-10
7810.000000  2.298139e-10
7830.000000  2.276854e-10
7850.000000  2.254373e-10
7870.000000  2.230694e-10
7890.000000  2.207072e-10
7910.000000  2.200755e-10
7930.000000  2.186976e-10
7950.000000  2.157085e-10
7970.000000  2.154646e-10
7990.000000  2.109782e-10
8010.000000  2.119772e-10
8030.000000  2.102217e-10
8050.000000  2.087195e-10
8070.000000  2.068692e-10
8090.000000  2.053574e-10
8110.000000  2.037358e-10
8130.000000  2.022536e-10
8150.000000  2.007413e-10
8170.000000  1.991348e-10
8190.000000  1.961312e-10
8210.000000  1.952509e-10
8230.000000  1.935146e-10
8250.000000  1.928878e-10
8270.000000  1.930115e-10
8290.000000  1.912661e-10
8310.000000  1.901321e-10
8330.000000  1.875213e-10
8350.000000  1.868099e-10
8370.000000  1.848461e-10
8390.000000  1.828466e-10
8410.000000  1.805089e-10
8430.000000  1.798216e-10
8450.000000  1.765535e-10
8470.000000  1.712386e-10
8490.000000  1.807229e-10
8510.000000  1.650761e-10
8530.000000  1.826017e-10
8550.000000  1.556605e-10
8570.000000  1.856300e-10
8590.000000  1.690186e-10
8610.000000  1.635780e-10
8630.000000  1.887625e-10
8650.000000  1.809921e-10
8670.000000  1.437633e-10
8690.000000  1.845838e-10
8710.000000  1.922441e-10
8730.000000  1.847926e-10
8750.000000  1.402848e-10
8770.000000  1.754259e-10
8790.000000  1.896989e-10
8810.000000  1.890682e-10
8830.000000  1.841143e-10
8850.000000  1.653445e-10
8870.000000  1.361413e-10
8890.000000  1.770042e-10
8910.000000  1.814735e-10
8930.000000  1.809364e-10
8950.000000  1.810659e-10
8970.000000  1.786331e-10
8990.000000  1.719615e-10
9010.000000  1.344744e-10
9030.000000  1.493294e-10
9050.000000  1.704208e-10
9070.000000  1.691043e-10
9090.000000  1.677524e-10
9110.000000  1.695269e-10
9130.000000  1.690397e-10
9150.000000  1.683930e-10
9170.000000  1.662588e-10
9190.000000  1.625680e-10
9210.000000  1.527676e-10
9230.000000  1.162950e-10
9250.000000  1.466396e-10
9270.000000  1.539634e-10
9290.000000  1.590174e-10
9310.000000  1.586839e-10
9330.000000  1.574507e-10
9350.000000  1.566994e-10
9370.000000  1.557153e-10
9390.000000  1.533531e-10
9410.000000  1.502298e-10
9430.000000  1.517110e-10
9450.000000  1.508407e-10
9470.000000  1.493531e-10
9490.000000  1.479306e-10
9510.000000  1.449902e-10
9530.000000  1.339614e-10
9550.000000  1.053877e-10
9570.000000  1.348570e-10
9590.000000  1.413947e-10
9610.000000  1.409877e-10
9630.000000  1.387694e-10
9650.000000  1.402613e-10
9670.000000  1.382822e-10
9690.000000  1.380335e-10
9710.000000  1.377798e-10
9730.000000  1.366609e-10
9750.000000  1.355415e-10
9770.000000  1.348052e-10
9790.000000  1.338057e-10
9810.000000  1.326868e-10
9830.000000  1.314431e-10
9850.000000  1.304388e-10
9870.000000  1.295681e-10
9890.000000  1.280762e-10
9910.000000  1.279369e-10
9930.000000  1.269273e-10
9950.000000  1.260566e-10
9970.000000  1.251810e-10
9990.000000  1.238984e-10
10025.000000  1.137315e-10
10075.000000  1.075852e-10
10125.000000  1.172904e-10
10175.000000  1.166762e-10
10225.000000  1.150064e-10
10275.000000  1.130532e-10
10325.000000  1.110220e-10
10375.000000  1.092141e-10
10425.000000  1.074445e-10
10475.000000  1.050743e-10
10525.000000  1.034214e-10
10575.000000  1.019749e-10
10625.000000  1.004177e-10
10675.000000  9.746310e-11
10725.000000  9.666812e-11
10775.000000  9.536997e-11
10825.000000  9.379959e-11
10875.000000  9.170253e-11
10925.000000  7.839061e-11
10975.000000  8.534531e-11
11025.000000  8.798618e-11
11075.000000  8.695324e-11
11125.000000  8.554428e-11
11175.000000  8.424813e-11
11225.000000  8.295349e-11
11275.000000  8.054747e-11
11325.000000  7.946221e-11
11375.000000  7.898955e-11
11425.000000  7.768008e-11
11475.000000  7.676127e-11
11525.000000  7.562724e-11
11575.000000  7.444305e-11
11625.000000  7.287108e-11
11675.000000  7.150038e-11
11725.000000  7.114250e-11
11775.000000  6.924479e-11
11825.000000  6.867372e-11
11875.000000  6.748860e-11
11925.000000  6.704371e-11
11975.000000  6.573430e-11
12025.000000  6.498615e-11
12075.000000  6.393927e-11
12125.000000  6.304203e-11
12175.000000  6.222132e-11
12225.000000  6.129773e-11
12275.000000  6.032592e-11
12325.000000  5.950377e-11
12375.000000  5.869598e-11
12425.000000  5.794793e-11
12475.000000  5.690249e-11
12525.000000  5.626538e-11
12575.000000  5.521657e-11
12625.000000  5.458230e-11
12675.000000  5.394366e-11
12725.000000  5.305331e-11
12775.000000  5.135946e-11
12825.000000  4.450168e-11
12875.000000  5.027332e-11
12925.000000  5.021388e-11
12975.000000  4.964594e-11
13025.000000  4.898945e-11
13075.000000  4.832945e-11
13125.000000  4.766845e-11
13175.000000  4.685976e-11
13225.000000  4.639819e-11
13275.000000  4.577550e-11
13325.000000  4.516523e-11
13375.000000  4.456644e-11
13425.000000  4.395613e-11
13475.000000  4.336977e-11
13525.000000  4.272173e-11
13575.000000  4.218656e-11
13625.000000  4.166433e-11
13675.000000  4.107893e-11
13725.000000  4.044088e-11
13775.000000  4.006731e-11
13825.000000  3.955752e-11
13875.000000  3.908401e-11
13925.000000  3.852253e-11
13975.000000  3.806343e-11
14025.000000  3.758896e-11
14075.000000  3.711695e-11
14125.000000  3.663054e-11
14175.000000  3.618045e-11
14225.000000  3.572035e-11
14275.000000  3.527176e-11
14325.000000  3.483458e-11
14375.000000  3.441134e-11
14425.000000  3.365048e-11
14475.000000  3.355185e-11
14525.000000  3.297901e-11
14570.000000  3.276706e-11
14620.000000  3.236720e-11
14675.000000  3.200559e-11
14725.000000  3.160721e-11
14775.000000  3.113381e-11
14825.000000  3.084675e-11
14875.000000  3.039817e-11
14925.000000  3.017480e-11
14975.000000  2.976403e-11
15025.000000  2.935376e-11
15075.000000  2.899316e-11
15125.000000  2.867139e-11
15175.000000  2.832125e-11
15225.000000  2.805705e-11
15275.000000  2.754092e-11
15325.000000  2.719126e-11
15375.000000  2.709516e-11
15425.000000  2.627375e-11
15475.000000  2.649432e-11
15525.000000  2.625349e-11
15575.000000  2.500652e-11
15625.000000  2.607487e-11
15675.000000  2.505740e-11
15725.000000  2.406191e-11
15775.000000  2.531247e-11
15825.000000  2.503641e-11
15875.000000  2.246338e-11
15925.000000  2.413661e-11
15975.000000  2.447740e-11
16050.000000  2.372381e-11
16150.000000  2.218413e-11
16250.000000  2.324794e-11
16350.000000  2.217907e-11
16450.000000  2.073482e-11
16550.000000  2.176936e-11
16650.000000  2.130882e-11
16750.000000  2.027422e-11
16850.000000  1.895329e-11
16950.000000  1.992667e-11
17050.000000  1.951792e-11
17150.000000  1.911901e-11
17250.000000  1.859233e-11
17350.000000  1.670872e-11
17450.000000  1.766521e-11
17550.000000  1.749916e-11
17650.000000  1.713909e-11
17750.000000  1.680384e-11
17850.000000  1.645423e-11
17950.000000  1.614288e-11
18050.000000  1.571565e-11
18150.000000  1.428418e-11
18250.000000  1.486164e-11
18350.000000  1.485625e-11
18450.000000  1.457324e-11
18550.000000  1.424849e-11
18650.000000  1.392117e-11
18750.000000  1.260264e-11
18850.000000  1.333529e-11
18950.000000  1.315235e-11
19050.000000  1.294094e-11
19150.000000  1.268034e-11
19250.000000  1.243562e-11
19350.000000  1.212106e-11
19450.000000  1.097965e-11
19550.000000  1.166277e-11
19650.000000  1.151922e-11
19750.000000  1.129806e-11
19850.000000  1.109389e-11
19950.000000  1.088605e-11
20050.000000  1.068552e-11
20150.000000  1.048871e-11
20250.000000  1.029435e-11
20350.000000  1.010497e-11
20450.000000  9.924373e-12
20550.000000  9.743836e-12
20650.000000  9.564150e-12
20750.000000  9.393756e-12
20850.000000  9.227943e-12
20950.000000  9.063519e-12
21050.000000  8.900387e-12
21150.000000  8.731992e-12
21250.000000  8.579004e-12
21350.000000  8.428260e-12
21450.000000  8.291732e-12
21550.000000  8.105850e-12
21650.000000  7.385060e-12
21750.000000  7.790629e-12
21850.000000  7.732414e-12
21950.000000  7.607531e-12
22050.000000  7.475388e-12
22150.000000  7.343299e-12
22250.000000  7.229895e-12
22350.000000  7.107945e-12
22450.000000  6.989676e-12
22550.000000  6.869918e-12
22650.000000  6.759209e-12
22750.000000  6.648298e-12
22850.000000  6.543610e-12
22950.000000  6.436433e-12
23050.000000  6.335565e-12
23150.000000  6.233414e-12
23250.000000  6.134941e-12
23350.000000  6.036612e-12
23450.000000  5.940775e-12
23550.000000  5.847274e-12
23650.000000  5.755162e-12
23750.000000  5.663108e-12
23850.000000  5.573486e-12
23950.000000  5.486202e-12
24050.000000  5.395438e-12
24150.000000  5.308404e-12
24250.000000  5.234495e-12
24350.000000  5.145127e-12
24450.000000  5.058194e-12
24550.000000  4.996560e-12
24650.000000  4.903563e-12
24750.000000  4.830008e-12
24850.000000  4.789013e-12
24950.000000  4.624677e-12
