2505.000000  1.679383e-14
2513.000000  9.267060e-15
2518.000000  5.834890e-15
2525.000000  7.073684e-15
2535.000000  2.993426e-14
2545.000000  3.701034e-14
2555.000000  9.056822e-14
2565.000000  4.553406e-14
2575.000000  7.707285e-14
2585.000000  5.759299e-14
2595.000000  5.894603e-14
2605.000000  7.081869e-14
2615.000000  6.346462e-14
2625.000000  1.010300e-13
2635.000000  2.340999e-13
2645.000000  2.831265e-13
2655.000000  5.960195e-13
2665.000000  3.204990e-13
2675.000000  2.811876e-13
2685.000000  4.401652e-13
2695.000000  2.282260e-13
2705.000000  4.191953e-13
2715.000000  2.486006e-13
2725.000000  1.375655e-13
2735.000000  2.042003e-13
2745.000000  1.806405e-13
2755.000000  2.264393e-13
2765.000000  3.407247e-13
2775.000000  3.966835e-13
2785.000000  2.147144e-13
2795.000000  8.742393e-14
2805.000000  1.118185e-13
2815.000000  3.206014e-13
2825.000000  4.025978e-13
2835.000000  2.974021e-13
2845.000000  1.275405e-13
2855.000000  3.254197e-14
2865.000000  2.223897e-13
2875.000000  4.526668e-13
2885.000000  6.882669e-13
2895.000000  1.081304e-12
2910.000000  1.658365e-12
2930.000000  1.652212e-12
2950.000000  1.411960e-12
2970.000000  1.470427e-12
2990.000000  1.420651e-12
3010.000000  1.174525e-12
3030.000000  1.794324e-12
3050.000000  1.910612e-12
3070.000000  2.784512e-12
3090.000000  3.161171e-12
3110.000000  4.583139e-12
3130.000000  3.765918e-12
3150.000000  4.754075e-12
3170.000000  5.789234e-12
3190.000000  4.679208e-12
3210.000000  5.190652e-12
3230.000000  3.824908e-12
3250.000000  6.596372e-12
3270.000000  8.703142e-12
3290.000000  9.072976e-12
3310.000000  7.623709e-12
3330.000000  7.901886e-12
3350.000000  7.116711e-12
3370.000000  4.891788e-12
3390.000000  5.617134e-12
3410.000000  6.608490e-12
3430.000000  7.658203e-12
3450.000000  7.615724e-12
3470.000000  8.172783e-12
3490.000000  9.817487e-12
3510.000000  1.056617e-11
3530.000000  8.427155e-12
3550.000000  9.924075e-12
3570.000000  4.943798e-12
3590.000000  6.287108e-12
3610.000000  9.908077e-12
3630.000000  1.217540e-11
3640.000000  1.275636e-11
3650.000000  1.439223e-11
3670.000000  1.618371e-11
3690.000000  1.470947e-11
3710.000000  1.527777e-11
3730.000000  7.387162e-12
3750.000000  8.743219e-12
3770.000000  1.256424e-11
3790.000000  1.242566e-11
3810.000000  1.041125e-11
3830.000000  4.871984e-12
3850.000000  5.694343e-12
3870.000000  6.682808e-12
3890.000000  1.305240e-11
3910.000000  1.598376e-11
3930.000000  5.375960e-12
3950.000000  1.175159e-11
3970.000000  7.158238e-12
3990.000000  2.329361e-11
4010.000000  2.834487e-11
4030.000000  2.717846e-11
4050.000000  2.524743e-11
4070.000000  2.320189e-11
4090.000000  3.047249e-11
4110.000000  2.923473e-11
4130.000000  2.470258e-11
4150.000000  2.188151e-11
4170.000000  2.259072e-11
4190.000000  2.408090e-11
4210.000000  2.740057e-11
4230.000000  2.931233e-11
4250.000000  3.241597e-11
4270.000000  3.015840e-11
4290.000000  2.735838e-11
4310.000000  2.348079e-11
4330.000000  3.693645e-11
4350.000000  3.689048e-11
4370.000000  4.005456e-11
4390.000000  3.523299e-11
4410.000000  3.844907e-11
4430.000000  4.169033e-11
4450.000000  4.271493e-11
4470.000000  4.669640e-11
4490.000000  4.838918e-11
4510.000000  5.675229e-11
4530.000000  4.870653e-11
4550.000000  5.070527e-11
4570.000000  5.574636e-11
4590.000000  5.435990e-11
4610.000000  5.644394e-11
4630.000000  5.432392e-11
4650.000000  5.565357e-11
4670.000000  5.808466e-11
4690.000000  5.696195e-11
4710.000000  5.552447e-11
4730.000000  5.846444e-11
4750.000000  6.228499e-11
4770.000000  6.327389e-11
4790.000000  6.288727e-11
4810.000000  6.240111e-11
4830.000000  6.533446e-11
4850.000000  6.131332e-11
4870.000000  5.715566e-11
4890.000000  6.331544e-11
4910.000000  6.296728e-11
4930.000000  6.173565e-11
4950.000000  6.673403e-11
4970.000000  6.447903e-11
4990.000000  5.914026e-11
5010.000000  5.574714e-11
5030.000000  5.947296e-11
5050.000000  5.995891e-11
5070.000000  6.291468e-11
5090.000000  5.751878e-11
5110.000000  5.966140e-11
5130.000000  5.656413e-11
5150.000000  5.502063e-11
5170.000000  5.009443e-11
5190.000000  5.393580e-11
5210.000000  5.855282e-11
5230.000000  6.291182e-11
5250.000000  6.534857e-11
5270.000000  5.739723e-11
5290.000000  6.696518e-11
5310.000000  7.239114e-11
5330.000000  6.226081e-11
5350.000000  6.964026e-11
5370.000000  7.074900e-11
5390.000000  6.724997e-11
5410.000000  6.661941e-11
5430.000000  6.772588e-11
5450.000000  7.271976e-11
5470.000000  6.910593e-11
5490.000000  6.783575e-11
5510.000000  6.766014e-11
5530.000000  7.055741e-11
5550.000000  7.263346e-11
5570.000000  7.110220e-11
5590.000000  6.860673e-11
5610.000000  7.328990e-11
5630.000000  7.121079e-11
5650.000000  7.203846e-11
5670.000000  7.008974e-11
5690.000000  7.311791e-11
5710.000000  6.977293e-11
5730.000000  7.772979e-11
5750.000000  7.361906e-11
5770.000000  7.546724e-11
5790.000000  7.067738e-11
5810.000000  7.560540e-11
5830.000000  7.877734e-11
5850.000000  7.576736e-11
5870.000000  7.617788e-11
5890.000000  6.533209e-11
5910.000000  7.487308e-11
5930.000000  7.530167e-11
5950.000000  7.532470e-11
5970.000000  7.731026e-11
5990.000000  7.531932e-11
6010.000000  7.370868e-11
6030.000000  7.613759e-11
6050.000000  7.769238e-11
6070.000000  7.737458e-11
6090.000000  7.306814e-11
6110.000000  7.361673e-11
6130.000000  6.889702e-11
6150.000000  7.181619e-11
6170.000000  6.878219e-11
6190.000000  7.399924e-11
6210.000000  7.339479e-11
6230.000000  7.049987e-11
6250.000000  6.742676e-11
6270.000000  7.146068e-11
6290.000000  7.317999e-11
6310.000000  7.028393e-11
6330.000000  7.147414e-11
6350.000000  7.097684e-11
6370.000000  7.038549e-11
6390.000000  7.263862e-11
6410.000000  7.126847e-11
6430.000000  7.202050e-11
6450.000000  7.182576e-11
6470.000000  7.180925e-11
6490.000000  6.957677e-11
6510.000000  7.184037e-11
6530.000000  7.213198e-11
6550.000000  7.120102e-11
6570.000000  6.934109e-11
6590.000000  7.187415e-11
6610.000000  7.239021e-11
6630.000000  7.172391e-11
6650.000000  7.167983e-11
6670.000000  7.011252e-11
6690.000000  7.264769e-11
6710.000000  6.954505e-11
6730.000000  7.277323e-11
6750.000000  7.102678e-11
6770.000000  7.169324e-11
6790.000000  7.086033e-11
6810.000000  7.072761e-11
6830.000000  7.179827e-11
6850.000000  6.928226e-11
6870.000000  7.054418e-11
6890.000000  7.145815e-11
6910.000000  7.060658e-11
6930.000000  6.925369e-11
6950.000000  6.778541e-11
6970.000000  6.835624e-11
6990.000000  6.751118e-11
7010.000000  6.533028e-11
7030.000000  6.726168e-11
7050.000000  6.857443e-11
7070.000000  6.692031e-11
7090.000000  6.636752e-11
7110.000000  6.574612e-11
7130.000000  6.410534e-11
7150.000000  6.409430e-11
7170.000000  6.503429e-11
7190.000000  6.261257e-11
7210.000000  6.469750e-11
7230.000000  6.589828e-11
7250.000000  6.569202e-11
7270.000000  6.505960e-11
7290.000000  6.258115e-11
7310.000000  6.411442e-11
7330.000000  6.402122e-11
7350.000000  6.373126e-11
7370.000000  6.532413e-11
7390.000000  6.361305e-11
7410.000000  6.333808e-11
7430.000000  6.407770e-11
7450.000000  6.410025e-11
7470.000000  6.426884e-11
7490.000000  6.351730e-11
7510.000000  6.457705e-11
7530.000000  6.506542e-11
7550.000000  6.545813e-11
7570.000000  6.468137e-11
7590.000000  6.430137e-11
7610.000000  6.437531e-11
7630.000000  6.485471e-11
7650.000000  6.494757e-11
7670.000000  6.237934e-11
7690.000000  6.476275e-11
7710.000000  6.328648e-11
7730.000000  6.329162e-11
7750.000000  6.289013e-11
7770.000000  6.458439e-11
7790.000000  6.444019e-11
7810.000000  6.408187e-11
7830.000000  6.339963e-11
7850.000000  6.271561e-11
7870.000000  6.270577e-11
7890.000000  6.000757e-11
7910.000000  5.799254e-11
7930.000000  5.799049e-11
7950.000000  5.696044e-11
7970.000000  5.955217e-11
7990.000000  5.940527e-11
8010.000000  5.919215e-11
8030.000000  5.941768e-11
8050.000000  5.861933e-11
8070.000000  5.801032e-11
8090.000000  5.601431e-11
8110.000000  5.565840e-11
8130.000000  5.676173e-11
8150.000000  5.667671e-11
8170.000000  5.699499e-11
8190.000000  5.591610e-11
8210.000000  5.574869e-11
8230.000000  5.651511e-11
8250.000000  5.710986e-11
8270.000000  5.771310e-11
8290.000000  5.707819e-11
8310.000000  5.430027e-11
8330.000000  5.488790e-11
8350.000000  5.485636e-11
8370.000000  5.566535e-11
8390.000000  5.375541e-11
8410.000000  5.595757e-11
8430.000000  5.424038e-11
8450.000000  5.556504e-11
8470.000000  5.529888e-11
8490.000000  5.489603e-11
8510.000000  5.181011e-11
8530.000000  5.361994e-11
8550.000000  4.457745e-11
8570.000000  5.557437e-11
8590.000000  5.467606e-11
8610.000000  5.494947e-11
8630.000000  5.545378e-11
8650.000000  5.475093e-11
8670.000000  4.554391e-11
8690.000000  5.287555e-11
8710.000000  5.448366e-11
8730.000000  5.475520e-11
8750.000000  5.416861e-11
8770.000000  5.502110e-11
8790.000000  5.439725e-11
8810.000000  5.278572e-11
8830.000000  5.395836e-11
8850.000000  5.460741e-11
8870.000000  5.343430e-11
8890.000000  5.436675e-11
8910.000000  5.503632e-11
8930.000000  5.327902e-11
8950.000000  5.322815e-11
8970.000000  5.332148e-11
8990.000000  5.351552e-11
9010.000000  5.135705e-11
9030.000000  5.281675e-11
9050.000000  5.413213e-11
9070.000000  5.347847e-11
9090.000000  5.130755e-11
9110.000000  5.089795e-11
9130.000000  5.273193e-11
9150.000000  4.848215e-11
9170.000000  4.702599e-11
9190.000000  4.773637e-11
9210.000000  4.631389e-11
9230.000000  4.737097e-11
9250.000000  4.699997e-11
9270.000000  4.790837e-11
9290.000000  4.716939e-11
9310.000000  4.870545e-11
9330.000000  4.870666e-11
9350.000000  4.805909e-11
9370.000000  4.775333e-11
9390.000000  4.658937e-11
9410.000000  4.528465e-11
9430.000000  4.596813e-11
9450.000000  4.482374e-11
9470.000000  4.646655e-11
9490.000000  4.614564e-11
9510.000000  4.713236e-11
9530.000000  4.664838e-11
9550.000000  4.630813e-11
9570.000000  4.638220e-11
9590.000000  4.713405e-11
9610.000000  4.646341e-11
9630.000000  4.612928e-11
9650.000000  4.520636e-11
9670.000000  4.490409e-11
9690.000000  4.596446e-11
9710.000000  4.555751e-11
9730.000000  4.564567e-11
9750.000000  4.524767e-11
9770.000000  4.546384e-11
9790.000000  4.445602e-11
9810.000000  4.599381e-11
9830.000000  4.569162e-11
9850.000000  4.607946e-11
9870.000000  4.593631e-11
9890.000000  4.620478e-11
9910.000000  4.549957e-11
9930.000000  4.613202e-11
9950.000000  4.569754e-11
9970.000000  4.599235e-11
9990.000000  4.593243e-11
10025.000000  4.549749e-11
10075.000000  4.506077e-11
10125.000000  4.517373e-11
10175.000000  4.441267e-11
10225.000000  4.452452e-11
10275.000000  4.464058e-11
10325.000000  4.374365e-11
10375.000000  4.348330e-11
10425.000000  4.361260e-11
10475.000000  4.314204e-11
10525.000000  4.311367e-11
10575.000000  4.265305e-11
10625.000000  4.241031e-11
10675.000000  4.150433e-11
10725.000000  4.148681e-11
10775.000000  4.109059e-11
10825.000000  4.031641e-11
10875.000000  3.966422e-11
10925.000000  3.884564e-11
10975.000000  3.582505e-11
11025.000000  3.570358e-11
11075.000000  3.636161e-11
11125.000000  3.630723e-11
11175.000000  3.685383e-11
11225.000000  3.668072e-11
11275.000000  3.603957e-11
11325.000000  3.645475e-11
11375.000000  3.553018e-11
11425.000000  3.579119e-11
11475.000000  3.630414e-11
11525.000000  3.618672e-11
11575.000000  3.572244e-11
11625.000000  3.524233e-11
11675.000000  3.529412e-11
11725.000000  3.583296e-11
11775.000000  3.509632e-11
11825.000000  3.485450e-11
11875.000000  3.440117e-11
11925.000000  3.510590e-11
11975.000000  3.354226e-11
12025.000000  3.421468e-11
12075.000000  3.376722e-11
12125.000000  3.383370e-11
12175.000000  3.397773e-11
12225.000000  3.379360e-11
12275.000000  3.357986e-11
12325.000000  3.323565e-11
12375.000000  3.309522e-11
12425.000000  3.275810e-11
12475.000000  3.286157e-11
12525.000000  3.246162e-11
12575.000000  3.239727e-11
12625.000000  3.229869e-11
12675.000000  3.182754e-11
12725.000000  3.188148e-11
12775.000000  3.193411e-11
12825.000000  3.064396e-11
12875.000000  3.119021e-11
12925.000000  3.073900e-11
12975.000000  3.111376e-11
13025.000000  3.060190e-11
13075.000000  3.081789e-11
13125.000000  3.020437e-11
13175.000000  3.008962e-11
13225.000000  3.015154e-11
13275.000000  2.954632e-11
13325.000000  2.981046e-11
13375.000000  2.953514e-11
13425.000000  2.968049e-11
13475.000000  2.945397e-11
13525.000000  2.938430e-11
13575.000000  2.875084e-11
13625.000000  2.864908e-11
13675.000000  2.866286e-11
13725.000000  2.869147e-11
13775.000000  2.848507e-11
13825.000000  2.846184e-11
13875.000000  2.818566e-11
13925.000000  2.812666e-11
13975.000000  2.786504e-11
14025.000000  2.743416e-11
14075.000000  2.682990e-11
14125.000000  2.578471e-11
14175.000000  2.583090e-11
14225.000000  2.556131e-11
14275.000000  2.513247e-11
14325.000000  2.566850e-11
14375.000000  2.587252e-11
14425.000000  2.491485e-11
14475.000000  2.582033e-11
14525.000000  2.495177e-11
14570.000000  2.492981e-11
14620.000000  2.456665e-11
14675.000000  2.436143e-11
14725.000000  2.400504e-11
14775.000000  2.420985e-11
14825.000000  2.416489e-11
14875.000000  2.407636e-11
14925.000000  2.456209e-11
14975.000000  2.428693e-11
15025.000000  2.376586e-11
15075.000000  2.355432e-11
15125.000000  2.363181e-11
15175.000000  2.384699e-11
15225.000000  2.360867e-11
15275.000000  2.369246e-11
15325.000000  2.363280e-11
15375.000000  2.374283e-11
15425.000000  2.356153e-11
15475.000000  2.353217e-11
15525.000000  2.306386e-11
15575.000000  2.274404e-11
15625.000000  2.334066e-11
15675.000000  2.264936e-11
15725.000000  2.288528e-11
15775.000000  2.186362e-11
15825.000000  2.227519e-11
15875.000000  2.136090e-11
15925.000000  2.192556e-11
15975.000000  2.218894e-11
16050.000000  2.193267e-11
16150.000000  2.159648e-11
16250.000000  2.162335e-11
16350.000000  2.148442e-11
16450.000000  2.064074e-11
16550.000000  2.090008e-11
16650.000000  2.033781e-11
16750.000000  2.006120e-11
16850.000000  1.931630e-11
16950.000000  1.966104e-11
17050.000000  1.887676e-11
17150.000000  1.878868e-11
17250.000000  1.820123e-11
17350.000000  1.757395e-11
17450.000000  1.762829e-11
17550.000000  1.728505e-11
17650.000000  1.705534e-11
17750.000000  1.658203e-11
17850.000000  1.644319e-11
17950.000000  1.615182e-11
18050.000000  1.570599e-11
18150.000000  1.538962e-11
18250.000000  1.513284e-11
18350.000000  1.485948e-11
18450.000000  1.447388e-11
18550.000000  1.434890e-11
18650.000000  1.388659e-11
18750.000000  1.351679e-11
18850.000000  1.351994e-11
18950.000000  1.288535e-11
19050.000000  1.315111e-11
19150.000000  1.282591e-11
19250.000000  1.267276e-11
19350.000000  1.225297e-11
19450.000000  1.192702e-11
19550.000000  1.197915e-11
19650.000000  1.165606e-11
19750.000000  1.133054e-11
19850.000000  1.121472e-11
19950.000000  1.101436e-11
20050.000000  1.096137e-11
20150.000000  1.083770e-11
20250.000000  1.046828e-11
20350.000000  1.027276e-11
20450.000000  1.026023e-11
20550.000000  9.983393e-12
20650.000000  9.782465e-12
20750.000000  9.636328e-12
20850.000000  9.474096e-12
20950.000000  9.250812e-12
21050.000000  9.225989e-12
21150.000000  9.049012e-12
21250.000000  8.875428e-12
21350.000000  8.791453e-12
21450.000000  8.623412e-12
21550.000000  8.494244e-12
21650.000000  8.236561e-12
21750.000000  8.126724e-12
21850.000000  8.046005e-12
21950.000000  7.963332e-12
22050.000000  7.730255e-12
22150.000000  7.739876e-12
22250.000000  7.526876e-12
22350.000000  7.417196e-12
22450.000000  7.308970e-12
22550.000000  7.200864e-12
22650.000000  7.044859e-12
22750.000000  7.024025e-12
22850.000000  6.837849e-12
22950.000000  6.015760e-12
23050.000000  6.335005e-12
23150.000000  6.277262e-12
23250.000000  5.549703e-12
23350.000000  5.853173e-12
23450.000000  5.865440e-12
23550.000000  5.144483e-12
23650.000000  5.519634e-12
23750.000000  5.457862e-12
23850.000000  4.873626e-12
23950.000000  5.169913e-12
24050.000000  5.196941e-12
24150.000000  4.720437e-12
24250.000000  4.905905e-12
24350.000000  4.942381e-12
24450.000000  4.630464e-12
24550.000000  4.591464e-12
24650.000000  4.763660e-12
24750.000000  4.567965e-12
24850.000000  4.348430e-12
24950.000000  4.491727e-12
