2505.000000  3.209826e-11
2513.000000  1.709195e-11
2518.000000  1.159817e-11
2525.000000  1.159610e-11
2535.000000  1.370504e-11
2545.000000  1.629779e-11
2555.000000  2.773388e-11
2565.000000  2.357396e-11
2575.000000  3.090140e-11
2585.000000  2.799905e-11
2595.000000  2.527278e-11
2605.000000  2.064787e-11
2615.000000  1.840939e-11
2625.000000  2.675852e-11
2635.000000  4.158507e-11
2645.000000  5.683690e-11
2655.000000  6.790890e-11
2665.000000  4.815481e-11
2675.000000  5.515774e-11
2685.000000  6.036145e-11
2695.000000  4.676168e-11
2705.000000  5.521734e-11
2715.000000  4.182261e-11
2725.000000  3.975260e-11
2735.000000  4.554220e-11
2745.000000  2.414923e-11
2755.000000  3.329087e-11
2765.000000  4.263292e-11
2775.000000  4.834177e-11
2785.000000  2.800009e-11
2795.000000  8.303853e-12
2805.000000  1.126469e-11
2815.000000  4.431140e-11
2825.000000  6.321822e-11
2835.000000  5.944678e-11
2845.000000  4.785515e-11
2855.000000  2.496614e-11
2865.000000  5.886477e-11
2875.000000  6.654857e-11
2885.000000  6.083058e-11
2895.000000  6.508119e-11
2910.000000  8.183490e-11
2930.000000  7.455920e-11
2950.000000  7.323369e-11
2970.000000  7.881211e-11
2990.000000  7.810054e-11
3010.000000  8.169740e-11
3030.000000  8.207733e-11
3050.000000  8.539328e-11
3070.000000  8.456152e-11
3090.000000  8.409459e-11
3110.000000  8.523754e-11
3130.000000  8.401034e-11
3150.000000  8.153988e-11
3170.000000  8.612941e-11
3190.000000  7.862707e-11
3210.000000  8.604959e-11
3230.000000  7.611382e-11
3250.000000  9.045283e-11
3270.000000  1.003133e-10
3290.000000  9.857497e-11
3310.000000  9.904829e-11
3330.000000  9.799786e-11
3350.000000  9.633733e-11
3370.000000  8.392132e-11
3390.000000  9.275573e-11
3410.000000  9.352655e-11
3430.000000  9.699226e-11
3450.000000  9.804824e-11
3470.000000  9.884399e-11
3490.000000  1.021430e-10
3510.000000  1.052363e-10
3530.000000  1.002383e-10
3550.000000  1.115219e-10
3570.000000  9.643951e-11
3590.000000  9.525499e-11
3610.000000  9.935045e-11
3630.000000  1.001987e-10
3640.000000  1.005934e-10
3650.000000  1.100280e-10
3670.000000  1.094984e-10
3690.000000  1.063129e-10
3710.000000  1.109197e-10
3730.000000  1.006479e-10
3750.000000  1.116391e-10
3770.000000  1.224170e-10
3790.000000  1.316951e-10
3810.000000  1.400267e-10
3830.000000  1.082605e-10
3850.000000  1.384574e-10
3870.000000  1.401383e-10
3890.000000  1.240101e-10
3910.000000  1.425126e-10
3930.000000  8.964670e-11
3950.000000  1.347426e-10
3970.000000  9.491169e-11
3990.000000  1.547083e-10
4010.000000  1.620177e-10
4030.000000  1.616777e-10
4050.000000  1.584981e-10
4070.000000  1.559294e-10
4090.000000  1.605731e-10
4110.000000  1.465242e-10
4130.000000  1.629794e-10
4150.000000  1.653064e-10
4170.000000  1.646846e-10
4190.000000  1.605329e-10
4210.000000  1.601310e-10
4230.000000  1.542758e-10
4250.000000  1.569969e-10
4270.000000  1.524802e-10
4290.000000  1.433094e-10
4310.000000  1.269436e-10
4330.000000  1.506802e-10
4350.000000  1.405013e-10
4370.000000  1.607696e-10
4390.000000  1.538147e-10
4410.000000  1.578192e-10
4430.000000  1.619070e-10
4450.000000  1.602197e-10
4470.000000  1.630799e-10
4490.000000  1.640996e-10
4510.000000  1.714806e-10
4530.000000  1.614491e-10
4550.000000  1.632434e-10
4570.000000  1.698753e-10
4590.000000  1.635727e-10
4610.000000  1.662480e-10
4630.000000  1.641266e-10
4650.000000  1.649747e-10
4670.000000  1.672407e-10
4690.000000  1.648309e-10
4710.000000  1.597225e-10
4730.000000  1.647351e-10
4750.000000  1.652795e-10
4770.000000  1.644854e-10
4790.000000  1.633726e-10
4810.000000  1.627108e-10
4830.000000  1.622184e-10
4850.000000  1.520417e-10
4870.000000  1.338587e-10
4890.000000  1.563057e-10
4910.000000  1.565703e-10
4930.000000  1.537791e-10
4950.000000  1.568030e-10
4970.000000  1.584949e-10
4990.000000  1.512050e-10
5010.000000  1.469274e-10
5030.000000  1.527287e-10
5050.000000  1.514198e-10
5070.000000  1.547250e-10
5090.000000  1.511238e-10
5110.000000  1.520014e-10
5130.000000  1.495425e-10
5150.000000  1.460838e-10
5170.000000  1.399311e-10
5190.000000  1.396497e-10
5210.000000  1.440142e-10
5230.000000  1.451837e-10
5250.000000  1.480196e-10
5270.000000  1.375619e-10
5290.000000  1.459253e-10
5310.000000  1.472700e-10
5330.000000  1.395658e-10
5350.000000  1.447508e-10
5370.000000  1.435926e-10
5390.000000  1.426469e-10
5410.000000  1.395644e-10
5430.000000  1.412852e-10
5450.000000  1.423976e-10
5470.000000  1.408847e-10
5490.000000  1.405962e-10
5510.000000  1.403233e-10
5530.000000  1.398960e-10
5550.000000  1.407694e-10
5570.000000  1.377216e-10
5590.000000  1.361563e-10
5610.000000  1.370781e-10
5630.000000  1.378286e-10
5650.000000  1.370562e-10
5670.000000  1.348826e-10
5690.000000  1.356230e-10
5710.000000  1.337726e-10
5730.000000  1.368696e-10
5750.000000  1.345437e-10
5770.000000  1.346220e-10
5790.000000  1.330188e-10
5810.000000  1.334218e-10
5830.000000  1.334692e-10
5850.000000  1.315404e-10
5870.000000  1.312584e-10
5890.000000  1.267773e-10
5910.000000  1.299309e-10
5930.000000  1.292738e-10
5950.000000  1.290563e-10
5970.000000  1.284441e-10
5990.000000  1.275507e-10
6010.000000  1.262007e-10
6030.000000  1.256499e-10
6050.000000  1.263361e-10
6070.000000  1.256211e-10
6090.000000  1.242768e-10
6110.000000  1.230789e-10
6130.000000  1.203826e-10
6150.000000  1.205736e-10
6170.000000  1.185927e-10
6190.000000  1.209719e-10
6210.000000  1.207814e-10
6230.000000  1.188871e-10
6250.000000  1.163612e-10
6270.000000  1.187952e-10
6290.000000  1.185130e-10
6310.000000  1.163082e-10
6330.000000  1.162488e-10
6350.000000  1.161182e-10
6370.000000  1.155062e-10
6390.000000  1.151739e-10
6410.000000  1.133137e-10
6430.000000  1.134812e-10
6450.000000  1.123801e-10
6470.000000  1.120299e-10
6490.000000  1.105329e-10
6510.000000  1.114098e-10
6530.000000  1.108556e-10
6550.000000  1.061964e-10
6570.000000  9.272592e-11
6590.000000  1.079282e-10
6610.000000  1.090588e-10
6630.000000  1.086662e-10
6650.000000  1.081930e-10
6670.000000  1.070849e-10
6690.000000  1.074369e-10
6710.000000  1.063028e-10
6730.000000  1.062357e-10
6750.000000  1.053172e-10
6770.000000  1.049839e-10
6790.000000  1.044438e-10
6810.000000  1.037630e-10
6830.000000  1.035036e-10
6850.000000  1.023172e-10
6870.000000  1.022824e-10
6890.000000  1.019396e-10
6910.000000  1.013050e-10
6930.000000  1.008115e-10
6950.000000  1.002590e-10
6970.000000  9.987079e-11
6990.000000  9.937438e-11
7010.000000  9.787900e-11
7030.000000  9.806660e-11
7050.000000  9.781939e-11
7070.000000  9.717601e-11
7090.000000  9.666223e-11
7110.000000  9.603832e-11
7130.000000  9.528088e-11
7150.000000  9.467763e-11
7170.000000  9.425115e-11
7190.000000  9.300176e-11
7210.000000  9.314768e-11
7230.000000  9.292130e-11
7250.000000  9.273389e-11
7270.000000  9.230760e-11
7290.000000  9.094328e-11
7310.000000  9.111791e-11
7330.000000  9.056356e-11
7350.000000  9.049299e-11
7370.000000  9.015405e-11
7390.000000  8.885922e-11
7410.000000  8.776606e-11
7430.000000  8.797391e-11
7450.000000  8.775246e-11
7470.000000  8.766818e-11
7490.000000  8.692021e-11
7510.000000  8.662333e-11
7530.000000  8.635578e-11
7550.000000  8.616855e-11
7570.000000  8.548049e-11
7590.000000  8.505299e-11
7610.000000  8.458268e-11
7630.000000  8.434340e-11
7650.000000  8.386005e-11
7670.000000  8.255529e-11
7690.000000  8.294589e-11
7710.000000  8.215810e-11
7730.000000  8.205630e-11
7750.000000  8.123336e-11
7770.000000  8.102677e-11
7790.000000  8.108958e-11
7810.000000  8.065578e-11
7830.000000  7.986811e-11
7850.000000  7.956423e-11
7870.000000  7.953850e-11
7890.000000  7.911422e-11
7910.000000  7.850152e-11
7930.000000  7.740960e-11
7950.000000  7.725244e-11
7970.000000  7.755897e-11
7990.000000  7.721160e-11
8010.000000  7.646457e-11
8030.000000  7.617402e-11
8050.000000  7.561649e-11
8070.000000  7.561156e-11
8090.000000  7.479034e-11
8110.000000  7.485879e-11
8130.000000  7.462649e-11
8150.000000  7.418213e-11
8170.000000  7.379209e-11
8190.000000  7.236337e-11
8210.000000  7.240332e-11
8230.000000  7.193688e-11
8250.000000  7.192401e-11
8270.000000  7.202085e-11
8290.000000  7.159397e-11
8310.000000  7.084736e-11
8330.000000  7.006679e-11
8350.000000  7.031274e-11
8370.000000  7.015113e-11
8390.000000  6.925053e-11
8410.000000  6.947058e-11
8430.000000  6.872624e-11
8450.000000  6.836653e-11
8470.000000  6.789949e-11
8490.000000  6.738515e-11
8510.000000  6.481975e-11
8530.000000  6.663124e-11
8550.000000  5.933393e-11
8570.000000  6.692591e-11
8590.000000  6.580842e-11
8610.000000  6.524376e-11
8630.000000  6.598749e-11
8650.000000  6.515904e-11
8670.000000  5.811160e-11
8690.000000  6.406951e-11
8710.000000  6.466742e-11
8730.000000  6.415398e-11
8750.000000  6.135251e-11
8770.000000  6.354946e-11
8790.000000  6.347235e-11
8810.000000  6.267581e-11
8830.000000  6.264563e-11
8850.000000  6.185601e-11
8870.000000  5.909705e-11
8890.000000  6.198829e-11
8910.000000  6.189358e-11
8930.000000  6.125921e-11
8950.000000  6.122051e-11
8970.000000  6.100923e-11
8990.000000  6.062421e-11
9010.000000  5.672948e-11
9030.000000  5.896356e-11
9050.000000  5.997746e-11
9070.000000  5.905359e-11
9090.000000  5.795972e-11
9110.000000  5.855571e-11
9130.000000  5.888466e-11
9150.000000  5.861336e-11
9170.000000  5.828792e-11
9190.000000  5.805199e-11
9210.000000  5.677977e-11
9230.000000  5.316084e-11
9250.000000  5.586452e-11
9270.000000  5.652641e-11
9290.000000  5.664490e-11
9310.000000  5.649063e-11
9330.000000  5.614916e-11
9350.000000  5.587831e-11
9370.000000  5.560769e-11
9390.000000  5.538357e-11
9410.000000  5.375767e-11
9430.000000  5.463088e-11
9450.000000  5.425918e-11
9470.000000  5.438045e-11
9490.000000  5.418415e-11
9510.000000  5.372557e-11
9530.000000  5.296089e-11
9550.000000  4.934098e-11
9570.000000  5.253393e-11
9590.000000  5.281280e-11
9610.000000  5.238219e-11
9630.000000  5.196554e-11
9650.000000  5.187903e-11
9670.000000  5.144617e-11
9690.000000  5.153919e-11
9710.000000  5.142483e-11
9730.000000  5.119214e-11
9750.000000  5.070765e-11
9770.000000  5.064493e-11
9790.000000  5.039066e-11
9810.000000  5.026470e-11
9830.000000  5.000666e-11
9850.000000  4.976534e-11
9870.000000  4.942529e-11
9890.000000  4.912218e-11
9910.000000  4.891319e-11
9930.000000  4.891531e-11
9950.000000  4.869856e-11
9970.000000  4.848847e-11
9990.000000  4.823991e-11
10025.000000  4.717281e-11
10075.000000  4.589100e-11
10125.000000  4.666521e-11
10175.000000  4.605697e-11
10225.000000  4.569029e-11
10275.000000  4.528384e-11
10325.000000  4.454788e-11
10375.000000  4.414084e-11
10425.000000  4.376409e-11
10475.000000  4.298641e-11
10525.000000  4.276513e-11
10575.000000  4.219196e-11
10625.000000  4.167094e-11
10675.000000  4.070563e-11
10725.000000  4.066227e-11
10775.000000  4.019834e-11
10825.000000  3.954385e-11
10875.000000  3.919876e-11
10925.000000  3.736114e-11
10975.000000  3.804130e-11
11025.000000  3.824034e-11
11075.000000  3.799671e-11
11125.000000  3.751020e-11
11175.000000  3.707044e-11
11225.000000  3.680899e-11
11275.000000  3.609360e-11
11325.000000  3.582325e-11
11375.000000  3.553740e-11
11425.000000  3.499681e-11
11475.000000  3.495959e-11
11525.000000  3.461080e-11
11575.000000  3.416704e-11
11625.000000  3.357117e-11
11675.000000  3.325167e-11
11725.000000  3.324596e-11
11775.000000  3.249119e-11
11825.000000  3.225225e-11
11875.000000  3.187216e-11
11925.000000  3.196501e-11
11975.000000  3.111286e-11
12025.000000  3.110009e-11
12075.000000  3.072739e-11
12125.000000  3.054176e-11
12175.000000  3.040874e-11
12225.000000  3.010338e-11
12275.000000  2.971896e-11
12325.000000  2.949743e-11
12375.000000  2.920182e-11
12425.000000  2.892189e-11
12475.000000  2.868374e-11
12525.000000  2.836852e-11
12575.000000  2.806061e-11
12625.000000  2.779987e-11
12675.000000  2.754628e-11
12725.000000  2.731915e-11
12775.000000  2.687522e-11
12825.000000  2.482985e-11
12875.000000  2.638929e-11
12925.000000  2.626024e-11
12975.000000  2.609075e-11
13025.000000  2.581512e-11
13075.000000  2.563420e-11
13125.000000  2.525935e-11
13175.000000  2.500054e-11
13225.000000  2.493039e-11
13275.000000  2.460272e-11
13325.000000  2.444082e-11
13375.000000  2.421068e-11
13425.000000  2.404320e-11
13475.000000  2.382370e-11
13525.000000  2.359928e-11
13575.000000  2.329904e-11
13625.000000  2.316031e-11
13675.000000  2.293779e-11
13725.000000  2.266038e-11
13775.000000  2.251474e-11
13825.000000  2.233629e-11
13875.000000  2.219229e-11
13925.000000  2.197030e-11
13975.000000  2.177543e-11
14025.000000  2.153925e-11
14075.000000  2.141599e-11
14125.000000  2.114251e-11
14175.000000  2.106046e-11
14225.000000  2.073147e-11
14275.000000  2.048127e-11
14325.000000  2.048337e-11
14375.000000  2.036128e-11
14425.000000  1.979968e-11
14475.000000  1.998820e-11
14525.000000  1.960965e-11
14570.000000  1.958376e-11
14620.000000  1.942318e-11
14675.000000  1.928087e-11
14725.000000  1.901148e-11
14775.000000  1.885149e-11
14825.000000  1.873898e-11
14875.000000  1.836117e-11
14925.000000  1.853072e-11
14975.000000  1.829211e-11
15025.000000  1.791276e-11
15075.000000  1.780674e-11
15125.000000  1.786945e-11
15175.000000  1.774515e-11
15225.000000  1.749399e-11
15275.000000  1.740889e-11
15325.000000  1.724167e-11
15375.000000  1.709527e-11
15425.000000  1.691581e-11
15475.000000  1.681515e-11
15525.000000  1.664750e-11
15575.000000  1.642466e-11
15625.000000  1.643925e-11
15675.000000  1.614480e-11
15725.000000  1.595733e-11
15775.000000  1.572071e-11
15825.000000  1.575061e-11
15875.000000  1.516646e-11
15925.000000  1.544348e-11
15975.000000  1.538703e-11
16050.000000  1.512454e-11
16150.000000  1.464125e-11
16250.000000  1.472334e-11
16350.000000  1.424691e-11
16450.000000  1.369347e-11
16550.000000  1.388456e-11
16650.000000  1.360889e-11
16750.000000  1.307557e-11
16850.000000  1.249211e-11
16950.000000  1.280971e-11
17050.000000  1.249637e-11
17150.000000  1.224229e-11
17250.000000  1.191931e-11
17350.000000  1.105228e-11
17450.000000  1.137211e-11
17550.000000  1.128042e-11
17650.000000  1.104680e-11
17750.000000  1.084409e-11
17850.000000  1.064224e-11
17950.000000  1.044469e-11
18050.000000  1.018863e-11
18150.000000  9.464623e-12
18250.000000  9.666677e-12
18350.000000  9.614706e-12
18450.000000  9.400860e-12
18550.000000  9.245977e-12
18650.000000  9.011085e-12
18750.000000  8.266691e-12
18850.000000  8.659056e-12
18950.000000  8.457827e-12
19050.000000  8.413633e-12
19150.000000  8.242957e-12
19250.000000  8.089851e-12
19350.000000  7.877826e-12
19450.000000  7.290680e-12
19550.000000  7.602969e-12
19650.000000  7.500173e-12
19750.000000  7.341902e-12
19850.000000  7.235053e-12
19950.000000  7.103446e-12
20050.000000  6.992134e-12
20150.000000  6.877684e-12
20250.000000  6.732479e-12
20350.000000  6.589414e-12
20450.000000  6.514768e-12
20550.000000  6.393211e-12
20650.000000  6.257902e-12
20750.000000  6.163601e-12
20850.000000  6.058754e-12
20950.000000  5.933302e-12
21050.000000  5.851477e-12
21150.000000  5.742759e-12
21250.000000  5.644088e-12
21350.000000  5.550811e-12
21450.000000  5.464211e-12
21550.000000  5.350228e-12
21650.000000  4.965010e-12
21750.000000  5.138783e-12
21850.000000  5.084875e-12
21950.000000  5.023224e-12
22050.000000  4.913939e-12
22150.000000  4.849730e-12
22250.000000  4.773715e-12
22350.000000  4.694920e-12
22450.000000  4.618596e-12
22550.000000  4.529388e-12
22650.000000  4.461861e-12
22750.000000  4.396522e-12
22850.000000  4.315912e-12
22950.000000  4.251443e-12
23050.000000  4.191341e-12
23150.000000  4.119948e-12
23250.000000  4.056247e-12
23350.000000  3.987510e-12
23450.000000  3.933298e-12
23550.000000  3.866022e-12
23650.000000  3.811257e-12
23750.000000  3.742186e-12
23850.000000  3.682213e-12
23950.000000  3.635419e-12
24050.000000  3.576804e-12
24150.000000  3.516185e-12
24250.000000  3.467679e-12
24350.000000  3.410745e-12
24450.000000  3.363276e-12
24550.000000  3.299943e-12
24650.000000  3.264040e-12
24750.000000  3.209477e-12
24850.000000  3.148934e-12
24950.000000  3.113432e-12
