2505.000000  1.914223e-12
2513.000000  1.081423e-12
2518.000000  9.974294e-13
2525.000000  8.090687e-13
2535.000000  1.044840e-12
2545.000000  1.277272e-12
2555.000000  1.973597e-12
2565.000000  1.156775e-12
2575.000000  1.478215e-12
2585.000000  9.802499e-13
2595.000000  7.695176e-13
2605.000000  5.777135e-13
2615.000000  5.513642e-13
2625.000000  7.809104e-13
2635.000000  1.774539e-12
2645.000000  3.817862e-12
2655.000000  4.775780e-12
2665.000000  3.086619e-12
2675.000000  3.601007e-12
2685.000000  3.963318e-12
2695.000000  3.272180e-12
2705.000000  3.963484e-12
2715.000000  2.482800e-12
2725.000000  2.378034e-12
2735.000000  2.401544e-12
2745.000000  9.730875e-13
2755.000000  1.387999e-12
2765.000000  1.921675e-12
2775.000000  2.119943e-12
2785.000000  1.258426e-12
2795.000000  3.984796e-13
2805.000000  5.194004e-13
2815.000000  1.763459e-12
2825.000000  3.174323e-12
2835.000000  3.686340e-12
2845.000000  3.915664e-12
2855.000000  2.689808e-12
2865.000000  4.555074e-12
2875.000000  5.305459e-12
2885.000000  5.337205e-12
2895.000000  5.552599e-12
2910.000000  7.470086e-12
2930.000000  6.838805e-12
2950.000000  6.552694e-12
2970.000000  8.051549e-12
2990.000000  7.997994e-12
3010.000000  9.007179e-12
3030.000000  9.097650e-12
3050.000000  9.586203e-12
3070.000000  8.904209e-12
3090.000000  1.023254e-11
3110.000000  1.005783e-11
3130.000000  9.913682e-12
3150.000000  1.031230e-11
3170.000000  1.042878e-11
3190.000000  9.368410e-12
3210.000000  1.084886e-11
3230.000000  8.548839e-12
3250.000000  1.110860e-11
3270.000000  1.279313e-11
3290.000000  1.254535e-11
3310.000000  1.309281e-11
3330.000000  1.259698e-11
3350.000000  1.226797e-11
3370.000000  1.148199e-11
3390.000000  1.262522e-11
3410.000000  1.366381e-11
3430.000000  1.426011e-11
3450.000000  1.472561e-11
3470.000000  1.431855e-11
3490.000000  1.451272e-11
3510.000000  1.557940e-11
3530.000000  1.513475e-11
3550.000000  1.711146e-11
3570.000000  1.476093e-11
3590.000000  1.499572e-11
3610.000000  1.534105e-11
3630.000000  1.606719e-11
3640.000000  1.588969e-11
3650.000000  1.717198e-11
3670.000000  1.732400e-11
3690.000000  1.880889e-11
3710.000000  2.288480e-11
3730.000000  2.525779e-11
3750.000000  2.976390e-11
3770.000000  3.125549e-11
3790.000000  3.451104e-11
3810.000000  3.796788e-11
3830.000000  3.071586e-11
3850.000000  3.573970e-11
3870.000000  3.771331e-11
3890.000000  3.271819e-11
3910.000000  3.271993e-11
3930.000000  1.205552e-11
3950.000000  2.309392e-11
3970.000000  1.371196e-11
3990.000000  3.645740e-11
4010.000000  4.270101e-11
4030.000000  4.335230e-11
4050.000000  4.268495e-11
4070.000000  4.209033e-11
4090.000000  4.627837e-11
4110.000000  4.327372e-11
4130.000000  4.563543e-11
4150.000000  4.811296e-11
4170.000000  4.615896e-11
4190.000000  4.644530e-11
4210.000000  4.608690e-11
4230.000000  4.504481e-11
4250.000000  4.659096e-11
4270.000000  4.580278e-11
4290.000000  4.342124e-11
4310.000000  3.894624e-11
4330.000000  4.627329e-11
4350.000000  4.342062e-11
4370.000000  4.950775e-11
4390.000000  4.713681e-11
4410.000000  4.706628e-11
4430.000000  4.750751e-11
4450.000000  4.773011e-11
4470.000000  4.928663e-11
4490.000000  4.981755e-11
4510.000000  5.362561e-11
4530.000000  4.902113e-11
4550.000000  4.931325e-11
4570.000000  5.254128e-11
4590.000000  4.964000e-11
4610.000000  5.214523e-11
4630.000000  5.104522e-11
4650.000000  5.198378e-11
4670.000000  5.256179e-11
4690.000000  5.143783e-11
4710.000000  4.960709e-11
4730.000000  5.206172e-11
4750.000000  5.296822e-11
4770.000000  5.247019e-11
4790.000000  5.247690e-11
4810.000000  5.190170e-11
4830.000000  5.223469e-11
4850.000000  4.875013e-11
4870.000000  4.271916e-11
4890.000000  5.051016e-11
4910.000000  5.044059e-11
4930.000000  4.903660e-11
4950.000000  5.122378e-11
4970.000000  5.143497e-11
4990.000000  4.783510e-11
5010.000000  4.584058e-11
5030.000000  4.843741e-11
5050.000000  4.877796e-11
5070.000000  5.010658e-11
5090.000000  4.871517e-11
5110.000000  4.896524e-11
5130.000000  4.706462e-11
5150.000000  4.652846e-11
5170.000000  4.599392e-11
5190.000000  4.546312e-11
5210.000000  4.611572e-11
5230.000000  4.654759e-11
5250.000000  4.711914e-11
5270.000000  4.333392e-11
5290.000000  4.684372e-11
5310.000000  4.687597e-11
5330.000000  4.464675e-11
5350.000000  4.702108e-11
5370.000000  4.727906e-11
5390.000000  4.632659e-11
5410.000000  4.531394e-11
5430.000000  4.576050e-11
5450.000000  4.713821e-11
5470.000000  4.610045e-11
5490.000000  4.572474e-11
5510.000000  4.553134e-11
5530.000000  4.590027e-11
5550.000000  4.624186e-11
5570.000000  4.561071e-11
5590.000000  4.485173e-11
5610.000000  4.561322e-11
5630.000000  4.559986e-11
5650.000000  4.508643e-11
5670.000000  4.403988e-11
5690.000000  4.480047e-11
5710.000000  4.397202e-11
5730.000000  4.587372e-11
5750.000000  4.473674e-11
5770.000000  4.501322e-11
5790.000000  4.398205e-11
5810.000000  4.439270e-11
5830.000000  4.472592e-11
5850.000000  4.402638e-11
5870.000000  4.407484e-11
5890.000000  4.258073e-11
5910.000000  4.354208e-11
5930.000000  4.330328e-11
5950.000000  4.323468e-11
5970.000000  4.328344e-11
5990.000000  4.271443e-11
6010.000000  4.210865e-11
6030.000000  4.220554e-11
6050.000000  4.241687e-11
6070.000000  4.245824e-11
6090.000000  4.148850e-11
6110.000000  4.090704e-11
6130.000000  4.003396e-11
6150.000000  3.989559e-11
6170.000000  3.937291e-11
6190.000000  4.067382e-11
6210.000000  4.070094e-11
6230.000000  3.960167e-11
6250.000000  3.807671e-11
6270.000000  3.988208e-11
6290.000000  3.983865e-11
6310.000000  3.858767e-11
6330.000000  3.894381e-11
6350.000000  3.894268e-11
6370.000000  3.863736e-11
6390.000000  3.871818e-11
6410.000000  3.798537e-11
6430.000000  3.817414e-11
6450.000000  3.774934e-11
6470.000000  3.789497e-11
6490.000000  3.695588e-11
6510.000000  3.757125e-11
6530.000000  3.763664e-11
6550.000000  3.637216e-11
6570.000000  3.140605e-11
6590.000000  3.667230e-11
6610.000000  3.672757e-11
6630.000000  3.688948e-11
6650.000000  3.660460e-11
6670.000000  3.623162e-11
6690.000000  3.649047e-11
6710.000000  3.596947e-11
6730.000000  3.611799e-11
6750.000000  3.549373e-11
6770.000000  3.567168e-11
6790.000000  3.530430e-11
6810.000000  3.524967e-11
6830.000000  3.507353e-11
6850.000000  3.463155e-11
6870.000000  3.479037e-11
6890.000000  3.473497e-11
6910.000000  3.447673e-11
6930.000000  3.429200e-11
6950.000000  3.408686e-11
6970.000000  3.401992e-11
6990.000000  3.383654e-11
7010.000000  3.300706e-11
7030.000000  3.330703e-11
7050.000000  3.333255e-11
7070.000000  3.305282e-11
7090.000000  3.292786e-11
7110.000000  3.240273e-11
7130.000000  3.235516e-11
7150.000000  3.224940e-11
7170.000000  3.206794e-11
7190.000000  3.138118e-11
7210.000000  3.161030e-11
7230.000000  3.145938e-11
7250.000000  3.153266e-11
7270.000000  3.145337e-11
7290.000000  3.080236e-11
7310.000000  3.081229e-11
7330.000000  3.083071e-11
7350.000000  3.074848e-11
7370.000000  3.082273e-11
7390.000000  3.021183e-11
7410.000000  2.977726e-11
7430.000000  2.978640e-11
7450.000000  2.980337e-11
7470.000000  2.978075e-11
7490.000000  2.957810e-11
7510.000000  2.954909e-11
7530.000000  2.947248e-11
7550.000000  2.956979e-11
7570.000000  2.920589e-11
7590.000000  2.914949e-11
7610.000000  2.900860e-11
7630.000000  2.896721e-11
7650.000000  2.871157e-11
7670.000000  2.819738e-11
7690.000000  2.843955e-11
7710.000000  2.805349e-11
7730.000000  2.804613e-11
7750.000000  2.783982e-11
7770.000000  2.762369e-11
7790.000000  2.789700e-11
7810.000000  2.774165e-11
7830.000000  2.740474e-11
7850.000000  2.718329e-11
7870.000000  2.731293e-11
7890.000000  2.708915e-11
7910.000000  2.682052e-11
7930.000000  2.651747e-11
7950.000000  2.644576e-11
7970.000000  2.671945e-11
7990.000000  2.654055e-11
8010.000000  2.631339e-11
8030.000000  2.613493e-11
8050.000000  2.601357e-11
8070.000000  2.599060e-11
8090.000000  2.567107e-11
8110.000000  2.582637e-11
8130.000000  2.576674e-11
8150.000000  2.558308e-11
8170.000000  2.546646e-11
8190.000000  2.481350e-11
8210.000000  2.483045e-11
8230.000000  2.474077e-11
8250.000000  2.464713e-11
8270.000000  2.487795e-11
8290.000000  2.470626e-11
8310.000000  2.434535e-11
8330.000000  2.399041e-11
8350.000000  2.423105e-11
8370.000000  2.402190e-11
8390.000000  2.376809e-11
8410.000000  2.385318e-11
8430.000000  2.369841e-11
8450.000000  2.345173e-11
8470.000000  2.318927e-11
8490.000000  2.296021e-11
8510.000000  2.132159e-11
8530.000000  2.244824e-11
8550.000000  1.762545e-11
8570.000000  2.356603e-11
8590.000000  2.308783e-11
8610.000000  2.267069e-11
8630.000000  2.348790e-11
8650.000000  2.268300e-11
8670.000000  1.789411e-11
8690.000000  2.252889e-11
8710.000000  2.314252e-11
8730.000000  2.299185e-11
8750.000000  2.153735e-11
8770.000000  2.288341e-11
8790.000000  2.280685e-11
8810.000000  2.252121e-11
8830.000000  2.236618e-11
8850.000000  2.214152e-11
8870.000000  2.090835e-11
8890.000000  2.222762e-11
8910.000000  2.223746e-11
8930.000000  2.190259e-11
8950.000000  2.194369e-11
8970.000000  2.187003e-11
8990.000000  2.174685e-11
9010.000000  2.024603e-11
9030.000000  2.119126e-11
9050.000000  2.165574e-11
9070.000000  2.105846e-11
9090.000000  2.054445e-11
9110.000000  2.088786e-11
9130.000000  2.117305e-11
9150.000000  2.109592e-11
9170.000000  2.093752e-11
9190.000000  2.090324e-11
9210.000000  2.037513e-11
9230.000000  1.904432e-11
9250.000000  1.994053e-11
9270.000000  2.020261e-11
9290.000000  2.037962e-11
9310.000000  2.035071e-11
9330.000000  2.020646e-11
9350.000000  2.012733e-11
9370.000000  2.002336e-11
9390.000000  1.992835e-11
9410.000000  1.913586e-11
9430.000000  1.955920e-11
9450.000000  1.942219e-11
9470.000000  1.960362e-11
9490.000000  1.957941e-11
9510.000000  1.940392e-11
9530.000000  1.917813e-11
9550.000000  1.792119e-11
9570.000000  1.896421e-11
9590.000000  1.909112e-11
9610.000000  1.881779e-11
9630.000000  1.859395e-11
9650.000000  1.861558e-11
9670.000000  1.837583e-11
9690.000000  1.840466e-11
9710.000000  1.855611e-11
9730.000000  1.846157e-11
9750.000000  1.812500e-11
9770.000000  1.827764e-11
9790.000000  1.812715e-11
9810.000000  1.816049e-11
9830.000000  1.807038e-11
9850.000000  1.789928e-11
9870.000000  1.781453e-11
9890.000000  1.767687e-11
9910.000000  1.761108e-11
9930.000000  1.764741e-11
9950.000000  1.756828e-11
9970.000000  1.752870e-11
9990.000000  1.745693e-11
10025.000000  1.710801e-11
10075.000000  1.666679e-11
10125.000000  1.680803e-11
10175.000000  1.662022e-11
10225.000000  1.650805e-11
10275.000000  1.642052e-11
10325.000000  1.607141e-11
10375.000000  1.596279e-11
10425.000000  1.584864e-11
10475.000000  1.543987e-11
10525.000000  1.541956e-11
10575.000000  1.526791e-11
10625.000000  1.508394e-11
10675.000000  1.468104e-11
10725.000000  1.468246e-11
10775.000000  1.452929e-11
10825.000000  1.429862e-11
10875.000000  1.420184e-11
10925.000000  1.364434e-11
10975.000000  1.381740e-11
11025.000000  1.387274e-11
11075.000000  1.377850e-11
11125.000000  1.356065e-11
11175.000000  1.341144e-11
11225.000000  1.334738e-11
11275.000000  1.300229e-11
11325.000000  1.289067e-11
11375.000000  1.284239e-11
11425.000000  1.259108e-11
11475.000000  1.269404e-11
11525.000000  1.257759e-11
11575.000000  1.238664e-11
11625.000000  1.209463e-11
11675.000000  1.195115e-11
11725.000000  1.207829e-11
11775.000000  1.172291e-11
11825.000000  1.168260e-11
11875.000000  1.147062e-11
11925.000000  1.163707e-11
11975.000000  1.128563e-11
12025.000000  1.132027e-11
12075.000000  1.116936e-11
12125.000000  1.108209e-11
12175.000000  1.104623e-11
12225.000000  1.092507e-11
12275.000000  1.079592e-11
12325.000000  1.070511e-11
12375.000000  1.060585e-11
12425.000000  1.051688e-11
12475.000000  1.042335e-11
12525.000000  1.027285e-11
12575.000000  1.014358e-11
12625.000000  1.008065e-11
12675.000000  1.000233e-11
12725.000000  9.949523e-12
12775.000000  9.842753e-12
12825.000000  9.221684e-12
12875.000000  9.634036e-12
12925.000000  9.525670e-12
12975.000000  9.467854e-12
13025.000000  9.369481e-12
13075.000000  9.314521e-12
13125.000000  9.175402e-12
13175.000000  9.067618e-12
13225.000000  9.048283e-12
13275.000000  8.912430e-12
13325.000000  8.864879e-12
13375.000000  8.778743e-12
13425.000000  8.720243e-12
13475.000000  8.641221e-12
13525.000000  8.543840e-12
13575.000000  8.415395e-12
13625.000000  8.381946e-12
13675.000000  8.299521e-12
13725.000000  8.142625e-12
13775.000000  8.127398e-12
13825.000000  8.066438e-12
13875.000000  8.030837e-12
13925.000000  7.929507e-12
13975.000000  7.873942e-12
14025.000000  7.773987e-12
14075.000000  7.744681e-12
14125.000000  7.635882e-12
14175.000000  7.601159e-12
14225.000000  7.478679e-12
14275.000000  7.385292e-12
14325.000000  7.387298e-12
14375.000000  7.355568e-12
14425.000000  7.073184e-12
14475.000000  7.200219e-12
14525.000000  7.028058e-12
14570.000000  7.058108e-12
14620.000000  6.969274e-12
14675.000000  6.943234e-12
14725.000000  6.822336e-12
14775.000000  6.755413e-12
14825.000000  6.719379e-12
14875.000000  6.617992e-12
14925.000000  6.664443e-12
14975.000000  6.563918e-12
15025.000000  6.459265e-12
15075.000000  6.376667e-12
15125.000000  6.385228e-12
15175.000000  6.345928e-12
15225.000000  6.302471e-12
15275.000000  6.200961e-12
15325.000000  6.138031e-12
15375.000000  6.177172e-12
15425.000000  5.959203e-12
15475.000000  6.068943e-12
15525.000000  6.042298e-12
15575.000000  5.785053e-12
15625.000000  6.005559e-12
15675.000000  5.847227e-12
15725.000000  5.640927e-12
15775.000000  5.763456e-12
15825.000000  5.772859e-12
15875.000000  5.332470e-12
15925.000000  5.660955e-12
15975.000000  5.668752e-12
16050.000000  5.561401e-12
16150.000000  5.314637e-12
16250.000000  5.420155e-12
16350.000000  5.260641e-12
16450.000000  5.003143e-12
16550.000000  5.094742e-12
16650.000000  5.001891e-12
16750.000000  4.855619e-12
16850.000000  4.614107e-12
16950.000000  4.716196e-12
17050.000000  4.574167e-12
17150.000000  4.511518e-12
17250.000000  4.381012e-12
17350.000000  4.123956e-12
17450.000000  4.193039e-12
17550.000000  4.135983e-12
17650.000000  4.047969e-12
17750.000000  3.976972e-12
17850.000000  3.900880e-12
17950.000000  3.847213e-12
18050.000000  3.749262e-12
18150.000000  3.556340e-12
18250.000000  3.591320e-12
18350.000000  3.546255e-12
18450.000000  3.468292e-12
18550.000000  3.403783e-12
18650.000000  3.334424e-12
18750.000000  3.129185e-12
18850.000000  3.206619e-12
18950.000000  3.103917e-12
19050.000000  3.109272e-12
19150.000000  3.045440e-12
19250.000000  2.990482e-12
19350.000000  2.922547e-12
19450.000000  2.764728e-12
19550.000000  2.825588e-12
19650.000000  2.775431e-12
19750.000000  2.714046e-12
19850.000000  2.676062e-12
19950.000000  2.628568e-12
20050.000000  2.589645e-12
20150.000000  2.549853e-12
20250.000000  2.492944e-12
20350.000000  2.439207e-12
20450.000000  2.417048e-12
20550.000000  2.371421e-12
20650.000000  2.322071e-12
20750.000000  2.284585e-12
20850.000000  2.247189e-12
20950.000000  2.202466e-12
21050.000000  2.171278e-12
21150.000000  2.128054e-12
21250.000000  2.092908e-12
21350.000000  2.059438e-12
21450.000000  2.031666e-12
21550.000000  1.997770e-12
21650.000000  1.891428e-12
21750.000000  1.922587e-12
21850.000000  1.893532e-12
21950.000000  1.870048e-12
22050.000000  1.827764e-12
22150.000000  1.800905e-12
22250.000000  1.777235e-12
22350.000000  1.747896e-12
22450.000000  1.720522e-12
22550.000000  1.680075e-12
22650.000000  1.659597e-12
22750.000000  1.637833e-12
22850.000000  1.609379e-12
22950.000000  1.578922e-12
23050.000000  1.562513e-12
23150.000000  1.535653e-12
23250.000000  1.509752e-12
23350.000000  1.486732e-12
23450.000000  1.467660e-12
23550.000000  1.438800e-12
23650.000000  1.421433e-12
23750.000000  1.397734e-12
23850.000000  1.370979e-12
23950.000000  1.354639e-12
24050.000000  1.332948e-12
24150.000000  1.309214e-12
24250.000000  1.296119e-12
24350.000000  1.268220e-12
24450.000000  1.249779e-12
24550.000000  1.234507e-12
24650.000000  1.217945e-12
24750.000000  1.198022e-12
24850.000000  1.181880e-12
24950.000000  1.151129e-12
