2505.000000  2.910539e-13
2513.000000  1.642535e-13
2518.000000  9.320375e-14
2525.000000  1.107011e-13
2535.000000  3.506387e-13
2545.000000  4.470678e-13
2555.000000  1.490566e-12
2565.000000  7.562845e-13
2575.000000  1.103446e-12
2585.000000  8.272895e-13
2595.000000  7.067489e-13
2605.000000  6.719893e-13
2615.000000  6.411408e-13
2625.000000  9.287651e-13
2635.000000  2.365736e-12
2645.000000  3.826940e-12
2655.000000  7.172925e-12
2665.000000  3.898243e-12
2675.000000  3.715949e-12
2685.000000  5.426688e-12
2695.000000  3.335669e-12
2705.000000  5.079699e-12
2715.000000  2.817506e-12
2725.000000  1.500075e-12
2735.000000  2.345020e-12
2745.000000  1.467878e-12
2755.000000  2.067250e-12
2765.000000  3.032212e-12
2775.000000  3.170587e-12
2785.000000  1.757229e-12
2795.000000  5.297072e-13
2805.000000  7.117505e-13
2815.000000  2.581679e-12
2825.000000  3.899297e-12
2835.000000  3.392437e-12
2845.000000  1.565547e-12
2855.000000  4.471802e-13
2865.000000  2.697991e-12
2875.000000  5.888412e-12
2885.000000  6.931043e-12
2895.000000  1.023914e-11
2910.000000  1.531935e-11
2930.000000  1.456328e-11
2950.000000  1.275150e-11
2970.000000  1.361301e-11
2990.000000  1.360897e-11
3010.000000  1.180637e-11
3030.000000  1.589432e-11
3050.000000  1.688229e-11
3070.000000  2.054642e-11
3090.000000  2.258582e-11
3110.000000  2.905452e-11
3130.000000  2.418041e-11
3150.000000  2.715381e-11
3170.000000  3.181019e-11
3190.000000  2.713140e-11
3210.000000  2.991934e-11
3230.000000  2.217114e-11
3250.000000  3.734457e-11
3270.000000  4.763005e-11
3290.000000  4.760247e-11
3310.000000  4.173646e-11
3330.000000  4.301027e-11
3350.000000  3.900622e-11
3370.000000  2.821402e-11
3390.000000  3.263953e-11
3410.000000  3.763725e-11
3430.000000  4.309668e-11
3450.000000  4.524030e-11
3470.000000  4.760371e-11
3490.000000  5.417517e-11
3510.000000  5.743333e-11
3530.000000  4.750681e-11
3550.000000  5.440655e-11
3570.000000  3.045558e-11
3590.000000  3.759750e-11
3610.000000  5.525828e-11
3630.000000  6.236452e-11
3640.000000  6.454117e-11
3650.000000  7.210680e-11
3670.000000  7.776414e-11
3690.000000  7.461287e-11
3710.000000  8.243977e-11
3730.000000  4.885512e-11
3750.000000  5.570755e-11
3770.000000  6.929578e-11
3790.000000  6.769989e-11
3810.000000  5.918864e-11
3830.000000  3.078198e-11
3850.000000  3.246911e-11
3870.000000  3.735099e-11
3890.000000  7.089065e-11
3910.000000  8.296183e-11
3930.000000  2.949120e-11
3950.000000  6.176210e-11
3970.000000  3.808033e-11
3990.000000  1.133894e-10
4010.000000  1.348974e-10
4030.000000  1.332790e-10
4050.000000  1.251560e-10
4070.000000  1.178353e-10
4090.000000  1.481002e-10
4110.000000  1.470768e-10
4130.000000  1.267631e-10
4150.000000  1.159099e-10
4170.000000  1.175173e-10
4190.000000  1.202348e-10
4210.000000  1.355245e-10
4230.000000  1.477160e-10
4250.000000  1.512311e-10
4270.000000  1.408684e-10
4290.000000  1.263892e-10
4310.000000  1.029609e-10
4330.000000  1.653259e-10
4350.000000  1.608651e-10
4370.000000  1.746787e-10
4390.000000  1.562757e-10
4410.000000  1.722644e-10
4430.000000  1.888034e-10
4450.000000  1.919724e-10
4470.000000  2.087006e-10
4490.000000  2.146490e-10
4510.000000  2.467797e-10
4530.000000  2.167387e-10
4550.000000  2.234729e-10
4570.000000  2.438054e-10
4590.000000  2.340555e-10
4610.000000  2.440514e-10
4630.000000  2.365938e-10
4650.000000  2.417394e-10
4670.000000  2.491986e-10
4690.000000  2.443855e-10
4710.000000  2.391227e-10
4730.000000  2.512459e-10
4750.000000  2.670432e-10
4770.000000  2.710825e-10
4790.000000  2.691037e-10
4810.000000  2.641912e-10
4830.000000  2.737743e-10
4850.000000  2.578666e-10
4870.000000  2.400674e-10
4890.000000  2.665434e-10
4910.000000  2.643475e-10
4930.000000  2.608493e-10
4950.000000  2.804139e-10
4970.000000  2.729938e-10
4990.000000  2.522325e-10
5010.000000  2.402312e-10
5030.000000  2.554416e-10
5050.000000  2.590572e-10
5070.000000  2.714487e-10
5090.000000  2.519783e-10
5110.000000  2.596293e-10
5130.000000  2.480424e-10
5150.000000  2.417374e-10
5170.000000  2.289721e-10
5190.000000  2.412712e-10
5210.000000  2.561528e-10
5230.000000  2.629991e-10
5250.000000  2.703999e-10
5270.000000  2.417303e-10
5290.000000  2.751936e-10
5310.000000  2.918380e-10
5330.000000  2.582771e-10
5350.000000  2.846906e-10
5370.000000  2.885854e-10
5390.000000  2.771438e-10
5410.000000  2.722081e-10
5430.000000  2.767202e-10
5450.000000  2.951121e-10
5470.000000  2.813086e-10
5490.000000  2.768415e-10
5510.000000  2.770043e-10
5530.000000  2.853503e-10
5550.000000  2.919771e-10
5570.000000  2.863930e-10
5590.000000  2.776872e-10
5610.000000  2.934577e-10
5630.000000  2.871010e-10
5650.000000  2.889936e-10
5670.000000  2.811906e-10
5690.000000  2.912710e-10
5710.000000  2.803492e-10
5730.000000  3.081771e-10
5750.000000  2.937180e-10
5770.000000  2.998043e-10
5790.000000  2.843498e-10
5810.000000  2.992311e-10
5830.000000  3.088046e-10
5850.000000  2.992071e-10
5870.000000  3.008119e-10
5890.000000  2.737303e-10
5910.000000  2.965063e-10
5930.000000  2.968248e-10
5950.000000  2.972791e-10
5970.000000  3.031795e-10
5990.000000  2.965972e-10
6010.000000  2.907568e-10
6030.000000  2.975880e-10
6050.000000  3.031683e-10
6070.000000  3.021667e-10
6090.000000  2.875996e-10
6110.000000  2.884488e-10
6130.000000  2.740690e-10
6150.000000  2.824331e-10
6170.000000  2.725356e-10
6190.000000  2.896021e-10
6210.000000  2.888742e-10
6230.000000  2.780833e-10
6250.000000  2.671490e-10
6270.000000  2.819701e-10
6290.000000  2.859815e-10
6310.000000  2.761127e-10
6330.000000  2.796654e-10
6350.000000  2.795772e-10
6370.000000  2.772863e-10
6390.000000  2.825801e-10
6410.000000  2.769282e-10
6430.000000  2.798680e-10
6450.000000  2.790975e-10
6470.000000  2.784467e-10
6490.000000  2.707407e-10
6510.000000  2.787387e-10
6530.000000  2.797062e-10
6550.000000  2.758794e-10
6570.000000  2.639723e-10
6590.000000  2.767139e-10
6610.000000  2.786241e-10
6630.000000  2.768420e-10
6650.000000  2.762446e-10
6670.000000  2.713486e-10
6690.000000  2.795687e-10
6710.000000  2.693523e-10
6730.000000  2.786313e-10
6750.000000  2.730591e-10
6770.000000  2.746960e-10
6790.000000  2.722680e-10
6810.000000  2.711875e-10
6830.000000  2.743984e-10
6850.000000  2.656121e-10
6870.000000  2.700103e-10
6890.000000  2.727732e-10
6910.000000  2.696225e-10
6930.000000  2.659868e-10
6950.000000  2.613015e-10
6970.000000  2.627880e-10
6990.000000  2.603897e-10
7010.000000  2.516391e-10
7030.000000  2.580219e-10
7050.000000  2.620286e-10
7070.000000  2.570818e-10
7090.000000  2.558180e-10
7110.000000  2.539392e-10
7130.000000  2.484034e-10
7150.000000  2.482158e-10
7170.000000  2.500809e-10
7190.000000  2.409434e-10
7210.000000  2.482652e-10
7230.000000  2.509690e-10
7250.000000  2.513910e-10
7270.000000  2.490951e-10
7290.000000  2.399799e-10
7310.000000  2.450830e-10
7330.000000  2.451738e-10
7350.000000  2.444177e-10
7370.000000  2.486200e-10
7390.000000  2.420160e-10
7410.000000  2.399789e-10
7430.000000  2.427042e-10
7450.000000  2.432923e-10
7470.000000  2.442439e-10
7490.000000  2.415068e-10
7510.000000  2.440932e-10
7530.000000  2.450360e-10
7550.000000  2.464716e-10
7570.000000  2.436424e-10
7590.000000  2.426957e-10
7610.000000  2.426825e-10
7630.000000  2.436769e-10
7650.000000  2.435826e-10
7670.000000  2.354177e-10
7690.000000  2.427102e-10
7710.000000  2.375341e-10
7730.000000  2.376262e-10
7750.000000  2.357930e-10
7770.000000  2.411714e-10
7790.000000  2.404711e-10
7810.000000  2.393368e-10
7830.000000  2.368237e-10
7850.000000  2.349789e-10
7870.000000  2.348590e-10
7890.000000  2.271437e-10
7910.000000  2.199824e-10
7930.000000  2.190698e-10
7950.000000  2.163234e-10
7970.000000  2.242858e-10
7990.000000  2.238403e-10
8010.000000  2.225410e-10
8030.000000  2.228708e-10
8050.000000  2.202013e-10
8070.000000  2.189692e-10
8090.000000  2.119267e-10
8110.000000  2.118246e-10
8130.000000  2.147732e-10
8150.000000  2.140443e-10
8170.000000  2.147309e-10
8190.000000  2.106594e-10
8210.000000  2.100627e-10
8230.000000  2.115549e-10
8250.000000  2.138576e-10
8270.000000  2.157232e-10
8290.000000  2.138059e-10
8310.000000  2.054067e-10
8330.000000  2.065149e-10
8350.000000  2.068493e-10
8370.000000  2.087819e-10
8390.000000  2.030590e-10
8410.000000  2.093139e-10
8430.000000  2.036649e-10
8450.000000  2.076470e-10
8470.000000  2.063291e-10
8490.000000  2.041373e-10
8510.000000  1.925844e-10
8530.000000  1.995710e-10
8550.000000  1.653002e-10
8570.000000  2.066362e-10
8590.000000  2.032190e-10
8610.000000  2.036169e-10
8630.000000  2.056184e-10
8650.000000  2.024869e-10
8670.000000  1.684781e-10
8690.000000  1.972027e-10
8710.000000  2.018315e-10
8730.000000  2.026359e-10
8750.000000  1.995192e-10
8770.000000  2.031961e-10
8790.000000  2.007923e-10
8810.000000  1.959510e-10
8830.000000  1.994600e-10
8850.000000  2.008623e-10
8870.000000  1.960648e-10
8890.000000  2.000076e-10
8910.000000  2.018082e-10
8930.000000  1.962879e-10
8950.000000  1.958233e-10
8970.000000  1.961699e-10
8990.000000  1.968381e-10
9010.000000  1.887943e-10
9030.000000  1.941567e-10
9050.000000  1.980908e-10
9070.000000  1.950583e-10
9090.000000  1.881054e-10
9110.000000  1.876371e-10
9130.000000  1.931754e-10
9150.000000  1.802920e-10
9170.000000  1.755437e-10
9190.000000  1.772382e-10
9210.000000  1.723779e-10
9230.000000  1.746179e-10
9250.000000  1.739278e-10
9270.000000  1.770562e-10
9290.000000  1.748156e-10
9310.000000  1.791940e-10
9330.000000  1.791294e-10
9350.000000  1.770141e-10
9370.000000  1.760310e-10
9390.000000  1.726676e-10
9410.000000  1.678855e-10
9430.000000  1.701854e-10
9450.000000  1.667576e-10
9470.000000  1.716505e-10
9490.000000  1.707769e-10
9510.000000  1.734526e-10
9530.000000  1.715161e-10
9550.000000  1.704107e-10
9570.000000  1.707806e-10
9590.000000  1.727055e-10
9610.000000  1.708742e-10
9630.000000  1.692671e-10
9650.000000  1.669435e-10
9670.000000  1.660420e-10
9690.000000  1.690048e-10
9710.000000  1.678956e-10
9730.000000  1.680321e-10
9750.000000  1.662148e-10
9770.000000  1.669038e-10
9790.000000  1.640895e-10
9810.000000  1.681935e-10
9830.000000  1.675741e-10
9850.000000  1.680931e-10
9870.000000  1.672476e-10
9890.000000  1.679244e-10
9910.000000  1.657382e-10
9930.000000  1.678518e-10
9950.000000  1.665897e-10
9970.000000  1.671955e-10
9990.000000  1.668111e-10
10025.000000  1.652855e-10
10075.000000  1.636193e-10
10125.000000  1.633935e-10
10175.000000  1.605760e-10
10225.000000  1.607821e-10
10275.000000  1.608926e-10
10325.000000  1.577110e-10
10375.000000  1.568098e-10
10425.000000  1.569358e-10
10475.000000  1.549943e-10
10525.000000  1.547278e-10
10575.000000  1.531972e-10
10625.000000  1.520133e-10
10675.000000  1.488922e-10
10725.000000  1.488307e-10
10775.000000  1.472191e-10
10825.000000  1.447483e-10
10875.000000  1.426434e-10
10925.000000  1.398011e-10
10975.000000  1.301950e-10
11025.000000  1.296586e-10
11075.000000  1.315237e-10
11125.000000  1.310858e-10
11175.000000  1.325106e-10
11225.000000  1.319837e-10
11275.000000  1.297570e-10
11325.000000  1.309900e-10
11375.000000  1.280074e-10
11425.000000  1.283900e-10
11475.000000  1.298407e-10
11525.000000  1.293633e-10
11575.000000  1.275821e-10
11625.000000  1.258680e-10
11675.000000  1.259169e-10
11725.000000  1.274437e-10
11775.000000  1.248385e-10
11825.000000  1.240564e-10
11875.000000  1.223888e-10
11925.000000  1.245294e-10
11975.000000  1.195954e-10
12025.000000  1.214289e-10
12075.000000  1.198585e-10
12125.000000  1.198007e-10
12175.000000  1.201376e-10
12225.000000  1.193995e-10
12275.000000  1.184879e-10
12325.000000  1.175473e-10
12375.000000  1.168096e-10
12425.000000  1.157610e-10
12475.000000  1.158050e-10
12525.000000  1.144755e-10
12575.000000  1.139884e-10
12625.000000  1.135214e-10
12675.000000  1.120640e-10
12725.000000  1.121239e-10
12775.000000  1.119847e-10
12825.000000  1.076503e-10
12875.000000  1.095304e-10
12925.000000  1.081443e-10
12975.000000  1.089447e-10
13025.000000  1.074570e-10
13075.000000  1.077621e-10
13125.000000  1.059265e-10
13175.000000  1.052138e-10
13225.000000  1.053824e-10
13275.000000  1.033775e-10
13325.000000  1.040100e-10
13375.000000  1.030590e-10
13425.000000  1.033644e-10
13475.000000  1.025712e-10
13525.000000  1.021863e-10
13575.000000  1.001163e-10
13625.000000  9.975768e-11
13675.000000  9.954226e-11
13725.000000  9.939134e-11
13775.000000  9.878307e-11
13825.000000  9.858263e-11
13875.000000  9.771366e-11
13925.000000  9.743607e-11
13975.000000  9.659214e-11
14025.000000  9.518648e-11
14075.000000  9.355285e-11
14125.000000  9.051421e-11
14175.000000  9.053374e-11
14225.000000  8.932053e-11
14275.000000  8.803854e-11
14325.000000  8.952337e-11
14375.000000  9.001780e-11
14425.000000  8.686612e-11
14475.000000  8.957010e-11
14525.000000  8.688733e-11
14570.000000  8.685100e-11
14620.000000  8.590458e-11
14675.000000  8.525110e-11
14725.000000  8.394429e-11
14775.000000  8.439572e-11
14825.000000  8.409156e-11
14875.000000  8.366104e-11
14925.000000  8.503019e-11
14975.000000  8.397568e-11
15025.000000  8.262283e-11
15075.000000  8.167477e-11
15125.000000  8.207535e-11
15175.000000  8.251955e-11
15225.000000  8.156581e-11
15275.000000  8.177825e-11
15325.000000  8.134588e-11
15375.000000  8.154259e-11
15425.000000  8.089353e-11
15475.000000  8.079144e-11
15525.000000  7.943538e-11
15575.000000  7.819866e-11
15625.000000  8.011964e-11
15675.000000  7.784888e-11
15725.000000  7.802233e-11
15775.000000  7.564672e-11
15825.000000  7.663514e-11
15875.000000  7.308434e-11
15925.000000  7.547739e-11
15975.000000  7.617298e-11
16050.000000  7.518870e-11
16150.000000  7.355240e-11
16250.000000  7.392126e-11
16350.000000  7.296907e-11
16450.000000  7.015188e-11
16550.000000  7.092656e-11
16650.000000  6.927203e-11
16750.000000  6.796062e-11
16850.000000  6.533221e-11
16950.000000  6.647248e-11
17050.000000  6.394863e-11
17150.000000  6.347610e-11
17250.000000  6.155832e-11
17350.000000  5.914458e-11
17450.000000  5.942374e-11
17550.000000  5.841006e-11
17650.000000  5.744973e-11
17750.000000  5.602166e-11
17850.000000  5.537416e-11
17950.000000  5.442967e-11
18050.000000  5.301266e-11
18150.000000  5.151022e-11
18250.000000  5.095233e-11
18350.000000  5.014259e-11
18450.000000  4.883941e-11
18550.000000  4.829961e-11
18650.000000  4.687454e-11
18750.000000  4.525587e-11
18850.000000  4.551423e-11
18950.000000  4.355719e-11
19050.000000  4.419618e-11
19150.000000  4.316253e-11
19250.000000  4.256544e-11
19350.000000  4.127896e-11
19450.000000  3.995242e-11
19550.000000  4.020866e-11
19650.000000  3.924835e-11
19750.000000  3.828219e-11
19850.000000  3.781974e-11
19950.000000  3.711878e-11
20050.000000  3.683954e-11
20150.000000  3.641234e-11
20250.000000  3.527621e-11
20350.000000  3.453979e-11
20450.000000  3.447241e-11
20550.000000  3.363731e-11
20650.000000  3.293417e-11
20750.000000  3.243458e-11
20850.000000  3.189924e-11
20950.000000  3.116811e-11
21050.000000  3.099646e-11
21150.000000  3.040071e-11
21250.000000  2.985307e-11
21350.000000  2.950063e-11
21450.000000  2.898377e-11
21550.000000  2.854288e-11
21650.000000  2.752453e-11
21750.000000  2.734104e-11
21850.000000  2.701811e-11
21950.000000  2.672918e-11
22050.000000  2.601099e-11
22150.000000  2.591390e-11
22250.000000  2.530844e-11
22350.000000  2.491256e-11
22450.000000  2.456017e-11
22550.000000  2.412485e-11
22650.000000  2.366898e-11
22750.000000  2.351835e-11
22850.000000  2.294941e-11
22950.000000  2.049320e-11
23050.000000  2.139118e-11
23150.000000  2.119767e-11
23250.000000  1.896217e-11
23350.000000  1.988147e-11
23450.000000  1.995868e-11
23550.000000  1.769512e-11
23650.000000  1.878153e-11
23750.000000  1.867490e-11
23850.000000  1.678558e-11
23950.000000  1.764435e-11
24050.000000  1.774832e-11
24150.000000  1.624206e-11
24250.000000  1.675821e-11
24350.000000  1.687029e-11
24450.000000  1.587781e-11
24550.000000  1.573276e-11
24650.000000  1.623612e-11
24750.000000  1.560524e-11
24850.000000  1.492768e-11
24950.000000  1.532758e-11
