2505.000000  3.151602e-12
2513.000000  1.792327e-12
2518.000000  1.599816e-12
2525.000000  1.255833e-12
2535.000000  1.612629e-12
2545.000000  2.033849e-12
2555.000000  3.044862e-12
2565.000000  2.119943e-12
2575.000000  2.607282e-12
2585.000000  1.964872e-12
2595.000000  1.590764e-12
2605.000000  1.158825e-12
2615.000000  1.080311e-12
2625.000000  1.628099e-12
2635.000000  3.318691e-12
2645.000000  5.687543e-12
2655.000000  6.699807e-12
2665.000000  4.636300e-12
2675.000000  5.366439e-12
2685.000000  5.718209e-12
2695.000000  4.685807e-12
2705.000000  5.573979e-12
2715.000000  4.011280e-12
2725.000000  3.872034e-12
2735.000000  4.200022e-12
2745.000000  1.718990e-12
2755.000000  2.527803e-12
2765.000000  3.456826e-12
2775.000000  4.069143e-12
2785.000000  2.214336e-12
2795.000000  6.443017e-13
2805.000000  8.446896e-13
2815.000000  3.340312e-12
2825.000000  5.803912e-12
2835.000000  5.971077e-12
2845.000000  5.824654e-12
2855.000000  3.895218e-12
2865.000000  6.601998e-12
2875.000000  7.140974e-12
2885.000000  6.915643e-12
2895.000000  6.985158e-12
2910.000000  9.071563e-12
2930.000000  8.380077e-12
2950.000000  8.170316e-12
2970.000000  9.366200e-12
2990.000000  9.310010e-12
3010.000000  1.011849e-11
3030.000000  1.009075e-11
3050.000000  1.054694e-11
3070.000000  1.013818e-11
3090.000000  1.094680e-11
3110.000000  1.074885e-11
3130.000000  1.060711e-11
3150.000000  1.082020e-11
3170.000000  1.117761e-11
3190.000000  1.013564e-11
3210.000000  1.133579e-11
3230.000000  9.665199e-12
3250.000000  1.176817e-11
3270.000000  1.306320e-11
3290.000000  1.286932e-11
3310.000000  1.327228e-11
3330.000000  1.297313e-11
3350.000000  1.279443e-11
3370.000000  1.177032e-11
3390.000000  1.285319e-11
3410.000000  1.332450e-11
3430.000000  1.390059e-11
3450.000000  1.419630e-11
3470.000000  1.395247e-11
3490.000000  1.417187e-11
3510.000000  1.489920e-11
3530.000000  1.438098e-11
3550.000000  1.607634e-11
3570.000000  1.414853e-11
3590.000000  1.420681e-11
3610.000000  1.462775e-11
3630.000000  1.499244e-11
3640.000000  1.481283e-11
3650.000000  1.611928e-11
3670.000000  1.591303e-11
3690.000000  1.651831e-11
3710.000000  1.973253e-11
3730.000000  2.088319e-11
3750.000000  2.420900e-11
3770.000000  2.574625e-11
3790.000000  2.797087e-11
3810.000000  3.047587e-11
3830.000000  2.543330e-11
3850.000000  3.002734e-11
3870.000000  3.133210e-11
3890.000000  2.688400e-11
3910.000000  2.961549e-11
3930.000000  1.538723e-11
3950.000000  2.591311e-11
3970.000000  1.685137e-11
3990.000000  3.198262e-11
4010.000000  3.435540e-11
4030.000000  3.428021e-11
4050.000000  3.388502e-11
4070.000000  3.342953e-11
4090.000000  3.502974e-11
4110.000000  3.214108e-11
4130.000000  3.496231e-11
4150.000000  3.622890e-11
4170.000000  3.535818e-11
4190.000000  3.528096e-11
4210.000000  3.498979e-11
4230.000000  3.412033e-11
4250.000000  3.489903e-11
4270.000000  3.439005e-11
4290.000000  3.252211e-11
4310.000000  2.940856e-11
4330.000000  3.376453e-11
4350.000000  3.157146e-11
4370.000000  3.600619e-11
4390.000000  3.454319e-11
4410.000000  3.473145e-11
4430.000000  3.526096e-11
4450.000000  3.512374e-11
4470.000000  3.574849e-11
4490.000000  3.605350e-11
4510.000000  3.797867e-11
4530.000000  3.536793e-11
4550.000000  3.564814e-11
4570.000000  3.747779e-11
4590.000000  3.579887e-11
4610.000000  3.700551e-11
4630.000000  3.637158e-11
4650.000000  3.672717e-11
4670.000000  3.717405e-11
4690.000000  3.661728e-11
4710.000000  3.546608e-11
4730.000000  3.680153e-11
4750.000000  3.712676e-11
4770.000000  3.673384e-11
4790.000000  3.660976e-11
4810.000000  3.649085e-11
4830.000000  3.640596e-11
4850.000000  3.422607e-11
4870.000000  3.018679e-11
4890.000000  3.523601e-11
4910.000000  3.521668e-11
4930.000000  3.451826e-11
4950.000000  3.548507e-11
4970.000000  3.576776e-11
4990.000000  3.381334e-11
5010.000000  3.271250e-11
5030.000000  3.424368e-11
5050.000000  3.411685e-11
5070.000000  3.486623e-11
5090.000000  3.403654e-11
5110.000000  3.417246e-11
5130.000000  3.329521e-11
5150.000000  3.277483e-11
5170.000000  3.235319e-11
5190.000000  3.212344e-11
5210.000000  3.231166e-11
5230.000000  3.262717e-11
5250.000000  3.312116e-11
5270.000000  3.089249e-11
5290.000000  3.280967e-11
5310.000000  3.290680e-11
5330.000000  3.147571e-11
5350.000000  3.275359e-11
5370.000000  3.259503e-11
5390.000000  3.221701e-11
5410.000000  3.162471e-11
5430.000000  3.185902e-11
5450.000000  3.239546e-11
5470.000000  3.196862e-11
5490.000000  3.184830e-11
5510.000000  3.171331e-11
5530.000000  3.175959e-11
5550.000000  3.199943e-11
5570.000000  3.141696e-11
5590.000000  3.105337e-11
5610.000000  3.127466e-11
5630.000000  3.142146e-11
5650.000000  3.109545e-11
5670.000000  3.057286e-11
5690.000000  3.090156e-11
5710.000000  3.045800e-11
5730.000000  3.126214e-11
5750.000000  3.073807e-11
5770.000000  3.077810e-11
5790.000000  3.035425e-11
5810.000000  3.047421e-11
5830.000000  3.052369e-11
5850.000000  3.007052e-11
5870.000000  3.006492e-11
5890.000000  2.924982e-11
5910.000000  2.975082e-11
5930.000000  2.960673e-11
5950.000000  2.955193e-11
5970.000000  2.946710e-11
5990.000000  2.919764e-11
6010.000000  2.890290e-11
6030.000000  2.883987e-11
6050.000000  2.896499e-11
6070.000000  2.885941e-11
6090.000000  2.847591e-11
6110.000000  2.818169e-11
6130.000000  2.761566e-11
6150.000000  2.753909e-11
6170.000000  2.724611e-11
6190.000000  2.779648e-11
6210.000000  2.777165e-11
6230.000000  2.726885e-11
6250.000000  2.647635e-11
6270.000000  2.730904e-11
6290.000000  2.722240e-11
6310.000000  2.664388e-11
6330.000000  2.673288e-11
6350.000000  2.672438e-11
6370.000000  2.655835e-11
6390.000000  2.651078e-11
6410.000000  2.606152e-11
6430.000000  2.612487e-11
6450.000000  2.589970e-11
6470.000000  2.588919e-11
6490.000000  2.539587e-11
6510.000000  2.570702e-11
6530.000000  2.569562e-11
6550.000000  2.485991e-11
6570.000000  2.176304e-11
6590.000000  2.506785e-11
6610.000000  2.515667e-11
6630.000000  2.517165e-11
6650.000000  2.501587e-11
6670.000000  2.477628e-11
6690.000000  2.487427e-11
6710.000000  2.460149e-11
6730.000000  2.461652e-11
6750.000000  2.434188e-11
6770.000000  2.433045e-11
6790.000000  2.417458e-11
6810.000000  2.406829e-11
6830.000000  2.397028e-11
6850.000000  2.372809e-11
6870.000000  2.373503e-11
6890.000000  2.367830e-11
6910.000000  2.352675e-11
6930.000000  2.341764e-11
6950.000000  2.328543e-11
6970.000000  2.321501e-11
6990.000000  2.309618e-11
7010.000000  2.271745e-11
7030.000000  2.279163e-11
7050.000000  2.275555e-11
7070.000000  2.260478e-11
7090.000000  2.249961e-11
7110.000000  2.226036e-11
7130.000000  2.216711e-11
7150.000000  2.205939e-11
7170.000000  2.196189e-11
7190.000000  2.164416e-11
7210.000000  2.166416e-11
7230.000000  2.159559e-11
7250.000000  2.160302e-11
7270.000000  2.151651e-11
7290.000000  2.119723e-11
7310.000000  2.117323e-11
7330.000000  2.111298e-11
7350.000000  2.107272e-11
7370.000000  2.105599e-11
7390.000000  2.074360e-11
7410.000000  2.047289e-11
7430.000000  2.050975e-11
7450.000000  2.046818e-11
7470.000000  2.042572e-11
7490.000000  2.028520e-11
7510.000000  2.022825e-11
7530.000000  2.017404e-11
7550.000000  2.016869e-11
7570.000000  1.998861e-11
7590.000000  1.990794e-11
7610.000000  1.981366e-11
7630.000000  1.975508e-11
7650.000000  1.962863e-11
7670.000000  1.934421e-11
7690.000000  1.944452e-11
7710.000000  1.921111e-11
7730.000000  1.919482e-11
7750.000000  1.905266e-11
7770.000000  1.893003e-11
7790.000000  1.901957e-11
7810.000000  1.893712e-11
7830.000000  1.874654e-11
7850.000000  1.864409e-11
7870.000000  1.865793e-11
7890.000000  1.854412e-11
7910.000000  1.841298e-11
7930.000000  1.819799e-11
7950.000000  1.814727e-11
7970.000000  1.823857e-11
7990.000000  1.814138e-11
8010.000000  1.798500e-11
8030.000000  1.790705e-11
8050.000000  1.779119e-11
8070.000000  1.778205e-11
8090.000000  1.759539e-11
8110.000000  1.763355e-11
8130.000000  1.757327e-11
8150.000000  1.747060e-11
8170.000000  1.738366e-11
8190.000000  1.704145e-11
8210.000000  1.706461e-11
8230.000000  1.695940e-11
8250.000000  1.691608e-11
8270.000000  1.698708e-11
8290.000000  1.688453e-11
8310.000000  1.671123e-11
8330.000000  1.648531e-11
8350.000000  1.659288e-11
8370.000000  1.649103e-11
8390.000000  1.630085e-11
8410.000000  1.633519e-11
8430.000000  1.622045e-11
8450.000000  1.609445e-11
8470.000000  1.590056e-11
8490.000000  1.595358e-11
8510.000000  1.501786e-11
8530.000000  1.581890e-11
8550.000000  1.338181e-11
8570.000000  1.603472e-11
8590.000000  1.567740e-11
8610.000000  1.538715e-11
8630.000000  1.587280e-11
8650.000000  1.563722e-11
8670.000000  1.329725e-11
8690.000000  1.539524e-11
8710.000000  1.561969e-11
8730.000000  1.550930e-11
8750.000000  1.458020e-11
8770.000000  1.537120e-11
8790.000000  1.535423e-11
8810.000000  1.519140e-11
8830.000000  1.511704e-11
8850.000000  1.494581e-11
8870.000000  1.416313e-11
8890.000000  1.498824e-11
8910.000000  1.495204e-11
8930.000000  1.479611e-11
8950.000000  1.479772e-11
8970.000000  1.475561e-11
8990.000000  1.466575e-11
9010.000000  1.371344e-11
9030.000000  1.430791e-11
9050.000000  1.453938e-11
9070.000000  1.423810e-11
9090.000000  1.395157e-11
9110.000000  1.414966e-11
9130.000000  1.425456e-11
9150.000000  1.420259e-11
9170.000000  1.412069e-11
9190.000000  1.407511e-11
9210.000000  1.378142e-11
9230.000000  1.291478e-11
9250.000000  1.353862e-11
9270.000000  1.368654e-11
9290.000000  1.373909e-11
9310.000000  1.370366e-11
9330.000000  1.362275e-11
9350.000000  1.355828e-11
9370.000000  1.349001e-11
9390.000000  1.344012e-11
9410.000000  1.302924e-11
9430.000000  1.323585e-11
9450.000000  1.316710e-11
9470.000000  1.320962e-11
9490.000000  1.316949e-11
9510.000000  1.307273e-11
9530.000000  1.291778e-11
9550.000000  1.210912e-11
9570.000000  1.280169e-11
9590.000000  1.285491e-11
9610.000000  1.271577e-11
9630.000000  1.260235e-11
9650.000000  1.259743e-11
9670.000000  1.246901e-11
9690.000000  1.249705e-11
9710.000000  1.251037e-11
9730.000000  1.245167e-11
9750.000000  1.230286e-11
9770.000000  1.232689e-11
9790.000000  1.225684e-11
9810.000000  1.223935e-11
9830.000000  1.218268e-11
9850.000000  1.210078e-11
9870.000000  1.203443e-11
9890.000000  1.194972e-11
9910.000000  1.191591e-11
9930.000000  1.190370e-11
9950.000000  1.186008e-11
9970.000000  1.181751e-11
9990.000000  1.176483e-11
10025.000000  1.153853e-11
10075.000000  1.124855e-11
10125.000000  1.136453e-11
10175.000000  1.123919e-11
10225.000000  1.114758e-11
10275.000000  1.106300e-11
10325.000000  1.085993e-11
10375.000000  1.078419e-11
10425.000000  1.070005e-11
10475.000000  1.048235e-11
10525.000000  1.044487e-11
10575.000000  1.032235e-11
10625.000000  1.019430e-11
10675.000000  9.955023e-12
10725.000000  9.949508e-12
10775.000000  9.846956e-12
10825.000000  9.702838e-12
10875.000000  9.628447e-12
10925.000000  9.234061e-12
10975.000000  9.376270e-12
11025.000000  9.397219e-12
11075.000000  9.329454e-12
11125.000000  9.203808e-12
11175.000000  9.098541e-12
11225.000000  9.043561e-12
11275.000000  8.856851e-12
11325.000000  8.780726e-12
11375.000000  8.728015e-12
11425.000000  8.587808e-12
11475.000000  8.599925e-12
11525.000000  8.518034e-12
11575.000000  8.407255e-12
11625.000000  8.243423e-12
11675.000000  8.152801e-12
11725.000000  8.187957e-12
11775.000000  7.981745e-12
11825.000000  7.949408e-12
11875.000000  7.827717e-12
11925.000000  7.882283e-12
11975.000000  7.679789e-12
12025.000000  7.682896e-12
12075.000000  7.592511e-12
12125.000000  7.535548e-12
12175.000000  7.501704e-12
12225.000000  7.424784e-12
12275.000000  7.335270e-12
12325.000000  7.278886e-12
12375.000000  7.208833e-12
12425.000000  7.146889e-12
12475.000000  7.085476e-12
12525.000000  7.002119e-12
12575.000000  6.919459e-12
12625.000000  6.864063e-12
12675.000000  6.813217e-12
12725.000000  6.764083e-12
12775.000000  6.680989e-12
12825.000000  6.257994e-12
12875.000000  6.555212e-12
12925.000000  6.500729e-12
12975.000000  6.454421e-12
13025.000000  6.391884e-12
13075.000000  6.345182e-12
13125.000000  6.261186e-12
13175.000000  6.194388e-12
13225.000000  6.172566e-12
13275.000000  6.094614e-12
13325.000000  6.055544e-12
13375.000000  6.000161e-12
13425.000000  5.957401e-12
13475.000000  5.903644e-12
13525.000000  5.844572e-12
13575.000000  5.772320e-12
13625.000000  5.740166e-12
13675.000000  5.687625e-12
13725.000000  5.598121e-12
13775.000000  5.575439e-12
13825.000000  5.531612e-12
13875.000000  5.502446e-12
13925.000000  5.443873e-12
13975.000000  5.400257e-12
14025.000000  5.342386e-12
14075.000000  5.314225e-12
14125.000000  5.249011e-12
14175.000000  5.223181e-12
14225.000000  5.147147e-12
14275.000000  5.091019e-12
14325.000000  5.083534e-12
14375.000000  5.053859e-12
14425.000000  4.902070e-12
14475.000000  4.961582e-12
14525.000000  4.862111e-12
14570.000000  4.863608e-12
14620.000000  4.816562e-12
14675.000000  4.789623e-12
14725.000000  4.720499e-12
14775.000000  4.678615e-12
14825.000000  4.650983e-12
14875.000000  4.580052e-12
14925.000000  4.602206e-12
14975.000000  4.543362e-12
15025.000000  4.475310e-12
15075.000000  4.426252e-12
15125.000000  4.429218e-12
15175.000000  4.398528e-12
15225.000000  4.355872e-12
15275.000000  4.303224e-12
15325.000000  4.261677e-12
15375.000000  4.258960e-12
15425.000000  4.148589e-12
15475.000000  4.190260e-12
15525.000000  4.165371e-12
15575.000000  4.015612e-12
15625.000000  4.133556e-12
15675.000000  4.029858e-12
15725.000000  3.897655e-12
15775.000000  3.983226e-12
15825.000000  3.979213e-12
15875.000000  3.685931e-12
15925.000000  3.899251e-12
15975.000000  3.902755e-12
16050.000000  3.828391e-12
16150.000000  3.649856e-12
16250.000000  3.738675e-12
16350.000000  3.619536e-12
16450.000000  3.437309e-12
16550.000000  3.519483e-12
16650.000000  3.450425e-12
16750.000000  3.333973e-12
16850.000000  3.161635e-12
16950.000000  3.246627e-12
17050.000000  3.161036e-12
17150.000000  3.104975e-12
17250.000000  3.024727e-12
17350.000000  2.821844e-12
17450.000000  2.891710e-12
17550.000000  2.854414e-12
17650.000000  2.793283e-12
17750.000000  2.743732e-12
17850.000000  2.690854e-12
17950.000000  2.646739e-12
18050.000000  2.584970e-12
18150.000000  2.428188e-12
18250.000000  2.467277e-12
18350.000000  2.439764e-12
18450.000000  2.386985e-12
18550.000000  2.344098e-12
18650.000000  2.294477e-12
18750.000000  2.137454e-12
18850.000000  2.204447e-12
18950.000000  2.145118e-12
19050.000000  2.135680e-12
19150.000000  2.093027e-12
19250.000000  2.054765e-12
19350.000000  2.008387e-12
19450.000000  1.885316e-12
19550.000000  1.938357e-12
19650.000000  1.906420e-12
19750.000000  1.865237e-12
19850.000000  1.837659e-12
19950.000000  1.804607e-12
20050.000000  1.776444e-12
20150.000000  1.747213e-12
20250.000000  1.711083e-12
20350.000000  1.675607e-12
20450.000000  1.655827e-12
20550.000000  1.625529e-12
20650.000000  1.592244e-12
20750.000000  1.567053e-12
20850.000000  1.540763e-12
20950.000000  1.510371e-12
21050.000000  1.487833e-12
21150.000000  1.459832e-12
21250.000000  1.434971e-12
21350.000000  1.411533e-12
21450.000000  1.390879e-12
21550.000000  1.366386e-12
21650.000000  1.287077e-12
21750.000000  1.315529e-12
21850.000000  1.296286e-12
21950.000000  1.279084e-12
22050.000000  1.252362e-12
22150.000000  1.233559e-12
22250.000000  1.215887e-12
22350.000000  1.196017e-12
22450.000000  1.176922e-12
22550.000000  1.152078e-12
22650.000000  1.136650e-12
22750.000000  1.120282e-12
22850.000000  1.101098e-12
22950.000000  1.083023e-12
23050.000000  1.068824e-12
23150.000000  1.050867e-12
23250.000000  1.034551e-12
23350.000000  1.017708e-12
23450.000000  1.003456e-12
23550.000000  9.863392e-13
23650.000000  9.723619e-13
23750.000000  9.560302e-13
23850.000000  9.401270e-13
23950.000000  9.273660e-13
24050.000000  9.124827e-13
24150.000000  8.975670e-13
24250.000000  8.861081e-13
24350.000000  8.696403e-13
24450.000000  8.569847e-13
24550.000000  8.445135e-13
24650.000000  8.327988e-13
24750.000000  8.193392e-13
24850.000000  8.075820e-13
24950.000000  7.900329e-13
