2505.000000  1.078959e-11
2513.000000  6.570722e-12
2518.000000  6.469419e-12
2525.000000  4.871161e-12
2535.000000  4.773305e-12
2545.000000  5.574315e-12
2555.000000  8.799158e-12
2565.000000  6.855271e-12
2575.000000  8.626375e-12
2585.000000  7.552788e-12
2595.000000  6.593330e-12
2605.000000  5.386768e-12
2615.000000  4.899750e-12
2625.000000  7.138579e-12
2635.000000  1.102324e-11
2645.000000  1.653180e-11
2655.000000  1.900165e-11
2665.000000  1.281826e-11
2675.000000  1.510736e-11
2685.000000  1.537880e-11
2695.000000  1.317356e-11
2705.000000  1.544479e-11
2715.000000  1.204750e-11
2725.000000  1.183988e-11
2735.000000  1.312577e-11
2745.000000  6.152067e-12
2755.000000  8.166439e-12
2765.000000  1.050068e-11
2775.000000  1.304284e-11
2785.000000  8.143950e-12
2795.000000  2.556747e-12
2805.000000  3.399224e-12
2815.000000  1.182154e-11
2825.000000  1.768318e-11
2835.000000  1.694821e-11
2845.000000  1.625309e-11
2855.000000  1.183963e-11
2865.000000  1.790886e-11
2875.000000  1.838394e-11
2885.000000  1.798401e-11
2895.000000  1.746461e-11
2910.000000  2.259555e-11
2930.000000  2.044294e-11
2950.000000  1.997460e-11
2970.000000  2.270269e-11
2990.000000  2.254523e-11
3010.000000  2.425823e-11
3030.000000  2.386243e-11
3050.000000  2.420001e-11
3070.000000  2.448533e-11
3090.000000  2.604106e-11
3110.000000  2.513358e-11
3130.000000  2.469459e-11
3150.000000  2.552475e-11
3170.000000  2.557474e-11
3190.000000  2.300608e-11
3210.000000  2.509972e-11
3230.000000  2.191607e-11
3250.000000  2.529780e-11
3270.000000  2.728172e-11
3290.000000  2.679883e-11
3310.000000  2.779449e-11
3330.000000  2.722808e-11
3350.000000  2.685135e-11
3370.000000  2.547280e-11
3390.000000  2.672201e-11
3410.000000  2.695820e-11
3430.000000  2.714857e-11
3450.000000  2.783226e-11
3470.000000  2.731967e-11
3490.000000  2.753179e-11
3510.000000  2.857354e-11
3530.000000  2.783933e-11
3550.000000  3.048323e-11
3570.000000  2.715539e-11
3590.000000  2.707773e-11
3610.000000  2.763281e-11
3630.000000  2.800061e-11
3640.000000  2.758388e-11
3650.000000  3.023222e-11
3670.000000  2.957849e-11
3690.000000  2.884118e-11
3710.000000  3.219271e-11
3730.000000  3.314745e-11
3750.000000  3.993772e-11
3770.000000  4.350469e-11
3790.000000  5.015145e-11
3810.000000  5.677551e-11
3830.000000  4.510260e-11
3850.000000  5.903903e-11
3870.000000  6.413131e-11
3890.000000  4.648982e-11
3910.000000  6.143306e-11
3930.000000  3.679723e-11
3950.000000  5.558032e-11
3970.000000  3.399011e-11
3990.000000  6.364841e-11
4010.000000  6.847755e-11
4030.000000  6.801988e-11
4050.000000  6.694122e-11
4070.000000  6.594147e-11
4090.000000  6.255968e-11
4110.000000  5.287585e-11
4130.000000  6.682655e-11
4150.000000  7.029811e-11
4170.000000  6.868811e-11
4190.000000  6.871201e-11
4210.000000  6.836708e-11
4230.000000  6.614800e-11
4250.000000  6.794263e-11
4270.000000  6.519145e-11
4290.000000  6.438061e-11
4310.000000  5.938752e-11
4330.000000  5.742091e-11
4350.000000  5.080105e-11
4370.000000  6.666046e-11
4390.000000  6.509855e-11
4410.000000  6.451858e-11
4430.000000  6.346789e-11
4450.000000  6.425080e-11
4470.000000  6.521921e-11
4490.000000  6.465022e-11
4510.000000  6.860638e-11
4530.000000  6.356054e-11
4550.000000  6.379866e-11
4570.000000  6.711276e-11
4590.000000  6.331672e-11
4610.000000  6.518948e-11
4630.000000  6.333390e-11
4650.000000  6.415627e-11
4670.000000  6.483058e-11
4690.000000  6.226632e-11
4710.000000  5.976098e-11
4730.000000  6.301077e-11
4750.000000  6.339742e-11
4770.000000  6.234888e-11
4790.000000  6.216574e-11
4810.000000  6.108244e-11
4830.000000  6.049481e-11
4850.000000  5.173095e-11
4870.000000  4.291783e-11
4890.000000  5.705108e-11
4910.000000  5.792705e-11
4930.000000  5.686977e-11
4950.000000  5.875466e-11
4970.000000  5.909700e-11
4990.000000  5.539209e-11
5010.000000  5.296407e-11
5030.000000  5.553280e-11
5050.000000  5.496414e-11
5070.000000  5.667171e-11
5090.000000  5.524220e-11
5110.000000  5.557861e-11
5130.000000  5.385005e-11
5150.000000  5.256658e-11
5170.000000  5.181880e-11
5190.000000  5.107455e-11
5210.000000  5.170949e-11
5230.000000  5.187034e-11
5250.000000  5.248984e-11
5270.000000  4.788710e-11
5290.000000  5.146247e-11
5310.000000  5.133715e-11
5330.000000  4.853644e-11
5350.000000  5.075432e-11
5370.000000  5.069691e-11
5390.000000  4.991238e-11
5410.000000  4.853235e-11
5430.000000  4.926569e-11
5450.000000  5.011550e-11
5470.000000  4.911928e-11
5490.000000  4.860937e-11
5510.000000  4.829945e-11
5530.000000  4.832823e-11
5550.000000  4.838111e-11
5570.000000  4.751741e-11
5590.000000  4.684467e-11
5610.000000  4.730471e-11
5630.000000  4.727257e-11
5650.000000  4.664255e-11
5670.000000  4.559073e-11
5690.000000  4.601195e-11
5710.000000  4.549034e-11
5730.000000  4.687546e-11
5750.000000  4.560522e-11
5770.000000  4.568139e-11
5790.000000  4.482071e-11
5810.000000  4.499235e-11
5830.000000  4.505527e-11
5850.000000  4.432995e-11
5870.000000  4.419142e-11
5890.000000  4.278207e-11
5910.000000  4.352150e-11
5930.000000  4.317759e-11
5950.000000  4.299138e-11
5970.000000  4.281749e-11
5990.000000  4.220511e-11
6010.000000  4.143735e-11
6030.000000  4.151500e-11
6050.000000  4.152159e-11
6070.000000  4.155216e-11
6090.000000  4.073322e-11
6110.000000  4.014411e-11
6130.000000  3.919497e-11
6150.000000  3.877250e-11
6170.000000  3.834774e-11
6190.000000  3.944826e-11
6210.000000  3.932038e-11
6230.000000  3.848602e-11
6250.000000  3.705668e-11
6270.000000  3.853537e-11
6290.000000  3.837721e-11
6310.000000  3.728247e-11
6330.000000  3.731901e-11
6350.000000  3.692560e-11
6370.000000  3.670579e-11
6390.000000  3.682922e-11
6410.000000  3.603197e-11
6430.000000  3.618575e-11
6450.000000  3.549298e-11
6470.000000  3.561272e-11
6490.000000  3.483081e-11
6510.000000  3.509374e-11
6530.000000  3.458797e-11
6550.000000  3.174682e-11
6570.000000  2.620159e-11
6590.000000  3.317933e-11
6610.000000  3.401411e-11
6630.000000  3.402667e-11
6650.000000  3.383741e-11
6670.000000  3.341233e-11
6690.000000  3.355538e-11
6710.000000  3.314173e-11
6730.000000  3.308297e-11
6750.000000  3.244846e-11
6770.000000  3.266366e-11
6790.000000  3.235384e-11
6810.000000  3.212665e-11
6830.000000  3.190956e-11
6850.000000  3.152316e-11
6870.000000  3.158071e-11
6890.000000  3.140121e-11
6910.000000  3.113996e-11
6930.000000  3.091798e-11
6950.000000  3.074125e-11
6970.000000  3.052358e-11
6990.000000  3.040257e-11
7010.000000  2.958414e-11
7030.000000  2.980316e-11
7050.000000  2.974032e-11
7070.000000  2.951993e-11
7090.000000  2.931900e-11
7110.000000  2.859263e-11
7130.000000  2.868030e-11
7150.000000  2.856550e-11
7170.000000  2.828458e-11
7190.000000  2.786893e-11
7210.000000  2.798177e-11
7230.000000  2.771668e-11
7250.000000  2.759214e-11
7270.000000  2.762066e-11
7290.000000  2.703167e-11
7310.000000  2.708802e-11
7330.000000  2.698061e-11
7350.000000  2.692246e-11
7370.000000  2.682318e-11
7390.000000  2.628827e-11
7410.000000  2.591534e-11
7430.000000  2.580378e-11
7450.000000  2.576784e-11
7470.000000  2.563560e-11
7490.000000  2.551596e-11
7510.000000  2.549072e-11
7530.000000  2.537235e-11
7550.000000  2.538364e-11
7570.000000  2.506839e-11
7590.000000  2.498455e-11
7610.000000  2.478019e-11
7630.000000  2.471846e-11
7650.000000  2.446738e-11
7670.000000  2.399486e-11
7690.000000  2.407146e-11
7710.000000  2.390448e-11
7730.000000  2.384585e-11
7750.000000  2.358594e-11
7770.000000  2.321270e-11
7790.000000  2.357820e-11
7810.000000  2.334256e-11
7830.000000  2.302429e-11
7850.000000  2.280507e-11
7870.000000  2.284546e-11
7890.000000  2.264465e-11
7910.000000  2.239969e-11
7930.000000  2.209398e-11
7950.000000  2.205758e-11
7970.000000  2.226649e-11
7990.000000  2.199634e-11
8010.000000  2.188043e-11
8030.000000  2.166127e-11
8050.000000  2.157944e-11
8070.000000  2.149812e-11
8090.000000  2.126329e-11
8110.000000  2.133799e-11
8130.000000  2.127029e-11
8150.000000  2.109704e-11
8170.000000  2.097233e-11
8190.000000  2.037208e-11
8210.000000  2.031682e-11
8230.000000  2.024233e-11
8250.000000  2.017788e-11
8270.000000  2.037762e-11
8290.000000  2.021162e-11
8310.000000  1.992384e-11
8330.000000  1.964369e-11
8350.000000  1.976055e-11
8370.000000  1.971623e-11
8390.000000  1.944852e-11
8410.000000  1.944090e-11
8430.000000  1.919363e-11
8450.000000  1.886166e-11
8470.000000  1.872484e-11
8490.000000  1.883069e-11
8510.000000  1.755610e-11
8530.000000  1.865698e-11
8550.000000  1.553997e-11
8570.000000  1.898312e-11
8590.000000  1.803297e-11
8610.000000  1.761539e-11
8630.000000  1.881129e-11
8650.000000  1.831188e-11
8670.000000  1.486734e-11
8690.000000  1.795584e-11
8710.000000  1.861262e-11
8730.000000  1.824292e-11
8750.000000  1.576057e-11
8770.000000  1.786239e-11
8790.000000  1.834883e-11
8810.000000  1.821997e-11
8830.000000  1.785867e-11
8850.000000  1.699757e-11
8870.000000  1.516485e-11
8890.000000  1.751924e-11
8910.000000  1.782163e-11
8930.000000  1.761733e-11
8950.000000  1.772941e-11
8970.000000  1.750747e-11
8990.000000  1.718202e-11
9010.000000  1.475937e-11
9030.000000  1.595736e-11
9050.000000  1.710999e-11
9070.000000  1.675634e-11
9090.000000  1.639401e-11
9110.000000  1.671683e-11
9130.000000  1.691652e-11
9150.000000  1.689317e-11
9170.000000  1.670146e-11
9190.000000  1.650672e-11
9210.000000  1.573900e-11
9230.000000  1.340504e-11
9250.000000  1.524583e-11
9270.000000  1.576149e-11
9290.000000  1.617054e-11
9310.000000  1.616355e-11
9330.000000  1.603713e-11
9350.000000  1.599819e-11
9370.000000  1.594244e-11
9390.000000  1.575580e-11
9410.000000  1.504071e-11
9430.000000  1.543928e-11
9450.000000  1.532208e-11
9470.000000  1.543554e-11
9490.000000  1.536591e-11
9510.000000  1.507926e-11
9530.000000  1.443415e-11
9550.000000  1.240995e-11
9570.000000  1.437306e-11
9590.000000  1.479332e-11
9610.000000  1.464186e-11
9630.000000  1.443038e-11
9650.000000  1.454704e-11
9670.000000  1.431444e-11
9690.000000  1.426448e-11
9710.000000  1.448560e-11
9730.000000  1.439496e-11
9750.000000  1.410989e-11
9770.000000  1.423334e-11
9790.000000  1.412694e-11
9810.000000  1.410238e-11
9830.000000  1.398851e-11
9850.000000  1.383244e-11
9870.000000  1.374533e-11
9890.000000  1.361288e-11
9910.000000  1.352167e-11
9930.000000  1.360141e-11
9950.000000  1.349887e-11
9970.000000  1.344568e-11
9990.000000  1.334948e-11
10025.000000  1.264704e-11
10075.000000  1.211315e-11
10125.000000  1.276368e-11
10175.000000  1.265955e-11
10225.000000  1.257911e-11
10275.000000  1.247491e-11
10325.000000  1.221023e-11
10375.000000  1.208325e-11
10425.000000  1.194349e-11
10475.000000  1.158807e-11
10525.000000  1.154385e-11
10575.000000  1.142451e-11
10625.000000  1.128768e-11
10675.000000  1.090581e-11
10725.000000  1.090499e-11
10775.000000  1.077660e-11
10825.000000  1.057977e-11
10875.000000  1.043392e-11
10925.000000  9.410025e-12
10975.000000  9.902040e-12
11025.000000  1.018287e-11
11075.000000  1.012278e-11
11125.000000  9.946982e-12
11175.000000  9.822807e-12
11225.000000  9.746463e-12
11275.000000  9.415767e-12
11325.000000  9.327444e-12
11375.000000  9.307912e-12
11425.000000  9.094357e-12
11475.000000  9.175011e-12
11525.000000  9.069340e-12
11575.000000  8.917581e-12
11625.000000  8.673661e-12
11675.000000  8.532653e-12
11725.000000  8.639612e-12
11775.000000  8.335903e-12
11825.000000  8.310154e-12
11875.000000  8.143737e-12
11925.000000  8.265781e-12
11975.000000  7.999129e-12
12025.000000  7.999517e-12
12075.000000  7.868761e-12
12125.000000  7.792299e-12
12175.000000  7.758074e-12
12225.000000  7.647948e-12
12275.000000  7.550294e-12
12325.000000  7.465442e-12
12375.000000  7.391603e-12
12425.000000  7.322640e-12
12475.000000  7.231291e-12
12525.000000  7.115209e-12
12575.000000  7.000846e-12
12625.000000  6.958175e-12
12675.000000  6.889319e-12
12725.000000  6.821273e-12
12775.000000  6.629576e-12
12825.000000  5.844897e-12
12875.000000  6.493265e-12
12925.000000  6.486985e-12
12975.000000  6.450228e-12
13025.000000  6.373087e-12
13075.000000  6.329869e-12
13125.000000  6.225295e-12
13175.000000  6.132387e-12
13225.000000  6.115941e-12
13275.000000  6.021943e-12
13325.000000  5.975966e-12
13375.000000  5.903978e-12
13425.000000  5.849411e-12
13475.000000  5.784924e-12
13525.000000  5.704453e-12
13575.000000  5.614302e-12
13625.000000  5.587699e-12
13675.000000  5.512326e-12
13725.000000  5.395666e-12
13775.000000  5.380094e-12
13825.000000  5.334327e-12
13875.000000  5.310913e-12
13925.000000  5.213655e-12
13975.000000  5.171424e-12
14025.000000  5.109549e-12
14075.000000  5.078232e-12
14125.000000  4.994848e-12
14175.000000  4.967260e-12
14225.000000  4.881634e-12
14275.000000  4.810165e-12
14325.000000  4.800101e-12
14375.000000  4.773175e-12
14425.000000  4.570442e-12
14475.000000  4.651609e-12
14525.000000  4.526264e-12
14570.000000  4.551106e-12
14620.000000  4.484002e-12
14675.000000  4.457848e-12
14725.000000  4.374387e-12
14775.000000  4.318093e-12
14825.000000  4.294731e-12
14875.000000  4.218779e-12
14925.000000  4.252213e-12
14975.000000  4.176030e-12
15025.000000  4.115184e-12
15075.000000  4.053098e-12
15125.000000  4.058148e-12
15175.000000  4.026964e-12
15225.000000  3.964098e-12
15275.000000  3.933379e-12
15325.000000  3.880439e-12
15375.000000  3.857031e-12
15425.000000  3.758562e-12
15475.000000  3.765780e-12
15525.000000  3.733519e-12
15575.000000  3.618553e-12
15625.000000  3.706971e-12
15675.000000  3.580377e-12
15725.000000  3.485455e-12
15775.000000  3.538267e-12
15825.000000  3.534958e-12
15875.000000  3.234236e-12
15925.000000  3.430774e-12
15975.000000  3.464657e-12
16050.000000  3.365629e-12
16150.000000  3.177091e-12
16250.000000  3.310719e-12
16350.000000  3.159354e-12
16450.000000  2.962113e-12
16550.000000  3.110016e-12
16650.000000  3.055162e-12
16750.000000  2.902115e-12
16850.000000  2.715578e-12
16950.000000  2.871937e-12
17050.000000  2.792161e-12
17150.000000  2.753532e-12
17250.000000  2.655119e-12
17350.000000  2.389015e-12
17450.000000  2.519262e-12
17550.000000  2.512294e-12
17650.000000  2.462279e-12
17750.000000  2.418974e-12
17850.000000  2.370525e-12
17950.000000  2.337366e-12
18050.000000  2.263779e-12
18150.000000  2.060416e-12
18250.000000  2.139974e-12
18350.000000  2.145800e-12
18450.000000  2.102379e-12
18550.000000  2.056595e-12
18650.000000  2.005635e-12
18750.000000  1.809389e-12
18850.000000  1.922584e-12
18950.000000  1.875587e-12
19050.000000  1.880058e-12
19150.000000  1.840306e-12
19250.000000  1.803721e-12
19350.000000  1.751457e-12
19450.000000  1.587495e-12
19550.000000  1.692340e-12
19650.000000  1.672108e-12
19750.000000  1.636954e-12
19850.000000  1.613907e-12
19950.000000  1.584707e-12
20050.000000  1.559368e-12
20150.000000  1.534724e-12
20250.000000  1.500223e-12
20350.000000  1.467485e-12
20450.000000  1.453453e-12
20550.000000  1.424767e-12
20650.000000  1.394570e-12
20750.000000  1.371585e-12
20850.000000  1.348152e-12
20950.000000  1.321985e-12
21050.000000  1.302086e-12
21150.000000  1.274748e-12
21250.000000  1.253191e-12
21350.000000  1.232643e-12
21450.000000  1.215400e-12
21550.000000  1.187641e-12
21650.000000  1.079211e-12
21750.000000  1.137660e-12
21850.000000  1.130984e-12
21950.000000  1.118156e-12
22050.000000  1.092160e-12
22150.000000  1.075723e-12
22250.000000  1.062155e-12
22350.000000  1.044357e-12
22450.000000  1.027266e-12
22550.000000  1.003229e-12
22650.000000  9.904876e-13
22750.000000  9.769031e-13
22850.000000  9.592202e-13
22950.000000  9.428164e-13
23050.000000  9.318432e-13
23150.000000  9.152066e-13
23250.000000  9.026885e-13
23350.000000  8.870138e-13
23450.000000  8.744714e-13
23550.000000  8.604472e-13
23650.000000  8.478983e-13
23750.000000  8.309581e-13
23850.000000  8.188767e-13
23950.000000  8.075959e-13
24050.000000  7.939211e-13
24150.000000  7.807088e-13
24250.000000  7.705202e-13
24350.000000  7.561004e-13
24450.000000  7.461821e-13
24550.000000  7.325234e-13
24650.000000  7.236678e-13
24750.000000  7.113347e-13
24850.000000  7.006154e-13
24950.000000  6.852210e-13
