2505.000000  4.393054e-11
2513.000000  3.398177e-11
2518.000000  3.519125e-11
2525.000000  3.023391e-11
2535.000000  2.836299e-11
2545.000000  2.688697e-11
2555.000000  3.237002e-11
2565.000000  3.069328e-11
2575.000000  3.665396e-11
2585.000000  3.668064e-11
2595.000000  3.466685e-11
2605.000000  3.177303e-11
2615.000000  2.976789e-11
2625.000000  3.747419e-11
2635.000000  3.960345e-11
2645.000000  5.044063e-11
2655.000000  5.206062e-11
2665.000000  4.122485e-11
2675.000000  4.642434e-11
2685.000000  4.507343e-11
2695.000000  4.187206e-11
2705.000000  4.497410e-11
2715.000000  4.008122e-11
2725.000000  4.093448e-11
2735.000000  4.546754e-11
2745.000000  3.073771e-11
2755.000000  3.381563e-11
2765.000000  3.679451e-11
2775.000000  4.367368e-11
2785.000000  3.771376e-11
2795.000000  1.709069e-11
2805.000000  2.230000e-11
2815.000000  4.441027e-11
2825.000000  5.058471e-11
2835.000000  4.724226e-11
2845.000000  4.455786e-11
2855.000000  4.011455e-11
2865.000000  4.789956e-11
2875.000000  4.618287e-11
2885.000000  4.684740e-11
2895.000000  4.360852e-11
2910.000000  5.265073e-11
2930.000000  4.902498e-11
2950.000000  4.872132e-11
2970.000000  5.174434e-11
2990.000000  5.203848e-11
3010.000000  5.360736e-11
3030.000000  5.258442e-11
3050.000000  5.217039e-11
3070.000000  5.285106e-11
3090.000000  5.413455e-11
3110.000000  5.194973e-11
3130.000000  5.150287e-11
3150.000000  5.354996e-11
3170.000000  5.300657e-11
3190.000000  4.917581e-11
3210.000000  5.128932e-11
3230.000000  4.854712e-11
3250.000000  5.094065e-11
3270.000000  5.218822e-11
3290.000000  5.235384e-11
3310.000000  5.348209e-11
3330.000000  5.198452e-11
3350.000000  5.125825e-11
3370.000000  5.034037e-11
3390.000000  5.081108e-11
3410.000000  5.128664e-11
3430.000000  5.143622e-11
3450.000000  5.110470e-11
3470.000000  5.033630e-11
3490.000000  5.006910e-11
3510.000000  5.137111e-11
3530.000000  5.104280e-11
3550.000000  5.251096e-11
3570.000000  4.973565e-11
3590.000000  4.935722e-11
3610.000000  4.949644e-11
3630.000000  4.988416e-11
3640.000000  4.904937e-11
3650.000000  5.153759e-11
3670.000000  5.103080e-11
3690.000000  4.897246e-11
3710.000000  4.976334e-11
3730.000000  4.976249e-11
3750.000000  6.084260e-11
3770.000000  6.544115e-11
3790.000000  8.126706e-11
3810.000000  9.580859e-11
3830.000000  7.499545e-11
3850.000000  1.070311e-10
3870.000000  1.232059e-10
3890.000000  6.813811e-11
3910.000000  1.222845e-10
3930.000000  1.065014e-10
3950.000000  1.207341e-10
3970.000000  6.219489e-11
3990.000000  1.202505e-10
4010.000000  1.404677e-10
4030.000000  1.405345e-10
4050.000000  1.386732e-10
4070.000000  1.303021e-10
4090.000000  9.852340e-11
4110.000000  7.427403e-11
4130.000000  1.223337e-10
4150.000000  1.334140e-10
4170.000000  1.332357e-10
4190.000000  1.319788e-10
4210.000000  1.316204e-10
4230.000000  1.272620e-10
4250.000000  1.276662e-10
4270.000000  1.202877e-10
4290.000000  1.225047e-10
4310.000000  1.095747e-10
4330.000000  8.162575e-11
4350.000000  6.907873e-11
4370.000000  1.098813e-10
4390.000000  1.149173e-10
4410.000000  1.138671e-10
4430.000000  1.116454e-10
4450.000000  1.146513e-10
4470.000000  1.138470e-10
4490.000000  1.114816e-10
4510.000000  1.150894e-10
4530.000000  1.100930e-10
4550.000000  1.081322e-10
4570.000000  1.114194e-10
4590.000000  1.065169e-10
4610.000000  1.086815e-10
4630.000000  1.047979e-10
4650.000000  1.056336e-10
4670.000000  1.049866e-10
4690.000000  9.999875e-11
4710.000000  9.566877e-11
4730.000000  1.007572e-10
4750.000000  1.001876e-10
4770.000000  9.805644e-11
4790.000000  9.676824e-11
4810.000000  9.347420e-11
4830.000000  8.779099e-11
4850.000000  6.567118e-11
4870.000000  5.212392e-11
4890.000000  8.123958e-11
4910.000000  8.735735e-11
4930.000000  8.678220e-11
4950.000000  8.862128e-11
4970.000000  8.906617e-11
4990.000000  8.546813e-11
5010.000000  8.202883e-11
5030.000000  8.393026e-11
5050.000000  8.212043e-11
5070.000000  8.373313e-11
5090.000000  8.244845e-11
5110.000000  8.217374e-11
5130.000000  8.030704e-11
5150.000000  7.810465e-11
5170.000000  7.664362e-11
5190.000000  7.580867e-11
5210.000000  7.589440e-11
5230.000000  7.486253e-11
5250.000000  7.591296e-11
5270.000000  7.068132e-11
5290.000000  7.395011e-11
5310.000000  7.238430e-11
5330.000000  6.948695e-11
5350.000000  7.181816e-11
5370.000000  7.094479e-11
5390.000000  6.999610e-11
5410.000000  6.814168e-11
5430.000000  6.850960e-11
5450.000000  6.884402e-11
5470.000000  6.780450e-11
5490.000000  6.724994e-11
5510.000000  6.664370e-11
5530.000000  6.584878e-11
5550.000000  6.557382e-11
5570.000000  6.456387e-11
5590.000000  6.383407e-11
5610.000000  6.368700e-11
5630.000000  6.342392e-11
5650.000000  6.251180e-11
5670.000000  6.144850e-11
5690.000000  6.136358e-11
5710.000000  6.079798e-11
5730.000000  6.104255e-11
5750.000000  5.977293e-11
5770.000000  5.945938e-11
5790.000000  5.870072e-11
5810.000000  5.831289e-11
5830.000000  5.791314e-11
5850.000000  5.720687e-11
5870.000000  5.669728e-11
5890.000000  5.528519e-11
5910.000000  5.560400e-11
5930.000000  5.509541e-11
5950.000000  5.444174e-11
5970.000000  5.407485e-11
5990.000000  5.326130e-11
6010.000000  5.236448e-11
6030.000000  5.231827e-11
6050.000000  5.185302e-11
6070.000000  5.168679e-11
6090.000000  5.101392e-11
6110.000000  5.032719e-11
6130.000000  4.939566e-11
6150.000000  4.811889e-11
6170.000000  4.828301e-11
6190.000000  4.875518e-11
6210.000000  4.830694e-11
6230.000000  4.757347e-11
6250.000000  4.612228e-11
6270.000000  4.709294e-11
6290.000000  4.668143e-11
6310.000000  4.574058e-11
6330.000000  4.553756e-11
6350.000000  4.454794e-11
6370.000000  4.437831e-11
6390.000000  4.431782e-11
6410.000000  4.349576e-11
6430.000000  4.339204e-11
6450.000000  4.225658e-11
6470.000000  4.245470e-11
6490.000000  4.144224e-11
6510.000000  4.101141e-11
6530.000000  3.937279e-11
6550.000000  3.336159e-11
6570.000000  2.646003e-11
6590.000000  3.672999e-11
6610.000000  3.903169e-11
6630.000000  3.941151e-11
6650.000000  3.929245e-11
6670.000000  3.892725e-11
6690.000000  3.883141e-11
6710.000000  3.852036e-11
6730.000000  3.815607e-11
6750.000000  3.761312e-11
6770.000000  3.768339e-11
6790.000000  3.731985e-11
6810.000000  3.700592e-11
6830.000000  3.656795e-11
6850.000000  3.627682e-11
6870.000000  3.609142e-11
6890.000000  3.579039e-11
6910.000000  3.545666e-11
6930.000000  3.511042e-11
6950.000000  3.486375e-11
6970.000000  3.451800e-11
6990.000000  3.431605e-11
7010.000000  3.358333e-11
7030.000000  3.359173e-11
7050.000000  3.336688e-11
7070.000000  3.315040e-11
7090.000000  3.288120e-11
7110.000000  3.177967e-11
7130.000000  3.205062e-11
7150.000000  3.185394e-11
7170.000000  3.160802e-11
7190.000000  3.129447e-11
7210.000000  3.114379e-11
7230.000000  3.085325e-11
7250.000000  3.044689e-11
7270.000000  3.047107e-11
7290.000000  3.000680e-11
7310.000000  2.986862e-11
7330.000000  2.965454e-11
7350.000000  2.951711e-11
7370.000000  2.930254e-11
7390.000000  2.889839e-11
7410.000000  2.852031e-11
7430.000000  2.811657e-11
7450.000000  2.806657e-11
7470.000000  2.764744e-11
7490.000000  2.762476e-11
7510.000000  2.753254e-11
7530.000000  2.737809e-11
7550.000000  2.728539e-11
7570.000000  2.699964e-11
7590.000000  2.683278e-11
7610.000000  2.660580e-11
7630.000000  2.640875e-11
7650.000000  2.612550e-11
7670.000000  2.576069e-11
7690.000000  2.563567e-11
7710.000000  2.547295e-11
7730.000000  2.537574e-11
7750.000000  2.511778e-11
7770.000000  2.432771e-11
7790.000000  2.484735e-11
7810.000000  2.460632e-11
7830.000000  2.427144e-11
7850.000000  2.397242e-11
7870.000000  2.383202e-11
7890.000000  2.357081e-11
7910.000000  2.338228e-11
7930.000000  2.321617e-11
7950.000000  2.293691e-11
7970.000000  2.316217e-11
7990.000000  2.260647e-11
8010.000000  2.272697e-11
8030.000000  2.248594e-11
8050.000000  2.239122e-11
8070.000000  2.219656e-11
8090.000000  2.201719e-11
8110.000000  2.194941e-11
8130.000000  2.182727e-11
8150.000000  2.165088e-11
8170.000000  2.149642e-11
8190.000000  2.092492e-11
8210.000000  2.079075e-11
8230.000000  2.063592e-11
8250.000000  2.059119e-11
8270.000000  2.078462e-11
8290.000000  2.058794e-11
8310.000000  2.040692e-11
8330.000000  2.006116e-11
8350.000000  2.015024e-11
8370.000000  2.006052e-11
8390.000000  1.983690e-11
8410.000000  1.973180e-11
8430.000000  1.950568e-11
8450.000000  1.901036e-11
8470.000000  1.901067e-11
8490.000000  1.907729e-11
8510.000000  1.807838e-11
8530.000000  1.892811e-11
8550.000000  1.661325e-11
8570.000000  1.901459e-11
8590.000000  1.776048e-11
8610.000000  1.735731e-11
8630.000000  1.892783e-11
8650.000000  1.812641e-11
8670.000000  1.486659e-11
8690.000000  1.801535e-11
8710.000000  1.897538e-11
8730.000000  1.811397e-11
8750.000000  1.442082e-11
8770.000000  1.728689e-11
8790.000000  1.884160e-11
8810.000000  1.896411e-11
8830.000000  1.810786e-11
8850.000000  1.608909e-11
8870.000000  1.368889e-11
8890.000000  1.735485e-11
8910.000000  1.831897e-11
8930.000000  1.846187e-11
8950.000000  1.861345e-11
8970.000000  1.808294e-11
8990.000000  1.700813e-11
9010.000000  1.335846e-11
9030.000000  1.469055e-11
9050.000000  1.705621e-11
9070.000000  1.721237e-11
9090.000000  1.709183e-11
9110.000000  1.757197e-11
9130.000000  1.762084e-11
9150.000000  1.759805e-11
9170.000000  1.721412e-11
9190.000000  1.652579e-11
9210.000000  1.505866e-11
9230.000000  1.164182e-11
9250.000000  1.438086e-11
9270.000000  1.558809e-11
9290.000000  1.651984e-11
9310.000000  1.666199e-11
9330.000000  1.656562e-11
9350.000000  1.656524e-11
9370.000000  1.649522e-11
9390.000000  1.619669e-11
9410.000000  1.550167e-11
9430.000000  1.590594e-11
9450.000000  1.581399e-11
9470.000000  1.571831e-11
9490.000000  1.544624e-11
9510.000000  1.481809e-11
9530.000000  1.332303e-11
9550.000000  1.060244e-11
9570.000000  1.343813e-11
9590.000000  1.452847e-11
9610.000000  1.469568e-11
9630.000000  1.449508e-11
9650.000000  1.478399e-11
9670.000000  1.452866e-11
9690.000000  1.445271e-11
9710.000000  1.470869e-11
9730.000000  1.456784e-11
9750.000000  1.435530e-11
9770.000000  1.443238e-11
9790.000000  1.432283e-11
9810.000000  1.421826e-11
9830.000000  1.405076e-11
9850.000000  1.387462e-11
9870.000000  1.378051e-11
9890.000000  1.357343e-11
9910.000000  1.353676e-11
9930.000000  1.353535e-11
9950.000000  1.339800e-11
9970.000000  1.330288e-11
9990.000000  1.307031e-11
10025.000000  1.161237e-11
10075.000000  1.096393e-11
10125.000000  1.238281e-11
10175.000000  1.246616e-11
10225.000000  1.239165e-11
10275.000000  1.223081e-11
10325.000000  1.198319e-11
10375.000000  1.180565e-11
10425.000000  1.161430e-11
10475.000000  1.125040e-11
10525.000000  1.113560e-11
10575.000000  1.100947e-11
10625.000000  1.087355e-11
10675.000000  1.044024e-11
10725.000000  1.043100e-11
10775.000000  1.027609e-11
10825.000000  1.008210e-11
10875.000000  9.746087e-12
10925.000000  8.067021e-12
10975.000000  8.853066e-12
11025.000000  9.488361e-12
11075.000000  9.475689e-12
11125.000000  9.321870e-12
11175.000000  9.208634e-12
11225.000000  9.096476e-12
11275.000000  8.733267e-12
11325.000000  8.634640e-12
11375.000000  8.628161e-12
11425.000000  8.437232e-12
11475.000000  8.446904e-12
11525.000000  8.336447e-12
11575.000000  8.194401e-12
11625.000000  7.948325e-12
11675.000000  7.781448e-12
11725.000000  7.857603e-12
11775.000000  7.555657e-12
11825.000000  7.534347e-12
11875.000000  7.371325e-12
11925.000000  7.439163e-12
11975.000000  7.230354e-12
12025.000000  7.179345e-12
12075.000000  7.051515e-12
12125.000000  6.960630e-12
12175.000000  6.897542e-12
12225.000000  6.780435e-12
12275.000000  6.678614e-12
12325.000000  6.592776e-12
12375.000000  6.517586e-12
12425.000000  6.455314e-12
12475.000000  6.330188e-12
12525.000000  6.244740e-12
12575.000000  6.104861e-12
12625.000000  6.055053e-12
12675.000000  5.987393e-12
12725.000000  5.870799e-12
12775.000000  5.546710e-12
12825.000000  4.664672e-12
12875.000000  5.457474e-12
12925.000000  5.559414e-12
12975.000000  5.529004e-12
13025.000000  5.473818e-12
13075.000000  5.419702e-12
13125.000000  5.336026e-12
13175.000000  5.238214e-12
13225.000000  5.208487e-12
13275.000000  5.137441e-12
13325.000000  5.078150e-12
13375.000000  5.009286e-12
13425.000000  4.941827e-12
13475.000000  4.878591e-12
13525.000000  4.798514e-12
13575.000000  4.731216e-12
13625.000000  4.690315e-12
13675.000000  4.619422e-12
13725.000000  4.519528e-12
13775.000000  4.499132e-12
13825.000000  4.449275e-12
13875.000000  4.414374e-12
13925.000000  4.327446e-12
13975.000000  4.288072e-12
14025.000000  4.239878e-12
14075.000000  4.195984e-12
14125.000000  4.129937e-12
14175.000000  4.086533e-12
14225.000000  4.029431e-12
14275.000000  3.973820e-12
14325.000000  3.935612e-12
14375.000000  3.897969e-12
14425.000000  3.754503e-12
14475.000000  3.793076e-12
14525.000000  3.698492e-12
14570.000000  3.705497e-12
14620.000000  3.648799e-12
14675.000000  3.616476e-12
14725.000000  3.561104e-12
14775.000000  3.501339e-12
14825.000000  3.476959e-12
14875.000000  3.417829e-12
14925.000000  3.422390e-12
14975.000000  3.365490e-12
15025.000000  3.318536e-12
15075.000000  3.271070e-12
15125.000000  3.260033e-12
15175.000000  3.223929e-12
15225.000000  3.181926e-12
15275.000000  3.146322e-12
15325.000000  3.105581e-12
15375.000000  3.073976e-12
15425.000000  3.006161e-12
15475.000000  2.995380e-12
15525.000000  2.963786e-12
15575.000000  2.891682e-12
15625.000000  2.924478e-12
15675.000000  2.834273e-12
15725.000000  2.766093e-12
15775.000000  2.809465e-12
15825.000000  2.789483e-12
15875.000000  2.573966e-12
15925.000000  2.691728e-12
15975.000000  2.728313e-12
16050.000000  2.630048e-12
16150.000000  2.480838e-12
16250.000000  2.601474e-12
16350.000000  2.449993e-12
16450.000000  2.287394e-12
16550.000000  2.445569e-12
16650.000000  2.400318e-12
16750.000000  2.235112e-12
16850.000000  2.079254e-12
16950.000000  2.245856e-12
17050.000000  2.200391e-12
17150.000000  2.163835e-12
17250.000000  2.076822e-12
17350.000000  1.810907e-12
17450.000000  1.951953e-12
17550.000000  1.969873e-12
17650.000000  1.934546e-12
17750.000000  1.902712e-12
17850.000000  1.859479e-12
17950.000000  1.830329e-12
18050.000000  1.763484e-12
18150.000000  1.556297e-12
18250.000000  1.642097e-12
18350.000000  1.676656e-12
18450.000000  1.648629e-12
18550.000000  1.606551e-12
18650.000000  1.560088e-12
18750.000000  1.364998e-12
18850.000000  1.488113e-12
18950.000000  1.477415e-12
19050.000000  1.468885e-12
19150.000000  1.439208e-12
19250.000000  1.407029e-12
19350.000000  1.356316e-12
19450.000000  1.190345e-12
19550.000000  1.306444e-12
19650.000000  1.304435e-12
19750.000000  1.280397e-12
19850.000000  1.261360e-12
19950.000000  1.238089e-12
20050.000000  1.216256e-12
20150.000000  1.194780e-12
20250.000000  1.170884e-12
20350.000000  1.147667e-12
20450.000000  1.130730e-12
20550.000000  1.109497e-12
20650.000000  1.086336e-12
20750.000000  1.067711e-12
20850.000000  1.049658e-12
20950.000000  1.030313e-12
21050.000000  1.012002e-12
21150.000000  9.905021e-13
21250.000000  9.739683e-13
21350.000000  9.557126e-13
21450.000000  9.399368e-13
21550.000000  9.110494e-13
21650.000000  8.040075e-13
21750.000000  8.696552e-13
21850.000000  8.748681e-13
21950.000000  8.655324e-13
22050.000000  8.483228e-13
22150.000000  8.339675e-13
22250.000000  8.233930e-13
22350.000000  8.092970e-13
22450.000000  7.960668e-13
22550.000000  7.791985e-13
22650.000000  7.687731e-13
22750.000000  7.565625e-13
22850.000000  7.438311e-13
22950.000000  7.307835e-13
23050.000000  7.208255e-13
23150.000000  7.086714e-13
23250.000000  6.982747e-13
23350.000000  6.867370e-13
23450.000000  6.760901e-13
23550.000000  6.655481e-13
23650.000000  6.553042e-13
23750.000000  6.440531e-13
23850.000000  6.340264e-13
23950.000000  6.245242e-13
24050.000000  6.140599e-13
24150.000000  6.045854e-13
24250.000000  5.957322e-13
24350.000000  5.858393e-13
24450.000000  5.771362e-13
24550.000000  5.676394e-13
24650.000000  5.590066e-13
24750.000000  5.502812e-13
24850.000000  5.416288e-13
24950.000000  5.300915e-13
