2505.000000  2.939309e-14
2513.000000  1.690557e-14
2518.000000  1.051164e-14
2525.000000  1.242938e-14
2535.000000  4.121970e-14
2545.000000  5.274249e-14
2555.000000  1.644798e-13
2565.000000  8.929634e-14
2575.000000  1.379203e-13
2585.000000  1.016862e-13
2595.000000  8.656340e-14
2605.000000  8.289408e-14
2615.000000  7.698061e-14
2625.000000  1.163788e-13
2635.000000  3.189214e-13
2645.000000  4.502092e-13
2655.000000  8.092120e-13
2665.000000  5.135889e-13
2675.000000  4.617152e-13
2685.000000  6.567177e-13
2695.000000  3.962839e-13
2705.000000  6.149977e-13
2715.000000  3.591796e-13
2725.000000  1.916300e-13
2735.000000  3.099894e-13
2745.000000  1.996785e-13
2755.000000  2.833643e-13
2765.000000  4.308853e-13
2775.000000  4.407125e-13
2785.000000  2.277307e-13
2795.000000  8.105342e-14
2805.000000  1.056279e-13
2815.000000  3.233004e-13
2825.000000  4.783334e-13
2835.000000  3.724914e-13
2845.000000  1.656956e-13
2855.000000  4.953145e-14
2865.000000  2.854603e-13
2875.000000  6.125527e-13
2885.000000  8.123637e-13
2895.000000  1.244046e-12
2910.000000  1.829683e-12
2930.000000  1.761660e-12
2950.000000  1.518418e-12
2970.000000  1.527020e-12
2990.000000  1.598798e-12
3010.000000  1.389075e-12
3030.000000  1.851464e-12
3050.000000  2.043718e-12
3070.000000  2.594043e-12
3090.000000  2.636735e-12
3110.000000  3.566643e-12
3130.000000  2.902530e-12
3150.000000  3.204557e-12
3170.000000  3.925150e-12
3190.000000  3.400550e-12
3210.000000  3.677558e-12
3230.000000  3.029380e-12
3250.000000  5.004258e-12
3270.000000  6.325199e-12
3290.000000  6.487661e-12
3310.000000  5.474009e-12
3330.000000  5.668899e-12
3350.000000  5.064427e-12
3370.000000  3.289493e-12
3390.000000  4.013664e-12
3410.000000  4.645676e-12
3430.000000  5.684978e-12
3450.000000  5.701460e-12
3470.000000  6.093142e-12
3490.000000  7.246542e-12
3510.000000  8.119122e-12
3530.000000  6.973015e-12
3550.000000  8.439583e-12
3570.000000  4.974294e-12
3590.000000  5.490903e-12
3610.000000  7.980118e-12
3630.000000  8.696537e-12
3640.000000  9.298175e-12
3650.000000  1.014519e-11
3670.000000  1.112636e-11
3690.000000  1.058659e-11
3710.000000  1.118816e-11
3730.000000  6.262779e-12
3750.000000  7.593841e-12
3770.000000  1.032775e-11
3790.000000  1.027805e-11
3810.000000  9.205011e-12
3830.000000  4.958931e-12
3850.000000  5.754903e-12
3870.000000  5.821709e-12
3890.000000  9.463947e-12
3910.000000  1.182416e-11
3930.000000  4.521050e-12
3950.000000  9.813146e-12
3970.000000  6.160111e-12
3990.000000  1.655978e-11
4010.000000  1.940149e-11
4030.000000  1.837528e-11
4050.000000  1.802875e-11
4070.000000  1.725411e-11
4090.000000  2.127225e-11
4110.000000  1.973572e-11
4130.000000  1.860383e-11
4150.000000  1.702253e-11
4170.000000  1.754684e-11
4190.000000  1.745842e-11
4210.000000  1.856989e-11
4230.000000  1.968816e-11
4250.000000  2.015118e-11
4270.000000  1.887360e-11
4290.000000  1.695839e-11
4310.000000  1.415238e-11
4330.000000  2.272170e-11
4350.000000  2.208640e-11
4370.000000  2.359116e-11
4390.000000  2.145379e-11
4410.000000  2.370074e-11
4430.000000  2.691727e-11
4450.000000  2.721216e-11
4470.000000  2.944402e-11
4490.000000  3.073054e-11
4510.000000  3.454097e-11
4530.000000  3.080342e-11
4550.000000  3.221527e-11
4570.000000  3.462970e-11
4590.000000  3.345278e-11
4610.000000  3.495693e-11
4630.000000  3.475259e-11
4650.000000  3.505512e-11
4670.000000  3.650146e-11
4690.000000  3.610710e-11
4710.000000  3.555064e-11
4730.000000  3.659109e-11
4750.000000  3.771941e-11
4770.000000  3.778790e-11
4790.000000  3.766950e-11
4810.000000  3.789014e-11
4830.000000  3.825249e-11
4850.000000  3.735072e-11
4870.000000  3.555030e-11
4890.000000  3.814927e-11
4910.000000  3.815994e-11
4930.000000  3.757895e-11
4950.000000  3.969158e-11
4970.000000  3.953066e-11
4990.000000  3.701526e-11
5010.000000  3.536244e-11
5030.000000  3.739032e-11
5050.000000  3.717473e-11
5070.000000  3.867761e-11
5090.000000  3.660078e-11
5110.000000  3.729383e-11
5130.000000  3.616329e-11
5150.000000  3.493827e-11
5170.000000  3.307137e-11
5190.000000  3.496093e-11
5210.000000  3.652997e-11
5230.000000  3.908120e-11
5250.000000  4.021994e-11
5270.000000  3.670199e-11
5290.000000  4.094001e-11
5310.000000  4.317563e-11
5330.000000  3.921213e-11
5350.000000  4.236811e-11
5370.000000  4.251939e-11
5390.000000  4.137472e-11
5410.000000  4.102860e-11
5430.000000  4.120606e-11
5450.000000  4.318004e-11
5470.000000  4.234674e-11
5490.000000  4.227051e-11
5510.000000  4.203908e-11
5530.000000  4.329534e-11
5550.000000  4.408738e-11
5570.000000  4.310678e-11
5590.000000  4.220221e-11
5610.000000  4.383040e-11
5630.000000  4.379382e-11
5650.000000  4.400082e-11
5670.000000  4.305356e-11
5690.000000  4.419508e-11
5710.000000  4.254990e-11
5730.000000  4.564420e-11
5750.000000  4.460336e-11
5770.000000  4.522166e-11
5790.000000  4.365306e-11
5810.000000  4.515940e-11
5830.000000  4.615693e-11
5850.000000  4.507439e-11
5870.000000  4.533223e-11
5890.000000  4.139035e-11
5910.000000  4.489968e-11
5930.000000  4.499174e-11
5950.000000  4.497432e-11
5970.000000  4.574753e-11
5990.000000  4.519378e-11
6010.000000  4.449133e-11
6030.000000  4.525689e-11
6050.000000  4.596996e-11
6070.000000  4.560909e-11
6090.000000  4.443271e-11
6110.000000  4.459064e-11
6130.000000  4.269637e-11
6150.000000  4.401241e-11
6170.000000  4.253048e-11
6190.000000  4.452663e-11
6210.000000  4.433369e-11
6230.000000  4.331272e-11
6250.000000  4.199440e-11
6270.000000  4.365529e-11
6290.000000  4.412705e-11
6310.000000  4.327933e-11
6330.000000  4.376405e-11
6350.000000  4.412967e-11
6370.000000  4.398959e-11
6390.000000  4.420471e-11
6410.000000  4.345300e-11
6430.000000  4.383730e-11
6450.000000  4.380571e-11
6470.000000  4.362208e-11
6490.000000  4.270925e-11
6510.000000  4.389663e-11
6530.000000  4.424118e-11
6550.000000  4.361121e-11
6570.000000  4.235723e-11
6590.000000  4.367942e-11
6610.000000  4.390919e-11
6630.000000  4.394625e-11
6650.000000  4.377421e-11
6670.000000  4.329472e-11
6690.000000  4.426663e-11
6710.000000  4.311559e-11
6730.000000  4.416777e-11
6750.000000  4.346399e-11
6770.000000  4.367614e-11
6790.000000  4.360847e-11
6810.000000  4.339953e-11
6830.000000  4.380599e-11
6850.000000  4.290039e-11
6870.000000  4.323035e-11
6890.000000  4.362535e-11
6910.000000  4.327857e-11
6930.000000  4.293385e-11
6950.000000  4.236379e-11
6970.000000  4.265175e-11
6990.000000  4.226267e-11
7010.000000  4.160454e-11
7030.000000  4.219414e-11
7050.000000  4.249314e-11
7070.000000  4.197668e-11
7090.000000  4.187593e-11
7110.000000  4.168491e-11
7130.000000  4.109307e-11
7150.000000  4.097010e-11
7170.000000  4.138449e-11
7190.000000  4.027999e-11
7210.000000  4.088154e-11
7230.000000  4.147040e-11
7250.000000  4.132848e-11
7270.000000  4.122747e-11
7290.000000  4.039828e-11
7310.000000  4.084397e-11
7330.000000  4.076741e-11
7350.000000  4.068559e-11
7370.000000  4.120962e-11
7390.000000  4.050901e-11
7410.000000  4.011267e-11
7430.000000  4.057676e-11
7450.000000  4.061074e-11
7470.000000  4.064526e-11
7490.000000  4.039966e-11
7510.000000  4.062436e-11
7530.000000  4.068486e-11
7550.000000  4.083976e-11
7570.000000  4.055516e-11
7590.000000  4.039583e-11
7610.000000  4.043648e-11
7630.000000  4.045873e-11
7650.000000  4.047108e-11
7670.000000  3.944749e-11
7690.000000  4.038773e-11
7710.000000  3.962425e-11
7730.000000  3.978248e-11
7750.000000  3.951856e-11
7770.000000  4.020405e-11
7790.000000  3.991823e-11
7810.000000  3.996077e-11
7830.000000  3.958588e-11
7850.000000  3.944205e-11
7870.000000  3.942512e-11
7890.000000  3.858725e-11
7910.000000  3.771266e-11
7930.000000  3.763320e-11
7950.000000  3.726755e-11
7970.000000  3.822669e-11
7990.000000  3.808868e-11
8010.000000  3.795951e-11
8030.000000  3.801397e-11
8050.000000  3.764626e-11
8070.000000  3.749240e-11
8090.000000  3.680277e-11
8110.000000  3.683994e-11
8130.000000  3.713901e-11
8150.000000  3.710672e-11
8170.000000  3.711538e-11
8190.000000  3.647775e-11
8210.000000  3.649144e-11
8230.000000  3.665931e-11
8250.000000  3.690760e-11
8270.000000  3.715195e-11
8290.000000  3.691633e-11
8310.000000  3.607965e-11
8330.000000  3.594369e-11
8350.000000  3.615528e-11
8370.000000  3.624296e-11
8390.000000  3.514845e-11
8410.000000  3.625207e-11
8430.000000  3.540149e-11
8450.000000  3.617506e-11
8470.000000  3.592056e-11
8490.000000  3.577435e-11
8510.000000  3.416129e-11
8530.000000  3.543201e-11
8550.000000  3.099990e-11
8570.000000  3.599371e-11
8590.000000  3.560630e-11
8610.000000  3.554926e-11
8630.000000  3.571166e-11
8650.000000  3.553723e-11
8670.000000  3.121251e-11
8690.000000  3.458312e-11
8710.000000  3.529006e-11
8730.000000  3.533696e-11
8750.000000  3.500001e-11
8770.000000  3.529632e-11
8790.000000  3.508882e-11
8810.000000  3.440813e-11
8830.000000  3.469098e-11
8850.000000  3.492481e-11
8870.000000  3.446422e-11
8890.000000  3.492887e-11
8910.000000  3.501268e-11
8930.000000  3.449036e-11
8950.000000  3.425633e-11
8970.000000  3.435960e-11
8990.000000  3.445859e-11
9010.000000  3.335628e-11
9030.000000  3.408162e-11
9050.000000  3.443897e-11
9070.000000  3.418638e-11
9090.000000  3.329722e-11
9110.000000  3.335414e-11
9130.000000  3.375555e-11
9150.000000  3.234387e-11
9170.000000  3.173228e-11
9190.000000  3.185727e-11
9210.000000  3.135866e-11
9230.000000  3.159709e-11
9250.000000  3.146775e-11
9270.000000  3.179739e-11
9290.000000  3.152019e-11
9310.000000  3.201104e-11
9330.000000  3.203363e-11
9350.000000  3.174233e-11
9370.000000  3.152340e-11
9390.000000  3.130538e-11
9410.000000  3.080366e-11
9430.000000  3.099928e-11
9450.000000  3.059269e-11
9470.000000  3.110455e-11
9490.000000  3.100925e-11
9510.000000  3.129735e-11
9530.000000  3.101328e-11
9550.000000  3.089225e-11
9570.000000  3.092127e-11
9590.000000  3.111671e-11
9610.000000  3.088049e-11
9630.000000  3.076221e-11
9650.000000  3.026250e-11
9670.000000  3.026496e-11
9690.000000  3.062181e-11
9710.000000  3.043261e-11
9730.000000  3.035445e-11
9750.000000  3.022709e-11
9770.000000  3.031852e-11
9790.000000  2.984694e-11
9810.000000  3.046244e-11
9830.000000  3.035848e-11
9850.000000  3.043242e-11
9870.000000  3.028019e-11
9890.000000  3.031543e-11
9910.000000  3.011538e-11
9930.000000  3.025972e-11
9950.000000  3.012921e-11
9970.000000  3.015630e-11
9990.000000  3.011516e-11
10025.000000  2.988184e-11
10075.000000  2.965488e-11
10125.000000  2.955101e-11
10175.000000  2.921626e-11
10225.000000  2.916738e-11
10275.000000  2.912021e-11
10325.000000  2.866777e-11
10375.000000  2.851336e-11
10425.000000  2.854150e-11
10475.000000  2.824644e-11
10525.000000  2.820170e-11
10575.000000  2.791105e-11
10625.000000  2.773852e-11
10675.000000  2.737077e-11
10725.000000  2.734510e-11
10775.000000  2.707138e-11
10825.000000  2.673327e-11
10875.000000  2.648607e-11
10925.000000  2.605742e-11
10975.000000  2.478999e-11
11025.000000  2.463718e-11
11075.000000  2.487757e-11
11125.000000  2.478543e-11
11175.000000  2.493434e-11
11225.000000  2.486306e-11
11275.000000  2.457154e-11
11325.000000  2.471337e-11
11375.000000  2.428549e-11
11425.000000  2.429278e-11
11475.000000  2.444213e-11
11525.000000  2.438784e-11
11575.000000  2.412751e-11
11625.000000  2.381920e-11
11675.000000  2.386352e-11
11725.000000  2.402792e-11
11775.000000  2.365006e-11
11825.000000  2.351240e-11
11875.000000  2.324723e-11
11925.000000  2.353433e-11
11975.000000  2.282428e-11
12025.000000  2.308781e-11
12075.000000  2.290595e-11
12125.000000  2.288898e-11
12175.000000  2.287587e-11
12225.000000  2.276129e-11
12275.000000  2.259139e-11
12325.000000  2.249434e-11
12375.000000  2.236143e-11
12425.000000  2.222757e-11
12475.000000  2.217962e-11
12525.000000  2.200775e-11
12575.000000  2.192512e-11
12625.000000  2.181031e-11
12675.000000  2.164665e-11
12725.000000  2.161778e-11
12775.000000  2.155067e-11
12825.000000  2.105377e-11
12875.000000  2.122410e-11
12925.000000  2.101736e-11
12975.000000  2.109566e-11
13025.000000  2.095165e-11
13075.000000  2.092885e-11
13125.000000  2.065506e-11
13175.000000  2.056196e-11
13225.000000  2.059311e-11
13275.000000  2.031253e-11
13325.000000  2.035790e-11
13375.000000  2.026428e-11
13425.000000  2.027797e-11
13475.000000  2.017564e-11
13525.000000  2.010728e-11
13575.000000  1.985331e-11
13625.000000  1.974611e-11
13675.000000  1.976936e-11
13725.000000  1.974897e-11
13775.000000  1.964554e-11
13825.000000  1.960705e-11
13875.000000  1.942341e-11
13925.000000  1.935440e-11
13975.000000  1.928117e-11
14025.000000  1.909654e-11
14075.000000  1.890137e-11
14125.000000  1.850471e-11
14175.000000  1.849268e-11
14225.000000  1.831389e-11
14275.000000  1.814044e-11
14325.000000  1.835366e-11
14375.000000  1.841927e-11
14425.000000  1.805846e-11
14475.000000  1.840131e-11
14525.000000  1.804926e-11
14570.000000  1.800747e-11
14620.000000  1.789057e-11
14675.000000  1.779337e-11
14725.000000  1.765488e-11
14775.000000  1.774368e-11
14825.000000  1.770618e-11
14875.000000  1.759583e-11
14925.000000  1.784375e-11
14975.000000  1.772893e-11
15025.000000  1.741559e-11
15075.000000  1.736004e-11
15125.000000  1.750441e-11
15175.000000  1.756940e-11
15225.000000  1.745579e-11
15275.000000  1.743878e-11
15325.000000  1.744671e-11
15375.000000  1.743073e-11
15425.000000  1.737127e-11
15475.000000  1.743492e-11
15525.000000  1.722450e-11
15575.000000  1.703613e-11
15625.000000  1.728495e-11
15675.000000  1.705518e-11
15725.000000  1.698431e-11
15775.000000  1.659448e-11
15825.000000  1.682507e-11
15875.000000  1.634082e-11
15925.000000  1.676350e-11
15975.000000  1.674167e-11
16050.000000  1.661418e-11
16150.000000  1.637651e-11
16250.000000  1.634327e-11
16350.000000  1.618586e-11
16450.000000  1.565902e-11
16550.000000  1.572834e-11
16650.000000  1.533672e-11
16750.000000  1.504273e-11
16850.000000  1.457564e-11
16950.000000  1.464271e-11
17050.000000  1.418654e-11
17150.000000  1.396122e-11
17250.000000  1.366655e-11
17350.000000  1.321450e-11
17450.000000  1.316850e-11
17550.000000  1.294114e-11
17650.000000  1.271013e-11
17750.000000  1.244350e-11
17850.000000  1.225141e-11
17950.000000  1.204582e-11
18050.000000  1.174930e-11
18150.000000  1.145763e-11
18250.000000  1.129758e-11
18350.000000  1.112451e-11
18450.000000  1.084629e-11
18550.000000  1.070253e-11
18650.000000  1.044810e-11
18750.000000  1.010780e-11
18850.000000  1.010284e-11
18950.000000  9.768149e-12
19050.000000  9.773622e-12
19150.000000  9.568458e-12
19250.000000  9.426968e-12
19350.000000  9.174588e-12
19450.000000  8.915739e-12
19550.000000  8.894190e-12
19650.000000  8.713731e-12
19750.000000  8.502754e-12
19850.000000  8.387833e-12
19950.000000  8.236779e-12
20050.000000  8.160522e-12
20150.000000  8.044483e-12
20250.000000  7.839931e-12
20350.000000  7.688382e-12
20450.000000  7.628458e-12
20550.000000  7.464945e-12
20650.000000  7.311535e-12
20750.000000  7.203186e-12
20850.000000  7.088165e-12
20950.000000  6.933989e-12
21050.000000  6.867702e-12
21150.000000  6.747606e-12
21250.000000  6.633188e-12
21350.000000  6.534474e-12
21450.000000  6.427421e-12
21550.000000  6.327450e-12
21650.000000  6.148729e-12
21750.000000  6.084776e-12
21850.000000  5.996454e-12
21950.000000  5.924387e-12
22050.000000  5.779620e-12
22150.000000  5.744599e-12
22250.000000  5.613779e-12
22350.000000  5.533288e-12
22450.000000  5.453280e-12
22550.000000  5.366399e-12
22650.000000  5.267124e-12
22750.000000  5.213468e-12
22850.000000  5.106979e-12
22950.000000  4.562037e-12
23050.000000  4.750191e-12
23150.000000  4.713692e-12
23250.000000  4.223147e-12
23350.000000  4.426365e-12
23450.000000  4.435444e-12
23550.000000  3.956859e-12
23650.000000  4.180516e-12
23750.000000  4.166915e-12
23850.000000  3.766752e-12
23950.000000  3.940392e-12
24050.000000  3.962902e-12
24150.000000  3.646305e-12
24250.000000  3.754312e-12
24350.000000  3.775605e-12
24450.000000  3.566173e-12
24550.000000  3.537328e-12
24650.000000  3.631966e-12
24750.000000  3.497182e-12
24850.000000  3.370127e-12
24950.000000  3.444515e-12
