2505.000000  7.303090e-13
2513.000000  3.240725e-13
2518.000000  2.020522e-13
2525.000000  2.169065e-13
2535.000000  4.256938e-13
2545.000000  6.426919e-13
2555.000000  1.890376e-12
2565.000000  1.092916e-12
2575.000000  1.501900e-12
2585.000000  1.060366e-12
2595.000000  8.451417e-13
2605.000000  6.130942e-13
2615.000000  5.716643e-13
2625.000000  8.488131e-13
2635.000000  2.399628e-12
2645.000000  4.071737e-12
2655.000000  6.212263e-12
2665.000000  3.488238e-12
2675.000000  3.922231e-12
2685.000000  4.842293e-12
2695.000000  3.399310e-12
2705.000000  4.550453e-12
2715.000000  2.743627e-12
2725.000000  1.796425e-12
2735.000000  2.474800e-12
2745.000000  1.071995e-12
2755.000000  1.676385e-12
2765.000000  2.492257e-12
2775.000000  2.592269e-12
2785.000000  1.276889e-12
2795.000000  3.862246e-13
2805.000000  5.121417e-13
2815.000000  1.995930e-12
2825.000000  3.770110e-12
2835.000000  3.828286e-12
2845.000000  2.328863e-12
2855.000000  9.282030e-13
2865.000000  3.682012e-12
2875.000000  5.977377e-12
2885.000000  5.404056e-12
2895.000000  6.725135e-12
2910.000000  9.427596e-12
2930.000000  8.609991e-12
2950.000000  8.084131e-12
2970.000000  8.856335e-12
2990.000000  8.985690e-12
3010.000000  8.950981e-12
3030.000000  9.995680e-12
3050.000000  1.056384e-11
3070.000000  1.062283e-11
3090.000000  1.086548e-11
3110.000000  1.223317e-11
3130.000000  1.084446e-11
3150.000000  1.086500e-11
3170.000000  1.222845e-11
3190.000000  1.078465e-11
3210.000000  1.210825e-11
3230.000000  9.509367e-12
3250.000000  1.445388e-11
3270.000000  1.734687e-11
3290.000000  1.674651e-11
3310.000000  1.559854e-11
3330.000000  1.596341e-11
3350.000000  1.507812e-11
3370.000000  1.145415e-11
3390.000000  1.347915e-11
3410.000000  1.465538e-11
3430.000000  1.591066e-11
3450.000000  1.724830e-11
3470.000000  1.761143e-11
3490.000000  1.913518e-11
3510.000000  2.021739e-11
3530.000000  1.822334e-11
3550.000000  2.091219e-11
3570.000000  1.468624e-11
3590.000000  1.564525e-11
3610.000000  1.916729e-11
3630.000000  1.990455e-11
3640.000000  2.001168e-11
3650.000000  2.265417e-11
3670.000000  2.320112e-11
3690.000000  2.281029e-11
3710.000000  2.582043e-11
3730.000000  2.000312e-11
3750.000000  2.226829e-11
3770.000000  2.541296e-11
3790.000000  2.536383e-11
3810.000000  2.413772e-11
3830.000000  1.580190e-11
3850.000000  1.717015e-11
3870.000000  1.696653e-11
3890.000000  2.416436e-11
3910.000000  2.799766e-11
3930.000000  1.231104e-11
3950.000000  2.307444e-11
3970.000000  1.495948e-11
3990.000000  3.450984e-11
4010.000000  3.826464e-11
4030.000000  3.796032e-11
4050.000000  3.673502e-11
4070.000000  3.563398e-11
4090.000000  4.168541e-11
4110.000000  4.138585e-11
4130.000000  3.902084e-11
4150.000000  3.846637e-11
4170.000000  3.828239e-11
4190.000000  3.727497e-11
4210.000000  3.916816e-11
4230.000000  3.961121e-11
4250.000000  3.950808e-11
4270.000000  3.703426e-11
4290.000000  3.318444e-11
4310.000000  2.678768e-11
4330.000000  4.143151e-11
4350.000000  3.955522e-11
4370.000000  4.292440e-11
4390.000000  3.915588e-11
4410.000000  4.297077e-11
4430.000000  4.626507e-11
4450.000000  4.638156e-11
4470.000000  4.936274e-11
4490.000000  5.021787e-11
4510.000000  5.589263e-11
4530.000000  5.023548e-11
4550.000000  5.163073e-11
4570.000000  5.541546e-11
4590.000000  5.243670e-11
4610.000000  5.440047e-11
4630.000000  5.327744e-11
4650.000000  5.408949e-11
4670.000000  5.539175e-11
4690.000000  5.441580e-11
4710.000000  5.291994e-11
4730.000000  5.530238e-11
4750.000000  5.718320e-11
4770.000000  5.737647e-11
4790.000000  5.715167e-11
4810.000000  5.625119e-11
4830.000000  5.745024e-11
4850.000000  5.433278e-11
4870.000000  4.986172e-11
4890.000000  5.555538e-11
4910.000000  5.516074e-11
4930.000000  5.444935e-11
4950.000000  5.733824e-11
4970.000000  5.689239e-11
4990.000000  5.291114e-11
5010.000000  5.071076e-11
5030.000000  5.368701e-11
5050.000000  5.415787e-11
5070.000000  5.631911e-11
5090.000000  5.356745e-11
5110.000000  5.457721e-11
5130.000000  5.278395e-11
5150.000000  5.140477e-11
5170.000000  4.935747e-11
5190.000000  5.030537e-11
5210.000000  5.280666e-11
5230.000000  5.352480e-11
5250.000000  5.469568e-11
5270.000000  4.951418e-11
5290.000000  5.490423e-11
5310.000000  5.687601e-11
5330.000000  5.186351e-11
5350.000000  5.579071e-11
5370.000000  5.610870e-11
5390.000000  5.484255e-11
5410.000000  5.346907e-11
5430.000000  5.438736e-11
5450.000000  5.673178e-11
5470.000000  5.499223e-11
5490.000000  5.438901e-11
5510.000000  5.434636e-11
5530.000000  5.523918e-11
5550.000000  5.602336e-11
5570.000000  5.482502e-11
5590.000000  5.359169e-11
5610.000000  5.558545e-11
5630.000000  5.520455e-11
5650.000000  5.508235e-11
5670.000000  5.374789e-11
5690.000000  5.497400e-11
5710.000000  5.355700e-11
5730.000000  5.737139e-11
5750.000000  5.534795e-11
5770.000000  5.605345e-11
5790.000000  5.408604e-11
5810.000000  5.568764e-11
5830.000000  5.667306e-11
5850.000000  5.531966e-11
5870.000000  5.550887e-11
5890.000000  5.233612e-11
5910.000000  5.485788e-11
5930.000000  5.474476e-11
5950.000000  5.479099e-11
5970.000000  5.520985e-11
5990.000000  5.440581e-11
6010.000000  5.351179e-11
6030.000000  5.406039e-11
6050.000000  5.489607e-11
6070.000000  5.462698e-11
6090.000000  5.289525e-11
6110.000000  5.262553e-11
6130.000000  5.077721e-11
6150.000000  5.154543e-11
6170.000000  5.010416e-11
6190.000000  5.250705e-11
6210.000000  5.261186e-11
6230.000000  5.102034e-11
6250.000000  4.930545e-11
6270.000000  5.160786e-11
6290.000000  5.184011e-11
6310.000000  5.026824e-11
6330.000000  5.063712e-11
6350.000000  5.075134e-11
6370.000000  5.042620e-11
6390.000000  5.089662e-11
6410.000000  4.977892e-11
6430.000000  5.023748e-11
6450.000000  4.985240e-11
6470.000000  4.969816e-11
6490.000000  4.876279e-11
6510.000000  4.987444e-11
6530.000000  4.996293e-11
6550.000000  4.909974e-11
6570.000000  4.553338e-11
6590.000000  4.903951e-11
6610.000000  4.933168e-11
6630.000000  4.906388e-11
6650.000000  4.889345e-11
6670.000000  4.827671e-11
6690.000000  4.912534e-11
6710.000000  4.788425e-11
6730.000000  4.866577e-11
6750.000000  4.794984e-11
6770.000000  4.800003e-11
6790.000000  4.768337e-11
6810.000000  4.745298e-11
6830.000000  4.773155e-11
6850.000000  4.658473e-11
6870.000000  4.707128e-11
6890.000000  4.723753e-11
6910.000000  4.680365e-11
6930.000000  4.653966e-11
6950.000000  4.617424e-11
6970.000000  4.623644e-11
6990.000000  4.595520e-11
7010.000000  4.457099e-11
7030.000000  4.530437e-11
7050.000000  4.556622e-11
7070.000000  4.503800e-11
7090.000000  4.484681e-11
7110.000000  4.478220e-11
7130.000000  4.408280e-11
7150.000000  4.389404e-11
7170.000000  4.384754e-11
7190.000000  4.252521e-11
7210.000000  4.340810e-11
7230.000000  4.343993e-11
7250.000000  4.362749e-11
7270.000000  4.338030e-11
7290.000000  4.215103e-11
7310.000000  4.274533e-11
7330.000000  4.268281e-11
7350.000000  4.263191e-11
7370.000000  4.284613e-11
7390.000000  4.178109e-11
7410.000000  4.125527e-11
7430.000000  4.163996e-11
7450.000000  4.172552e-11
7470.000000  4.192424e-11
7490.000000  4.150953e-11
7510.000000  4.159090e-11
7530.000000  4.156732e-11
7550.000000  4.167757e-11
7570.000000  4.123274e-11
7590.000000  4.108927e-11
7610.000000  4.092591e-11
7630.000000  4.100905e-11
7650.000000  4.086405e-11
7670.000000  3.978965e-11
7690.000000  4.058544e-11
7710.000000  3.989469e-11
7730.000000  3.989072e-11
7750.000000  3.949874e-11
7770.000000  4.002534e-11
7790.000000  3.995283e-11
7810.000000  3.975118e-11
7830.000000  3.933294e-11
7850.000000  3.916547e-11
7870.000000  3.932462e-11
7890.000000  3.882956e-11
7910.000000  3.808337e-11
7930.000000  3.762021e-11
7950.000000  3.745202e-11
7970.000000  3.814486e-11
7990.000000  3.806768e-11
8010.000000  3.765064e-11
8030.000000  3.754899e-11
8050.000000  3.721987e-11
8070.000000  3.727535e-11
8090.000000  3.649307e-11
8110.000000  3.676374e-11
8130.000000  3.689728e-11
8150.000000  3.664728e-11
8170.000000  3.658144e-11
8190.000000  3.569983e-11
8210.000000  3.566292e-11
8230.000000  3.564178e-11
8250.000000  3.584092e-11
8270.000000  3.610824e-11
8290.000000  3.585166e-11
8310.000000  3.501807e-11
8330.000000  3.490200e-11
8350.000000  3.501729e-11
8370.000000  3.508389e-11
8390.000000  3.438163e-11
8410.000000  3.493073e-11
8430.000000  3.418870e-11
8450.000000  3.449955e-11
8470.000000  3.420868e-11
8490.000000  3.382813e-11
8510.000000  3.206449e-11
8530.000000  3.323657e-11
8550.000000  2.802673e-11
8570.000000  3.407439e-11
8590.000000  3.343446e-11
8610.000000  3.329090e-11
8630.000000  3.368207e-11
8650.000000  3.318262e-11
8670.000000  2.818662e-11
8690.000000  3.248924e-11
8710.000000  3.298231e-11
8730.000000  3.297008e-11
8750.000000  3.216101e-11
8770.000000  3.293549e-11
8790.000000  3.258528e-11
8810.000000  3.195712e-11
8830.000000  3.233004e-11
8850.000000  3.230263e-11
8870.000000  3.135990e-11
8890.000000  3.220661e-11
8910.000000  3.228709e-11
8930.000000  3.161562e-11
8950.000000  3.156564e-11
8970.000000  3.157210e-11
8990.000000  3.160569e-11
9010.000000  3.018345e-11
9030.000000  3.112228e-11
9050.000000  3.156152e-11
9070.000000  3.096205e-11
9090.000000  3.007736e-11
9110.000000  3.029713e-11
9130.000000  3.085346e-11
9150.000000  3.008979e-11
9170.000000  2.971960e-11
9190.000000  2.980021e-11
9210.000000  2.902954e-11
9230.000000  2.867599e-11
9250.000000  2.883205e-11
9270.000000  2.921240e-11
9290.000000  2.908037e-11
9310.000000  2.932241e-11
9330.000000  2.918447e-11
9350.000000  2.899374e-11
9370.000000  2.881141e-11
9390.000000  2.864348e-11
9410.000000  2.773544e-11
9430.000000  2.824643e-11
9450.000000  2.785853e-11
9470.000000  2.829460e-11
9490.000000  2.826878e-11
9510.000000  2.821541e-11
9530.000000  2.796109e-11
9550.000000  2.738641e-11
9570.000000  2.773535e-11
9590.000000  2.791953e-11
9610.000000  2.762927e-11
9630.000000  2.736888e-11
9650.000000  2.718952e-11
9670.000000  2.702776e-11
9690.000000  2.729725e-11
9710.000000  2.718210e-11
9730.000000  2.712531e-11
9750.000000  2.680391e-11
9770.000000  2.685819e-11
9790.000000  2.657694e-11
9810.000000  2.687195e-11
9830.000000  2.674325e-11
9850.000000  2.671436e-11
9870.000000  2.651396e-11
9890.000000  2.646268e-11
9910.000000  2.627107e-11
9930.000000  2.644960e-11
9950.000000  2.632915e-11
9970.000000  2.628794e-11
9990.000000  2.618567e-11
10025.000000  2.591463e-11
10075.000000  2.551310e-11
10125.000000  2.547620e-11
10175.000000  2.505852e-11
10225.000000  2.498625e-11
10275.000000  2.491550e-11
10325.000000  2.443951e-11
10375.000000  2.426573e-11
10425.000000  2.420580e-11
10475.000000  2.380467e-11
10525.000000  2.375058e-11
10575.000000  2.347936e-11
10625.000000  2.324400e-11
10675.000000  2.273224e-11
10725.000000  2.272975e-11
10775.000000  2.246588e-11
10825.000000  2.208194e-11
10875.000000  2.190020e-11
10925.000000  2.154386e-11
10975.000000  2.090897e-11
11025.000000  2.086036e-11
11075.000000  2.088491e-11
11125.000000  2.068437e-11
11175.000000  2.062081e-11
11225.000000  2.053804e-11
11275.000000  2.014543e-11
11325.000000  2.017288e-11
11375.000000  1.989689e-11
11425.000000  1.972589e-11
11475.000000  1.986551e-11
11525.000000  1.973516e-11
11575.000000  1.944437e-11
11625.000000  1.914205e-11
11675.000000  1.907413e-11
11725.000000  1.920540e-11
11775.000000  1.877344e-11
11825.000000  1.865121e-11
11875.000000  1.841468e-11
11925.000000  1.864069e-11
11975.000000  1.799921e-11
12025.000000  1.815513e-11
12075.000000  1.792982e-11
12125.000000  1.786212e-11
12175.000000  1.787995e-11
12225.000000  1.773882e-11
12275.000000  1.754314e-11
12325.000000  1.743471e-11
12375.000000  1.728672e-11
12425.000000  1.713283e-11
12475.000000  1.707943e-11
12525.000000  1.688252e-11
12575.000000  1.675474e-11
12625.000000  1.664986e-11
12675.000000  1.646605e-11
12725.000000  1.643193e-11
12775.000000  1.633984e-11
12825.000000  1.560426e-11
12875.000000  1.600057e-11
12925.000000  1.582587e-11
12975.000000  1.583688e-11
13025.000000  1.563579e-11
13075.000000  1.561717e-11
13125.000000  1.536641e-11
13175.000000  1.523705e-11
13225.000000  1.525143e-11
13275.000000  1.498086e-11
13325.000000  1.499078e-11
13375.000000  1.486040e-11
13425.000000  1.484168e-11
13475.000000  1.472252e-11
13525.000000  1.462466e-11
13575.000000  1.437236e-11
13625.000000  1.431500e-11
13675.000000  1.423815e-11
13725.000000  1.413981e-11
13775.000000  1.405523e-11
13825.000000  1.399119e-11
13875.000000  1.389250e-11
13925.000000  1.381826e-11
13975.000000  1.371427e-11
14025.000000  1.352217e-11
14075.000000  1.344697e-11
14125.000000  1.317521e-11
14175.000000  1.319605e-11
14225.000000  1.294592e-11
14275.000000  1.277313e-11
14325.000000  1.289669e-11
14375.000000  1.290655e-11
14425.000000  1.246575e-11
14475.000000  1.272288e-11
14525.000000  1.243221e-11
14570.000000  1.245489e-11
14620.000000  1.234694e-11
14675.000000  1.227934e-11
14725.000000  1.207146e-11
14775.000000  1.204449e-11
14825.000000  1.199753e-11
14875.000000  1.182611e-11
14925.000000  1.200406e-11
14975.000000  1.182540e-11
15025.000000  1.162447e-11
15075.000000  1.151065e-11
15125.000000  1.159041e-11
15175.000000  1.158850e-11
15225.000000  1.141465e-11
15275.000000  1.142685e-11
15325.000000  1.131904e-11
15375.000000  1.128577e-11
15425.000000  1.118065e-11
15475.000000  1.115016e-11
15525.000000  1.099757e-11
15575.000000  1.082702e-11
15625.000000  1.101065e-11
15675.000000  1.071031e-11
15725.000000  1.065631e-11
15775.000000  1.046186e-11
15825.000000  1.053959e-11
15875.000000  1.000368e-11
15925.000000  1.034499e-11
15975.000000  1.040828e-11
16050.000000  1.024860e-11
16150.000000  9.932588e-12
16250.000000  1.002962e-11
16350.000000  9.790358e-12
16450.000000  9.421883e-12
16550.000000  9.522185e-12
16650.000000  9.339830e-12
16750.000000  9.070244e-12
16850.000000  8.698099e-12
16950.000000  8.860403e-12
17050.000000  8.566408e-12
17150.000000  8.451224e-12
17250.000000  8.210197e-12
17350.000000  7.799558e-12
17450.000000  7.888661e-12
17550.000000  7.781545e-12
17650.000000  7.629577e-12
17750.000000  7.465526e-12
17850.000000  7.354384e-12
17950.000000  7.225655e-12
18050.000000  7.049274e-12
18150.000000  6.744156e-12
18250.000000  6.745045e-12
18350.000000  6.654738e-12
18450.000000  6.484902e-12
18550.000000  6.400674e-12
18650.000000  6.227775e-12
18750.000000  5.920528e-12
18850.000000  6.024216e-12
18950.000000  5.798410e-12
19050.000000  5.838247e-12
19150.000000  5.709226e-12
19250.000000  5.618338e-12
19350.000000  5.465125e-12
19450.000000  5.220555e-12
19550.000000  5.303331e-12
19650.000000  5.197460e-12
19750.000000  5.082808e-12
19850.000000  5.015747e-12
19950.000000  4.924273e-12
20050.000000  4.867463e-12
20150.000000  4.803339e-12
20250.000000  4.673368e-12
20350.000000  4.567437e-12
20450.000000  4.550203e-12
20550.000000  4.452613e-12
20650.000000  4.357341e-12
20750.000000  4.292390e-12
20850.000000  4.218579e-12
20950.000000  4.125799e-12
21050.000000  4.089408e-12
21150.000000  4.010017e-12
21250.000000  3.940331e-12
21350.000000  3.883934e-12
21450.000000  3.823530e-12
21550.000000  3.759683e-12
21650.000000  3.587306e-12
21750.000000  3.606930e-12
21850.000000  3.558252e-12
21950.000000  3.519655e-12
22050.000000  3.432795e-12
22150.000000  3.401973e-12
22250.000000  3.338556e-12
22350.000000  3.283981e-12
22450.000000  3.234229e-12
22550.000000  3.171641e-12
22650.000000  3.118878e-12
22750.000000  3.086812e-12
22850.000000  3.019459e-12
22950.000000  2.855883e-12
23050.000000  2.885236e-12
23150.000000  2.849072e-12
23250.000000  2.674562e-12
23350.000000  2.716169e-12
23450.000000  2.711201e-12
23550.000000  2.529269e-12
23650.000000  2.589679e-12
23750.000000  2.564785e-12
23850.000000  2.409851e-12
23950.000000  2.456623e-12
24050.000000  2.442243e-12
24150.000000  2.319227e-12
24250.000000  2.336331e-12
24350.000000  2.322454e-12
24450.000000  2.243685e-12
24550.000000  2.209548e-12
24650.000000  2.231943e-12
24750.000000  2.169058e-12
24850.000000  2.111893e-12
24950.000000  2.118082e-12
