2505.000000  2.051461e-11
2513.000000  1.982851e-11
2518.000000  1.980543e-11
2525.000000  1.919976e-11
2535.000000  1.919197e-11
2545.000000  1.931487e-11
2555.000000  2.011542e-11
2565.000000  2.002868e-11
2575.000000  2.055512e-11
2585.000000  2.064754e-11
2595.000000  2.055434e-11
2605.000000  2.022488e-11
2615.000000  2.012980e-11
2625.000000  2.031896e-11
2635.000000  2.051623e-11
2645.000000  2.153721e-11
2655.000000  2.143994e-11
2665.000000  2.086430e-11
2675.000000  2.117761e-11
2685.000000  2.140688e-11
2695.000000  2.108036e-11
2705.000000  2.115397e-11
2715.000000  2.070387e-11
2725.000000  2.077748e-11
2735.000000  2.117142e-11
2745.000000  1.997226e-11
2755.000000  2.017112e-11
2765.000000  2.072501e-11
2775.000000  2.129136e-11
2785.000000  2.121709e-11
2795.000000  1.940928e-11
2805.000000  2.036216e-11
2815.000000  2.163380e-11
2825.000000  2.154063e-11
2835.000000  2.124326e-11
2845.000000  2.113033e-11
2855.000000  2.074949e-11
2865.000000  2.099488e-11
2875.000000  2.101058e-11
2885.000000  2.127999e-11
2895.000000  2.141924e-11
2910.000000  2.173423e-11
2930.000000  2.143230e-11
2950.000000  2.136933e-11
2970.000000  2.147123e-11
2990.000000  2.151899e-11
3010.000000  2.167284e-11
3030.000000  2.170522e-11
3050.000000  2.169961e-11
3070.000000  2.158781e-11
3090.000000  2.172446e-11
3110.000000  2.167621e-11
3130.000000  2.160810e-11
3150.000000  2.166554e-11
3170.000000  2.168416e-11
3190.000000  2.141480e-11
3210.000000  2.158376e-11
3230.000000  2.144936e-11
3250.000000  2.157605e-11
3270.000000  2.169940e-11
3290.000000  2.174042e-11
3310.000000  2.175636e-11
3330.000000  2.161979e-11
3350.000000  2.146384e-11
3370.000000  2.151748e-11
3390.000000  2.148415e-11
3410.000000  2.163020e-11
3430.000000  2.160170e-11
3450.000000  2.157908e-11
3470.000000  2.153948e-11
3490.000000  2.154574e-11
3510.000000  2.156624e-11
3530.000000  2.156651e-11
3550.000000  2.154960e-11
3570.000000  2.145481e-11
3590.000000  2.144055e-11
3610.000000  2.141690e-11
3630.000000  2.140265e-11
3640.000000  2.138022e-11
3650.000000  2.149343e-11
3670.000000  2.126540e-11
3690.000000  2.114045e-11
3710.000000  2.534509e-11
3730.000000  2.989685e-11
3750.000000  4.136773e-11
3770.000000  4.413244e-11
3790.000000  5.344619e-11
3810.000000  6.244805e-11
3830.000000  4.974488e-11
3850.000000  6.871495e-11
3870.000000  7.645561e-11
3890.000000  4.358611e-11
3910.000000  7.571957e-11
3930.000000  7.898228e-11
3950.000000  7.500422e-11
3970.000000  4.193521e-11
3990.000000  7.157116e-11
4010.000000  7.794977e-11
4030.000000  7.779249e-11
4050.000000  7.672848e-11
4070.000000  7.385977e-11
4090.000000  5.900330e-11
4110.000000  4.524313e-11
4130.000000  7.036858e-11
4150.000000  7.224722e-11
4170.000000  7.188447e-11
4190.000000  7.118315e-11
4210.000000  7.035413e-11
4230.000000  6.940755e-11
4250.000000  6.862881e-11
4270.000000  6.769665e-11
4290.000000  6.657153e-11
4310.000000  6.390593e-11
4330.000000  4.946844e-11
4350.000000  4.205974e-11
4370.000000  6.137350e-11
4390.000000  6.266209e-11
4410.000000  6.245442e-11
4430.000000  6.202576e-11
4450.000000  6.141970e-11
4470.000000  6.076738e-11
4490.000000  6.001893e-11
4510.000000  5.941951e-11
4530.000000  5.875009e-11
4550.000000  5.799377e-11
4570.000000  5.750441e-11
4590.000000  5.686082e-11
4610.000000  5.633072e-11
4630.000000  5.566443e-11
4650.000000  5.511525e-11
4670.000000  5.452095e-11
4690.000000  5.391840e-11
4710.000000  5.323625e-11
4730.000000  5.279136e-11
4750.000000  5.218260e-11
4770.000000  5.154139e-11
4790.000000  5.087956e-11
4810.000000  5.002345e-11
4830.000000  4.824544e-11
4850.000000  3.925957e-11
4870.000000  3.191294e-11
4890.000000  4.595500e-11
4910.000000  4.735677e-11
4930.000000  4.719177e-11
4950.000000  4.692032e-11
4970.000000  4.655740e-11
4990.000000  4.611453e-11
5010.000000  4.560326e-11
5030.000000  4.520282e-11
5050.000000  4.474739e-11
5070.000000  4.431002e-11
5090.000000  4.386808e-11
5110.000000  4.343174e-11
5130.000000  4.299730e-11
5150.000000  4.256989e-11
5170.000000  4.196870e-11
5190.000000  4.165202e-11
5210.000000  4.132889e-11
5230.000000  4.089180e-11
5250.000000  4.054255e-11
5270.000000  4.010575e-11
5290.000000  3.976210e-11
5310.000000  3.936168e-11
5330.000000  3.898955e-11
5350.000000  3.863651e-11
5370.000000  3.825764e-11
5390.000000  3.790166e-11
5410.000000  3.753438e-11
5430.000000  3.718134e-11
5450.000000  3.683988e-11
5470.000000  3.649578e-11
5490.000000  3.615623e-11
5510.000000  3.582371e-11
5530.000000  3.548710e-11
5550.000000  3.516617e-11
5570.000000  3.483555e-11
5590.000000  3.451462e-11
5610.000000  3.420119e-11
5630.000000  3.389184e-11
5650.000000  3.357869e-11
5670.000000  3.327391e-11
5690.000000  3.297643e-11
5710.000000  3.267649e-11
5730.000000  3.238167e-11
5750.000000  3.208876e-11
5770.000000  3.180478e-11
5790.000000  3.151452e-11
5810.000000  3.123614e-11
5830.000000  3.096080e-11
5850.000000  3.068242e-11
5870.000000  3.040974e-11
5890.000000  3.011038e-11
5910.000000  2.987805e-11
5930.000000  2.961724e-11
5950.000000  2.936203e-11
5970.000000  2.910388e-11
5990.000000  2.885057e-11
6010.000000  2.859727e-11
6030.000000  2.835099e-11
6050.000000  2.810737e-11
6070.000000  2.786565e-11
6090.000000  2.762802e-11
6110.000000  2.738630e-11
6130.000000  2.715161e-11
6150.000000  2.692148e-11
6170.000000  2.669135e-11
6190.000000  2.646824e-11
6210.000000  2.624105e-11
6230.000000  2.602251e-11
6250.000000  2.580131e-11
6270.000000  2.558979e-11
6290.000000  2.537419e-11
6310.000000  2.516458e-11
6330.000000  2.495306e-11
6350.000000  2.474201e-11
6370.000000  2.453534e-11
6390.000000  2.433732e-11
6410.000000  2.413330e-11
6430.000000  2.393528e-11
6450.000000  2.372479e-11
6470.000000  2.349447e-11
6490.000000  2.325276e-11
6510.000000  2.296069e-11
6530.000000  2.241672e-11
6550.000000  2.002331e-11
6570.000000  1.611306e-11
6590.000000  2.140015e-11
6610.000000  2.195240e-11
6630.000000  2.193779e-11
6650.000000  2.182135e-11
6670.000000  2.169123e-11
6690.000000  2.153300e-11
6710.000000  2.136300e-11
6730.000000  2.119109e-11
6750.000000  2.102374e-11
6770.000000  2.085885e-11
6790.000000  2.069151e-11
6810.000000  2.053118e-11
6830.000000  2.036677e-11
6850.000000  2.020836e-11
6870.000000  2.004803e-11
6890.000000  1.989521e-11
6910.000000  1.973897e-11
6930.000000  1.958615e-11
6950.000000  1.943476e-11
6970.000000  1.928385e-11
6990.000000  1.913511e-11
7010.000000  1.898638e-11
7030.000000  1.883955e-11
7050.000000  1.869831e-11
7070.000000  1.854957e-11
7090.000000  1.840569e-11
7110.000000  1.826445e-11
7130.000000  1.812921e-11
7150.000000  1.799206e-11
7170.000000  1.785710e-11
7190.000000  1.771995e-11
7210.000000  1.758737e-11
7230.000000  1.745506e-11
7250.000000  1.732276e-11
7270.000000  1.719311e-11
7290.000000  1.706081e-11
7310.000000  1.693525e-11
7330.000000  1.680703e-11
7350.000000  1.668223e-11
7370.000000  1.655858e-11
7390.000000  1.643595e-11
7410.000000  1.631230e-11
7430.000000  1.619158e-11
7450.000000  1.607087e-11
7470.000000  1.595281e-11
7490.000000  1.583618e-11
7510.000000  1.572296e-11
7530.000000  1.560633e-11
7550.000000  1.549018e-11
7570.000000  1.537914e-11
7590.000000  1.527001e-11
7610.000000  1.515121e-11
7630.000000  1.504208e-11
7650.000000  1.493560e-11
7670.000000  1.482647e-11
7690.000000  1.472143e-11
7710.000000  1.461230e-11
7730.000000  1.451068e-11
7750.000000  1.440563e-11
7770.000000  1.428083e-11
7790.000000  1.420087e-11
7810.000000  1.409734e-11
7830.000000  1.399979e-11
7850.000000  1.389931e-11
7870.000000  1.379912e-11
7890.000000  1.369749e-11
7910.000000  1.360404e-11
7930.000000  1.350915e-11
7950.000000  1.341645e-11
7970.000000  1.331891e-11
7990.000000  1.322137e-11
8010.000000  1.313541e-11
8030.000000  1.303978e-11
8050.000000  1.294783e-11
8070.000000  1.285922e-11
8090.000000  1.277327e-11
8110.000000  1.268029e-11
8130.000000  1.259168e-11
8150.000000  1.250573e-11
8170.000000  1.241977e-11
8190.000000  1.232973e-11
8210.000000  1.226724e-11
8230.000000  1.219287e-11
8250.000000  1.211441e-11
8270.000000  1.204299e-11
8290.000000  1.196262e-11
8310.000000  1.187734e-11
8330.000000  1.177976e-11
8350.000000  1.169759e-11
8370.000000  1.154934e-11
8390.000000  1.145935e-11
8410.000000  1.133255e-11
8430.000000  1.135648e-11
8450.000000  1.130406e-11
8470.000000  1.083241e-11
8490.000000  1.145567e-11
8510.000000  1.053598e-11
8530.000000  1.152167e-11
8550.000000  1.009021e-11
8570.000000  1.164609e-11
8590.000000  1.079063e-11
8610.000000  1.044295e-11
8630.000000  1.179479e-11
8650.000000  1.140878e-11
8670.000000  9.421164e-12
8690.000000  1.164122e-11
8710.000000  1.191422e-11
8730.000000  1.153214e-11
8750.000000  9.175698e-12
8770.000000  1.103724e-11
8790.000000  1.172802e-11
8810.000000  1.175888e-11
8830.000000  1.154319e-11
8850.000000  1.055604e-11
8870.000000  8.920596e-12
8890.000000  1.105310e-11
8910.000000  1.137109e-11
8930.000000  1.137525e-11
8950.000000  1.130963e-11
8970.000000  1.116333e-11
8990.000000  1.077655e-11
9010.000000  8.780853e-12
9030.000000  9.642983e-12
9050.000000  1.070066e-11
9070.000000  1.082015e-11
9090.000000  1.078309e-11
9110.000000  1.076013e-11
9130.000000  1.069901e-11
9150.000000  1.061753e-11
9170.000000  1.051215e-11
9190.000000  1.033209e-11
9210.000000  9.793630e-12
9230.000000  7.816876e-12
9250.000000  9.499787e-12
9270.000000  1.002730e-11
9290.000000  1.010070e-11
9310.000000  1.007525e-11
9330.000000  1.002879e-11
9350.000000  9.976888e-12
9370.000000  9.919312e-12
9390.000000  9.855115e-12
9410.000000  9.767625e-12
9430.000000  9.718598e-12
9450.000000  9.641973e-12
9470.000000  9.562134e-12
9490.000000  9.460665e-12
9510.000000  9.276186e-12
9530.000000  8.687289e-12
9550.000000  7.093861e-12
9570.000000  8.716843e-12
9590.000000  9.071820e-12
9610.000000  9.111676e-12
9630.000000  9.082210e-12
9650.000000  9.049015e-12
9670.000000  8.995139e-12
9690.000000  8.949438e-12
9710.000000  8.893278e-12
9730.000000  8.836824e-12
9750.000000  8.781263e-12
9770.000000  8.725997e-12
9790.000000  8.670995e-12
9810.000000  8.616593e-12
9830.000000  8.562485e-12
9850.000000  8.508424e-12
9870.000000  8.455284e-12
9890.000000  8.401367e-12
9910.000000  8.350250e-12
9930.000000  8.294211e-12
9950.000000  8.231430e-12
9970.000000  8.163360e-12
9990.000000  8.082237e-12
10025.000000  7.510785e-12
10075.000000  7.156526e-12
10125.000000  7.766501e-12
10175.000000  7.690125e-12
10225.000000  7.578046e-12
10275.000000  7.464037e-12
10325.000000  7.351451e-12
10375.000000  7.242076e-12
10425.000000  7.134051e-12
10475.000000  7.026320e-12
10525.000000  6.924191e-12
10575.000000  6.822150e-12
10625.000000  6.721664e-12
10675.000000  6.607086e-12
10725.000000  6.522528e-12
10775.000000  6.430753e-12
10825.000000  6.326619e-12
10875.000000  6.188261e-12
10925.000000  5.385999e-12
10975.000000  5.803965e-12
11025.000000  5.952877e-12
11075.000000  5.895447e-12
11125.000000  5.814330e-12
11175.000000  5.732338e-12
11225.000000  5.651361e-12
11275.000000  5.571277e-12
11325.000000  5.492352e-12
11375.000000  5.418062e-12
11425.000000  5.342613e-12
11475.000000  5.269482e-12
11525.000000  5.196350e-12
11575.000000  5.124862e-12
11625.000000  5.054342e-12
11675.000000  4.983045e-12
11725.000000  4.918052e-12
11775.000000  4.845406e-12
11825.000000  4.783481e-12
11875.000000  4.719544e-12
11925.000000  4.657620e-12
11975.000000  4.593568e-12
12025.000000  4.533667e-12
12075.000000  4.473604e-12
12125.000000  4.414187e-12
12175.000000  4.355929e-12
12225.000000  4.298374e-12
12275.000000  4.241977e-12
12325.000000  4.186037e-12
12375.000000  4.131957e-12
12425.000000  4.078069e-12
12475.000000  4.024740e-12
12525.000000  3.972760e-12
12575.000000  3.920998e-12
12625.000000  3.870879e-12
12675.000000  3.819393e-12
12725.000000  3.757449e-12
12775.000000  3.640073e-12
12825.000000  3.182200e-12
12875.000000  3.570600e-12
12925.000000  3.573653e-12
12975.000000  3.538589e-12
13025.000000  3.495176e-12
13075.000000  3.451041e-12
13125.000000  3.408169e-12
13175.000000  3.365459e-12
13225.000000  3.323745e-12
13275.000000  3.283086e-12
13325.000000  3.242237e-12
13375.000000  3.202167e-12
13425.000000  3.162667e-12
13475.000000  3.123918e-12
13525.000000  3.085680e-12
13575.000000  3.048232e-12
13625.000000  3.011153e-12
13675.000000  2.975015e-12
13725.000000  2.938127e-12
13775.000000  2.903556e-12
13825.000000  2.868985e-12
13875.000000  2.834414e-12
13925.000000  2.799843e-12
13975.000000  2.766621e-12
14025.000000  2.734177e-12
14075.000000  2.701249e-12
14125.000000  2.669290e-12
14175.000000  2.637901e-12
14225.000000  2.607100e-12
14275.000000  2.576196e-12
14325.000000  2.545994e-12
14375.000000  2.516543e-12
14425.000000  2.485742e-12
14475.000000  2.457714e-12
14525.000000  2.428671e-12
14570.000000  2.403854e-12
14620.000000  2.378847e-12
14675.000000  2.349395e-12
14725.000000  2.323420e-12
14775.000000  2.297444e-12
14825.000000  2.271877e-12
14875.000000  2.246167e-12
14925.000000  2.220791e-12
14975.000000  2.195375e-12
15025.000000  2.167803e-12
15075.000000  2.142427e-12
15125.000000  2.116423e-12
15175.000000  2.091341e-12
15225.000000  2.077548e-12
15275.000000  2.033425e-12
15325.000000  2.009310e-12
15375.000000  2.009888e-12
15425.000000  1.944339e-12
15475.000000  1.970501e-12
15525.000000  1.953585e-12
15575.000000  1.850703e-12
15625.000000  1.940821e-12
15675.000000  1.868060e-12
15725.000000  1.784969e-12
15775.000000  1.891625e-12
15825.000000  1.868507e-12
15875.000000  1.669499e-12
15925.000000  1.804731e-12
15975.000000  1.830243e-12
16050.000000  1.776467e-12
16150.000000  1.656753e-12
16250.000000  1.740892e-12
16350.000000  1.663543e-12
16450.000000  1.552261e-12
16550.000000  1.634455e-12
16650.000000  1.600777e-12
16750.000000  1.522972e-12
16850.000000  1.423306e-12
16950.000000  1.499221e-12
17050.000000  1.470947e-12
17150.000000  1.439616e-12
17250.000000  1.402594e-12
17350.000000  1.258868e-12
17450.000000  1.334621e-12
17550.000000  1.322541e-12
17650.000000  1.295863e-12
17750.000000  1.269888e-12
17850.000000  1.243647e-12
17950.000000  1.218639e-12
18050.000000  1.189919e-12
18150.000000  1.077408e-12
18250.000000  1.124782e-12
18350.000000  1.122478e-12
18450.000000  1.101556e-12
18550.000000  1.079441e-12
18650.000000  1.051704e-12
18750.000000  9.489757e-13
18850.000000  1.008954e-12
18950.000000  9.976825e-13
19050.000000  9.791266e-13
19150.000000  9.604566e-13
19250.000000  9.418253e-13
19350.000000  9.175648e-13
19450.000000  8.317729e-13
19550.000000  8.832962e-13
19650.000000  8.730509e-13
19750.000000  8.570744e-13
19850.000000  8.412338e-13
19950.000000  8.257966e-13
20050.000000  8.106512e-13
20150.000000  7.958827e-13
20250.000000  7.814618e-13
20350.000000  7.673183e-13
20450.000000  7.534958e-13
20550.000000  7.400210e-13
20650.000000  7.268338e-13
20750.000000  7.139192e-13
20850.000000  7.013304e-13
20950.000000  6.890142e-13
21050.000000  6.769563e-13
21150.000000  6.650921e-13
21250.000000  6.535870e-13
21350.000000  6.422727e-13
21450.000000  6.310942e-13
21550.000000  6.168117e-13
21650.000000  5.630725e-13
21750.000000  5.933520e-13
21850.000000  5.890197e-13
21950.000000  5.794398e-13
22050.000000  5.696803e-13
22150.000000  5.602199e-13
22250.000000  5.508944e-13
22350.000000  5.417817e-13
22450.000000  5.328332e-13
22550.000000  5.240974e-13
22650.000000  5.155157e-13
22750.000000  5.070981e-13
22850.000000  4.990766e-13
22950.000000  4.910742e-13
23050.000000  4.832653e-13
23150.000000  4.756370e-13
23250.000000  4.681493e-13
23350.000000  4.607527e-13
23450.000000  4.535423e-13
23550.000000  4.463774e-13
23650.000000  4.393722e-13
23750.000000  4.324950e-13
23850.000000  4.257187e-13
23950.000000  4.189908e-13
24050.000000  4.123085e-13
24150.000000  4.055178e-13
24250.000000  4.003749e-13
24350.000000  3.930714e-13
24450.000000  3.864157e-13
24550.000000  3.824324e-13
24650.000000  3.749646e-13
24750.000000  3.694656e-13
24850.000000  3.670180e-13
24950.000000  3.534798e-13
