2505.000000  3.057226e-14
2513.000000  1.613384e-14
2518.000000  9.332829e-15
2525.000000  1.184088e-14
2535.000000  5.701272e-14
2545.000000  7.031394e-14
2555.000000  1.891973e-13
2565.000000  8.876968e-14
2575.000000  1.543413e-13
2585.000000  1.080351e-13
2595.000000  1.093333e-13
2605.000000  1.284656e-13
2615.000000  1.138272e-13
2625.000000  1.877534e-13
2635.000000  4.634483e-13
2645.000000  5.867041e-13
2655.000000  1.227810e-12
2665.000000  6.740649e-13
2675.000000  5.840840e-13
2685.000000  9.231456e-13
2695.000000  4.765699e-13
2705.000000  8.763296e-13
2715.000000  5.026062e-13
2725.000000  2.684553e-13
2735.000000  4.075251e-13
2745.000000  3.489282e-13
2755.000000  4.431173e-13
2765.000000  6.800684e-13
2775.000000  7.806325e-13
2785.000000  4.068747e-13
2795.000000  1.559001e-13
2805.000000  2.023545e-13
2815.000000  6.139551e-13
2825.000000  7.871793e-13
2835.000000  5.900404e-13
2845.000000  2.390117e-13
2855.000000  5.512014e-14
2865.000000  4.383721e-13
2875.000000  9.227775e-13
2885.000000  1.408262e-12
2895.000000  2.239435e-12
2910.000000  3.441044e-12
2930.000000  3.416693e-12
2950.000000  2.884644e-12
2970.000000  3.015687e-12
2990.000000  2.930769e-12
3010.000000  2.436321e-12
3030.000000  3.680808e-12
3050.000000  3.959653e-12
3070.000000  5.761893e-12
3090.000000  6.579365e-12
3110.000000  9.508269e-12
3130.000000  7.779628e-12
3150.000000  9.646265e-12
3170.000000  1.177144e-11
3190.000000  9.703401e-12
3210.000000  1.068603e-11
3230.000000  7.890909e-12
3250.000000  1.363325e-11
3270.000000  1.803444e-11
3290.000000  1.883606e-11
3310.000000  1.585004e-11
3330.000000  1.633883e-11
3350.000000  1.464486e-11
3370.000000  1.007260e-11
3390.000000  1.161187e-11
3410.000000  1.381329e-11
3430.000000  1.632616e-11
3450.000000  1.614343e-11
3470.000000  1.732692e-11
3490.000000  2.073166e-11
3510.000000  2.237579e-11
3530.000000  1.794873e-11
3550.000000  2.135011e-11
3570.000000  1.075023e-11
3590.000000  1.346948e-11
3610.000000  2.122030e-11
3630.000000  2.580934e-11
3640.000000  2.734937e-11
3650.000000  3.033819e-11
3670.000000  3.408787e-11
3690.000000  3.145543e-11
3710.000000  3.286451e-11
3730.000000  1.614094e-11
3750.000000  1.913630e-11
3770.000000  2.709356e-11
3790.000000  2.691490e-11
3810.000000  2.277135e-11
3830.000000  1.067752e-11
3850.000000  1.240531e-11
3870.000000  1.442792e-11
3890.000000  2.783494e-11
3910.000000  3.351279e-11
3930.000000  1.096026e-11
3950.000000  2.433443e-11
3970.000000  1.468080e-11
3990.000000  4.886328e-11
4010.000000  6.038170e-11
4030.000000  5.828563e-11
4050.000000  5.459690e-11
4070.000000  5.043378e-11
4090.000000  6.578525e-11
4110.000000  6.294759e-11
4130.000000  5.389452e-11
4150.000000  4.781243e-11
4170.000000  4.918794e-11
4190.000000  5.195280e-11
4210.000000  5.889122e-11
4230.000000  6.382151e-11
4250.000000  6.933381e-11
4270.000000  6.475400e-11
4290.000000  5.859168e-11
4310.000000  4.970219e-11
4330.000000  7.896900e-11
4350.000000  7.857941e-11
4370.000000  8.504183e-11
4390.000000  7.527907e-11
4410.000000  8.220807e-11
4430.000000  9.033919e-11
4450.000000  9.232053e-11
4470.000000  1.009280e-10
4490.000000  1.048235e-10
4510.000000  1.221991e-10
4530.000000  1.055910e-10
4550.000000  1.097738e-10
4570.000000  1.204198e-10
4590.000000  1.173676e-10
4610.000000  1.223311e-10
4630.000000  1.184965e-10
4650.000000  1.211541e-10
4670.000000  1.262751e-10
4690.000000  1.240384e-10
4710.000000  1.213637e-10
4730.000000  1.272498e-10
4750.000000  1.354166e-10
4770.000000  1.375849e-10
4790.000000  1.365159e-10
4810.000000  1.355403e-10
4830.000000  1.411063e-10
4850.000000  1.333425e-10
4870.000000  1.249288e-10
4890.000000  1.379146e-10
4910.000000  1.371976e-10
4930.000000  1.347306e-10
4950.000000  1.454614e-10
4970.000000  1.410505e-10
4990.000000  1.299553e-10
5010.000000  1.230551e-10
5030.000000  1.310468e-10
5050.000000  1.321293e-10
5070.000000  1.386007e-10
5090.000000  1.272704e-10
5110.000000  1.317673e-10
5130.000000  1.252483e-10
5150.000000  1.218708e-10
5170.000000  1.127823e-10
5190.000000  1.210197e-10
5210.000000  1.295307e-10
5230.000000  1.381822e-10
5250.000000  1.430023e-10
5270.000000  1.267569e-10
5290.000000  1.465427e-10
5310.000000  1.576811e-10
5330.000000  1.372639e-10
5350.000000  1.526818e-10
5370.000000  1.549712e-10
5390.000000  1.475814e-10
5410.000000  1.462315e-10
5430.000000  1.482855e-10
5450.000000  1.589973e-10
5470.000000  1.515524e-10
5490.000000  1.491112e-10
5510.000000  1.488469e-10
5530.000000  1.548896e-10
5550.000000  1.592231e-10
5570.000000  1.559945e-10
5590.000000  1.508521e-10
5610.000000  1.604062e-10
5630.000000  1.563584e-10
5650.000000  1.580304e-10
5670.000000  1.538050e-10
5690.000000  1.601505e-10
5710.000000  1.529079e-10
5730.000000  1.694365e-10
5750.000000  1.612630e-10
5770.000000  1.651356e-10
5790.000000  1.554379e-10
5810.000000  1.653552e-10
5830.000000  1.718110e-10
5850.000000  1.657284e-10
5870.000000  1.666529e-10
5890.000000  1.454691e-10
5910.000000  1.640546e-10
5930.000000  1.648148e-10
5950.000000  1.648688e-10
5970.000000  1.692267e-10
5990.000000  1.651067e-10
6010.000000  1.617150e-10
6030.000000  1.666268e-10
6050.000000  1.699580e-10
6070.000000  1.691735e-10
6090.000000  1.604993e-10
6110.000000  1.617216e-10
6130.000000  1.519662e-10
6150.000000  1.581457e-10
6170.000000  1.518504e-10
6190.000000  1.624057e-10
6210.000000  1.609726e-10
6230.000000  1.550253e-10
6250.000000  1.484125e-10
6270.000000  1.567218e-10
6290.000000  1.602158e-10
6310.000000  1.546822e-10
6330.000000  1.572269e-10
6350.000000  1.567962e-10
6370.000000  1.555546e-10
6390.000000  1.593549e-10
6410.000000  1.565307e-10
6430.000000  1.581430e-10
6450.000000  1.579970e-10
6470.000000  1.578663e-10
6490.000000  1.529059e-10
6510.000000  1.577636e-10
6530.000000  1.586173e-10
6550.000000  1.564361e-10
6570.000000  1.524363e-10
6590.000000  1.578300e-10
6610.000000  1.588957e-10
6630.000000  1.579115e-10
6650.000000  1.576677e-10
6670.000000  1.545023e-10
6690.000000  1.599470e-10
6710.000000  1.534380e-10
6730.000000  1.601267e-10
6750.000000  1.564525e-10
6770.000000  1.578388e-10
6790.000000  1.563955e-10
6810.000000  1.559358e-10
6830.000000  1.581629e-10
6850.000000  1.529793e-10
6870.000000  1.555197e-10
6890.000000  1.576073e-10
6910.000000  1.557670e-10
6930.000000  1.528912e-10
6950.000000  1.494338e-10
6970.000000  1.508010e-10
6990.000000  1.490213e-10
7010.000000  1.446579e-10
7030.000000  1.486258e-10
7050.000000  1.513966e-10
7070.000000  1.479674e-10
7090.000000  1.469464e-10
7110.000000  1.453375e-10
7130.000000  1.420211e-10
7150.000000  1.420418e-10
7170.000000  1.441881e-10
7190.000000  1.389774e-10
7210.000000  1.431923e-10
7230.000000  1.459369e-10
7250.000000  1.454249e-10
7270.000000  1.440994e-10
7290.000000  1.389598e-10
7310.000000  1.420640e-10
7330.000000  1.419630e-10
7350.000000  1.413313e-10
7370.000000  1.447843e-10
7390.000000  1.412707e-10
7410.000000  1.404186e-10
7430.000000  1.421718e-10
7450.000000  1.422699e-10
7470.000000  1.424953e-10
7490.000000  1.410233e-10
7510.000000  1.431931e-10
7530.000000  1.441325e-10
7550.000000  1.450610e-10
7570.000000  1.434443e-10
7590.000000  1.427054e-10
7610.000000  1.429930e-10
7630.000000  1.437595e-10
7650.000000  1.439377e-10
7670.000000  1.386833e-10
7690.000000  1.436451e-10
7710.000000  1.403516e-10
7730.000000  1.405521e-10
7750.000000  1.396744e-10
7770.000000  1.432455e-10
7790.000000  1.427854e-10
7810.000000  1.422411e-10
7830.000000  1.407473e-10
7850.000000  1.393287e-10
7870.000000  1.390809e-10
7890.000000  1.331587e-10
7910.000000  1.287442e-10
7930.000000  1.288807e-10
7950.000000  1.267372e-10
7970.000000  1.322746e-10
7990.000000  1.319794e-10
8010.000000  1.316377e-10
8030.000000  1.320834e-10
8050.000000  1.303409e-10
8070.000000  1.290210e-10
8090.000000  1.247179e-10
8110.000000  1.239497e-10
8130.000000  1.262939e-10
8150.000000  1.262103e-10
8170.000000  1.268691e-10
8190.000000  1.247087e-10
8210.000000  1.243400e-10
8230.000000  1.259583e-10
8250.000000  1.272218e-10
8270.000000  1.284822e-10
8290.000000  1.271856e-10
8310.000000  1.214458e-10
8330.000000  1.225162e-10
8350.000000  1.226005e-10
8370.000000  1.241846e-10
8390.000000  1.200381e-10
8410.000000  1.247918e-10
8430.000000  1.211183e-10
8450.000000  1.241178e-10
8470.000000  1.235351e-10
8490.000000  1.225352e-10
8510.000000  1.157142e-10
8530.000000  1.199245e-10
8550.000000  9.995750e-11
8570.000000  1.241059e-10
8590.000000  1.223075e-10
8610.000000  1.227975e-10
8630.000000  1.238664e-10
8650.000000  1.223366e-10
8670.000000  1.021421e-10
8690.000000  1.184353e-10
8710.000000  1.218835e-10
8730.000000  1.224560e-10
8750.000000  1.211503e-10
8770.000000  1.229320e-10
8790.000000  1.217057e-10
8810.000000  1.184190e-10
8830.000000  1.206827e-10
8850.000000  1.220417e-10
8870.000000  1.195860e-10
8890.000000  1.216289e-10
8910.000000  1.229104e-10
8930.000000  1.193853e-10
8950.000000  1.190849e-10
8970.000000  1.193502e-10
8990.000000  1.198187e-10
9010.000000  1.151452e-10
9030.000000  1.183006e-10
9050.000000  1.209593e-10
9070.000000  1.196009e-10
9090.000000  1.149812e-10
9110.000000  1.141883e-10
9130.000000  1.178494e-10
9150.000000  1.085622e-10
9170.000000  1.052603e-10
9190.000000  1.067157e-10
9210.000000  1.038413e-10
9230.000000  1.060827e-10
9250.000000  1.053619e-10
9270.000000  1.073449e-10
9290.000000  1.057314e-10
9310.000000  1.090445e-10
9330.000000  1.091548e-10
9350.000000  1.076369e-10
9370.000000  1.069497e-10
9390.000000  1.044948e-10
9410.000000  1.018799e-10
9430.000000  1.031033e-10
9450.000000  1.007741e-10
9470.000000  1.042031e-10
9490.000000  1.034735e-10
9510.000000  1.058005e-10
9530.000000  1.046567e-10
9550.000000  1.040815e-10
9570.000000  1.042317e-10
9590.000000  1.056903e-10
9610.000000  1.043678e-10
9630.000000  1.036241e-10
9650.000000  1.016182e-10
9670.000000  1.010551e-10
9690.000000  1.032280e-10
9710.000000  1.024374e-10
9730.000000  1.025524e-10
9750.000000  1.017397e-10
9770.000000  1.022330e-10
9790.000000  1.000934e-10
9810.000000  1.033772e-10
9830.000000  1.028344e-10
9850.000000  1.035702e-10
9870.000000  1.032074e-10
9890.000000  1.037803e-10
9910.000000  1.023313e-10
9930.000000  1.036551e-10
9950.000000  1.027494e-10
9970.000000  1.033632e-10
9990.000000  1.032453e-10
10025.000000  1.022776e-10
10075.000000  1.013940e-10
10125.000000  1.015328e-10
10175.000000  9.991121e-11
10225.000000  1.001572e-10
10275.000000  1.003659e-10
10325.000000  9.838668e-11
10375.000000  9.785890e-11
10425.000000  9.815819e-11
10475.000000  9.712275e-11
10525.000000  9.705062e-11
10575.000000  9.606109e-11
10625.000000  9.550166e-11
10675.000000  9.361963e-11
10725.000000  9.360302e-11
10775.000000  9.267709e-11
10825.000000  9.111988e-11
10875.000000  8.960180e-11
10925.000000  8.766102e-11
10975.000000  8.096954e-11
11025.000000  8.064843e-11
11075.000000  8.216474e-11
11125.000000  8.203754e-11
11175.000000  8.328806e-11
11225.000000  8.294266e-11
11275.000000  8.161090e-11
11325.000000  8.251371e-11
11375.000000  8.046257e-11
11425.000000  8.104089e-11
11475.000000  8.209391e-11
11525.000000  8.186676e-11
11575.000000  8.088462e-11
11625.000000  7.982488e-11
11675.000000  7.998987e-11
11725.000000  8.110882e-11
11775.000000  7.948849e-11
11825.000000  7.902997e-11
11875.000000  7.799479e-11
11925.000000  7.949333e-11
11975.000000  7.621066e-11
12025.000000  7.762388e-11
12075.000000  7.669966e-11
12125.000000  7.681440e-11
12175.000000  7.704446e-11
12225.000000  7.664528e-11
12275.000000  7.618009e-11
12325.000000  7.548361e-11
12375.000000  7.513755e-11
12425.000000  7.446082e-11
12475.000000  7.460165e-11
12525.000000  7.377590e-11
12575.000000  7.362043e-11
12625.000000  7.337486e-11
12675.000000  7.245313e-11
12725.000000  7.252952e-11
12775.000000  7.255603e-11
12825.000000  6.990416e-11
12875.000000  7.102512e-11
12925.000000  7.006877e-11
12975.000000  7.081704e-11
13025.000000  6.983999e-11
13075.000000  7.018473e-11
13125.000000  6.892297e-11
13175.000000  6.862331e-11
13225.000000  6.875232e-11
13275.000000  6.745206e-11
13325.000000  6.799992e-11
13375.000000  6.744115e-11
13425.000000  6.775408e-11
13475.000000  6.727104e-11
13525.000000  6.708468e-11
13575.000000  6.576550e-11
13625.000000  6.550536e-11
13675.000000  6.555296e-11
13725.000000  6.559896e-11
13775.000000  6.516804e-11
13825.000000  6.511618e-11
13875.000000  6.448342e-11
13925.000000  6.435349e-11
13975.000000  6.378765e-11
14025.000000  6.287706e-11
14075.000000  6.147637e-11
14125.000000  5.921506e-11
14175.000000  5.922168e-11
14225.000000  5.869288e-11
14275.000000  5.784590e-11
14325.000000  5.899257e-11
14375.000000  5.944284e-11
14425.000000  5.742252e-11
14475.000000  5.942842e-11
14525.000000  5.749373e-11
14570.000000  5.741703e-11
14620.000000  5.665378e-11
14675.000000  5.619536e-11
14725.000000  5.546254e-11
14775.000000  5.595706e-11
14825.000000  5.586491e-11
14875.000000  5.573920e-11
14925.000000  5.673446e-11
14975.000000  5.618187e-11
15025.000000  5.512047e-11
15075.000000  5.460658e-11
15125.000000  5.479054e-11
15175.000000  5.525466e-11
15225.000000  5.479166e-11
15275.000000  5.492227e-11
15325.000000  5.483608e-11
15375.000000  5.508447e-11
15425.000000  5.469860e-11
15475.000000  5.470799e-11
15525.000000  5.370881e-11
15575.000000  5.290205e-11
15625.000000  5.426469e-11
15675.000000  5.286940e-11
15725.000000  5.322384e-11
15775.000000  5.107788e-11
15825.000000  5.199019e-11
15875.000000  4.995462e-11
15925.000000  5.138554e-11
15975.000000  5.180476e-11
16050.000000  5.125984e-11
16150.000000  5.050167e-11
16250.000000  5.054253e-11
16350.000000  5.027951e-11
16450.000000  4.825905e-11
16550.000000  4.890102e-11
16650.000000  4.754220e-11
16750.000000  4.693851e-11
16850.000000  4.518242e-11
16950.000000  4.595666e-11
17050.000000  4.415885e-11
17150.000000  4.391186e-11
17250.000000  4.261786e-11
17350.000000  4.113862e-11
17450.000000  4.123910e-11
17550.000000  4.044726e-11
17650.000000  3.987683e-11
17750.000000  3.882834e-11
17850.000000  3.844918e-11
17950.000000  3.779491e-11
18050.000000  3.676381e-11
18150.000000  3.599701e-11
18250.000000  3.542230e-11
18350.000000  3.481210e-11
18450.000000  3.391639e-11
18550.000000  3.358170e-11
18650.000000  3.255998e-11
18750.000000  3.165397e-11
18850.000000  3.166017e-11
18950.000000  3.024983e-11
19050.000000  3.076931e-11
19150.000000  3.003324e-11
19250.000000  2.965900e-11
19350.000000  2.871091e-11
19450.000000  2.793925e-11
19550.000000  2.801480e-11
19650.000000  2.728305e-11
19750.000000  2.654490e-11
19850.000000  2.625234e-11
19950.000000  2.577201e-11
20050.000000  2.563692e-11
20150.000000  2.533750e-11
20250.000000  2.451012e-11
20350.000000  2.404761e-11
20450.000000  2.398972e-11
20550.000000  2.336869e-11
20650.000000  2.289239e-11
20750.000000  2.254761e-11
20850.000000  2.218168e-11
20950.000000  2.166495e-11
21050.000000  2.157771e-11
21150.000000  2.117624e-11
21250.000000  2.077981e-11
21350.000000  2.055939e-11
21450.000000  2.017337e-11
21550.000000  1.987917e-11
21650.000000  1.927262e-11
21750.000000  1.903568e-11
21850.000000  1.882991e-11
21950.000000  1.863099e-11
22050.000000  1.810252e-11
22150.000000  1.809963e-11
22250.000000  1.761633e-11
22350.000000  1.735909e-11
22450.000000  1.711092e-11
22550.000000  1.684382e-11
22650.000000  1.649601e-11
22750.000000  1.642673e-11
22850.000000  1.601345e-11
22950.000000  1.402342e-11
23050.000000  1.479492e-11
23150.000000  1.466489e-11
23250.000000  1.291446e-11
23350.000000  1.366192e-11
23450.000000  1.368305e-11
23550.000000  1.196169e-11
23650.000000  1.286198e-11
23750.000000  1.273518e-11
23850.000000  1.133934e-11
23950.000000  1.204853e-11
24050.000000  1.211698e-11
24150.000000  1.098765e-11
24250.000000  1.144101e-11
24350.000000  1.152487e-11
24450.000000  1.078653e-11
24550.000000  1.071683e-11
24650.000000  1.111309e-11
24750.000000  1.065801e-11
24850.000000  1.014516e-11
24950.000000  1.048402e-11
