2505.000000  6.978588e-14
2513.000000  4.256425e-14
2518.000000  2.769152e-14
2525.000000  3.090262e-14
2535.000000  9.187921e-14
2545.000000  1.148546e-13
2555.000000  3.081128e-13
2565.000000  1.766212e-13
2575.000000  2.661156e-13
2585.000000  2.196909e-13
2595.000000  2.083832e-13
2605.000000  2.247413e-13
2615.000000  2.077435e-13
2625.000000  3.022219e-13
2635.000000  6.841325e-13
2645.000000  9.062328e-13
2655.000000  1.794140e-12
2665.000000  9.310091e-13
2675.000000  8.800382e-13
2685.000000  1.301287e-12
2695.000000  7.467412e-13
2705.000000  1.226816e-12
2715.000000  7.343880e-13
2725.000000  4.041738e-13
2735.000000  6.078137e-13
2745.000000  4.640891e-13
2755.000000  6.150859e-13
2765.000000  8.899462e-13
2775.000000  9.943702e-13
2785.000000  5.695653e-13
2795.000000  2.089823e-13
2805.000000  2.721982e-13
2815.000000  8.395169e-13
2825.000000  1.134312e-12
2835.000000  8.829035e-13
2845.000000  3.992228e-13
2855.000000  1.199073e-13
2865.000000  6.618876e-13
2875.000000  1.412406e-12
2885.000000  1.810694e-12
2895.000000  2.732212e-12
2910.000000  4.130681e-12
2930.000000  4.021856e-12
2950.000000  3.537945e-12
2970.000000  3.702258e-12
2990.000000  3.604446e-12
3010.000000  3.021013e-12
3030.000000  4.364399e-12
3050.000000  4.532389e-12
3070.000000  6.045500e-12
3090.000000  6.644901e-12
3110.000000  9.002119e-12
3130.000000  7.537371e-12
3150.000000  9.024751e-12
3170.000000  1.065963e-11
3190.000000  8.666016e-12
3210.000000  9.609821e-12
3230.000000  7.102891e-12
3250.000000  1.197466e-11
3270.000000  1.541951e-11
3290.000000  1.553303e-11
3310.000000  1.339174e-11
3330.000000  1.391394e-11
3350.000000  1.270477e-11
3370.000000  9.014897e-12
3390.000000  1.028976e-11
3410.000000  1.167304e-11
3430.000000  1.295809e-11
3450.000000  1.344517e-11
3470.000000  1.429133e-11
3490.000000  1.671977e-11
3510.000000  1.764455e-11
3530.000000  1.421184e-11
3550.000000  1.612970e-11
3570.000000  8.426810e-12
3590.000000  1.092027e-11
3610.000000  1.656888e-11
3630.000000  1.955694e-11
3640.000000  1.995209e-11
3650.000000  2.310569e-11
3670.000000  2.531472e-11
3690.000000  2.314981e-11
3710.000000  2.470112e-11
3730.000000  1.300161e-11
3750.000000  1.503109e-11
3770.000000  2.025396e-11
3790.000000  1.964263e-11
3810.000000  1.656603e-11
3830.000000  8.099336e-12
3850.000000  9.016994e-12
3870.000000  1.078361e-11
3890.000000  2.143258e-11
3910.000000  2.632747e-11
3930.000000  9.723889e-12
3950.000000  2.010873e-11
3970.000000  1.260413e-11
3990.000000  3.683052e-11
4010.000000  4.294892e-11
4030.000000  4.165094e-11
4050.000000  3.824023e-11
4070.000000  3.542631e-11
4090.000000  4.566743e-11
4110.000000  4.506703e-11
4130.000000  3.754994e-11
4150.000000  3.369267e-11
4170.000000  3.472971e-11
4190.000000  3.672224e-11
4210.000000  4.208318e-11
4230.000000  4.503797e-11
4250.000000  4.862223e-11
4270.000000  4.493743e-11
4290.000000  4.060899e-11
4310.000000  3.434680e-11
4330.000000  5.378227e-11
4350.000000  5.304299e-11
4370.000000  5.812748e-11
4390.000000  5.122146e-11
4410.000000  5.614956e-11
4430.000000  5.980056e-11
4450.000000  6.121493e-11
4470.000000  6.675189e-11
4490.000000  6.854900e-11
4510.000000  8.027525e-11
4530.000000  6.910166e-11
4550.000000  7.161275e-11
4570.000000  7.865003e-11
4590.000000  7.604502e-11
4610.000000  7.852245e-11
4630.000000  7.493273e-11
4650.000000  7.699907e-11
4670.000000  7.983814e-11
4690.000000  7.796849e-11
4710.000000  7.579847e-11
4730.000000  8.054941e-11
4750.000000  8.609654e-11
4770.000000  8.766966e-11
4790.000000  8.719093e-11
4810.000000  8.555480e-11
4830.000000  8.999368e-11
4850.000000  8.326963e-11
4870.000000  7.678398e-11
4890.000000  8.593026e-11
4910.000000  8.525747e-11
4930.000000  8.379759e-11
4950.000000  9.067433e-11
4970.000000  8.745450e-11
4990.000000  7.992612e-11
5010.000000  7.529669e-11
5030.000000  8.045187e-11
5050.000000  8.159053e-11
5070.000000  8.578958e-11
5090.000000  7.849945e-11
5110.000000  8.140044e-11
5130.000000  7.713555e-11
5150.000000  7.501356e-11
5170.000000  6.762371e-11
5190.000000  7.241307e-11
5210.000000  7.983294e-11
5230.000000  8.364932e-11
5250.000000  8.694482e-11
5270.000000  7.572362e-11
5290.000000  8.861036e-11
5310.000000  9.550404e-11
5330.000000  8.154880e-11
5350.000000  9.154855e-11
5370.000000  9.298834e-11
5390.000000  8.865228e-11
5410.000000  8.716601e-11
5430.000000  8.923804e-11
5450.000000  9.575670e-11
5470.000000  9.051613e-11
5490.000000  8.850356e-11
5510.000000  8.837645e-11
5530.000000  9.170297e-11
5550.000000  9.438366e-11
5570.000000  9.233324e-11
5590.000000  8.901805e-11
5610.000000  9.532637e-11
5630.000000  9.235315e-11
5650.000000  9.336927e-11
5670.000000  9.076992e-11
5690.000000  9.466908e-11
5710.000000  9.076169e-11
5730.000000  1.014083e-10
5750.000000  9.530707e-11
5770.000000  9.771511e-11
5790.000000  9.135260e-11
5810.000000  9.771767e-11
5830.000000  1.018167e-10
5850.000000  9.783211e-11
5870.000000  9.828724e-11
5890.000000  8.518094e-11
5910.000000  9.649923e-11
5930.000000  9.691149e-11
5950.000000  9.704422e-11
5970.000000  9.922519e-11
5990.000000  9.662935e-11
6010.000000  9.445637e-11
6030.000000  9.746970e-11
6050.000000  9.947587e-11
6070.000000  9.924038e-11
6090.000000  9.321651e-11
6110.000000  9.366437e-11
6130.000000  8.773847e-11
6150.000000  9.115225e-11
6170.000000  8.736109e-11
6190.000000  9.432889e-11
6210.000000  9.399578e-11
6230.000000  8.991873e-11
6250.000000  8.604622e-11
6270.000000  9.155037e-11
6290.000000  9.346126e-11
6310.000000  8.909890e-11
6330.000000  9.042886e-11
6350.000000  8.921760e-11
6370.000000  8.847070e-11
6390.000000  9.206574e-11
6410.000000  9.006371e-11
6430.000000  9.111954e-11
6450.000000  9.049981e-11
6470.000000  9.044424e-11
6490.000000  8.793876e-11
6510.000000  9.071094e-11
6530.000000  9.070084e-11
6550.000000  8.964156e-11
6570.000000  8.620150e-11
6590.000000  9.033133e-11
6610.000000  9.107073e-11
6630.000000  8.979801e-11
6650.000000  8.985370e-11
6670.000000  8.776106e-11
6690.000000  9.089715e-11
6710.000000  8.699605e-11
6730.000000  9.086551e-11
6750.000000  8.869834e-11
6770.000000  8.934345e-11
6790.000000  8.810498e-11
6810.000000  8.792471e-11
6830.000000  8.931881e-11
6850.000000  8.588495e-11
6870.000000  8.768135e-11
6890.000000  8.861100e-11
6910.000000  8.744682e-11
6930.000000  8.591374e-11
6950.000000  8.445828e-11
6970.000000  8.487442e-11
6990.000000  8.399053e-11
7010.000000  8.059388e-11
7030.000000  8.315798e-11
7050.000000  8.477859e-11
7070.000000  8.279484e-11
7090.000000  8.205716e-11
7110.000000  8.160787e-11
7130.000000  7.937282e-11
7150.000000  7.929815e-11
7170.000000  8.002829e-11
7190.000000  7.685156e-11
7210.000000  7.981984e-11
7230.000000  8.079217e-11
7250.000000  8.085323e-11
7270.000000  7.999965e-11
7290.000000  7.651678e-11
7310.000000  7.871652e-11
7330.000000  7.857491e-11
7350.000000  7.825792e-11
7370.000000  7.989675e-11
7390.000000  7.747435e-11
7410.000000  7.721090e-11
7430.000000  7.798110e-11
7450.000000  7.805451e-11
7470.000000  7.846734e-11
7490.000000  7.736927e-11
7510.000000  7.856434e-11
7530.000000  7.917142e-11
7550.000000  7.955402e-11
7570.000000  7.849928e-11
7590.000000  7.808496e-11
7610.000000  7.792044e-11
7630.000000  7.875983e-11
7650.000000  7.875656e-11
7670.000000  7.547856e-11
7690.000000  7.837585e-11
7710.000000  7.671347e-11
7730.000000  7.646896e-11
7750.000000  7.595556e-11
7770.000000  7.800175e-11
7790.000000  7.800618e-11
7810.000000  7.728045e-11
7830.000000  7.649039e-11
7850.000000  7.564264e-11
7870.000000  7.579985e-11
7890.000000  7.283942e-11
7910.000000  7.036966e-11
7930.000000  7.002199e-11
7950.000000  6.889367e-11
7970.000000  7.189832e-11
7990.000000  7.180372e-11
8010.000000  7.130342e-11
8030.000000  7.148892e-11
8050.000000  7.052658e-11
8070.000000  7.000127e-11
8090.000000  6.748535e-11
8110.000000  6.720606e-11
8130.000000  6.845804e-11
8150.000000  6.813625e-11
8170.000000  6.853111e-11
8190.000000  6.699299e-11
8210.000000  6.673363e-11
8230.000000  6.756119e-11
8250.000000  6.834866e-11
8270.000000  6.908321e-11
8290.000000  6.832676e-11
8310.000000  6.479383e-11
8330.000000  6.562554e-11
8350.000000  6.547676e-11
8370.000000  6.654024e-11
8390.000000  6.442383e-11
8410.000000  6.681514e-11
8430.000000  6.475084e-11
8450.000000  6.610186e-11
8470.000000  6.571135e-11
8490.000000  6.521308e-11
8510.000000  6.142638e-11
8530.000000  6.345532e-11
8550.000000  5.246502e-11
8570.000000  6.592982e-11
8590.000000  6.457554e-11
8610.000000  6.496628e-11
8630.000000  6.570535e-11
8650.000000  6.465370e-11
8670.000000  5.346278e-11
8690.000000  6.246790e-11
8710.000000  6.425100e-11
8730.000000  6.458219e-11
8750.000000  6.365815e-11
8770.000000  6.497690e-11
8790.000000  6.402403e-11
8810.000000  6.201998e-11
8830.000000  6.362765e-11
8850.000000  6.427717e-11
8870.000000  6.257991e-11
8890.000000  6.388482e-11
8910.000000  6.477938e-11
8930.000000  6.246707e-11
8950.000000  6.256784e-11
8970.000000  6.258001e-11
8990.000000  6.275772e-11
9010.000000  5.999770e-11
9030.000000  6.190748e-11
9050.000000  6.360960e-11
9070.000000  6.257275e-11
9090.000000  5.990968e-11
9110.000000  5.948631e-11
9130.000000  6.191018e-11
9150.000000  5.711959e-11
9170.000000  5.547777e-11
9190.000000  5.629681e-11
9210.000000  5.435272e-11
9230.000000  5.540214e-11
9250.000000  5.501810e-11
9270.000000  5.617631e-11
9290.000000  5.533574e-11
9310.000000  5.705337e-11
9330.000000  5.692800e-11
9350.000000  5.627547e-11
9370.000000  5.597816e-11
9390.000000  5.454626e-11
9410.000000  5.267466e-11
9430.000000  5.375335e-11
9450.000000  5.232016e-11
9470.000000  5.429534e-11
9490.000000  5.400687e-11
9510.000000  5.490580e-11
9530.000000  5.433356e-11
9550.000000  5.376558e-11
9570.000000  5.393900e-11
9590.000000  5.486558e-11
9610.000000  5.404844e-11
9630.000000  5.350622e-11
9650.000000  5.264113e-11
9670.000000  5.218025e-11
9690.000000  5.343238e-11
9710.000000  5.293303e-11
9730.000000  5.312716e-11
9750.000000  5.250173e-11
9770.000000  5.270865e-11
9790.000000  5.158867e-11
9810.000000  5.327068e-11
9830.000000  5.285125e-11
9850.000000  5.329409e-11
9870.000000  5.308227e-11
9890.000000  5.339347e-11
9910.000000  5.250833e-11
9930.000000  5.332565e-11
9950.000000  5.280627e-11
9970.000000  5.310163e-11
9990.000000  5.297944e-11
10025.000000  5.249679e-11
10075.000000  5.187357e-11
10125.000000  5.200602e-11
10175.000000  5.098595e-11
10225.000000  5.111172e-11
10275.000000  5.126524e-11
10325.000000  5.018252e-11
10375.000000  4.982846e-11
10425.000000  4.992928e-11
10475.000000  4.928890e-11
10525.000000  4.923898e-11
10575.000000  4.869803e-11
10625.000000  4.837873e-11
10675.000000  4.719123e-11
10725.000000  4.714275e-11
10775.000000  4.670656e-11
10825.000000  4.567011e-11
10875.000000  4.497040e-11
10925.000000  4.412396e-11
10975.000000  4.074263e-11
11025.000000  4.065990e-11
11075.000000  4.128947e-11
11125.000000  4.119081e-11
11175.000000  4.172970e-11
11225.000000  4.149379e-11
11275.000000  4.064715e-11
11325.000000  4.114158e-11
11375.000000  4.010989e-11
11425.000000  4.029026e-11
11475.000000  4.094421e-11
11525.000000  4.073152e-11
11575.000000  4.012657e-11
11625.000000  3.960029e-11
11675.000000  3.958306e-11
11725.000000  4.019169e-11
11775.000000  3.930857e-11
11825.000000  3.896706e-11
11875.000000  3.847540e-11
11925.000000  3.928466e-11
11975.000000  3.741135e-11
12025.000000  3.814825e-11
12075.000000  3.755506e-11
12125.000000  3.762833e-11
12175.000000  3.785643e-11
12225.000000  3.761211e-11
12275.000000  3.734465e-11
12325.000000  3.689797e-11
12375.000000  3.675286e-11
12425.000000  3.630076e-11
12475.000000  3.643513e-11
12525.000000  3.592079e-11
12575.000000  3.583281e-11
12625.000000  3.572442e-11
12675.000000  3.510049e-11
12725.000000  3.517684e-11
12775.000000  3.525341e-11
12825.000000  3.354789e-11
12875.000000  3.429923e-11
12925.000000  3.379925e-11
12975.000000  3.420225e-11
13025.000000  3.351466e-11
13075.000000  3.379634e-11
13125.000000  3.304468e-11
13175.000000  3.291152e-11
13225.000000  3.296900e-11
13275.000000  3.225309e-11
13325.000000  3.254535e-11
13375.000000  3.219406e-11
13425.000000  3.233728e-11
13475.000000  3.205082e-11
13525.000000  3.193637e-11
13575.000000  3.118607e-11
13625.000000  3.109984e-11
13675.000000  3.103641e-11
13725.000000  3.102546e-11
13775.000000  3.079866e-11
13825.000000  3.074671e-11
13875.000000  3.047998e-11
13925.000000  3.039039e-11
13975.000000  3.009100e-11
14025.000000  2.956431e-11
14075.000000  2.898768e-11
14125.000000  2.781805e-11
14175.000000  2.794231e-11
14225.000000  2.752705e-11
14275.000000  2.699315e-11
14325.000000  2.756963e-11
14375.000000  2.777554e-11
14425.000000  2.660154e-11
14475.000000  2.755096e-11
14525.000000  2.663263e-11
14570.000000  2.664297e-11
14620.000000  2.625132e-11
14675.000000  2.602196e-11
14725.000000  2.554431e-11
14775.000000  2.570404e-11
14825.000000  2.562296e-11
14875.000000  2.543687e-11
14925.000000  2.602225e-11
14975.000000  2.564219e-11
15025.000000  2.504351e-11
15075.000000  2.479698e-11
15125.000000  2.490914e-11
15175.000000  2.512186e-11
15225.000000  2.474679e-11
15275.000000  2.490686e-11
15325.000000  2.474714e-11
15375.000000  2.484707e-11
15425.000000  2.462167e-11
15475.000000  2.451389e-11
15525.000000  2.399196e-11
15575.000000  2.369450e-11
15625.000000  2.431335e-11
15675.000000  2.342736e-11
15725.000000  2.375633e-11
15775.000000  2.265530e-11
15825.000000  2.305961e-11
15875.000000  2.196843e-11
15925.000000  2.253451e-11
15975.000000  2.293059e-11
16050.000000  2.260831e-11
16150.000000  2.215990e-11
16250.000000  2.226250e-11
16350.000000  2.197572e-11
16450.000000  2.116021e-11
16550.000000  2.138105e-11
16650.000000  2.089370e-11
16750.000000  2.049922e-11
16850.000000  1.972563e-11
16950.000000  2.011620e-11
17050.000000  1.929892e-11
17150.000000  1.921939e-11
17250.000000  1.855347e-11
17350.000000  1.785681e-11
17450.000000  1.796223e-11
17550.000000  1.763903e-11
17650.000000  1.739772e-11
17750.000000  1.689317e-11
17850.000000  1.676479e-11
17950.000000  1.645471e-11
18050.000000  1.600843e-11
18150.000000  1.561464e-11
18250.000000  1.539224e-11
18350.000000  1.511276e-11
18450.000000  1.471402e-11
18550.000000  1.459968e-11
18650.000000  1.409607e-11
18750.000000  1.367142e-11
18850.000000  1.374052e-11
18950.000000  1.305614e-11
19050.000000  1.337846e-11
19150.000000  1.303492e-11
19250.000000  1.287688e-11
19350.000000  1.244026e-11
19450.000000  1.206954e-11
19550.000000  1.218731e-11
19650.000000  1.185401e-11
19750.000000  1.153602e-11
19850.000000  1.142449e-11
19950.000000  1.122253e-11
20050.000000  1.115993e-11
20150.000000  1.103896e-11
20250.000000  1.065086e-11
20350.000000  1.043755e-11
20450.000000  1.044824e-11
20550.000000  1.015499e-11
20650.000000  9.954674e-12
20750.000000  9.807735e-12
20850.000000  9.630165e-12
20950.000000  9.407560e-12
21050.000000  9.392019e-12
21150.000000  9.201146e-12
21250.000000  9.017392e-12
21350.000000  8.945184e-12
21450.000000  8.774941e-12
21550.000000  8.636302e-12
21650.000000  8.335920e-12
21750.000000  8.251317e-12
21850.000000  8.176888e-12
21950.000000  8.098506e-12
22050.000000  7.859207e-12
22150.000000  7.863590e-12
22250.000000  7.658824e-12
22350.000000  7.539775e-12
22450.000000  7.426854e-12
22550.000000  7.311190e-12
22650.000000  7.153106e-12
22750.000000  7.136093e-12
22850.000000  6.936884e-12
22950.000000  6.208447e-12
23050.000000  6.483942e-12
23150.000000  6.417936e-12
23250.000000  5.754192e-12
23350.000000  6.015214e-12
23450.000000  6.040637e-12
23550.000000  5.360096e-12
23650.000000  5.696183e-12
23750.000000  5.628522e-12
23850.000000  5.075514e-12
23950.000000  5.344324e-12
24050.000000  5.367451e-12
24150.000000  4.904746e-12
24250.000000  5.064090e-12
24350.000000  5.099025e-12
24450.000000  4.799001e-12
24550.000000  4.738610e-12
24650.000000  4.908598e-12
24750.000000  4.711835e-12
24850.000000  4.496679e-12
24950.000000  4.627780e-12
