2505.000000  1.810822e-10
2513.000000  1.492554e-10
2518.000000  1.578370e-10
2525.000000  1.384884e-10
2535.000000  1.387968e-10
2545.000000  1.363377e-10
2555.000000  1.528469e-10
2565.000000  1.455954e-10
2575.000000  1.633826e-10
2585.000000  1.598537e-10
2595.000000  1.505790e-10
2605.000000  1.407544e-10
2615.000000  1.373445e-10
2625.000000  1.573621e-10
2635.000000  1.605800e-10
2645.000000  1.953405e-10
2655.000000  1.924747e-10
2665.000000  1.644598e-10
2675.000000  1.779138e-10
2685.000000  1.699747e-10
2695.000000  1.659645e-10
2705.000000  1.731419e-10
2715.000000  1.602578e-10
2725.000000  1.637603e-10
2735.000000  1.802002e-10
2745.000000  1.339057e-10
2755.000000  1.394456e-10
2765.000000  1.465767e-10
2775.000000  1.685449e-10
2785.000000  1.600936e-10
2795.000000  9.448018e-11
2805.000000  1.155053e-10
2815.000000  1.711657e-10
2825.000000  1.833374e-10
2835.000000  1.710637e-10
2845.000000  1.635677e-10
2855.000000  1.548847e-10
2865.000000  1.741215e-10
2875.000000  1.656023e-10
2885.000000  1.692099e-10
2895.000000  1.578266e-10
2910.000000  1.848066e-10
2930.000000  1.745833e-10
2950.000000  1.740718e-10
2970.000000  1.807665e-10
2990.000000  1.827805e-10
3010.000000  1.874398e-10
3030.000000  1.833960e-10
3050.000000  1.800624e-10
3070.000000  1.786807e-10
3090.000000  1.832784e-10
3110.000000  1.757608e-10
3130.000000  1.743469e-10
3150.000000  1.795618e-10
3170.000000  1.777938e-10
3190.000000  1.685993e-10
3210.000000  1.738459e-10
3230.000000  1.689244e-10
3250.000000  1.718209e-10
3270.000000  1.716832e-10
3290.000000  1.734507e-10
3310.000000  1.748754e-10
3330.000000  1.698122e-10
3350.000000  1.670546e-10
3370.000000  1.660702e-10
3390.000000  1.655646e-10
3410.000000  1.693150e-10
3430.000000  1.689061e-10
3450.000000  1.671934e-10
3470.000000  1.641918e-10
3490.000000  1.625216e-10
3510.000000  1.656837e-10
3530.000000  1.664263e-10
3550.000000  1.668797e-10
3570.000000  1.621497e-10
3590.000000  1.612892e-10
3610.000000  1.608780e-10
3630.000000  1.604465e-10
3640.000000  1.585466e-10
3650.000000  1.635526e-10
3670.000000  1.615010e-10
3690.000000  1.553650e-10
3710.000000  1.753047e-10
3730.000000  1.985499e-10
3750.000000  2.865592e-10
3770.000000  3.046268e-10
3790.000000  3.789159e-10
3810.000000  4.273209e-10
3830.000000  3.335350e-10
3850.000000  4.492723e-10
3870.000000  4.863898e-10
3890.000000  3.027711e-10
3910.000000  4.720140e-10
3930.000000  4.531573e-10
3950.000000  4.713645e-10
3970.000000  2.815818e-10
3990.000000  4.589285e-10
4010.000000  4.667511e-10
4030.000000  4.582798e-10
4050.000000  4.557128e-10
4070.000000  4.422501e-10
4090.000000  3.880674e-10
4110.000000  2.966244e-10
4130.000000  4.199738e-10
4150.000000  4.284699e-10
4170.000000  4.181132e-10
4190.000000  4.139460e-10
4210.000000  4.095470e-10
4230.000000  4.021945e-10
4250.000000  3.943661e-10
4270.000000  3.844250e-10
4290.000000  3.870010e-10
4310.000000  3.690450e-10
4330.000000  3.086674e-10
4350.000000  2.631253e-10
4370.000000  3.626905e-10
4390.000000  3.559870e-10
4410.000000  3.524920e-10
4430.000000  3.498965e-10
4450.000000  3.496865e-10
4470.000000  3.443179e-10
4490.000000  3.363736e-10
4510.000000  3.377088e-10
4530.000000  3.300686e-10
4550.000000  3.209019e-10
4570.000000  3.262761e-10
4590.000000  3.155354e-10
4610.000000  3.211933e-10
4630.000000  3.085906e-10
4650.000000  3.124197e-10
4670.000000  3.066748e-10
4690.000000  3.004383e-10
4710.000000  2.905444e-10
4730.000000  2.961642e-10
4750.000000  2.930008e-10
4770.000000  2.898924e-10
4790.000000  2.860913e-10
4810.000000  2.800429e-10
4830.000000  2.730740e-10
4850.000000  2.293313e-10
4870.000000  1.841039e-10
4890.000000  2.612000e-10
4910.000000  2.630835e-10
4930.000000  2.578638e-10
4950.000000  2.576628e-10
4970.000000  2.566352e-10
4990.000000  2.510180e-10
5010.000000  2.422270e-10
5030.000000  2.423098e-10
5050.000000  2.383325e-10
5070.000000  2.386455e-10
5090.000000  2.358870e-10
5110.000000  2.324512e-10
5130.000000  2.298039e-10
5150.000000  2.245559e-10
5170.000000  2.201272e-10
5190.000000  2.184754e-10
5210.000000  2.172341e-10
5230.000000  2.121993e-10
5250.000000  2.138224e-10
5270.000000  2.063409e-10
5290.000000  2.097428e-10
5310.000000  2.036209e-10
5330.000000  2.017276e-10
5350.000000  2.035603e-10
5370.000000  2.002023e-10
5390.000000  1.977981e-10
5410.000000  1.941783e-10
5430.000000  1.927335e-10
5450.000000  1.923844e-10
5470.000000  1.899140e-10
5490.000000  1.882359e-10
5510.000000  1.855855e-10
5530.000000  1.836080e-10
5550.000000  1.824677e-10
5570.000000  1.801548e-10
5590.000000  1.786919e-10
5610.000000  1.774553e-10
5630.000000  1.754352e-10
5650.000000  1.725014e-10
5670.000000  1.709673e-10
5690.000000  1.697617e-10
5710.000000  1.681147e-10
5730.000000  1.665072e-10
5750.000000  1.643477e-10
5770.000000  1.627663e-10
5790.000000  1.605840e-10
5810.000000  1.591274e-10
5830.000000  1.574503e-10
5850.000000  1.560821e-10
5870.000000  1.541242e-10
5890.000000  1.511721e-10
5910.000000  1.509864e-10
5930.000000  1.496230e-10
5950.000000  1.471592e-10
5970.000000  1.462044e-10
5990.000000  1.441152e-10
6010.000000  1.430260e-10
6030.000000  1.419868e-10
6050.000000  1.401531e-10
6070.000000  1.389833e-10
6090.000000  1.374945e-10
6110.000000  1.360975e-10
6130.000000  1.345433e-10
6150.000000  1.307736e-10
6170.000000  1.318146e-10
6190.000000  1.308103e-10
6210.000000  1.295718e-10
6230.000000  1.279596e-10
6250.000000  1.249524e-10
6270.000000  1.258033e-10
6290.000000  1.245064e-10
6310.000000  1.226103e-10
6330.000000  1.219090e-10
6350.000000  1.190605e-10
6370.000000  1.183984e-10
6390.000000  1.181734e-10
6410.000000  1.166510e-10
6430.000000  1.158913e-10
6450.000000  1.133217e-10
6470.000000  1.138833e-10
6490.000000  1.116398e-10
6510.000000  1.106491e-10
6530.000000  1.087413e-10
6550.000000  9.755028e-11
6570.000000  7.780627e-11
6590.000000  1.039722e-10
6610.000000  1.055686e-10
6630.000000  1.049854e-10
6650.000000  1.042901e-10
6670.000000  1.032795e-10
6690.000000  1.023981e-10
6710.000000  1.015430e-10
6730.000000  1.002741e-10
6750.000000  9.954393e-11
6770.000000  9.878743e-11
6790.000000  9.777578e-11
6810.000000  9.691916e-11
6830.000000  9.581184e-11
6850.000000  9.504999e-11
6870.000000  9.422693e-11
6890.000000  9.340484e-11
6910.000000  9.248641e-11
6930.000000  9.156639e-11
6950.000000  9.083780e-11
6970.000000  8.998087e-11
6990.000000  8.928426e-11
7010.000000  8.795166e-11
7030.000000  8.760365e-11
7050.000000  8.668712e-11
7070.000000  8.605389e-11
7090.000000  8.535511e-11
7110.000000  8.363524e-11
7130.000000  8.354960e-11
7150.000000  8.285300e-11
7170.000000  8.222106e-11
7190.000000  8.146078e-11
7210.000000  8.079587e-11
7230.000000  7.994053e-11
7250.000000  7.914696e-11
7270.000000  7.870549e-11
7290.000000  7.791162e-11
7310.000000  7.712341e-11
7330.000000  7.661507e-11
7350.000000  7.604338e-11
7370.000000  7.544184e-11
7390.000000  7.471136e-11
7410.000000  7.395106e-11
7430.000000  7.287417e-11
7450.000000  7.246407e-11
7470.000000  7.151019e-11
7490.000000  7.125883e-11
7510.000000  7.066049e-11
7530.000000  7.031059e-11
7550.000000  6.980414e-11
7570.000000  6.917033e-11
7590.000000  6.860048e-11
7610.000000  6.809216e-11
7630.000000  6.746021e-11
7650.000000  6.676332e-11
7670.000000  6.622141e-11
7690.000000  6.571622e-11
7710.000000  6.505290e-11
7730.000000  6.470302e-11
7750.000000  6.413288e-11
7770.000000  6.213536e-11
7790.000000  6.311938e-11
7810.000000  6.261261e-11
7830.000000  6.197908e-11
7850.000000  6.128031e-11
7870.000000  6.064709e-11
7890.000000  5.998188e-11
7910.000000  5.985323e-11
7930.000000  5.950522e-11
7950.000000  5.849301e-11
7970.000000  5.865178e-11
7990.000000  5.716447e-11
8010.000000  5.766993e-11
8030.000000  5.716289e-11
8050.000000  5.675120e-11
8070.000000  5.624445e-11
8090.000000  5.583275e-11
8110.000000  5.535772e-11
8130.000000  5.500941e-11
8150.000000  5.456603e-11
8170.000000  5.415405e-11
8190.000000  5.320013e-11
8210.000000  5.291336e-11
8230.000000  5.234510e-11
8250.000000  5.237490e-11
8270.000000  5.247216e-11
8290.000000  5.190390e-11
8310.000000  5.164850e-11
8330.000000  5.088949e-11
8350.000000  5.073481e-11
8370.000000  5.020455e-11
8390.000000  4.963599e-11
8410.000000  4.897584e-11
8430.000000  4.880285e-11
8450.000000  4.781411e-11
8470.000000  4.645097e-11
8490.000000  4.913767e-11
8510.000000  4.475838e-11
8530.000000  4.974874e-11
8550.000000  4.223521e-11
8570.000000  5.053306e-11
8590.000000  4.601228e-11
8610.000000  4.453132e-11
8630.000000  5.131238e-11
8650.000000  4.933016e-11
8670.000000  3.907876e-11
8690.000000  5.011992e-11
8710.000000  5.216990e-11
8730.000000  5.018950e-11
8750.000000  3.814669e-11
8770.000000  4.780225e-11
8790.000000  5.137330e-11
8810.000000  5.110581e-11
8830.000000  4.966169e-11
8850.000000  4.501246e-11
8870.000000  3.703019e-11
8890.000000  4.805056e-11
8910.000000  4.901856e-11
8930.000000  4.877830e-11
8950.000000  4.887526e-11
8970.000000  4.823005e-11
8990.000000  4.660664e-11
9010.000000  3.658206e-11
9030.000000  4.065287e-11
9050.000000  4.605480e-11
9070.000000  4.547989e-11
9090.000000  4.513633e-11
9110.000000  4.561865e-11
9130.000000  4.549375e-11
9150.000000  4.539711e-11
9170.000000  4.476041e-11
9190.000000  4.373204e-11
9210.000000  4.137152e-11
9230.000000  3.149919e-11
9250.000000  3.971915e-11
9270.000000  4.135266e-11
9290.000000  4.279647e-11
9310.000000  4.270645e-11
9330.000000  4.232617e-11
9350.000000  4.216960e-11
9370.000000  4.191764e-11
9390.000000  4.121887e-11
9410.000000  4.026465e-11
9430.000000  4.077361e-11
9450.000000  4.058218e-11
9470.000000  4.017208e-11
9490.000000  3.981715e-11
9510.000000  3.910381e-11
9530.000000  3.636678e-11
9550.000000  2.853711e-11
9570.000000  3.656324e-11
9590.000000  3.812672e-11
9610.000000  3.794769e-11
9630.000000  3.719244e-11
9650.000000  3.773119e-11
9670.000000  3.716233e-11
9690.000000  3.709894e-11
9710.000000  3.704092e-11
9730.000000  3.672430e-11
9750.000000  3.640552e-11
9770.000000  3.624738e-11
9790.000000  3.596246e-11
9810.000000  3.564712e-11
9830.000000  3.526526e-11
9850.000000  3.501171e-11
9870.000000  3.478831e-11
9890.000000  3.437631e-11
9910.000000  3.434492e-11
9930.000000  3.409139e-11
9950.000000  3.383658e-11
9970.000000  3.364487e-11
9990.000000  3.332479e-11
10025.000000  3.069390e-11
10075.000000  2.898765e-11
10125.000000  3.137963e-11
10175.000000  3.127583e-11
10225.000000  3.086884e-11
10275.000000  3.033984e-11
10325.000000  2.977256e-11
10375.000000  2.928159e-11
10425.000000  2.881858e-11
10475.000000  2.813906e-11
10525.000000  2.767452e-11
10575.000000  2.731015e-11
10625.000000  2.691416e-11
10675.000000  2.608230e-11
10725.000000  2.589357e-11
10775.000000  2.553513e-11
10825.000000  2.512777e-11
10875.000000  2.458765e-11
10925.000000  2.109094e-11
10975.000000  2.294912e-11
11025.000000  2.357801e-11
11075.000000  2.328606e-11
11125.000000  2.290065e-11
11175.000000  2.255220e-11
11225.000000  2.220394e-11
11275.000000  2.148975e-11
11325.000000  2.121717e-11
11375.000000  2.112893e-11
11425.000000  2.076721e-11
11475.000000  2.053432e-11
11525.000000  2.023006e-11
11575.000000  1.990690e-11
11625.000000  1.945571e-11
11675.000000  1.909386e-11
11725.000000  1.901677e-11
11775.000000  1.848284e-11
11825.000000  1.834722e-11
11875.000000  1.801697e-11
11925.000000  1.791738e-11
11975.000000  1.755845e-11
12025.000000  1.735292e-11
12075.000000  1.707062e-11
12125.000000  1.682669e-11
12175.000000  1.661165e-11
12225.000000  1.635787e-11
12275.000000  1.609157e-11
12325.000000  1.587619e-11
12375.000000  1.566094e-11
12425.000000  1.546476e-11
12475.000000  1.516379e-11
12525.000000  1.501138e-11
12575.000000  1.471282e-11
12625.000000  1.455499e-11
12675.000000  1.438984e-11
12725.000000  1.416062e-11
12775.000000  1.373226e-11
12825.000000  1.192191e-11
12875.000000  1.343325e-11
12925.000000  1.339698e-11
12975.000000  1.323671e-11
13025.000000  1.305981e-11
13075.000000  1.288259e-11
13125.000000  1.270499e-11
13175.000000  1.247671e-11
13225.000000  1.236588e-11
13275.000000  1.219798e-11
13325.000000  1.203642e-11
13375.000000  1.187467e-11
13425.000000  1.170378e-11
13475.000000  1.154539e-11
13525.000000  1.137077e-11
13575.000000  1.122822e-11
13625.000000  1.108887e-11
13675.000000  1.092728e-11
13725.000000  1.075862e-11
13775.000000  1.066398e-11
13825.000000  1.052796e-11
13875.000000  1.040442e-11
13925.000000  1.024882e-11
13975.000000  1.012864e-11
14025.000000  1.000210e-11
14075.000000  9.878375e-12
14125.000000  9.745301e-12
14175.000000  9.624935e-12
14225.000000  9.501370e-12
14275.000000  9.383828e-12
14325.000000  9.263619e-12
14375.000000  9.149592e-12
14425.000000  8.939546e-12
14475.000000  8.918305e-12
14525.000000  8.762514e-12
14570.000000  8.712059e-12
14620.000000  8.603992e-12
14675.000000  8.509136e-12
14725.000000  8.401229e-12
14775.000000  8.271166e-12
14825.000000  8.198308e-12
14875.000000  8.074554e-12
14925.000000  8.018106e-12
14975.000000  7.904047e-12
15025.000000  7.799466e-12
15075.000000  7.698243e-12
15125.000000  7.616254e-12
15175.000000  7.521211e-12
15225.000000  7.453869e-12
15275.000000  7.312743e-12
15325.000000  7.220710e-12
15375.000000  7.196944e-12
15425.000000  6.977035e-12
15475.000000  7.037728e-12
15525.000000  6.973743e-12
15575.000000  6.638725e-12
15625.000000  6.928584e-12
15675.000000  6.659746e-12
15725.000000  6.389823e-12
15775.000000  6.719165e-12
15825.000000  6.652327e-12
15875.000000  5.967283e-12
15925.000000  6.413915e-12
15975.000000  6.497763e-12
16050.000000  6.299857e-12
16150.000000  5.894775e-12
16250.000000  6.165634e-12
16350.000000  5.888051e-12
16450.000000  5.507629e-12
16550.000000  5.770277e-12
16650.000000  5.646713e-12
16750.000000  5.381115e-12
16850.000000  5.029273e-12
16950.000000  5.279215e-12
17050.000000  5.165632e-12
17150.000000  5.061112e-12
17250.000000  4.924018e-12
17350.000000  4.435978e-12
17450.000000  4.675908e-12
17550.000000  4.626718e-12
17650.000000  4.531833e-12
17750.000000  4.443286e-12
17850.000000  4.351252e-12
17950.000000  4.272056e-12
18050.000000  4.157335e-12
18150.000000  3.787373e-12
18250.000000  3.934261e-12
18350.000000  3.929408e-12
18450.000000  3.853696e-12
18550.000000  3.764831e-12
18650.000000  3.681961e-12
18750.000000  3.340806e-12
18850.000000  3.526544e-12
18950.000000  3.476374e-12
19050.000000  3.419677e-12
19150.000000  3.353125e-12
19250.000000  3.286446e-12
19350.000000  3.206582e-12
19450.000000  2.910187e-12
19550.000000  3.085178e-12
19650.000000  3.044909e-12
19750.000000  2.985392e-12
19850.000000  2.931570e-12
19950.000000  2.876744e-12
20050.000000  2.823803e-12
20150.000000  2.771528e-12
20250.000000  2.719871e-12
20350.000000  2.669462e-12
20450.000000  2.621941e-12
20550.000000  2.574102e-12
20650.000000  2.525893e-12
20750.000000  2.481205e-12
20850.000000  2.437169e-12
20950.000000  2.393730e-12
21050.000000  2.350325e-12
21150.000000  2.304949e-12
21250.000000  2.265031e-12
21350.000000  2.224462e-12
21450.000000  2.188938e-12
21550.000000  2.141986e-12
21650.000000  1.953535e-12
21750.000000  2.058751e-12
21850.000000  2.041798e-12
21950.000000  2.008382e-12
22050.000000  1.973160e-12
22150.000000  1.937974e-12
22250.000000  1.908218e-12
22350.000000  1.875902e-12
22450.000000  1.844835e-12
22550.000000  1.812798e-12
22650.000000  1.783673e-12
22750.000000  1.754209e-12
22850.000000  1.726911e-12
22950.000000  1.698379e-12
23050.000000  1.671767e-12
23150.000000  1.644522e-12
23250.000000  1.618544e-12
23350.000000  1.592548e-12
23450.000000  1.567502e-12
23550.000000  1.542488e-12
23650.000000  1.518079e-12
23750.000000  1.493996e-12
23850.000000  1.470234e-12
23950.000000  1.446807e-12
24050.000000  1.422728e-12
24150.000000  1.399634e-12
24250.000000  1.380528e-12
24350.000000  1.356826e-12
24450.000000  1.333732e-12
24550.000000  1.317446e-12
24650.000000  1.292815e-12
24750.000000  1.273471e-12
24850.000000  1.262804e-12
24950.000000  1.219164e-12
