2505.000000  3.120180e-11
2513.000000  2.484025e-11
2518.000000  2.550418e-11
2525.000000  2.236638e-11
2535.000000  2.081500e-11
2545.000000  2.018075e-11
2555.000000  2.386072e-11
2565.000000  2.297226e-11
2575.000000  2.682077e-11
2585.000000  2.685761e-11
2595.000000  2.563811e-11
2605.000000  2.365798e-11
2615.000000  2.218652e-11
2625.000000  2.747830e-11
2635.000000  2.888873e-11
2645.000000  3.597951e-11
2655.000000  3.691907e-11
2665.000000  3.023052e-11
2675.000000  3.340413e-11
2685.000000  3.296441e-11
2695.000000  3.030888e-11
2705.000000  3.226070e-11
2715.000000  2.894361e-11
2725.000000  2.958391e-11
2735.000000  3.270256e-11
2745.000000  2.307302e-11
2755.000000  2.533696e-11
2765.000000  2.733245e-11
2775.000000  3.183856e-11
2785.000000  2.831281e-11
2795.000000  1.348013e-11
2805.000000  1.726788e-11
2815.000000  3.277472e-11
2825.000000  3.607691e-11
2835.000000  3.399114e-11
2845.000000  3.215381e-11
2855.000000  2.920297e-11
2865.000000  3.420699e-11
2875.000000  3.319080e-11
2885.000000  3.370538e-11
2895.000000  3.162826e-11
2910.000000  3.754456e-11
2930.000000  3.534475e-11
2950.000000  3.503510e-11
2970.000000  3.683834e-11
2990.000000  3.706408e-11
3010.000000  3.794268e-11
3030.000000  3.743161e-11
3050.000000  3.730492e-11
3070.000000  3.772480e-11
3090.000000  3.850436e-11
3110.000000  3.714923e-11
3130.000000  3.691513e-11
3150.000000  3.828212e-11
3170.000000  3.804035e-11
3190.000000  3.549230e-11
3210.000000  3.684982e-11
3230.000000  3.506090e-11
3250.000000  3.666119e-11
3270.000000  3.753895e-11
3290.000000  3.778235e-11
3310.000000  3.848567e-11
3330.000000  3.750795e-11
3350.000000  3.701606e-11
3370.000000  3.648674e-11
3390.000000  3.674588e-11
3410.000000  3.709198e-11
3430.000000  3.735899e-11
3450.000000  3.708837e-11
3470.000000  3.656765e-11
3490.000000  3.646001e-11
3510.000000  3.730599e-11
3530.000000  3.709526e-11
3550.000000  3.807287e-11
3570.000000  3.627674e-11
3590.000000  3.602741e-11
3610.000000  3.616405e-11
3630.000000  3.648132e-11
3640.000000  3.594345e-11
3650.000000  3.757528e-11
3670.000000  3.721641e-11
3690.000000  3.562510e-11
3710.000000  3.727128e-11
3730.000000  3.833870e-11
3750.000000  4.796102e-11
3770.000000  5.153552e-11
3790.000000  6.344053e-11
3810.000000  7.428400e-11
3830.000000  5.847236e-11
3850.000000  8.244337e-11
3870.000000  9.343754e-11
3890.000000  5.348040e-11
3910.000000  9.286386e-11
3930.000000  8.213128e-11
3950.000000  9.205502e-11
3970.000000  4.912510e-11
3990.000000  9.132074e-11
4010.000000  1.047356e-10
4030.000000  1.048755e-10
4050.000000  1.034736e-10
4070.000000  9.758138e-11
4090.000000  7.603452e-11
4110.000000  5.794104e-11
4130.000000  9.252149e-11
4150.000000  9.946942e-11
4170.000000  9.924883e-11
4190.000000  9.823273e-11
4210.000000  9.802043e-11
4230.000000  9.511224e-11
4250.000000  9.531317e-11
4270.000000  9.117976e-11
4290.000000  9.160138e-11
4310.000000  8.297062e-11
4330.000000  6.374700e-11
4350.000000  5.426416e-11
4370.000000  8.359145e-11
4390.000000  8.671074e-11
4410.000000  8.576626e-11
4430.000000  8.478511e-11
4450.000000  8.613598e-11
4470.000000  8.551355e-11
4490.000000  8.429842e-11
4510.000000  8.616584e-11
4530.000000  8.284621e-11
4550.000000  8.137268e-11
4570.000000  8.351104e-11
4590.000000  8.044979e-11
4610.000000  8.175535e-11
4630.000000  7.927728e-11
4650.000000  7.970634e-11
4670.000000  7.924830e-11
4690.000000  7.611028e-11
4710.000000  7.323486e-11
4730.000000  7.632752e-11
4750.000000  7.594537e-11
4770.000000  7.451527e-11
4790.000000  7.349730e-11
4810.000000  7.147818e-11
4830.000000  6.753593e-11
4850.000000  5.197900e-11
4870.000000  4.156647e-11
4890.000000  6.300940e-11
4910.000000  6.704766e-11
4930.000000  6.651201e-11
4950.000000  6.759626e-11
4970.000000  6.787063e-11
4990.000000  6.553531e-11
5010.000000  6.337290e-11
5030.000000  6.469000e-11
5050.000000  6.342633e-11
5070.000000  6.425567e-11
5090.000000  6.331009e-11
5110.000000  6.305443e-11
5130.000000  6.174939e-11
5150.000000  6.038884e-11
5170.000000  5.907930e-11
5190.000000  5.847573e-11
5210.000000  5.858334e-11
5230.000000  5.783839e-11
5250.000000  5.862885e-11
5270.000000  5.520389e-11
5290.000000  5.716258e-11
5310.000000  5.622249e-11
5330.000000  5.434132e-11
5350.000000  5.565068e-11
5370.000000  5.488259e-11
5390.000000  5.428640e-11
5410.000000  5.307508e-11
5430.000000  5.319638e-11
5450.000000  5.325594e-11
5470.000000  5.257719e-11
5490.000000  5.224368e-11
5510.000000  5.180424e-11
5530.000000  5.113605e-11
5550.000000  5.102937e-11
5570.000000  5.021475e-11
5590.000000  4.962848e-11
5610.000000  4.944444e-11
5630.000000  4.928400e-11
5650.000000  4.867657e-11
5670.000000  4.794051e-11
5690.000000  4.781259e-11
5710.000000  4.735071e-11
5730.000000  4.741336e-11
5750.000000  4.663254e-11
5770.000000  4.633801e-11
5790.000000  4.581605e-11
5810.000000  4.549560e-11
5830.000000  4.516550e-11
5850.000000  4.462698e-11
5870.000000  4.425583e-11
5890.000000  4.325132e-11
5910.000000  4.346111e-11
5930.000000  4.307324e-11
5950.000000  4.264606e-11
5970.000000  4.233063e-11
5990.000000  4.178902e-11
6010.000000  4.121496e-11
6030.000000  4.103741e-11
6050.000000  4.073770e-11
6070.000000  4.053042e-11
6090.000000  4.005948e-11
6110.000000  3.958764e-11
6130.000000  3.891265e-11
6150.000000  3.818332e-11
6170.000000  3.810946e-11
6190.000000  3.835140e-11
6210.000000  3.803527e-11
6230.000000  3.750516e-11
6250.000000  3.656599e-11
6270.000000  3.708430e-11
6290.000000  3.677211e-11
6310.000000  3.614833e-11
6330.000000  3.596824e-11
6350.000000  3.536892e-11
6370.000000  3.515710e-11
6390.000000  3.506392e-11
6410.000000  3.448759e-11
6430.000000  3.434749e-11
6450.000000  3.363726e-11
6470.000000  3.363676e-11
6490.000000  3.296942e-11
6510.000000  3.263794e-11
6530.000000  3.150152e-11
6550.000000  2.713171e-11
6570.000000  2.162550e-11
6590.000000  2.959025e-11
6610.000000  3.114531e-11
6630.000000  3.137596e-11
6650.000000  3.126603e-11
6670.000000  3.101152e-11
6690.000000  3.089583e-11
6710.000000  3.065799e-11
6730.000000  3.041201e-11
6750.000000  3.003026e-11
6770.000000  2.999699e-11
6790.000000  2.972380e-11
6810.000000  2.948312e-11
6830.000000  2.917635e-11
6850.000000  2.894667e-11
6870.000000  2.877740e-11
6890.000000  2.855439e-11
6910.000000  2.831035e-11
6930.000000  2.805687e-11
6950.000000  2.784498e-11
6970.000000  2.760346e-11
6990.000000  2.741742e-11
7010.000000  2.698025e-11
7030.000000  2.688922e-11
7050.000000  2.672480e-11
7070.000000  2.653586e-11
7090.000000  2.633056e-11
7110.000000  2.561561e-11
7130.000000  2.574709e-11
7150.000000  2.559043e-11
7170.000000  2.538925e-11
7190.000000  2.515157e-11
7210.000000  2.501262e-11
7230.000000  2.480464e-11
7250.000000  2.455531e-11
7270.000000  2.448853e-11
7290.000000  2.416917e-11
7310.000000  2.403836e-11
7330.000000  2.385953e-11
7350.000000  2.374484e-11
7370.000000  2.357740e-11
7390.000000  2.329859e-11
7410.000000  2.301949e-11
7430.000000  2.279405e-11
7450.000000  2.269764e-11
7470.000000  2.240766e-11
7490.000000  2.232629e-11
7510.000000  2.224057e-11
7530.000000  2.210854e-11
7550.000000  2.201643e-11
7570.000000  2.180726e-11
7590.000000  2.166355e-11
7610.000000  2.149109e-11
7630.000000  2.134113e-11
7650.000000  2.113444e-11
7670.000000  2.087449e-11
7690.000000  2.077801e-11
7710.000000  2.061939e-11
7730.000000  2.054092e-11
7750.000000  2.034774e-11
7770.000000  1.980133e-11
7790.000000  2.011888e-11
7810.000000  1.994323e-11
7830.000000  1.971242e-11
7850.000000  1.950632e-11
7870.000000  1.938359e-11
7890.000000  1.920170e-11
7910.000000  1.907358e-11
7930.000000  1.890910e-11
7950.000000  1.874117e-11
7970.000000  1.881082e-11
7990.000000  1.847832e-11
8010.000000  1.848664e-11
8030.000000  1.831495e-11
8050.000000  1.822438e-11
8070.000000  1.808067e-11
8090.000000  1.794089e-11
8110.000000  1.786543e-11
8130.000000  1.775552e-11
8150.000000  1.762584e-11
8170.000000  1.749959e-11
8190.000000  1.711852e-11
8210.000000  1.705760e-11
8230.000000  1.693100e-11
8250.000000  1.685648e-11
8270.000000  1.693625e-11
8290.000000  1.680291e-11
8310.000000  1.665669e-11
8330.000000  1.639797e-11
8350.000000  1.644784e-11
8370.000000  1.635427e-11
8390.000000  1.617020e-11
8410.000000  1.607808e-11
8430.000000  1.592784e-11
8450.000000  1.559464e-11
8470.000000  1.547160e-11
8490.000000  1.566045e-11
8510.000000  1.476708e-11
8530.000000  1.557199e-11
8550.000000  1.366501e-11
8570.000000  1.565737e-11
8590.000000  1.461030e-11
8610.000000  1.423911e-11
8630.000000  1.562519e-11
8650.000000  1.501752e-11
8670.000000  1.233084e-11
8690.000000  1.499643e-11
8710.000000  1.567391e-11
8730.000000  1.504466e-11
8750.000000  1.201689e-11
8770.000000  1.438493e-11
8790.000000  1.551030e-11
8810.000000  1.556606e-11
8830.000000  1.501390e-11
8850.000000  1.350180e-11
8870.000000  1.149181e-11
8890.000000  1.441480e-11
8910.000000  1.506904e-11
8930.000000  1.514277e-11
8950.000000  1.521837e-11
8970.000000  1.487091e-11
8990.000000  1.411389e-11
9010.000000  1.124072e-11
9030.000000  1.235682e-11
9050.000000  1.411435e-11
9070.000000  1.418716e-11
9090.000000  1.407756e-11
9110.000000  1.440205e-11
9130.000000  1.443636e-11
9150.000000  1.437755e-11
9170.000000  1.412602e-11
9190.000000  1.367799e-11
9210.000000  1.260524e-11
9230.000000  9.866426e-12
9250.000000  1.209427e-11
9270.000000  1.298213e-11
9290.000000  1.357565e-11
9310.000000  1.363757e-11
9330.000000  1.357880e-11
9350.000000  1.354321e-11
9370.000000  1.347786e-11
9390.000000  1.329606e-11
9410.000000  1.282501e-11
9430.000000  1.305994e-11
9450.000000  1.299005e-11
9470.000000  1.291063e-11
9490.000000  1.271169e-11
9510.000000  1.228028e-11
9530.000000  1.119847e-11
9550.000000  9.000796e-12
9570.000000  1.127501e-11
9590.000000  1.203772e-11
9610.000000  1.213491e-11
9630.000000  1.202188e-11
9650.000000  1.217180e-11
9670.000000  1.198889e-11
9690.000000  1.195975e-11
9710.000000  1.206880e-11
9730.000000  1.197700e-11
9750.000000  1.183101e-11
9770.000000  1.184975e-11
9790.000000  1.176759e-11
9810.000000  1.169263e-11
9830.000000  1.158984e-11
9850.000000  1.145563e-11
9870.000000  1.137901e-11
9890.000000  1.123900e-11
9910.000000  1.119808e-11
9930.000000  1.115938e-11
9950.000000  1.106987e-11
9970.000000  1.098733e-11
9990.000000  1.082079e-11
10025.000000  9.753964e-12
10075.000000  9.242348e-12
10125.000000  1.031004e-11
10175.000000  1.032636e-11
10225.000000  1.023968e-11
10275.000000  1.010377e-11
10325.000000  9.912811e-12
10375.000000  9.774457e-12
10425.000000  9.625136e-12
10475.000000  9.364742e-12
10525.000000  9.274720e-12
10575.000000  9.154668e-12
10625.000000  9.026560e-12
10675.000000  8.716445e-12
10725.000000  8.691128e-12
10775.000000  8.569008e-12
10825.000000  8.410362e-12
10875.000000  8.161355e-12
10925.000000  6.863042e-12
10975.000000  7.490446e-12
11025.000000  7.931447e-12
11075.000000  7.904195e-12
11125.000000  7.786288e-12
11175.000000  7.687030e-12
11225.000000  7.594080e-12
11275.000000  7.341987e-12
11325.000000  7.252672e-12
11375.000000  7.227864e-12
11425.000000  7.083533e-12
11475.000000  7.066978e-12
11525.000000  6.974992e-12
11575.000000  6.865358e-12
11625.000000  6.684552e-12
11675.000000  6.552287e-12
11725.000000  6.589661e-12
11775.000000  6.366217e-12
11825.000000  6.339923e-12
11875.000000  6.212704e-12
11925.000000  6.243233e-12
11975.000000  6.085271e-12
12025.000000  6.040862e-12
12075.000000  5.940683e-12
12125.000000  5.867046e-12
12175.000000  5.812637e-12
12225.000000  5.723433e-12
12275.000000  5.636784e-12
12325.000000  5.566703e-12
12375.000000  5.501589e-12
12425.000000  5.443633e-12
12475.000000  5.353907e-12
12525.000000  5.279840e-12
12575.000000  5.174608e-12
12625.000000  5.124341e-12
12675.000000  5.066730e-12
12725.000000  4.973545e-12
12775.000000  4.730200e-12
12825.000000  4.013548e-12
12875.000000  4.653285e-12
12925.000000  4.719801e-12
12975.000000  4.688173e-12
13025.000000  4.641245e-12
13075.000000  4.592602e-12
13125.000000  4.524754e-12
13175.000000  4.450639e-12
13225.000000  4.418254e-12
13275.000000  4.359825e-12
13325.000000  4.308744e-12
13375.000000  4.253363e-12
13425.000000  4.199233e-12
13475.000000  4.146580e-12
13525.000000  4.083220e-12
13575.000000  4.028497e-12
13625.000000  3.991950e-12
13675.000000  3.936576e-12
13725.000000  3.854897e-12
13775.000000  3.833949e-12
13825.000000  3.790548e-12
13875.000000  3.758261e-12
13925.000000  3.693624e-12
13975.000000  3.657950e-12
14025.000000  3.615827e-12
14075.000000  3.577225e-12
14125.000000  3.525571e-12
14175.000000  3.488459e-12
14225.000000  3.440952e-12
14275.000000  3.396055e-12
14325.000000  3.363293e-12
14375.000000  3.329144e-12
14425.000000  3.220644e-12
14475.000000  3.244866e-12
14525.000000  3.172267e-12
14570.000000  3.169482e-12
14620.000000  3.124000e-12
14675.000000  3.095825e-12
14725.000000  3.052050e-12
14775.000000  3.004717e-12
14825.000000  2.980826e-12
14875.000000  2.932472e-12
14925.000000  2.931009e-12
14975.000000  2.887433e-12
15025.000000  2.844499e-12
15075.000000  2.808803e-12
15125.000000  2.794471e-12
15175.000000  2.763423e-12
15225.000000  2.729561e-12
15275.000000  2.695233e-12
15325.000000  2.661854e-12
15375.000000  2.638212e-12
15425.000000  2.577272e-12
15475.000000  2.573041e-12
15525.000000  2.547157e-12
15575.000000  2.473997e-12
15625.000000  2.518063e-12
15675.000000  2.436043e-12
15725.000000  2.368086e-12
15775.000000  2.425175e-12
15825.000000  2.405959e-12
15875.000000  2.202556e-12
15925.000000  2.321628e-12
15975.000000  2.354307e-12
16050.000000  2.272317e-12
16150.000000  2.135795e-12
16250.000000  2.245298e-12
16350.000000  2.120149e-12
16450.000000  1.977177e-12
16550.000000  2.111096e-12
16650.000000  2.070724e-12
16750.000000  1.936265e-12
16850.000000  1.801172e-12
16950.000000  1.938610e-12
17050.000000  1.899552e-12
17150.000000  1.865242e-12
17250.000000  1.797156e-12
17350.000000  1.574067e-12
17450.000000  1.694256e-12
17550.000000  1.702313e-12
17650.000000  1.671164e-12
17750.000000  1.643185e-12
17850.000000  1.607088e-12
17950.000000  1.579263e-12
18050.000000  1.526887e-12
18150.000000  1.353102e-12
18250.000000  1.426457e-12
18350.000000  1.447823e-12
18450.000000  1.423802e-12
18550.000000  1.389693e-12
18650.000000  1.350126e-12
18750.000000  1.187428e-12
18850.000000  1.289179e-12
18950.000000  1.278080e-12
19050.000000  1.267941e-12
19150.000000  1.242808e-12
19250.000000  1.215669e-12
19350.000000  1.175022e-12
19450.000000  1.037215e-12
19550.000000  1.131610e-12
19650.000000  1.127070e-12
19750.000000  1.106226e-12
19850.000000  1.089062e-12
19950.000000  1.068953e-12
20050.000000  1.049944e-12
20150.000000  1.031297e-12
20250.000000  1.011164e-12
20350.000000  9.914868e-13
20450.000000  9.760066e-13
20550.000000  9.580342e-13
20650.000000  9.387586e-13
20750.000000  9.227719e-13
20850.000000  9.069162e-13
20950.000000  8.901896e-13
21050.000000  8.745149e-13
21150.000000  8.568616e-13
21250.000000  8.421203e-13
21350.000000  8.272849e-13
21450.000000  8.130740e-13
21550.000000  7.898859e-13
21650.000000  7.015407e-13
21750.000000  7.553479e-13
21850.000000  7.570790e-13
21950.000000  7.483567e-13
22050.000000  7.339631e-13
22150.000000  7.212497e-13
22250.000000  7.115450e-13
22350.000000  6.996069e-13
22450.000000  6.880377e-13
22550.000000  6.741438e-13
22650.000000  6.648080e-13
22750.000000  6.541489e-13
22850.000000  6.433520e-13
22950.000000  6.323842e-13
23050.000000  6.233983e-13
23150.000000  6.130458e-13
23250.000000  6.037990e-13
23350.000000  5.939805e-13
23450.000000  5.847899e-13
23550.000000  5.756022e-13
23650.000000  5.666893e-13
23750.000000  5.572513e-13
23850.000000  5.486026e-13
23950.000000  5.402157e-13
24050.000000  5.314842e-13
24150.000000  5.230994e-13
24250.000000  5.154643e-13
24350.000000  5.068817e-13
24450.000000  4.991361e-13
24550.000000  4.913739e-13
24650.000000  4.836498e-13
24750.000000  4.761588e-13
24850.000000  4.693242e-13
24950.000000  4.585361e-13
