2505.000000  2.926513e-10
2513.000000  2.551293e-10
2518.000000  2.635359e-10
2525.000000  2.417728e-10
2535.000000  2.433636e-10
2545.000000  2.387149e-10
2555.000000  2.575607e-10
2565.000000  2.518975e-10
2575.000000  2.741549e-10
2585.000000  2.703243e-10
2595.000000  2.627668e-10
2605.000000  2.493436e-10
2615.000000  2.474864e-10
2625.000000  2.643593e-10
2635.000000  2.653260e-10
2645.000000  2.969837e-10
2655.000000  2.910033e-10
2665.000000  2.592038e-10
2675.000000  2.761293e-10
2685.000000  2.677305e-10
2695.000000  2.600822e-10
2705.000000  2.696186e-10
2715.000000  2.543699e-10
2725.000000  2.579432e-10
2735.000000  2.789962e-10
2745.000000  2.306486e-10
2755.000000  2.309538e-10
2765.000000  2.380625e-10
2775.000000  2.591861e-10
2785.000000  2.536855e-10
2795.000000  1.888460e-10
2805.000000  2.177021e-10
2815.000000  2.625913e-10
2825.000000  2.696764e-10
2835.000000  2.535783e-10
2845.000000  2.436205e-10
2855.000000  2.369638e-10
2865.000000  2.551482e-10
2875.000000  2.451394e-10
2885.000000  2.494257e-10
2895.000000  2.369681e-10
2910.000000  2.652178e-10
2930.000000  2.521585e-10
2950.000000  2.515353e-10
2970.000000  2.547036e-10
2990.000000  2.550798e-10
3010.000000  2.600104e-10
3030.000000  2.543981e-10
3050.000000  2.497857e-10
3070.000000  2.457560e-10
3090.000000  2.486178e-10
3110.000000  2.400242e-10
3130.000000  2.379054e-10
3150.000000  2.405686e-10
3170.000000  2.369164e-10
3190.000000  2.272874e-10
3210.000000  2.310701e-10
3230.000000  2.258708e-10
3250.000000  2.263050e-10
3270.000000  2.254028e-10
3290.000000  2.255804e-10
3310.000000  2.251725e-10
3330.000000  2.192869e-10
3350.000000  2.154319e-10
3370.000000  2.141616e-10
3390.000000  2.113312e-10
3410.000000  2.138668e-10
3430.000000  2.118284e-10
3450.000000  2.094937e-10
3470.000000  2.059125e-10
3490.000000  2.039212e-10
3510.000000  2.047930e-10
3530.000000  2.042329e-10
3550.000000  2.029859e-10
3570.000000  1.990271e-10
3590.000000  1.971767e-10
3610.000000  1.954622e-10
3630.000000  1.935518e-10
3640.000000  1.925754e-10
3650.000000  1.967111e-10
3670.000000  1.949452e-10
3690.000000  1.881803e-10
3710.000000  1.879513e-10
3730.000000  1.880008e-10
3750.000000  2.339492e-10
3770.000000  2.476480e-10
3790.000000  3.039945e-10
3810.000000  3.492981e-10
3830.000000  2.764666e-10
3850.000000  3.732896e-10
3870.000000  4.168214e-10
3890.000000  2.431399e-10
3910.000000  4.095050e-10
3930.000000  4.201745e-10
3950.000000  4.062158e-10
3970.000000  2.296394e-10
3990.000000  3.881660e-10
4010.000000  4.140208e-10
4030.000000  4.066886e-10
4050.000000  4.065451e-10
4070.000000  3.900064e-10
4090.000000  3.161157e-10
4110.000000  2.423999e-10
4130.000000  3.642060e-10
4150.000000  3.779038e-10
4170.000000  3.723325e-10
4190.000000  3.682695e-10
4210.000000  3.642463e-10
4230.000000  3.574528e-10
4250.000000  3.506962e-10
4270.000000  3.428375e-10
4290.000000  3.414131e-10
4310.000000  3.247257e-10
4330.000000  2.526664e-10
4350.000000  2.151392e-10
4370.000000  3.122398e-10
4390.000000  3.117775e-10
4410.000000  3.130571e-10
4430.000000  3.072925e-10
4450.000000  3.077186e-10
4470.000000  3.013780e-10
4490.000000  2.934795e-10
4510.000000  2.945794e-10
4530.000000  2.893236e-10
4550.000000  2.823235e-10
4570.000000  2.840033e-10
4590.000000  2.768047e-10
4610.000000  2.783490e-10
4630.000000  2.690554e-10
4650.000000  2.706374e-10
4670.000000  2.656315e-10
4690.000000  2.608518e-10
4710.000000  2.526511e-10
4730.000000  2.556475e-10
4750.000000  2.517120e-10
4770.000000  2.494707e-10
4790.000000  2.456222e-10
4810.000000  2.399165e-10
4830.000000  2.306277e-10
4850.000000  1.846774e-10
4870.000000  1.502168e-10
4890.000000  2.184706e-10
4910.000000  2.241650e-10
4930.000000  2.209373e-10
4950.000000  2.206177e-10
4970.000000  2.190511e-10
4990.000000  2.154198e-10
5010.000000  2.088306e-10
5030.000000  2.079582e-10
5050.000000  2.034393e-10
5070.000000  2.039588e-10
5090.000000  2.013914e-10
5110.000000  1.981610e-10
5130.000000  1.967117e-10
5150.000000  1.923492e-10
5170.000000  1.891237e-10
5190.000000  1.874719e-10
5210.000000  1.854104e-10
5230.000000  1.821606e-10
5250.000000  1.822201e-10
5270.000000  1.771813e-10
5290.000000  1.786722e-10
5310.000000  1.742223e-10
5330.000000  1.728571e-10
5350.000000  1.725499e-10
5370.000000  1.701451e-10
5390.000000  1.680479e-10
5410.000000  1.651398e-10
5430.000000  1.638692e-10
5450.000000  1.627046e-10
5470.000000  1.604850e-10
5490.000000  1.588761e-10
5510.000000  1.568343e-10
5530.000000  1.553704e-10
5550.000000  1.537333e-10
5570.000000  1.519255e-10
5590.000000  1.503984e-10
5610.000000  1.491359e-10
5630.000000  1.474537e-10
5650.000000  1.449811e-10
5670.000000  1.435817e-10
5690.000000  1.423830e-10
5710.000000  1.408848e-10
5730.000000  1.393754e-10
5750.000000  1.376619e-10
5770.000000  1.361885e-10
5790.000000  1.343586e-10
5810.000000  1.330762e-10
5830.000000  1.316676e-10
5850.000000  1.303013e-10
5870.000000  1.283173e-10
5890.000000  1.265956e-10
5910.000000  1.259585e-10
5930.000000  1.247681e-10
5950.000000  1.226576e-10
5970.000000  1.217606e-10
5990.000000  1.201448e-10
6010.000000  1.192484e-10
6030.000000  1.181359e-10
6050.000000  1.166808e-10
6070.000000  1.155404e-10
6090.000000  1.143164e-10
6110.000000  1.131684e-10
6130.000000  1.118862e-10
6150.000000  1.090669e-10
6170.000000  1.094687e-10
6190.000000  1.085002e-10
6210.000000  1.073651e-10
6230.000000  1.060701e-10
6250.000000  1.040658e-10
6270.000000  1.040438e-10
6290.000000  1.029600e-10
6310.000000  1.016027e-10
6330.000000  1.007818e-10
6350.000000  9.827990e-11
6370.000000  9.784705e-11
6390.000000  9.763170e-11
6410.000000  9.647336e-11
6430.000000  9.568053e-11
6450.000000  9.382031e-11
6470.000000  9.367627e-11
6490.000000  9.210757e-11
6510.000000  9.089816e-11
6530.000000  8.844867e-11
6550.000000  7.756182e-11
6570.000000  6.294848e-11
6590.000000  8.377751e-11
6610.000000  8.626498e-11
6630.000000  8.603276e-11
6650.000000  8.550268e-11
6670.000000  8.467500e-11
6690.000000  8.396331e-11
6710.000000  8.326425e-11
6730.000000  8.228583e-11
6750.000000  8.160359e-11
6770.000000  8.090047e-11
6790.000000  8.005184e-11
6810.000000  7.930386e-11
6830.000000  7.843197e-11
6850.000000  7.774567e-11
6870.000000  7.702805e-11
6890.000000  7.633058e-11
6910.000000  7.555942e-11
6930.000000  7.475725e-11
6950.000000  7.415312e-11
6970.000000  7.345000e-11
6990.000000  7.282601e-11
7010.000000  7.184760e-11
7030.000000  7.143252e-11
7050.000000  7.060716e-11
7070.000000  7.005121e-11
7090.000000  6.948788e-11
7110.000000  6.841236e-11
7130.000000  6.806004e-11
7150.000000  6.744881e-11
7170.000000  6.688655e-11
7190.000000  6.629294e-11
7210.000000  6.570097e-11
7230.000000  6.500835e-11
7250.000000  6.435466e-11
7270.000000  6.391799e-11
7290.000000  6.329639e-11
7310.000000  6.270451e-11
7330.000000  6.218697e-11
7350.000000  6.167414e-11
7370.000000  6.112935e-11
7390.000000  6.055023e-11
7410.000000  5.996703e-11
7430.000000  5.914224e-11
7450.000000  5.875753e-11
7470.000000  5.803991e-11
7490.000000  5.772085e-11
7510.000000  5.723302e-11
7530.000000  5.685933e-11
7550.000000  5.638426e-11
7570.000000  5.588026e-11
7590.000000  5.537795e-11
7610.000000  5.494432e-11
7630.000000  5.443556e-11
7650.000000  5.390366e-11
7670.000000  5.344438e-11
7690.000000  5.298047e-11
7710.000000  5.250778e-11
7730.000000  5.210214e-11
7750.000000  5.165337e-11
7770.000000  5.012843e-11
7790.000000  5.077031e-11
7810.000000  5.038148e-11
7830.000000  4.989669e-11
7850.000000  4.931285e-11
7870.000000  4.875517e-11
7890.000000  4.816726e-11
7910.000000  4.814002e-11
7930.000000  4.782805e-11
7950.000000  4.704573e-11
7970.000000  4.704573e-11
7990.000000  4.594812e-11
8010.000000  4.626341e-11
8030.000000  4.585304e-11
8050.000000  4.548109e-11
8070.000000  4.509231e-11
8090.000000  4.472035e-11
8110.000000  4.433325e-11
8130.000000  4.400680e-11
8150.000000  4.365404e-11
8170.000000  4.330129e-11
8190.000000  4.269955e-11
8210.000000  4.243178e-11
8230.000000  4.193751e-11
8250.000000  4.199171e-11
8270.000000  4.190714e-11
8290.000000  4.144968e-11
8310.000000  4.123438e-11
8330.000000  4.077112e-11
8350.000000  4.059293e-11
8370.000000  4.030423e-11
8390.000000  3.996502e-11
8410.000000  3.953965e-11
8430.000000  3.913812e-11
8450.000000  3.829239e-11
8470.000000  3.805395e-11
8490.000000  3.828315e-11
8510.000000  3.674291e-11
8530.000000  3.807754e-11
8550.000000  3.492888e-11
8570.000000  3.819143e-11
8590.000000  3.554081e-11
8610.000000  3.473810e-11
8630.000000  3.824364e-11
8650.000000  3.650601e-11
8670.000000  3.082623e-11
8690.000000  3.705198e-11
8710.000000  3.852417e-11
8730.000000  3.677091e-11
8750.000000  2.916261e-11
8770.000000  3.484691e-11
8790.000000  3.815676e-11
8810.000000  3.835985e-11
8830.000000  3.708965e-11
8850.000000  3.278822e-11
8870.000000  2.784982e-11
8890.000000  3.520155e-11
8910.000000  3.683454e-11
8930.000000  3.691769e-11
8950.000000  3.692980e-11
8970.000000  3.623163e-11
8990.000000  3.427392e-11
9010.000000  2.710297e-11
9030.000000  2.953426e-11
9050.000000  3.414505e-11
9070.000000  3.449760e-11
9090.000000  3.443157e-11
9110.000000  3.466323e-11
9130.000000  3.451773e-11
9150.000000  3.435121e-11
9170.000000  3.378933e-11
9190.000000  3.275406e-11
9210.000000  3.021152e-11
9230.000000  2.351401e-11
9250.000000  2.893056e-11
9270.000000  3.095790e-11
9290.000000  3.223823e-11
9310.000000  3.230822e-11
9330.000000  3.205400e-11
9350.000000  3.193481e-11
9370.000000  3.175553e-11
9390.000000  3.131148e-11
9410.000000  3.067306e-11
9430.000000  3.091798e-11
9450.000000  3.071712e-11
9470.000000  3.037133e-11
9490.000000  2.993336e-11
9510.000000  2.905405e-11
9530.000000  2.630858e-11
9550.000000  2.115667e-11
9570.000000  2.653509e-11
9590.000000  2.839353e-11
9610.000000  2.861110e-11
9630.000000  2.816261e-11
9650.000000  2.850840e-11
9670.000000  2.818195e-11
9690.000000  2.812369e-11
9710.000000  2.802702e-11
9730.000000  2.780303e-11
9750.000000  2.757666e-11
9770.000000  2.742303e-11
9790.000000  2.720470e-11
9810.000000  2.697426e-11
9830.000000  2.669425e-11
9850.000000  2.654773e-11
9870.000000  2.634215e-11
9890.000000  2.602201e-11
9910.000000  2.596375e-11
9930.000000  2.575013e-11
9950.000000  2.553483e-11
9970.000000  2.530361e-11
9990.000000  2.497122e-11
10025.000000  2.250922e-11
10075.000000  2.127892e-11
10125.000000  2.361229e-11
10175.000000  2.357177e-11
10225.000000  2.327191e-11
10275.000000  2.286800e-11
10325.000000  2.244959e-11
10375.000000  2.207357e-11
10425.000000  2.170871e-11
10475.000000  2.125994e-11
10525.000000  2.087994e-11
10575.000000  2.057835e-11
10625.000000  2.026638e-11
10675.000000  1.970305e-11
10725.000000  1.951036e-11
10775.000000  1.920984e-11
10825.000000  1.883763e-11
10875.000000  1.832164e-11
10925.000000  1.541968e-11
10975.000000  1.678959e-11
11025.000000  1.759032e-11
11075.000000  1.742169e-11
11125.000000  1.716648e-11
11175.000000  1.689620e-11
11225.000000  1.662981e-11
11275.000000  1.615014e-11
11325.000000  1.594206e-11
11375.000000  1.582907e-11
11425.000000  1.557066e-11
11475.000000  1.535663e-11
11525.000000  1.512062e-11
11575.000000  1.488078e-11
11625.000000  1.457092e-11
11675.000000  1.432479e-11
11725.000000  1.419865e-11
11775.000000  1.385185e-11
11825.000000  1.372548e-11
11875.000000  1.349378e-11
11925.000000  1.336065e-11
11975.000000  1.312029e-11
12025.000000  1.294672e-11
12075.000000  1.274157e-11
12125.000000  1.255311e-11
12175.000000  1.237832e-11
12225.000000  1.218992e-11
12275.000000  1.199663e-11
12325.000000  1.182784e-11
12375.000000  1.165808e-11
12425.000000  1.150226e-11
12475.000000  1.128512e-11
12525.000000  1.116457e-11
12575.000000  1.095983e-11
12625.000000  1.082542e-11
12675.000000  1.067132e-11
12725.000000  1.047108e-11
12775.000000  1.001993e-11
12825.000000  8.626259e-12
12875.000000  9.832506e-12
12925.000000  9.902633e-12
12975.000000  9.804356e-12
13025.000000  9.681932e-12
13075.000000  9.548591e-12
13125.000000  9.416183e-12
13175.000000  9.253457e-12
13225.000000  9.158587e-12
13275.000000  9.033623e-12
13325.000000  8.909948e-12
13375.000000  8.788352e-12
13425.000000  8.663229e-12
13475.000000  8.544670e-12
13525.000000  8.419140e-12
13575.000000  8.312103e-12
13625.000000  8.201870e-12
13675.000000  8.084825e-12
13725.000000  7.972092e-12
13775.000000  7.884665e-12
13825.000000  7.779787e-12
13875.000000  7.681076e-12
13925.000000  7.573459e-12
13975.000000  7.478589e-12
14025.000000  7.383312e-12
14075.000000  7.288269e-12
14125.000000  7.191072e-12
14175.000000  7.099869e-12
14225.000000  7.008433e-12
14275.000000  6.919389e-12
14325.000000  6.828831e-12
14375.000000  6.742511e-12
14425.000000  6.615995e-12
14475.000000  6.571394e-12
14525.000000  6.470893e-12
14570.000000  6.416349e-12
14620.000000  6.342906e-12
14675.000000  6.265145e-12
14725.000000  6.185941e-12
14775.000000  6.096658e-12
14825.000000  6.035947e-12
14875.000000  5.950809e-12
14925.000000  5.896671e-12
14975.000000  5.816822e-12
15025.000000  5.746575e-12
15075.000000  5.673944e-12
15125.000000  5.611719e-12
15175.000000  5.542523e-12
15225.000000  5.477798e-12
15275.000000  5.404774e-12
15325.000000  5.334933e-12
15375.000000  5.279231e-12
15425.000000  5.183757e-12
15475.000000  5.151230e-12
15525.000000  5.085056e-12
15575.000000  4.960188e-12
15625.000000  5.013175e-12
15675.000000  4.864198e-12
15725.000000  4.748982e-12
15775.000000  4.855790e-12
15825.000000  4.789949e-12
15875.000000  4.452926e-12
15925.000000  4.616200e-12
15975.000000  4.676912e-12
16050.000000  4.520722e-12
16150.000000  4.272861e-12
16250.000000  4.434207e-12
16350.000000  4.208620e-12
16450.000000  3.960797e-12
16550.000000  4.158711e-12
16650.000000  4.071362e-12
16750.000000  3.836530e-12
16850.000000  3.601729e-12
16950.000000  3.802642e-12
17050.000000  3.733286e-12
17150.000000  3.653134e-12
17250.000000  3.544691e-12
17350.000000  3.156256e-12
17450.000000  3.349763e-12
17550.000000  3.340717e-12
17650.000000  3.277057e-12
17750.000000  3.209375e-12
17850.000000  3.142570e-12
17950.000000  3.079121e-12
18050.000000  2.987498e-12
18150.000000  2.689716e-12
18250.000000  2.802557e-12
18350.000000  2.825590e-12
18450.000000  2.775597e-12
18550.000000  2.711988e-12
18650.000000  2.639400e-12
18750.000000  2.370829e-12
18850.000000  2.528350e-12
18950.000000  2.503914e-12
19050.000000  2.461442e-12
19150.000000  2.412963e-12
19250.000000  2.361507e-12
19350.000000  2.290022e-12
19450.000000  2.053478e-12
19550.000000  2.202426e-12
19650.000000  2.186381e-12
19750.000000  2.146634e-12
19850.000000  2.106714e-12
19950.000000  2.067598e-12
20050.000000  2.029192e-12
20150.000000  1.990785e-12
20250.000000  1.953589e-12
20350.000000  1.917264e-12
20450.000000  1.882108e-12
20550.000000  1.847642e-12
20650.000000  1.813369e-12
20750.000000  1.780655e-12
20850.000000  1.748662e-12
20950.000000  1.716989e-12
21050.000000  1.686045e-12
21150.000000  1.654145e-12
21250.000000  1.625121e-12
21350.000000  1.595649e-12
21450.000000  1.566462e-12
21550.000000  1.525228e-12
21650.000000  1.376032e-12
21750.000000  1.461488e-12
21850.000000  1.459285e-12
21950.000000  1.437973e-12
22050.000000  1.413220e-12
22150.000000  1.388579e-12
22250.000000  1.365811e-12
22350.000000  1.342675e-12
22450.000000  1.320146e-12
22550.000000  1.297537e-12
22650.000000  1.276200e-12
22750.000000  1.254928e-12
22850.000000  1.235280e-12
22950.000000  1.214910e-12
23050.000000  1.195366e-12
23150.000000  1.175829e-12
23250.000000  1.156948e-12
23350.000000  1.138220e-12
23450.000000  1.119956e-12
23550.000000  1.102060e-12
23650.000000  1.084530e-12
23750.000000  1.067251e-12
23850.000000  1.050361e-12
23950.000000  1.033745e-12
24050.000000  1.016769e-12
24150.000000  1.000945e-12
24250.000000  9.856722e-13
24350.000000  9.700402e-13
24450.000000  9.544488e-13
24550.000000  9.402068e-13
24650.000000  9.246159e-13
24750.000000  9.105028e-13
24850.000000  8.982022e-13
24950.000000  8.784985e-13
