2505.000000  1.232528e-10
2513.000000  1.220166e-10
2518.000000  1.219476e-10
2525.000000  1.203880e-10
2535.000000  1.184882e-10
2545.000000  1.184042e-10
2555.000000  1.182092e-10
2565.000000  1.165266e-10
2575.000000  1.161714e-10
2585.000000  1.150424e-10
2595.000000  1.139424e-10
2605.000000  1.126652e-10
2615.000000  1.117684e-10
2625.000000  1.109947e-10
2635.000000  1.101239e-10
2645.000000  1.105666e-10
2655.000000  1.096557e-10
2665.000000  1.085146e-10
2675.000000  1.078751e-10
2685.000000  1.070874e-10
2695.000000  1.061075e-10
2705.000000  1.053338e-10
2715.000000  1.042618e-10
2725.000000  1.032959e-10
2735.000000  1.027254e-10
2745.000000  1.004201e-10
2755.000000  1.000108e-10
2765.000000  1.001290e-10
2775.000000  9.980181e-11
2785.000000  9.893201e-11
2795.000000  9.634246e-11
2805.000000  9.662291e-11
2815.000000  9.686519e-11
2825.000000  9.602145e-11
2835.000000  9.523467e-11
2845.000000  9.451500e-11
2855.000000  9.386243e-11
2865.000000  9.323689e-11
2875.000000  9.251623e-11
2885.000000  9.187766e-11
2895.000000  9.122508e-11
2910.000000  9.024621e-11
2930.000000  8.877982e-11
2950.000000  8.746066e-11
2970.000000  8.633265e-11
2990.000000  8.505548e-11
3010.000000  8.391347e-11
3030.000000  8.273139e-11
3050.000000  8.154931e-11
3070.000000  8.039427e-11
3090.000000  7.928025e-11
3110.000000  7.817925e-11
3130.000000  7.709226e-11
3150.000000  7.603230e-11
3170.000000  7.498634e-11
3190.000000  7.388534e-11
3210.000000  7.294848e-11
3230.000000  7.198360e-11
3250.000000  7.101873e-11
3270.000000  7.006786e-11
3290.000000  6.914402e-11
3310.000000  6.822018e-11
3330.000000  6.731034e-11
3350.000000  6.642752e-11
3370.000000  6.555774e-11
3390.000000  6.470195e-11
3410.000000  6.387320e-11
3430.000000  6.305844e-11
3450.000000  6.222969e-11
3470.000000  6.144197e-11
3490.000000  6.065424e-11
3510.000000  5.989354e-11
3530.000000  5.913285e-11
3550.000000  5.838615e-11
3570.000000  5.765249e-11
3590.000000  5.691882e-11
3610.000000  5.622618e-11
3630.000000  5.550651e-11
3640.000000  5.519422e-11
3650.000000  5.529743e-11
3670.000000  5.478096e-11
3690.000000  5.356178e-11
3710.000000  5.227061e-11
3730.000000  5.044897e-11
3750.000000  5.718671e-11
3770.000000  5.933590e-11
3790.000000  6.803854e-11
3810.000000  7.596746e-11
3830.000000  6.304584e-11
3850.000000  8.144792e-11
3870.000000  8.828888e-11
3890.000000  5.596780e-11
3910.000000  8.690753e-11
3930.000000  9.025504e-11
3950.000000  8.498170e-11
3970.000000  5.313311e-11
3990.000000  8.075655e-11
4010.000000  8.555054e-11
4030.000000  8.287018e-11
4050.000000  8.385789e-11
4070.000000  8.126028e-11
4090.000000  6.675676e-11
4110.000000  5.381399e-11
4130.000000  7.624740e-11
4150.000000  7.736661e-11
4170.000000  7.685211e-11
4190.000000  7.589018e-11
4210.000000  7.486214e-11
4230.000000  7.376408e-11
4250.000000  7.254392e-11
4270.000000  7.133775e-11
4290.000000  6.997040e-11
4310.000000  6.750794e-11
4330.000000  5.395137e-11
4350.000000  4.733084e-11
4370.000000  6.402753e-11
4390.000000  6.419488e-11
4410.000000  6.434696e-11
4430.000000  6.349313e-11
4450.000000  6.274742e-11
4470.000000  6.047836e-11
4490.000000  6.090561e-11
4510.000000  6.011986e-11
4530.000000  5.928003e-11
4550.000000  5.844021e-11
4570.000000  5.762742e-11
4590.000000  5.681463e-11
4610.000000  5.602887e-11
4630.000000  5.524310e-11
4650.000000  5.448436e-11
4670.000000  5.372563e-11
4690.000000  5.299392e-11
4710.000000  5.203101e-11
4730.000000  5.155851e-11
4750.000000  5.085383e-11
4770.000000  5.006904e-11
4790.000000  4.928328e-11
4810.000000  4.836238e-11
4830.000000  4.669870e-11
4850.000000  3.874471e-11
4870.000000  3.286990e-11
4890.000000  4.418022e-11
4910.000000  4.509819e-11
4930.000000  4.444462e-11
4950.000000  4.436550e-11
4970.000000  4.389104e-11
4990.000000  4.332248e-11
5010.000000  4.256276e-11
5030.000000  4.221140e-11
5050.000000  4.158780e-11
5070.000000  4.114136e-11
5090.000000  4.059982e-11
5110.000000  4.009834e-11
5130.000000  3.958383e-11
5150.000000  3.908235e-11
5170.000000  3.858087e-11
5190.000000  3.809339e-11
5210.000000  3.761991e-11
5230.000000  3.714546e-11
5250.000000  3.668501e-11
5270.000000  3.622456e-11
5290.000000  3.579113e-11
5310.000000  3.534370e-11
5330.000000  3.491028e-11
5350.000000  3.447686e-11
5370.000000  3.405744e-11
5390.000000  3.365104e-11
5410.000000  3.323064e-11
5430.000000  3.283825e-11
5450.000000  3.243185e-11
5470.000000  3.205248e-11
5490.000000  3.166009e-11
5510.000000  3.128073e-11
5530.000000  3.090136e-11
5550.000000  3.054902e-11
5570.000000  3.018365e-11
5590.000000  2.983131e-11
5610.000000  2.947897e-11
5630.000000  2.912663e-11
5650.000000  2.878829e-11
5670.000000  2.845387e-11
5690.000000  2.812334e-11
5710.000000  2.779412e-11
5730.000000  2.748151e-11
5750.000000  2.715620e-11
5770.000000  2.684749e-11
5790.000000  2.654009e-11
5810.000000  2.623660e-11
5830.000000  2.593310e-11
5850.000000  2.564482e-11
5870.000000  2.508120e-11
5890.000000  2.506645e-11
5910.000000  2.478748e-11
5930.000000  2.450991e-11
5950.000000  2.423494e-11
5970.000000  2.396677e-11
5990.000000  2.369861e-11
6010.000000  2.343726e-11
6030.000000  2.317850e-11
6050.000000  2.292395e-11
6070.000000  2.267201e-11
6090.000000  2.242416e-11
6110.000000  2.217902e-11
6130.000000  2.193799e-11
6150.000000  2.170096e-11
6170.000000  2.146532e-11
6190.000000  2.123370e-11
6210.000000  2.100487e-11
6230.000000  2.078005e-11
6250.000000  2.055794e-11
6270.000000  2.033852e-11
6290.000000  2.012181e-11
6310.000000  1.990920e-11
6330.000000  1.969929e-11
6350.000000  1.948668e-11
6370.000000  1.928349e-11
6390.000000  1.908309e-11
6410.000000  1.888400e-11
6430.000000  1.868630e-11
6450.000000  1.849131e-11
6470.000000  1.827750e-11
6490.000000  1.804857e-11
6510.000000  1.779142e-11
6530.000000  1.736269e-11
6550.000000  1.562763e-11
6570.000000  1.328650e-11
6590.000000  1.649392e-11
6610.000000  1.683548e-11
6630.000000  1.677292e-11
6650.000000  1.664289e-11
6670.000000  1.646643e-11
6690.000000  1.630797e-11
6710.000000  1.618365e-11
6730.000000  1.602249e-11
6750.000000  1.586133e-11
6770.000000  1.570288e-11
6790.000000  1.554712e-11
6810.000000  1.539277e-11
6830.000000  1.524112e-11
6850.000000  1.509078e-11
6870.000000  1.494183e-11
6890.000000  1.479559e-11
6910.000000  1.464934e-11
6930.000000  1.450710e-11
6950.000000  1.436496e-11
6970.000000  1.422683e-11
6990.000000  1.408869e-11
7010.000000  1.395326e-11
7030.000000  1.381923e-11
7050.000000  1.368519e-11
7070.000000  1.351554e-11
7090.000000  1.342514e-11
7110.000000  1.329651e-11
7130.000000  1.317059e-11
7150.000000  1.304467e-11
7170.000000  1.292144e-11
7190.000000  1.279953e-11
7210.000000  1.267901e-11
7230.000000  1.255849e-11
7250.000000  1.244067e-11
7270.000000  1.232556e-11
7290.000000  1.219954e-11
7310.000000  1.209674e-11
7330.000000  1.198433e-11
7350.000000  1.187332e-11
7370.000000  1.176361e-11
7390.000000  1.165530e-11
7410.000000  1.154830e-11
7430.000000  1.144269e-11
7450.000000  1.133709e-11
7470.000000  1.123279e-11
7490.000000  1.113129e-11
7510.000000  1.102969e-11
7530.000000  1.092949e-11
7550.000000  1.083199e-11
7570.000000  1.073450e-11
7590.000000  1.063700e-11
7610.000000  1.054221e-11
7630.000000  1.044742e-11
7650.000000  1.035402e-11
7670.000000  1.026193e-11
7690.000000  1.016984e-11
7710.000000  1.007915e-11
7730.000000  9.989765e-12
7750.000000  9.901777e-12
7770.000000  9.812389e-12
7790.000000  9.728408e-12
7810.000000  9.643124e-12
7830.000000  9.557840e-12
7850.000000  9.475258e-12
7870.000000  9.391276e-12
7890.000000  9.309996e-12
7910.000000  9.230118e-12
7930.000000  9.150239e-12
7950.000000  9.070360e-12
7970.000000  8.993184e-12
7990.000000  8.916008e-12
8010.000000  8.838832e-12
8030.000000  8.764359e-12
8050.000000  8.688485e-12
8070.000000  8.615412e-12
8090.000000  8.540939e-12
8110.000000  8.469169e-12
8130.000000  8.397398e-12
8150.000000  8.325628e-12
8170.000000  8.255258e-12
8190.000000  8.186190e-12
8210.000000  8.138548e-12
8230.000000  8.074886e-12
8250.000000  8.011224e-12
8270.000000  7.946259e-12
8290.000000  7.885300e-12
8310.000000  7.823038e-12
8330.000000  7.760777e-12
8350.000000  7.698417e-12
8370.000000  7.636155e-12
8390.000000  7.573893e-12
8410.000000  7.506226e-12
8430.000000  7.435856e-12
8450.000000  7.374896e-12
8470.000000  7.270791e-12
8490.000000  7.246270e-12
8510.000000  7.104325e-12
8530.000000  7.150076e-12
8550.000000  6.847366e-12
8570.000000  7.116046e-12
8590.000000  6.773999e-12
8610.000000  6.664488e-12
8630.000000  7.067103e-12
8650.000000  6.796629e-12
8670.000000  6.093713e-12
8690.000000  6.876214e-12
8710.000000  7.038380e-12
8730.000000  6.761101e-12
8750.000000  5.703828e-12
8770.000000  6.440480e-12
8790.000000  6.913661e-12
8810.000000  6.955505e-12
8830.000000  6.789137e-12
8850.000000  6.092733e-12
8870.000000  5.404535e-12
8890.000000  6.415763e-12
8910.000000  6.694148e-12
8930.000000  6.719775e-12
8950.000000  6.669725e-12
8970.000000  6.550705e-12
8990.000000  6.227479e-12
9010.000000  5.194433e-12
9030.000000  5.509452e-12
9050.000000  6.196250e-12
9070.000000  6.328588e-12
9090.000000  6.336696e-12
9110.000000  6.304165e-12
9130.000000  6.258120e-12
9150.000000  6.199961e-12
9170.000000  6.116077e-12
9190.000000  5.967327e-12
9210.000000  5.542698e-12
9230.000000  4.589432e-12
9250.000000  5.343897e-12
9270.000000  5.758919e-12
9290.000000  5.833197e-12
9310.000000  5.824990e-12
9330.000000  5.796562e-12
9350.000000  5.758625e-12
9370.000000  5.716683e-12
9390.000000  5.674741e-12
9410.000000  5.628696e-12
9430.000000  5.584051e-12
9450.000000  5.534001e-12
9470.000000  5.474442e-12
9490.000000  5.397364e-12
9510.000000  5.244511e-12
9530.000000  4.807768e-12
9550.000000  4.087039e-12
9570.000000  4.830693e-12
9590.000000  5.117284e-12
9610.000000  5.167236e-12
9630.000000  5.157728e-12
9650.000000  5.133305e-12
9670.000000  5.102272e-12
9690.000000  5.073746e-12
9710.000000  5.034507e-12
9730.000000  4.999273e-12
9750.000000  4.961434e-12
9770.000000  4.924897e-12
9790.000000  4.889663e-12
9810.000000  4.853127e-12
9830.000000  4.816591e-12
9850.000000  4.782757e-12
9870.000000  4.746220e-12
9890.000000  4.712387e-12
9910.000000  4.675850e-12
9930.000000  4.631206e-12
9950.000000  4.591966e-12
9970.000000  4.547322e-12
9990.000000  4.486460e-12
10025.000000  4.102373e-12
10075.000000  3.930600e-12
10125.000000  4.286063e-12
10175.000000  4.241418e-12
10225.000000  4.173653e-12
10275.000000  4.100580e-12
10325.000000  4.027507e-12
10375.000000  3.959840e-12
10425.000000  3.889470e-12
10475.000000  3.821803e-12
10525.000000  3.756838e-12
10575.000000  3.691874e-12
10625.000000  3.629612e-12
10675.000000  3.567350e-12
10725.000000  3.507791e-12
10775.000000  3.446930e-12
10825.000000  3.368353e-12
10875.000000  3.284567e-12
10925.000000  2.854532e-12
10975.000000  3.031613e-12
11025.000000  3.143729e-12
11075.000000  3.112598e-12
11125.000000  3.066553e-12
11175.000000  3.017805e-12
11225.000000  2.967755e-12
11275.000000  2.920407e-12
11325.000000  2.874362e-12
11375.000000  2.827015e-12
11425.000000  2.782761e-12
11475.000000  2.738507e-12
11525.000000  2.694774e-12
11575.000000  2.652701e-12
11625.000000  2.611020e-12
11675.000000  2.569859e-12
11725.000000  2.529800e-12
11775.000000  2.490551e-12
11825.000000  2.452112e-12
11875.000000  2.414355e-12
11925.000000  2.377408e-12
11975.000000  2.340041e-12
12025.000000  2.305407e-12
12075.000000  2.270492e-12
12125.000000  2.236118e-12
12175.000000  2.202554e-12
12225.000000  2.169531e-12
12275.000000  2.137049e-12
12325.000000  2.105378e-12
12375.000000  2.074117e-12
12425.000000  2.043396e-12
12475.000000  2.013486e-12
12525.000000  1.983847e-12
12575.000000  1.954888e-12
12625.000000  1.926600e-12
12675.000000  1.895489e-12
12725.000000  1.859763e-12
12775.000000  1.785518e-12
12825.000000  1.585405e-12
12875.000000  1.749643e-12
12925.000000  1.757451e-12
12975.000000  1.738753e-12
13025.000000  1.716831e-12
13075.000000  1.692607e-12
13125.000000  1.668923e-12
13175.000000  1.645510e-12
13225.000000  1.622637e-12
13275.000000  1.600175e-12
13325.000000  1.577983e-12
13375.000000  1.556191e-12
13425.000000  1.534810e-12
13475.000000  1.513969e-12
13525.000000  1.493129e-12
13575.000000  1.472828e-12
13625.000000  1.453069e-12
13675.000000  1.433309e-12
13725.000000  1.414090e-12
13775.000000  1.395151e-12
13825.000000  1.376472e-12
13875.000000  1.358204e-12
13925.000000  1.340066e-12
13975.000000  1.322339e-12
14025.000000  1.304881e-12
14075.000000  1.287834e-12
14125.000000  1.271048e-12
14175.000000  1.254401e-12
14225.000000  1.238165e-12
14275.000000  1.222059e-12
14325.000000  1.206223e-12
14375.000000  1.190667e-12
14425.000000  1.175372e-12
14475.000000  1.160347e-12
14525.000000  1.145603e-12
14570.000000  1.132470e-12
14620.000000  1.119467e-12
14675.000000  1.104041e-12
14725.000000  1.090368e-12
14775.000000  1.076975e-12
14825.000000  1.063711e-12
14875.000000  1.050588e-12
14925.000000  1.037595e-12
14975.000000  1.025013e-12
15025.000000  1.012560e-12
15075.000000  1.000108e-12
15125.000000  9.877957e-13
15175.000000  9.757537e-13
15225.000000  9.638419e-13
15275.000000  9.515296e-13
15325.000000  9.394875e-13
15375.000000  9.286569e-13
15425.000000  9.151332e-13
15475.000000  9.059242e-13
15525.000000  8.941524e-13
15575.000000  8.784665e-13
15625.000000  8.774961e-13
15675.000000  8.577560e-13
15725.000000  8.427507e-13
15775.000000  8.490778e-13
15825.000000  8.370357e-13
15875.000000  7.982558e-13
15925.000000  8.099884e-13
15975.000000  8.144235e-13
16050.000000  7.907595e-13
16150.000000  7.557439e-13
16250.000000  7.696289e-13
16350.000000  7.350138e-13
16450.000000  6.997181e-13
16550.000000  7.211806e-13
16650.000000  7.060255e-13
16750.000000  6.693785e-13
16850.000000  6.363850e-13
16950.000000  6.594790e-13
17050.000000  6.474272e-13
17150.000000  6.332229e-13
17250.000000  6.152348e-13
17350.000000  5.593981e-13
17450.000000  5.829024e-13
17550.000000  5.797795e-13
17650.000000  5.684082e-13
17750.000000  5.563662e-13
17850.000000  5.445944e-13
17950.000000  5.329627e-13
18050.000000  5.188887e-13
18150.000000  4.748139e-13
18250.000000  4.879175e-13
18350.000000  4.891190e-13
18450.000000  4.803203e-13
18550.000000  4.703102e-13
18650.000000  4.574574e-13
18750.000000  4.196088e-13
18850.000000  4.385183e-13
18950.000000  4.336436e-13
19050.000000  4.253854e-13
19150.000000  4.169970e-13
19250.000000  4.082081e-13
19350.000000  3.961661e-13
19450.000000  3.625019e-13
19550.000000  3.808807e-13
19650.000000  3.774876e-13
19750.000000  3.707208e-13
19850.000000  3.636838e-13
19950.000000  3.567868e-13
20050.000000  3.500201e-13
20150.000000  3.435236e-13
20250.000000  3.371672e-13
20350.000000  3.308108e-13
20450.000000  3.245847e-13
20550.000000  3.186288e-13
20650.000000  3.128129e-13
20750.000000  3.071273e-13
20850.000000  3.015817e-13
20950.000000  2.960361e-13
21050.000000  2.907608e-13
21150.000000  2.856157e-13
21250.000000  2.803404e-13
21350.000000  2.754266e-13
21450.000000  2.701643e-13
21550.000000  2.632543e-13
21650.000000  2.424742e-13
21750.000000  2.524715e-13
21850.000000  2.515747e-13
21950.000000  2.477579e-13
22050.000000  2.434956e-13
22150.000000  2.393145e-13
22250.000000  2.352284e-13
22350.000000  2.312234e-13
22450.000000  2.273134e-13
22550.000000  2.234836e-13
22650.000000  2.197229e-13
22750.000000  2.160562e-13
22850.000000  2.125507e-13
22950.000000  2.090462e-13
23050.000000  2.056098e-13
23150.000000  2.022404e-13
23250.000000  1.989661e-13
23350.000000  1.957189e-13
23450.000000  1.925667e-13
23550.000000  1.894676e-13
23650.000000  1.864236e-13
23750.000000  1.834466e-13
23850.000000  1.805247e-13
23950.000000  1.776558e-13
24050.000000  1.748420e-13
24150.000000  1.720682e-13
24250.000000  1.693755e-13
24350.000000  1.667239e-13
24450.000000  1.640722e-13
24550.000000  1.615557e-13
24650.000000  1.589581e-13
24750.000000  1.565087e-13
24850.000000  1.542354e-13
24950.000000  1.514226e-13
