2505.000000  2.234184e-10
2513.000000  2.204479e-10
2518.000000  2.207830e-10
2525.000000  2.170439e-10
2535.000000  2.130973e-10
2545.000000  2.129231e-10
2555.000000  2.133855e-10
2565.000000  2.100778e-10
2575.000000  2.096006e-10
2585.000000  2.076721e-10
2595.000000  2.055440e-10
2605.000000  2.034202e-10
2615.000000  2.016307e-10
2625.000000  1.998088e-10
2635.000000  1.980823e-10
2645.000000  1.993210e-10
2655.000000  1.974622e-10
2665.000000  1.948299e-10
2675.000000  1.938797e-10
2685.000000  1.924974e-10
2695.000000  1.901649e-10
2705.000000  1.889181e-10
2715.000000  1.866243e-10
2725.000000  1.844591e-10
2735.000000  1.837845e-10
2745.000000  1.789967e-10
2755.000000  1.782505e-10
2765.000000  1.782082e-10
2775.000000  1.781060e-10
2785.000000  1.762496e-10
2795.000000  1.712225e-10
2805.000000  1.721950e-10
2815.000000  1.724624e-10
2825.000000  1.703648e-10
2835.000000  1.688142e-10
2845.000000  1.675677e-10
2855.000000  1.664519e-10
2865.000000  1.653691e-10
2875.000000  1.638497e-10
2885.000000  1.626326e-10
2895.000000  1.613826e-10
2910.000000  1.595238e-10
2930.000000  1.565865e-10
2950.000000  1.538481e-10
2970.000000  1.519239e-10
2990.000000  1.494247e-10
3010.000000  1.472617e-10
3030.000000  1.449986e-10
3050.000000  1.427021e-10
3070.000000  1.405063e-10
3090.000000  1.383449e-10
3110.000000  1.362168e-10
3130.000000  1.341901e-10
3150.000000  1.321305e-10
3170.000000  1.301711e-10
3190.000000  1.278390e-10
3210.000000  1.262535e-10
3230.000000  1.243959e-10
3250.000000  1.225716e-10
3270.000000  1.208158e-10
3290.000000  1.190255e-10
3310.000000  1.173370e-10
3330.000000  1.156149e-10
3350.000000  1.139260e-10
3370.000000  1.123053e-10
3390.000000  1.107182e-10
3410.000000  1.091311e-10
3430.000000  1.076431e-10
3450.000000  1.060893e-10
3470.000000  1.046389e-10
3490.000000  1.031536e-10
3510.000000  1.017023e-10
3530.000000  1.002840e-10
3550.000000  9.889930e-11
3570.000000  9.761679e-11
3590.000000  9.619766e-11
3610.000000  9.491516e-11
3630.000000  9.359781e-11
3640.000000  9.305834e-11
3650.000000  9.244921e-11
3670.000000  9.143644e-11
3690.000000  8.887346e-11
3710.000000  8.755208e-11
3730.000000  8.626347e-11
3750.000000  9.963811e-11
3770.000000  1.031403e-10
3790.000000  1.150321e-10
3810.000000  1.249681e-10
3830.000000  1.048431e-10
3850.000000  1.317088e-10
3870.000000  1.378992e-10
3890.000000  9.611946e-11
3910.000000  1.356087e-10
3930.000000  1.365775e-10
3950.000000  1.319992e-10
3970.000000  9.055145e-11
3990.000000  1.262682e-10
4010.000000  1.287874e-10
4030.000000  1.230463e-10
4050.000000  1.260239e-10
4070.000000  1.230920e-10
4090.000000  1.074270e-10
4110.000000  8.892461e-11
4130.000000  1.157403e-10
4150.000000  1.157717e-10
4170.000000  1.149292e-10
4190.000000  1.134459e-10
4210.000000  1.117261e-10
4230.000000  1.100396e-10
4250.000000  1.083539e-10
4270.000000  1.065671e-10
4290.000000  1.046794e-10
4310.000000  1.020845e-10
4330.000000  8.682362e-11
4350.000000  7.711714e-11
4370.000000  9.712826e-11
4390.000000  9.530131e-11
4410.000000  9.594570e-11
4430.000000  9.439348e-11
4450.000000  9.328166e-11
4470.000000  8.902738e-11
4490.000000  9.038232e-11
4510.000000  8.926972e-11
4530.000000  8.798800e-11
4550.000000  8.670706e-11
4570.000000  8.549306e-11
4590.000000  8.427906e-11
4610.000000  8.306545e-11
4630.000000  8.188552e-11
4650.000000  8.073886e-11
4670.000000  7.962625e-11
4690.000000  7.851365e-11
4710.000000  7.682635e-11
4730.000000  7.632211e-11
4750.000000  7.524318e-11
4770.000000  7.423196e-11
4790.000000  7.311935e-11
4810.000000  7.190534e-11
4830.000000  7.015377e-11
4850.000000  6.136156e-11
4870.000000  5.290274e-11
4890.000000  6.681632e-11
4910.000000  6.701724e-11
4930.000000  6.542940e-11
4950.000000  6.566781e-11
4970.000000  6.479129e-11
4990.000000  6.394802e-11
5010.000000  6.263185e-11
5030.000000  6.226229e-11
5050.000000  6.121663e-11
5070.000000  6.064428e-11
5090.000000  5.986874e-11
5110.000000  5.905993e-11
5130.000000  5.831768e-11
5150.000000  5.757581e-11
5170.000000  5.683434e-11
5190.000000  5.609247e-11
5210.000000  5.538427e-11
5230.000000  5.467647e-11
5250.000000  5.396866e-11
5270.000000  5.329452e-11
5290.000000  5.261999e-11
5310.000000  5.197913e-11
5330.000000  5.130538e-11
5350.000000  5.066491e-11
5370.000000  5.005772e-11
5390.000000  4.941725e-11
5410.000000  4.881044e-11
5430.000000  4.820364e-11
5450.000000  4.763011e-11
5470.000000  4.702370e-11
5490.000000  4.648384e-11
5510.000000  4.591071e-11
5530.000000  4.533797e-11
5550.000000  4.479850e-11
5570.000000  4.425903e-11
5590.000000  4.371996e-11
5610.000000  4.321376e-11
5630.000000  4.267469e-11
5650.000000  4.216889e-11
5670.000000  4.166348e-11
5690.000000  4.119135e-11
5710.000000  4.071882e-11
5730.000000  4.021381e-11
5750.000000  3.974168e-11
5770.000000  3.930321e-11
5790.000000  3.883147e-11
5810.000000  3.839301e-11
5830.000000  3.795454e-11
5850.000000  3.751647e-11
5870.000000  3.640231e-11
5890.000000  3.663993e-11
5910.000000  3.623553e-11
5930.000000  3.583073e-11
5950.000000  3.539266e-11
5970.000000  3.502153e-11
5990.000000  3.461713e-11
6010.000000  3.421272e-11
6030.000000  3.384199e-11
6050.000000  3.346087e-11
6070.000000  3.309014e-11
6090.000000  3.271940e-11
6110.000000  3.235865e-11
6130.000000  3.200122e-11
6150.000000  3.164712e-11
6170.000000  3.130007e-11
6190.000000  3.095634e-11
6210.000000  3.061904e-11
6230.000000  3.028530e-11
6250.000000  2.995492e-11
6270.000000  2.963128e-11
6290.000000  2.931105e-11
6310.000000  2.899418e-11
6330.000000  2.868404e-11
6350.000000  2.835707e-11
6370.000000  2.806377e-11
6390.000000  2.777384e-11
6410.000000  2.747721e-11
6430.000000  2.718728e-11
6450.000000  2.690075e-11
6470.000000  2.661754e-11
6490.000000  2.631433e-11
6510.000000  2.596376e-11
6530.000000  2.550892e-11
6550.000000  2.366661e-11
6570.000000  2.042178e-11
6590.000000  2.443388e-11
6610.000000  2.459853e-11
6630.000000  2.443332e-11
6650.000000  2.423093e-11
6670.000000  2.386646e-11
6690.000000  2.362714e-11
6710.000000  2.349603e-11
6730.000000  2.325668e-11
6750.000000  2.302073e-11
6770.000000  2.278811e-11
6790.000000  2.255557e-11
6810.000000  2.232968e-11
6830.000000  2.210716e-11
6850.000000  2.188472e-11
6870.000000  2.166560e-11
6890.000000  2.144986e-11
6910.000000  2.123747e-11
6930.000000  2.102513e-11
6950.000000  2.081949e-11
6970.000000  2.061388e-11
6990.000000  2.041160e-11
7010.000000  2.020939e-11
7030.000000  2.001385e-11
7050.000000  1.981497e-11
7070.000000  1.949083e-11
7090.000000  1.943406e-11
7110.000000  1.924528e-11
7130.000000  1.905987e-11
7150.000000  1.887451e-11
7170.000000  1.869583e-11
7190.000000  1.851383e-11
7210.000000  1.833852e-11
7230.000000  1.816322e-11
7250.000000  1.799131e-11
7270.000000  1.781941e-11
7290.000000  1.761016e-11
7310.000000  1.748234e-11
7330.000000  1.732054e-11
7350.000000  1.715537e-11
7370.000000  1.699694e-11
7390.000000  1.683518e-11
7410.000000  1.668007e-11
7430.000000  1.652500e-11
7450.000000  1.636998e-11
7470.000000  1.621831e-11
7490.000000  1.606998e-11
7510.000000  1.592165e-11
7530.000000  1.577668e-11
7550.000000  1.563175e-11
7570.000000  1.548682e-11
7590.000000  1.534526e-11
7610.000000  1.520703e-11
7630.000000  1.506883e-11
7650.000000  1.493064e-11
7670.000000  1.479581e-11
7690.000000  1.466435e-11
7710.000000  1.452956e-11
7730.000000  1.440143e-11
7750.000000  1.427001e-11
7770.000000  1.413518e-11
7790.000000  1.401719e-11
7810.000000  1.389246e-11
7830.000000  1.377110e-11
7850.000000  1.364978e-11
7870.000000  1.352842e-11
7890.000000  1.340709e-11
7910.000000  1.329247e-11
7930.000000  1.317451e-11
7950.000000  1.305989e-11
7970.000000  1.294530e-11
7990.000000  1.283071e-11
8010.000000  1.271949e-11
8030.000000  1.260827e-11
8050.000000  1.250037e-11
8070.000000  1.239252e-11
8090.000000  1.228467e-11
8110.000000  1.218018e-11
8130.000000  1.207565e-11
8150.000000  1.197116e-11
8170.000000  1.187004e-11
8190.000000  1.176892e-11
8210.000000  1.166436e-11
8230.000000  1.157338e-11
8250.000000  1.148236e-11
8270.000000  1.138116e-11
8290.000000  1.129695e-11
8310.000000  1.120597e-11
8330.000000  1.111491e-11
8350.000000  1.101375e-11
8370.000000  1.092613e-11
8390.000000  1.083183e-11
8410.000000  1.072401e-11
8430.000000  1.062289e-11
8450.000000  1.053175e-11
8470.000000  1.035340e-11
8490.000000  1.038009e-11
8510.000000  1.010410e-11
8530.000000  1.027548e-11
8550.000000  9.713285e-12
8570.000000  1.025519e-11
8590.000000  9.706068e-12
8610.000000  9.537810e-12
8630.000000  1.019764e-11
8650.000000  9.837162e-12
8670.000000  8.746111e-12
8690.000000  9.954956e-12
8710.000000  1.013672e-11
8730.000000  9.796403e-12
8750.000000  8.297809e-12
8770.000000  9.368548e-12
8790.000000  9.917534e-12
8810.000000  9.920827e-12
8830.000000  9.742305e-12
8850.000000  8.910272e-12
8870.000000  7.923541e-12
8890.000000  9.294244e-12
8910.000000  9.529891e-12
8930.000000  9.509578e-12
8950.000000  9.442242e-12
8970.000000  9.317589e-12
8990.000000  8.987400e-12
9010.000000  7.633485e-12
9030.000000  8.088191e-12
9050.000000  8.893095e-12
9070.000000  8.953472e-12
9090.000000  8.940007e-12
9110.000000  8.886140e-12
9130.000000  8.818765e-12
9150.000000  8.741251e-12
9170.000000  8.643495e-12
9190.000000  8.502045e-12
9210.000000  8.043878e-12
9230.000000  6.760708e-12
9250.000000  7.798101e-12
9270.000000  8.212266e-12
9290.000000  8.249229e-12
9310.000000  8.201979e-12
9330.000000  8.164983e-12
9350.000000  8.107631e-12
9370.000000  8.046990e-12
9390.000000  7.986311e-12
9410.000000  7.918935e-12
9430.000000  7.861621e-12
9450.000000  7.790919e-12
9470.000000  7.703187e-12
9490.000000  7.629155e-12
9510.000000  7.467388e-12
9530.000000  6.995833e-12
9550.000000  6.012385e-12
9570.000000  7.012746e-12
9590.000000  7.278771e-12
9610.000000  7.288759e-12
9630.000000  7.251648e-12
9650.000000  7.224752e-12
9670.000000  7.174134e-12
9690.000000  7.116861e-12
9710.000000  7.062875e-12
9730.000000  7.012412e-12
9750.000000  6.961832e-12
9770.000000  6.907925e-12
9790.000000  6.857384e-12
9810.000000  6.806843e-12
9830.000000  6.756263e-12
9850.000000  6.705722e-12
9870.000000  6.655181e-12
9890.000000  6.608007e-12
9910.000000  6.557467e-12
9930.000000  6.510291e-12
9950.000000  6.456383e-12
9970.000000  6.395703e-12
9990.000000  6.328327e-12
10025.000000  5.900541e-12
10075.000000  5.671483e-12
10125.000000  6.031738e-12
10175.000000  5.954225e-12
10225.000000  5.846411e-12
10275.000000  5.745290e-12
10325.000000  5.637436e-12
10375.000000  5.543127e-12
10425.000000  5.445412e-12
10475.000000  5.351025e-12
10525.000000  5.260043e-12
10575.000000  5.169062e-12
10625.000000  5.078081e-12
10675.000000  4.990427e-12
10725.000000  4.906218e-12
10775.000000  4.825298e-12
10825.000000  4.710671e-12
10875.000000  4.626538e-12
10925.000000  4.117874e-12
10975.000000  4.333467e-12
11025.000000  4.410831e-12
11075.000000  4.356924e-12
11125.000000  4.289510e-12
11175.000000  4.218769e-12
11225.000000  4.147989e-12
11275.000000  4.080614e-12
11325.000000  4.016566e-12
11375.000000  3.952519e-12
11425.000000  3.888511e-12
11475.000000  3.824503e-12
11525.000000  3.763823e-12
11575.000000  3.703182e-12
11625.000000  3.645908e-12
11675.000000  3.588594e-12
11725.000000  3.531320e-12
11775.000000  3.477412e-12
11825.000000  3.423465e-12
11875.000000  3.369558e-12
11925.000000  3.318019e-12
11975.000000  3.261332e-12
12025.000000  3.216937e-12
12075.000000  3.168060e-12
12125.000000  3.119868e-12
12175.000000  3.072690e-12
12225.000000  3.026190e-12
12275.000000  2.980703e-12
12325.000000  2.936218e-12
12375.000000  2.892411e-12
12425.000000  2.849614e-12
12475.000000  2.807161e-12
12525.000000  2.765029e-12
12575.000000  2.725274e-12
12625.000000  2.685511e-12
12675.000000  2.646420e-12
12725.000000  2.600272e-12
12775.000000  2.518387e-12
12825.000000  2.276235e-12
12875.000000  2.463810e-12
12925.000000  2.456037e-12
12975.000000  2.422992e-12
13025.000000  2.391336e-12
13075.000000  2.357637e-12
13125.000000  2.324279e-12
13175.000000  2.291594e-12
13225.000000  2.259582e-12
13275.000000  2.227907e-12
13325.000000  2.196909e-12
13375.000000  2.166577e-12
13425.000000  2.136585e-12
13475.000000  2.107270e-12
13525.000000  2.078293e-12
13575.000000  2.049988e-12
13625.000000  2.022020e-12
13675.000000  1.994393e-12
13725.000000  1.967436e-12
13775.000000  1.941147e-12
13825.000000  1.914867e-12
13875.000000  1.889260e-12
13925.000000  1.863985e-12
13975.000000  1.839384e-12
14025.000000  1.814791e-12
14075.000000  1.790868e-12
14125.000000  1.767277e-12
14175.000000  1.744363e-12
14225.000000  1.721449e-12
14275.000000  1.698876e-12
14325.000000  1.676969e-12
14375.000000  1.655069e-12
14425.000000  1.633839e-12
14475.000000  1.612945e-12
14525.000000  1.592059e-12
14570.000000  1.573859e-12
14620.000000  1.554312e-12
14675.000000  1.532749e-12
14725.000000  1.513543e-12
14775.000000  1.494673e-12
14825.000000  1.476140e-12
14875.000000  1.457944e-12
14925.000000  1.440085e-12
14975.000000  1.422225e-12
15025.000000  1.404702e-12
15075.000000  1.386843e-12
15125.000000  1.369997e-12
15175.000000  1.352815e-12
15225.000000  1.336302e-12
15275.000000  1.318783e-12
15325.000000  1.301601e-12
15375.000000  1.287448e-12
15425.000000  1.266895e-12
15475.000000  1.256110e-12
15525.000000  1.240270e-12
15575.000000  1.214339e-12
15625.000000  1.218699e-12
15675.000000  1.189401e-12
15725.000000  1.165485e-12
15775.000000  1.179605e-12
15825.000000  1.163437e-12
15875.000000  1.103169e-12
15925.000000  1.126379e-12
15975.000000  1.130744e-12
16050.000000  1.100090e-12
16150.000000  1.050243e-12
16250.000000  1.066716e-12
16350.000000  1.024275e-12
16450.000000  9.761107e-13
16550.000000  9.979794e-13
16650.000000  9.764164e-13
16750.000000  9.336382e-13
16850.000000  8.895139e-13
16950.000000  9.120561e-13
17050.000000  8.921689e-13
17150.000000  8.736476e-13
17250.000000  8.514110e-13
17350.000000  7.854019e-13
17450.000000  8.096353e-13
17550.000000  8.001970e-13
17650.000000  7.833476e-13
17750.000000  7.665019e-13
17850.000000  7.503296e-13
17950.000000  7.344940e-13
18050.000000  7.173115e-13
18150.000000  6.654469e-13
18250.000000  6.789064e-13
18350.000000  6.751916e-13
18450.000000  6.617129e-13
18550.000000  6.482340e-13
18650.000000  6.320616e-13
18750.000000  5.886178e-13
18850.000000  6.067989e-13
18950.000000  5.973604e-13
19050.000000  5.852283e-13
19150.000000  5.741101e-13
19250.000000  5.626591e-13
19350.000000  5.481739e-13
19450.000000  5.087665e-13
19550.000000  5.269436e-13
19650.000000  5.202024e-13
19750.000000  5.104310e-13
19850.000000  5.006595e-13
19950.000000  4.908920e-13
20050.000000  4.817938e-13
20150.000000  4.726957e-13
20250.000000  4.639342e-13
20350.000000  4.551767e-13
20450.000000  4.467519e-13
20550.000000  4.383271e-13
20650.000000  4.302430e-13
20750.000000  4.224915e-13
20850.000000  4.147440e-13
20950.000000  4.073293e-13
21050.000000  3.999185e-13
21150.000000  3.925076e-13
21250.000000  3.857663e-13
21350.000000  3.786960e-13
21450.000000  3.719546e-13
21550.000000  3.635336e-13
21650.000000  3.392808e-13
21750.000000  3.493853e-13
21850.000000  3.463514e-13
21950.000000  3.406201e-13
22050.000000  3.347263e-13
22150.000000  3.289616e-13
22250.000000  3.233379e-13
22350.000000  3.178102e-13
22450.000000  3.124202e-13
22550.000000  3.071308e-13
22650.000000  3.019757e-13
22750.000000  2.968884e-13
22850.000000  2.919690e-13
22950.000000  2.871510e-13
23050.000000  2.824003e-13
23150.000000  2.777843e-13
23250.000000  2.732360e-13
23350.000000  2.687887e-13
23450.000000  2.644420e-13
23550.000000  2.601635e-13
23650.000000  2.559519e-13
23750.000000  2.518749e-13
23850.000000  2.478653e-13
23950.000000  2.438898e-13
24050.000000  2.399820e-13
24150.000000  2.361748e-13
24250.000000  2.324686e-13
24350.000000  2.287957e-13
24450.000000  2.251236e-13
24550.000000  2.217208e-13
24650.000000  2.180823e-13
24750.000000  2.147128e-13
24850.000000  2.117144e-13
24950.000000  2.075373e-13
