2505.000000  3.034590e-10
2513.000000  2.690797e-10
2518.000000  2.758154e-10
2525.000000  2.555761e-10
2535.000000  2.515802e-10
2545.000000  2.514226e-10
2555.000000  2.691936e-10
2565.000000  2.671095e-10
2575.000000  2.869456e-10
2585.000000  2.857854e-10
2595.000000  2.786843e-10
2605.000000  2.658679e-10
2615.000000  2.629910e-10
2625.000000  2.810296e-10
2635.000000  2.823459e-10
2645.000000  3.153190e-10
2655.000000  3.101887e-10
2665.000000  2.821898e-10
2675.000000  2.955669e-10
2685.000000  2.919621e-10
2695.000000  2.803729e-10
2705.000000  2.878310e-10
2715.000000  2.728639e-10
2725.000000  2.759302e-10
2735.000000  2.975604e-10
2745.000000  2.504389e-10
2755.000000  2.535452e-10
2765.000000  2.616495e-10
2775.000000  2.822527e-10
2785.000000  2.752808e-10
2795.000000  2.070641e-10
2805.000000  2.343762e-10
2815.000000  2.872533e-10
2825.000000  2.920585e-10
2835.000000  2.793768e-10
2845.000000  2.689069e-10
2855.000000  2.605133e-10
2865.000000  2.783292e-10
2875.000000  2.695153e-10
2885.000000  2.753322e-10
2895.000000  2.634534e-10
2910.000000  2.914721e-10
2930.000000  2.792138e-10
2950.000000  2.781598e-10
2970.000000  2.818708e-10
2990.000000  2.829555e-10
3010.000000  2.870250e-10
3030.000000  2.830048e-10
3050.000000  2.795278e-10
3070.000000  2.759357e-10
3090.000000  2.792225e-10
3110.000000  2.719072e-10
3130.000000  2.700220e-10
3150.000000  2.731985e-10
3170.000000  2.708782e-10
3190.000000  2.607560e-10
3210.000000  2.654263e-10
3230.000000  2.596126e-10
3250.000000  2.616077e-10
3270.000000  2.614701e-10
3290.000000  2.628234e-10
3310.000000  2.630409e-10
3330.000000  2.572258e-10
3350.000000  2.529545e-10
3370.000000  2.525994e-10
3390.000000  2.503307e-10
3410.000000  2.536593e-10
3430.000000  2.524849e-10
3450.000000  2.504037e-10
3470.000000  2.469073e-10
3490.000000  2.453573e-10
3510.000000  2.469389e-10
3530.000000  2.467908e-10
3550.000000  2.460961e-10
3570.000000  2.415946e-10
3590.000000  2.401187e-10
3610.000000  2.388790e-10
3630.000000  2.376406e-10
3640.000000  2.361920e-10
3650.000000  2.401428e-10
3670.000000  2.383234e-10
3690.000000  2.287610e-10
3710.000000  2.392747e-10
3730.000000  2.516177e-10
3750.000000  3.330938e-10
3770.000000  3.595756e-10
3790.000000  4.526753e-10
3810.000000  5.272390e-10
3830.000000  4.107866e-10
3850.000000  5.726941e-10
3870.000000  6.427207e-10
3890.000000  3.572683e-10
3910.000000  6.318843e-10
3930.000000  6.413985e-10
3950.000000  6.287344e-10
3970.000000  3.379157e-10
3990.000000  6.018418e-10
4010.000000  6.456874e-10
4030.000000  6.393228e-10
4050.000000  6.328348e-10
4070.000000  6.078573e-10
4090.000000  4.852578e-10
4110.000000  3.661107e-10
4130.000000  5.731774e-10
4150.000000  5.920546e-10
4170.000000  5.829939e-10
4190.000000  5.774472e-10
4210.000000  5.710298e-10
4230.000000  5.591551e-10
4250.000000  5.515655e-10
4270.000000  5.400175e-10
4290.000000  5.355469e-10
4310.000000  5.074457e-10
4330.000000  3.895824e-10
4350.000000  3.291768e-10
4370.000000  4.926600e-10
4390.000000  4.945364e-10
4410.000000  4.927019e-10
4430.000000  4.882486e-10
4450.000000  4.863840e-10
4470.000000  4.792821e-10
4490.000000  4.677561e-10
4510.000000  4.670708e-10
4530.000000  4.591506e-10
4550.000000  4.482301e-10
4570.000000  4.501705e-10
4590.000000  4.407744e-10
4610.000000  4.425402e-10
4630.000000  4.300989e-10
4650.000000  4.310140e-10
4670.000000  4.244135e-10
4690.000000  4.160088e-10
4710.000000  4.035240e-10
4730.000000  4.087182e-10
4750.000000  4.037024e-10
4770.000000  3.984510e-10
4790.000000  3.926334e-10
4810.000000  3.843783e-10
4830.000000  3.694984e-10
4850.000000  2.909158e-10
4870.000000  2.333023e-10
4890.000000  3.493801e-10
4910.000000  3.603164e-10
4930.000000  3.555787e-10
4950.000000  3.553701e-10
4970.000000  3.528388e-10
4990.000000  3.474201e-10
5010.000000  3.388384e-10
5030.000000  3.380220e-10
5050.000000  3.320544e-10
5070.000000  3.314156e-10
5090.000000  3.275302e-10
5110.000000  3.233214e-10
5130.000000  3.196751e-10
5150.000000  3.146899e-10
5170.000000  3.078342e-10
5190.000000  3.049662e-10
5210.000000  3.039695e-10
5230.000000  2.978650e-10
5250.000000  2.978271e-10
5270.000000  2.903230e-10
5290.000000  2.911668e-10
5310.000000  2.852726e-10
5330.000000  2.825352e-10
5350.000000  2.818851e-10
5370.000000  2.779250e-10
5390.000000  2.749701e-10
5410.000000  2.708630e-10
5430.000000  2.684301e-10
5450.000000  2.663843e-10
5470.000000  2.632161e-10
5490.000000  2.605247e-10
5510.000000  2.574855e-10
5530.000000  2.543867e-10
5550.000000  2.522224e-10
5570.000000  2.493023e-10
5590.000000  2.467640e-10
5610.000000  2.443968e-10
5630.000000  2.417600e-10
5650.000000  2.387628e-10
5670.000000  2.362096e-10
5690.000000  2.339277e-10
5710.000000  2.315358e-10
5730.000000  2.291614e-10
5750.000000  2.265150e-10
5770.000000  2.242084e-10
5790.000000  2.216219e-10
5810.000000  2.194259e-10
5830.000000  2.171372e-10
5850.000000  2.148991e-10
5870.000000  2.123277e-10
5890.000000  2.090014e-10
5910.000000  2.081523e-10
5930.000000  2.060847e-10
5950.000000  2.034902e-10
5970.000000  2.016791e-10
5990.000000  1.992211e-10
6010.000000  1.974004e-10
6030.000000  1.956233e-10
6050.000000  1.934884e-10
6070.000000  1.916446e-10
6090.000000  1.896639e-10
6110.000000  1.877417e-10
6130.000000  1.857424e-10
6150.000000  1.821336e-10
6170.000000  1.819434e-10
6190.000000  1.803794e-10
6210.000000  1.785614e-10
6230.000000  1.766649e-10
6250.000000  1.739023e-10
6270.000000  1.733336e-10
6290.000000  1.716014e-10
6310.000000  1.696375e-10
6330.000000  1.681674e-10
6350.000000  1.651109e-10
6370.000000  1.639580e-10
6390.000000  1.632137e-10
6410.000000  1.614217e-10
6430.000000  1.600192e-10
6450.000000  1.574139e-10
6470.000000  1.567101e-10
6490.000000  1.544557e-10
6510.000000  1.523389e-10
6530.000000  1.481074e-10
6550.000000  1.290012e-10
6570.000000  1.034398e-10
6590.000000  1.400111e-10
6610.000000  1.446226e-10
6630.000000  1.445378e-10
6650.000000  1.436201e-10
6670.000000  1.424668e-10
6690.000000  1.413172e-10
6710.000000  1.400972e-10
6730.000000  1.386449e-10
6750.000000  1.374322e-10
6770.000000  1.362957e-10
6790.000000  1.349730e-10
6810.000000  1.337597e-10
6830.000000  1.324359e-10
6850.000000  1.312585e-10
6870.000000  1.301052e-10
6890.000000  1.289345e-10
6910.000000  1.277145e-10
6930.000000  1.265186e-10
6950.000000  1.254332e-10
6970.000000  1.242805e-10
6990.000000  1.232130e-10
7010.000000  1.218058e-10
7030.000000  1.209508e-10
7050.000000  1.197980e-10
7070.000000  1.188153e-10
7090.000000  1.177905e-10
7110.000000  1.160587e-10
7130.000000  1.155541e-10
7150.000000  1.145293e-10
7170.000000  1.136071e-10
7190.000000  1.126076e-10
7210.000000  1.116259e-10
7230.000000  1.105770e-10
7250.000000  1.095348e-10
7270.000000  1.087400e-10
7290.000000  1.077398e-10
7310.000000  1.067761e-10
7330.000000  1.059044e-10
7350.000000  1.050500e-10
7370.000000  1.041532e-10
7390.000000  1.032148e-10
7410.000000  1.022578e-10
7430.000000  1.011483e-10
7450.000000  1.004224e-10
7470.000000  9.931291e-11
7490.000000  9.869701e-11
7510.000000  9.792124e-11
7530.000000  9.719538e-11
7550.000000  9.640832e-11
7570.000000  9.559721e-11
7590.000000  9.478611e-11
7610.000000  9.401762e-11
7630.000000  9.320652e-11
7650.000000  9.239541e-11
7670.000000  9.160903e-11
7690.000000  9.085912e-11
7710.000000  9.004802e-11
7730.000000  8.940676e-11
7750.000000  8.866300e-11
7770.000000  8.627466e-11
7790.000000  8.721178e-11
7810.000000  8.650402e-11
7830.000000  8.574283e-11
7850.000000  8.494965e-11
7870.000000  8.403473e-11
7890.000000  8.318101e-11
7910.000000  8.288322e-11
7930.000000  8.230269e-11
7950.000000  8.130367e-11
7970.000000  8.104604e-11
7990.000000  7.959558e-11
8010.000000  7.972289e-11
8030.000000  7.908230e-11
8050.000000  7.846029e-11
8070.000000  7.780227e-11
8090.000000  7.720431e-11
8110.000000  7.658164e-11
8130.000000  7.600886e-11
8150.000000  7.541156e-11
8170.000000  7.481361e-11
8190.000000  7.388307e-11
8210.000000  7.354204e-11
8230.000000  7.292552e-11
8250.000000  7.258510e-11
8270.000000  7.245537e-11
8290.000000  7.183337e-11
8310.000000  7.138849e-11
8330.000000  7.057806e-11
8350.000000  7.027169e-11
8370.000000  6.970890e-11
8390.000000  6.901955e-11
8410.000000  6.826266e-11
8430.000000  6.768960e-11
8450.000000  6.644162e-11
8470.000000  6.529374e-11
8490.000000  6.675240e-11
8510.000000  6.293007e-11
8530.000000  6.676463e-11
8550.000000  5.934075e-11
8570.000000  6.742035e-11
8590.000000  6.190792e-11
8610.000000  6.019844e-11
8630.000000  6.808366e-11
8650.000000  6.486589e-11
8670.000000  5.303110e-11
8690.000000  6.630318e-11
8710.000000  6.917030e-11
8730.000000  6.600541e-11
8750.000000  5.086528e-11
8770.000000  6.232916e-11
8790.000000  6.859210e-11
8810.000000  6.895226e-11
8830.000000  6.689759e-11
8850.000000  5.870288e-11
8870.000000  4.904648e-11
8890.000000  6.331946e-11
8910.000000  6.620693e-11
8930.000000  6.641918e-11
8950.000000  6.639330e-11
8970.000000  6.519149e-11
8990.000000  6.171883e-11
9010.000000  4.812741e-11
9030.000000  5.293669e-11
9050.000000  6.159665e-11
9070.000000  6.222743e-11
9090.000000  6.192606e-11
9110.000000  6.248178e-11
9130.000000  6.228539e-11
9150.000000  6.190783e-11
9170.000000  6.100876e-11
9190.000000  5.932759e-11
9210.000000  5.463494e-11
9230.000000  4.186780e-11
9250.000000  5.228802e-11
9270.000000  5.621291e-11
9290.000000  5.829512e-11
9310.000000  5.829877e-11
9330.000000  5.796725e-11
9350.000000  5.769354e-11
9370.000000  5.735070e-11
9390.000000  5.662603e-11
9410.000000  5.562880e-11
9430.000000  5.590129e-11
9450.000000  5.547451e-11
9470.000000  5.492645e-11
9490.000000  5.415478e-11
9510.000000  5.262618e-11
9530.000000  4.759568e-11
9550.000000  3.783246e-11
9570.000000  4.803310e-11
9590.000000  5.139923e-11
9610.000000  5.178315e-11
9630.000000  5.119024e-11
9650.000000  5.160852e-11
9670.000000  5.099429e-11
9690.000000  5.092580e-11
9710.000000  5.072261e-11
9730.000000  5.033846e-11
9750.000000  4.995479e-11
9770.000000  4.965524e-11
9790.000000  4.927157e-11
9810.000000  4.890534e-11
9830.000000  4.850311e-11
9850.000000  4.812058e-11
9870.000000  4.780245e-11
9890.000000  4.723149e-11
9910.000000  4.710263e-11
9930.000000  4.670152e-11
9950.000000  4.635867e-11
9970.000000  4.593916e-11
9990.000000  4.533188e-11
10025.000000  4.088741e-11
10075.000000  3.871551e-11
10125.000000  4.310608e-11
10175.000000  4.291966e-11
10225.000000  4.232259e-11
10275.000000  4.160612e-11
10325.000000  4.087645e-11
10375.000000  4.019609e-11
10425.000000  3.953284e-11
10475.000000  3.874187e-11
10525.000000  3.811887e-11
10575.000000  3.754322e-11
10625.000000  3.695183e-11
10675.000000  3.595692e-11
10725.000000  3.559228e-11
10775.000000  3.509210e-11
10825.000000  3.444259e-11
10875.000000  3.349866e-11
10925.000000  2.815547e-11
10975.000000  3.074175e-11
11025.000000  3.219913e-11
11075.000000  3.189240e-11
11125.000000  3.143272e-11
11175.000000  3.095150e-11
11225.000000  3.046932e-11
11275.000000  2.968850e-11
11325.000000  2.927112e-11
11375.000000  2.903273e-11
11425.000000  2.856419e-11
11475.000000  2.818443e-11
11525.000000  2.775767e-11
11575.000000  2.732917e-11
11625.000000  2.680614e-11
11675.000000  2.631720e-11
11725.000000  2.610876e-11
11775.000000  2.547468e-11
11825.000000  2.523215e-11
11875.000000  2.482336e-11
11925.000000  2.459026e-11
11975.000000  2.414569e-11
12025.000000  2.384609e-11
12075.000000  2.347385e-11
12125.000000  2.313852e-11
12175.000000  2.282439e-11
12225.000000  2.248548e-11
12275.000000  2.214243e-11
12325.000000  2.183088e-11
12375.000000  2.152780e-11
12425.000000  2.123931e-11
12475.000000  2.087921e-11
12525.000000  2.062746e-11
12575.000000  2.027067e-11
12625.000000  2.001454e-11
12675.000000  1.973736e-11
12725.000000  1.937333e-11
12775.000000  1.855754e-11
12825.000000  1.594088e-11
12875.000000  1.821604e-11
12925.000000  1.833998e-11
12975.000000  1.816102e-11
13025.000000  1.793807e-11
13075.000000  1.769660e-11
13125.000000  1.745164e-11
13175.000000  1.717432e-11
13225.000000  1.698472e-11
13275.000000  1.675608e-11
13325.000000  1.653238e-11
13375.000000  1.631048e-11
13425.000000  1.608869e-11
13475.000000  1.587345e-11
13525.000000  1.564561e-11
13575.000000  1.544928e-11
13625.000000  1.525055e-11
13675.000000  1.504155e-11
13725.000000  1.481870e-11
13775.000000  1.466001e-11
13825.000000  1.447220e-11
13875.000000  1.429293e-11
13925.000000  1.409497e-11
13975.000000  1.392243e-11
14025.000000  1.374506e-11
14075.000000  1.357252e-11
14125.000000  1.339763e-11
14175.000000  1.322699e-11
14225.000000  1.306051e-11
14275.000000  1.289661e-11
14325.000000  1.273443e-11
14375.000000  1.257654e-11
14425.000000  1.233514e-11
14475.000000  1.226085e-11
14525.000000  1.207222e-11
14570.000000  1.197500e-11
14620.000000  1.183326e-11
14675.000000  1.169235e-11
14725.000000  1.154736e-11
14775.000000  1.138777e-11
14825.000000  1.127003e-11
14875.000000  1.111712e-11
14925.000000  1.101811e-11
14975.000000  1.087317e-11
15025.000000  1.073489e-11
15075.000000  1.060857e-11
15125.000000  1.049088e-11
15175.000000  1.036035e-11
15225.000000  1.024341e-11
15275.000000  1.009271e-11
15325.000000  9.962189e-12
15375.000000  9.881440e-12
15425.000000  9.662239e-12
15475.000000  9.645749e-12
15525.000000  9.531166e-12
15575.000000  9.218247e-12
15625.000000  9.436384e-12
15675.000000  9.103955e-12
15725.000000  8.832123e-12
15775.000000  9.153802e-12
15825.000000  9.034953e-12
15875.000000  8.241079e-12
15925.000000  8.693731e-12
15975.000000  8.838609e-12
16050.000000  8.538990e-12
16150.000000  8.015886e-12
16250.000000  8.400126e-12
16350.000000  7.968649e-12
16450.000000  7.462281e-12
16550.000000  7.884278e-12
16650.000000  7.719632e-12
16750.000000  7.275727e-12
16850.000000  6.808358e-12
16950.000000  7.218725e-12
17050.000000  7.085713e-12
17150.000000  6.934601e-12
17250.000000  6.731288e-12
17350.000000  5.979604e-12
17450.000000  6.369114e-12
17550.000000  6.348435e-12
17650.000000  6.225757e-12
17750.000000  6.103693e-12
17850.000000  5.974058e-12
17950.000000  5.855193e-12
18050.000000  5.687843e-12
18150.000000  5.112715e-12
18250.000000  5.339088e-12
18350.000000  5.378139e-12
18450.000000  5.283558e-12
18550.000000  5.166618e-12
18650.000000  5.027231e-12
18750.000000  4.506910e-12
18850.000000  4.812240e-12
18950.000000  4.768072e-12
19050.000000  4.690543e-12
19150.000000  4.598499e-12
19250.000000  4.503535e-12
19350.000000  4.368478e-12
19450.000000  3.917890e-12
19550.000000  4.204073e-12
19650.000000  4.170485e-12
19750.000000  4.095478e-12
19850.000000  4.020138e-12
19950.000000  3.945118e-12
20050.000000  3.871991e-12
20150.000000  3.800315e-12
20250.000000  3.729998e-12
20350.000000  3.661384e-12
20450.000000  3.595005e-12
20550.000000  3.529801e-12
20650.000000  3.464790e-12
20750.000000  3.402751e-12
20850.000000  3.342166e-12
20950.000000  3.282511e-12
21050.000000  3.223642e-12
21150.000000  3.163825e-12
21250.000000  3.108180e-12
21350.000000  3.053815e-12
21450.000000  2.998937e-12
21550.000000  2.921386e-12
21650.000000  2.637516e-12
21750.000000  2.801236e-12
21850.000000  2.794815e-12
21950.000000  2.753790e-12
22050.000000  2.706269e-12
22150.000000  2.659162e-12
22250.000000  2.616251e-12
22350.000000  2.572548e-12
22450.000000  2.529464e-12
22550.000000  2.486457e-12
22650.000000  2.445924e-12
22750.000000  2.405638e-12
22850.000000  2.367507e-12
22950.000000  2.328926e-12
23050.000000  2.291815e-12
23150.000000  2.254945e-12
23250.000000  2.218933e-12
23350.000000  2.183523e-12
23450.000000  2.148789e-12
23550.000000  2.114662e-12
23650.000000  2.081382e-12
23750.000000  2.048534e-12
23850.000000  2.016113e-12
23950.000000  1.984543e-12
24050.000000  1.952553e-12
24150.000000  1.921836e-12
24250.000000  1.892893e-12
24350.000000  1.862535e-12
24450.000000  1.832183e-12
24550.000000  1.806364e-12
24650.000000  1.775086e-12
24750.000000  1.748212e-12
24850.000000  1.727904e-12
24950.000000  1.682354e-12
