2505.000000  4.125734e-11
2513.000000  3.706141e-11
2518.000000  3.866093e-11
2525.000000  3.595811e-11
2535.000000  3.673375e-11
2545.000000  3.514875e-11
2555.000000  3.728636e-11
2565.000000  3.651829e-11
2575.000000  3.936338e-11
2585.000000  3.851689e-11
2595.000000  3.857986e-11
2605.000000  3.657292e-11
2615.000000  3.636760e-11
2625.000000  3.738311e-11
2635.000000  3.760841e-11
2645.000000  3.999400e-11
2655.000000  3.923754e-11
2665.000000  3.597564e-11
2675.000000  3.792329e-11
2685.000000  3.692827e-11
2695.000000  3.600900e-11
2705.000000  3.704297e-11
2715.000000  3.525645e-11
2725.000000  3.545362e-11
2735.000000  3.747925e-11
2745.000000  3.273244e-11
2755.000000  3.245794e-11
2765.000000  3.335665e-11
2775.000000  3.509354e-11
2785.000000  3.514263e-11
2795.000000  3.064313e-11
2805.000000  3.312945e-11
2815.000000  3.524997e-11
2825.000000  3.519550e-11
2835.000000  3.305872e-11
2845.000000  3.204881e-11
2855.000000  3.209734e-11
2865.000000  3.344215e-11
2875.000000  3.240813e-11
2885.000000  3.275816e-11
2895.000000  3.193224e-11
2910.000000  3.392848e-11
2930.000000  3.265729e-11
2950.000000  3.233770e-11
2970.000000  3.218256e-11
2990.000000  3.185383e-11
3010.000000  3.230515e-11
3030.000000  3.174420e-11
3050.000000  3.105003e-11
3070.000000  3.049425e-11
3090.000000  3.051825e-11
3110.000000  2.954235e-11
3130.000000  2.920655e-11
3150.000000  2.911957e-11
3170.000000  2.854191e-11
3190.000000  2.745993e-11
3210.000000  2.767548e-11
3230.000000  2.723250e-11
3250.000000  2.693998e-11
3270.000000  2.673151e-11
3290.000000  2.645085e-11
3310.000000  2.626989e-11
3330.000000  2.569148e-11
3350.000000  2.519099e-11
3370.000000  2.489169e-11
3390.000000  2.446695e-11
3410.000000  2.442060e-11
3430.000000  2.406482e-11
3450.000000  2.375295e-11
3470.000000  2.333422e-11
3490.000000  2.305766e-11
3510.000000  2.292153e-11
3530.000000  2.271397e-11
3550.000000  2.244130e-11
3570.000000  2.208398e-11
3590.000000  2.172555e-11
3610.000000  2.150477e-11
3630.000000  2.119259e-11
3640.000000  2.113395e-11
3650.000000  2.109231e-11
3670.000000  2.086499e-11
3690.000000  2.032497e-11
3710.000000  1.989831e-11
3730.000000  1.928334e-11
3750.000000  2.206304e-11
3770.000000  2.268942e-11
3790.000000  2.602744e-11
3810.000000  2.884313e-11
3830.000000  2.382440e-11
3850.000000  3.019037e-11
3870.000000  3.258839e-11
3890.000000  2.148865e-11
3910.000000  3.219655e-11
3930.000000  3.253240e-11
3950.000000  3.151930e-11
3970.000000  2.023116e-11
3990.000000  2.997374e-11
4010.000000  3.129196e-11
4030.000000  2.995915e-11
4050.000000  3.077730e-11
4070.000000  2.963228e-11
4090.000000  2.517274e-11
4110.000000  2.033605e-11
4130.000000  2.753210e-11
4150.000000  2.817443e-11
4170.000000  2.791642e-11
4190.000000  2.760666e-11
4210.000000  2.728556e-11
4230.000000  2.682693e-11
4250.000000  2.633048e-11
4270.000000  2.564340e-11
4290.000000  2.555634e-11
4310.000000  2.467432e-11
4330.000000  2.020896e-11
4350.000000  1.766050e-11
4370.000000  2.341981e-11
4390.000000  2.310162e-11
4410.000000  2.338775e-11
4430.000000  2.283197e-11
4450.000000  2.282346e-11
4470.000000  2.186632e-11
4490.000000  2.174583e-11
4510.000000  2.178854e-11
4530.000000  2.139244e-11
4550.000000  2.098689e-11
4570.000000  2.096510e-11
4590.000000  2.048238e-11
4610.000000  2.038742e-11
4630.000000  1.980632e-11
4650.000000  1.978180e-11
4670.000000  1.944193e-11
4690.000000  1.918205e-11
4710.000000  1.856467e-11
4730.000000  1.862116e-11
4750.000000  1.830846e-11
4770.000000  1.822632e-11
4790.000000  1.790987e-11
4810.000000  1.750645e-11
4830.000000  1.696326e-11
4850.000000  1.438189e-11
4870.000000  1.217632e-11
4890.000000  1.614396e-11
4910.000000  1.631654e-11
4930.000000  1.594985e-11
4950.000000  1.601924e-11
4970.000000  1.587411e-11
4990.000000  1.560838e-11
5010.000000  1.505231e-11
5030.000000  1.504012e-11
5050.000000  1.461328e-11
5070.000000  1.471564e-11
5090.000000  1.451738e-11
5110.000000  1.424849e-11
5130.000000  1.415138e-11
5150.000000  1.382309e-11
5170.000000  1.369011e-11
5190.000000  1.355430e-11
5210.000000  1.324122e-11
5230.000000  1.315184e-11
5250.000000  1.308183e-11
5270.000000  1.279501e-11
5290.000000  1.283680e-11
5310.000000  1.255797e-11
5330.000000  1.246432e-11
5350.000000  1.232030e-11
5370.000000  1.219860e-11
5390.000000  1.203903e-11
5410.000000  1.183849e-11
5430.000000  1.171387e-11
5450.000000  1.160199e-11
5470.000000  1.142470e-11
5490.000000  1.133032e-11
5510.000000  1.117974e-11
5530.000000  1.108221e-11
5550.000000  1.094925e-11
5570.000000  1.081313e-11
5590.000000  1.069243e-11
5610.000000  1.059489e-11
5630.000000  1.048290e-11
5650.000000  1.024864e-11
5670.000000  1.015773e-11
5690.000000  1.008978e-11
5710.000000  9.983405e-12
5730.000000  9.876859e-12
5750.000000  9.758316e-12
5770.000000  9.646354e-12
5790.000000  9.510098e-12
5810.000000  9.407133e-12
5830.000000  9.309577e-12
5850.000000  9.203251e-12
5870.000000  8.961860e-12
5890.000000  8.946250e-12
5910.000000  8.884153e-12
5930.000000  8.804557e-12
5950.000000  8.628896e-12
5970.000000  8.577520e-12
5990.000000  8.461702e-12
6010.000000  8.409122e-12
6030.000000  8.313086e-12
6050.000000  8.216328e-12
6070.000000  8.122466e-12
6090.000000  8.031106e-12
6110.000000  7.956096e-12
6130.000000  7.863872e-12
6150.000000  7.694246e-12
6170.000000  7.683614e-12
6190.000000  7.611167e-12
6210.000000  7.526436e-12
6230.000000  7.426515e-12
6250.000000  7.292069e-12
6270.000000  7.281121e-12
6290.000000  7.199256e-12
6310.000000  7.105704e-12
6330.000000  7.042005e-12
6350.000000  6.861154e-12
6370.000000  6.830309e-12
6390.000000  6.812300e-12
6410.000000  6.730167e-12
6430.000000  6.681155e-12
6450.000000  6.573619e-12
6470.000000  6.535300e-12
6490.000000  6.434749e-12
6510.000000  6.343345e-12
6530.000000  6.206927e-12
6550.000000  5.632528e-12
6570.000000  4.746378e-12
6590.000000  5.916300e-12
6610.000000  6.023507e-12
6630.000000  5.990607e-12
6650.000000  5.948128e-12
6670.000000  5.863509e-12
6690.000000  5.810877e-12
6710.000000  5.772893e-12
6730.000000  5.712838e-12
6750.000000  5.657033e-12
6770.000000  5.605283e-12
6790.000000  5.539100e-12
6810.000000  5.487061e-12
6830.000000  5.419086e-12
6850.000000  5.376209e-12
6870.000000  5.325338e-12
6890.000000  5.273056e-12
6910.000000  5.219513e-12
6930.000000  5.153320e-12
6950.000000  5.119632e-12
6970.000000  5.070870e-12
6990.000000  5.024463e-12
7010.000000  4.964389e-12
7030.000000  4.923080e-12
7050.000000  4.856855e-12
7070.000000  4.803145e-12
7090.000000  4.785605e-12
7110.000000  4.724344e-12
7130.000000  4.683863e-12
7150.000000  4.642501e-12
7170.000000  4.599950e-12
7190.000000  4.559152e-12
7210.000000  4.516592e-12
7230.000000  4.453905e-12
7250.000000  4.422271e-12
7270.000000  4.389476e-12
7290.000000  4.341042e-12
7310.000000  4.305224e-12
7330.000000  4.265891e-12
7350.000000  4.229881e-12
7370.000000  4.189646e-12
7390.000000  4.149758e-12
7410.000000  4.110154e-12
7430.000000  4.057452e-12
7450.000000  4.027013e-12
7470.000000  3.977912e-12
7490.000000  3.950460e-12
7510.000000  3.914952e-12
7530.000000  3.885750e-12
7550.000000  3.850283e-12
7570.000000  3.816578e-12
7590.000000  3.779004e-12
7610.000000  3.750067e-12
7630.000000  3.714254e-12
7650.000000  3.677886e-12
7670.000000  3.645981e-12
7690.000000  3.611938e-12
7710.000000  3.579459e-12
7730.000000  3.548129e-12
7750.000000  3.516194e-12
7770.000000  3.430622e-12
7790.000000  3.454104e-12
7810.000000  3.426652e-12
7830.000000  3.394706e-12
7850.000000  3.344776e-12
7870.000000  3.316024e-12
7890.000000  3.275541e-12
7910.000000  3.271992e-12
7930.000000  3.248931e-12
7950.000000  3.198326e-12
7970.000000  3.191858e-12
7990.000000  3.129082e-12
8010.000000  3.136862e-12
8030.000000  3.108161e-12
8050.000000  3.080135e-12
8070.000000  3.055293e-12
8090.000000  3.027483e-12
8110.000000  2.999981e-12
8130.000000  2.975733e-12
8150.000000  2.951782e-12
8170.000000  2.928146e-12
8190.000000  2.895270e-12
8210.000000  2.861594e-12
8230.000000  2.825218e-12
8250.000000  2.828830e-12
8270.000000  2.811737e-12
8290.000000  2.777683e-12
8310.000000  2.763519e-12
8330.000000  2.738071e-12
8350.000000  2.717089e-12
8370.000000  2.696948e-12
8390.000000  2.678266e-12
8410.000000  2.651541e-12
8430.000000  2.624603e-12
8450.000000  2.575511e-12
8470.000000  2.565281e-12
8490.000000  2.558189e-12
8510.000000  2.492540e-12
8530.000000  2.534981e-12
8550.000000  2.399044e-12
8570.000000  2.524595e-12
8590.000000  2.394914e-12
8610.000000  2.354262e-12
8630.000000  2.504099e-12
8650.000000  2.410402e-12
8670.000000  2.140924e-12
8690.000000  2.431237e-12
8710.000000  2.492665e-12
8730.000000  2.397460e-12
8750.000000  2.014220e-12
8770.000000  2.290586e-12
8790.000000  2.445002e-12
8810.000000  2.454793e-12
8830.000000  2.384826e-12
8850.000000  2.167305e-12
8870.000000  1.909990e-12
8890.000000  2.277803e-12
8910.000000  2.355213e-12
8930.000000  2.351963e-12
8950.000000  2.348759e-12
8970.000000  2.310237e-12
8990.000000  2.208501e-12
9010.000000  1.836891e-12
9030.000000  1.961894e-12
9050.000000  2.190482e-12
9070.000000  2.204908e-12
9090.000000  2.201728e-12
9110.000000  2.203499e-12
9130.000000  2.189887e-12
9150.000000  2.178136e-12
9170.000000  2.144232e-12
9190.000000  2.089197e-12
9210.000000  1.958758e-12
9230.000000  1.607922e-12
9250.000000  1.890124e-12
9270.000000  1.988540e-12
9290.000000  2.041865e-12
9310.000000  2.043527e-12
9330.000000  2.026874e-12
9350.000000  2.020108e-12
9370.000000  2.005605e-12
9390.000000  1.985439e-12
9410.000000  1.944618e-12
9430.000000  1.957066e-12
9450.000000  1.942899e-12
9470.000000  1.921036e-12
9490.000000  1.896295e-12
9510.000000  1.848395e-12
9530.000000  1.708732e-12
9550.000000  1.435309e-12
9570.000000  1.715481e-12
9590.000000  1.803963e-12
9610.000000  1.813119e-12
9630.000000  1.784267e-12
9650.000000  1.801423e-12
9670.000000  1.783347e-12
9690.000000  1.776502e-12
9710.000000  1.766460e-12
9730.000000  1.753114e-12
9750.000000  1.737721e-12
9770.000000  1.727945e-12
9790.000000  1.714074e-12
9810.000000  1.700431e-12
9830.000000  1.683889e-12
9850.000000  1.674124e-12
9870.000000  1.661687e-12
9890.000000  1.644235e-12
9910.000000  1.635087e-12
9930.000000  1.623609e-12
9950.000000  1.609096e-12
9970.000000  1.593763e-12
9990.000000  1.575510e-12
10025.000000  1.447787e-12
10075.000000  1.374938e-12
10125.000000  1.488119e-12
10175.000000  1.481856e-12
10225.000000  1.461129e-12
10275.000000  1.435940e-12
10325.000000  1.409001e-12
10375.000000  1.385366e-12
10425.000000  1.361958e-12
10475.000000  1.336195e-12
10525.000000  1.312213e-12
10575.000000  1.290933e-12
10625.000000  1.269969e-12
10675.000000  1.239753e-12
10725.000000  1.224676e-12
10775.000000  1.204830e-12
10825.000000  1.176815e-12
10875.000000  1.152031e-12
10925.000000  9.983825e-13
10975.000000  1.067374e-12
11025.000000  1.100526e-12
11075.000000  1.088901e-12
11125.000000  1.072279e-12
11175.000000  1.054519e-12
11225.000000  1.037661e-12
11275.000000  1.011878e-12
11325.000000  9.976913e-13
11375.000000  9.879460e-13
11425.000000  9.719647e-13
11475.000000  9.568850e-13
11525.000000  9.417964e-13
11575.000000  9.267058e-13
11625.000000  9.089275e-13
11675.000000  8.947266e-13
11725.000000  8.829601e-13
11775.000000  8.643309e-13
11825.000000  8.556358e-13
11875.000000  8.412557e-13
11925.000000  8.303753e-13
11975.000000  8.162240e-13
12025.000000  8.048946e-13
12075.000000  7.925771e-13
12125.000000  7.801530e-13
12175.000000  7.686697e-13
12225.000000  7.568648e-13
12275.000000  7.452310e-13
12325.000000  7.342275e-13
12375.000000  7.235090e-13
12425.000000  7.131258e-13
12475.000000  7.005114e-13
12525.000000  6.919351e-13
12575.000000  6.804169e-13
12625.000000  6.712813e-13
12675.000000  6.614476e-13
12725.000000  6.493670e-13
12775.000000  6.252543e-13
12825.000000  5.524112e-13
12875.000000  6.123754e-13
12925.000000  6.133742e-13
12975.000000  6.063382e-13
13025.000000  5.985950e-13
13075.000000  5.900738e-13
13125.000000  5.818155e-13
13175.000000  5.723117e-13
13225.000000  5.655734e-13
13275.000000  5.576953e-13
13325.000000  5.499714e-13
13375.000000  5.423376e-13
13425.000000  5.345821e-13
13475.000000  5.272124e-13
13525.000000  5.197536e-13
13575.000000  5.128292e-13
13625.000000  5.058177e-13
13675.000000  4.985043e-13
13725.000000  4.918124e-13
13775.000000  4.857784e-13
13825.000000  4.792993e-13
13875.000000  4.729080e-13
13925.000000  4.663942e-13
13975.000000  4.602681e-13
14025.000000  4.542874e-13
14075.000000  4.481980e-13
14125.000000  4.422154e-13
14175.000000  4.366217e-13
14225.000000  4.308518e-13
14275.000000  4.253133e-13
14325.000000  4.197216e-13
14375.000000  4.142177e-13
14425.000000  4.076958e-13
14475.000000  4.034121e-13
14525.000000  3.979360e-13
14570.000000  3.939429e-13
14620.000000  3.889122e-13
14675.000000  3.837657e-13
14725.000000  3.788506e-13
14775.000000  3.737306e-13
14825.000000  3.695854e-13
14875.000000  3.648217e-13
14925.000000  3.606209e-13
14975.000000  3.559995e-13
15025.000000  3.517404e-13
15075.000000  3.471804e-13
15125.000000  3.430636e-13
15175.000000  3.388015e-13
15225.000000  3.346858e-13
15275.000000  3.303602e-13
15325.000000  3.261198e-13
15375.000000  3.224901e-13
15425.000000  3.174289e-13
15475.000000  3.146199e-13
15525.000000  3.106002e-13
15575.000000  3.044093e-13
15625.000000  3.050102e-13
15675.000000  2.977658e-13
15725.000000  2.919413e-13
15775.000000  2.950467e-13
15825.000000  2.909923e-13
15875.000000  2.759678e-13
15925.000000  2.815611e-13
15975.000000  2.830648e-13
16050.000000  2.748608e-13
16150.000000  2.620421e-13
16250.000000  2.672601e-13
16350.000000  2.555479e-13
16450.000000  2.426563e-13
16550.000000  2.502300e-13
16650.000000  2.448707e-13
16750.000000  2.326373e-13
16850.000000  2.203577e-13
16950.000000  2.284117e-13
17050.000000  2.241009e-13
17150.000000  2.192481e-13
17250.000000  2.132200e-13
17350.000000  1.936647e-13
17450.000000  2.020443e-13
17550.000000  2.006282e-13
17650.000000  1.966253e-13
17750.000000  1.923304e-13
17850.000000  1.883690e-13
17950.000000  1.844938e-13
18050.000000  1.793798e-13
18150.000000  1.641226e-13
18250.000000  1.690096e-13
18350.000000  1.692509e-13
18450.000000  1.661362e-13
18550.000000  1.624380e-13
18650.000000  1.581829e-13
18750.000000  1.448224e-13
18850.000000  1.518163e-13
18950.000000  1.498829e-13
19050.000000  1.469802e-13
19150.000000  1.441367e-13
19250.000000  1.411489e-13
19350.000000  1.372223e-13
19450.000000  1.251013e-13
19550.000000  1.318946e-13
19650.000000  1.305796e-13
19750.000000  1.281190e-13
19850.000000  1.257196e-13
19950.000000  1.233226e-13
20050.000000  1.210122e-13
20150.000000  1.187062e-13
20250.000000  1.164860e-13
20350.000000  1.142659e-13
20450.000000  1.121892e-13
20550.000000  1.100601e-13
20650.000000  1.080497e-13
20750.000000  1.060620e-13
20850.000000  1.041091e-13
20950.000000  1.022421e-13
21050.000000  1.003782e-13
21150.000000  9.851424e-14
21250.000000  9.679377e-14
21350.000000  9.501652e-14
21450.000000  9.327305e-14
21550.000000  9.100345e-14
21650.000000  8.327381e-14
21750.000000  8.732239e-14
21850.000000  8.685186e-14
21950.000000  8.547413e-14
22050.000000  8.402290e-14
22150.000000  8.256319e-14
22250.000000  8.116007e-14
22350.000000  7.977705e-14
22450.000000  7.842685e-14
22550.000000  7.709151e-14
22650.000000  7.579179e-14
22750.000000  7.452174e-14
22850.000000  7.329049e-14
22950.000000  7.207388e-14
23050.000000  7.088930e-14
23150.000000  6.972285e-14
23250.000000  6.858607e-14
23350.000000  6.746372e-14
23450.000000  6.636831e-14
23550.000000  6.529920e-14
23650.000000  6.424789e-14
23750.000000  6.321767e-14
23850.000000  6.220526e-14
23950.000000  6.121302e-14
24050.000000  6.020593e-14
24150.000000  5.926118e-14
24250.000000  5.834653e-14
24350.000000  5.741967e-14
24450.000000  5.649837e-14
24550.000000  5.564338e-14
24650.000000  5.473630e-14
24750.000000  5.388951e-14
24850.000000  5.312764e-14
24950.000000  5.207967e-14
