2505.000000  1.096076e-12
2513.000000  9.148310e-13
2518.000000  8.586225e-13
2525.000000  7.970208e-13
2535.000000  8.743186e-13
2545.000000  9.520239e-13
2555.000000  1.095291e-12
2565.000000  1.061968e-12
2575.000000  1.220994e-12
2585.000000  1.166245e-12
2595.000000  1.122241e-12
2605.000000  1.001930e-12
2615.000000  9.469006e-13
2625.000000  1.247800e-12
2635.000000  1.548627e-12
2645.000000  2.020862e-12
2655.000000  2.178946e-12
2665.000000  1.949905e-12
2675.000000  2.137931e-12
2685.000000  2.257233e-12
2695.000000  2.018996e-12
2705.000000  2.179826e-12
2715.000000  1.954878e-12
2725.000000  2.052382e-12
2735.000000  2.225597e-12
2745.000000  1.602891e-12
2755.000000  1.953441e-12
2765.000000  2.254636e-12
2775.000000  2.538887e-12
2785.000000  2.210185e-12
2795.000000  7.712184e-13
2805.000000  1.024089e-12
2815.000000  2.757646e-12
2825.000000  3.068810e-12
2835.000000  3.082608e-12
2845.000000  3.025644e-12
2855.000000  2.527327e-12
2865.000000  3.203665e-12
2875.000000  3.276045e-12
2885.000000  3.409033e-12
2895.000000  3.414403e-12
2910.000000  3.907220e-12
2930.000000  3.963639e-12
2950.000000  4.025269e-12
2970.000000  4.263033e-12
2990.000000  4.395295e-12
3010.000000  4.585004e-12
3030.000000  4.771009e-12
3050.000000  4.999114e-12
3070.000000  5.024672e-12
3090.000000  5.207259e-12
3110.000000  5.301889e-12
3130.000000  5.419357e-12
3150.000000  5.624821e-12
3170.000000  5.957469e-12
3190.000000  5.735112e-12
3210.000000  6.140262e-12
3230.000000  5.977270e-12
3250.000000  6.562330e-12
3270.000000  7.008153e-12
3290.000000  7.250430e-12
3310.000000  7.496009e-12
3330.000000  7.479669e-12
3350.000000  7.538764e-12
3370.000000  7.318333e-12
3390.000000  7.763521e-12
3410.000000  7.952308e-12
3430.000000  8.453922e-12
3450.000000  8.482291e-12
3470.000000  8.578133e-12
3490.000000  8.725699e-12
3510.000000  9.061281e-12
3530.000000  9.093180e-12
3550.000000  9.700366e-12
3570.000000  9.315585e-12
3590.000000  9.417259e-12
3610.000000  9.744472e-12
3630.000000  1.009173e-11
3640.000000  1.005051e-11
3650.000000  1.040727e-11
3670.000000  1.048406e-11
3690.000000  1.105746e-11
3710.000000  1.276883e-11
3730.000000  1.361987e-11
3750.000000  1.494612e-11
3770.000000  1.547303e-11
3790.000000  1.611026e-11
3810.000000  1.693823e-11
3830.000000  1.575357e-11
3850.000000  1.732730e-11
3870.000000  1.747667e-11
3890.000000  1.657600e-11
3910.000000  1.761898e-11
3930.000000  1.416221e-11
3950.000000  1.800376e-11
3970.000000  1.501493e-11
3990.000000  1.897465e-11
4010.000000  1.938602e-11
4030.000000  1.936986e-11
4050.000000  1.960530e-11
4070.000000  1.948958e-11
4090.000000  2.010915e-11
4110.000000  1.905939e-11
4130.000000  2.018381e-11
4150.000000  2.031173e-11
4170.000000  2.042332e-11
4190.000000  2.034281e-11
4210.000000  2.036303e-11
4230.000000  2.031732e-11
4250.000000  2.053488e-11
4270.000000  2.065407e-11
4290.000000  2.025246e-11
4310.000000  1.926449e-11
4330.000000  2.076704e-11
4350.000000  2.012002e-11
4370.000000  2.138169e-11
4390.000000  2.123838e-11
4410.000000  2.126104e-11
4430.000000  2.181514e-11
4450.000000  2.175192e-11
4470.000000  2.180595e-11
4490.000000  2.216075e-11
4510.000000  2.236058e-11
4530.000000  2.203278e-11
4550.000000  2.206735e-11
4570.000000  2.252967e-11
4590.000000  2.248980e-11
4610.000000  2.276315e-11
4630.000000  2.273338e-11
4650.000000  2.283175e-11
4670.000000  2.299076e-11
4690.000000  2.306306e-11
4710.000000  2.300102e-11
4730.000000  2.310736e-11
4750.000000  2.320066e-11
4770.000000  2.320803e-11
4790.000000  2.320296e-11
4810.000000  2.328712e-11
4830.000000  2.328011e-11
4850.000000  2.306538e-11
4870.000000  2.159769e-11
4890.000000  2.315679e-11
4910.000000  2.331290e-11
4930.000000  2.300569e-11
4950.000000  2.320515e-11
4970.000000  2.347285e-11
4990.000000  2.321972e-11
5010.000000  2.295509e-11
5030.000000  2.340049e-11
5050.000000  2.321577e-11
5070.000000  2.346908e-11
5090.000000  2.335437e-11
5110.000000  2.333025e-11
5130.000000  2.328979e-11
5150.000000  2.313385e-11
5170.000000  2.272184e-11
5190.000000  2.289447e-11
5210.000000  2.289370e-11
5230.000000  2.303443e-11
5250.000000  2.340693e-11
5270.000000  2.288975e-11
5290.000000  2.334760e-11
5310.000000  2.333805e-11
5330.000000  2.301880e-11
5350.000000  2.330673e-11
5370.000000  2.319355e-11
5390.000000  2.317857e-11
5410.000000  2.308562e-11
5430.000000  2.307141e-11
5450.000000  2.310309e-11
5470.000000  2.320146e-11
5490.000000  2.324558e-11
5510.000000  2.316431e-11
5530.000000  2.317050e-11
5550.000000  2.323951e-11
5570.000000  2.310515e-11
5590.000000  2.305479e-11
5610.000000  2.304311e-11
5630.000000  2.312008e-11
5650.000000  2.305727e-11
5670.000000  2.299310e-11
5690.000000  2.302147e-11
5710.000000  2.294350e-11
5730.000000  2.297848e-11
5750.000000  2.292811e-11
5770.000000  2.289874e-11
5790.000000  2.285032e-11
5810.000000  2.282095e-11
5830.000000  2.279158e-11
5850.000000  2.271167e-11
5870.000000  2.269805e-11
5890.000000  2.240640e-11
5910.000000  2.261501e-11
5930.000000  2.257514e-11
5950.000000  2.253527e-11
5970.000000  2.249210e-11
5990.000000  2.244174e-11
6010.000000  2.239001e-11
6030.000000  2.234490e-11
6050.000000  2.232077e-11
6070.000000  2.226711e-11
6090.000000  2.221674e-11
6110.000000  2.215782e-11
6130.000000  2.199257e-11
6150.000000  2.197836e-11
6170.000000  2.193052e-11
6190.000000  2.194839e-11
6210.000000  2.191903e-11
6230.000000  2.182201e-11
6250.000000  2.170340e-11
6270.000000  2.175997e-11
6290.000000  2.170960e-11
6310.000000  2.161783e-11
6330.000000  2.158321e-11
6350.000000  2.155909e-11
6370.000000  2.150737e-11
6390.000000  2.144320e-11
6410.000000  2.134424e-11
6430.000000  2.129251e-11
6450.000000  2.123301e-11
6470.000000  2.120617e-11
6490.000000  2.101408e-11
6510.000000  2.111788e-11
6530.000000  2.107802e-11
6550.000000  2.085031e-11
6570.000000  1.917290e-11
6590.000000  2.086257e-11
6610.000000  2.084488e-11
6630.000000  2.079841e-11
6650.000000  2.073424e-11
6670.000000  2.065822e-11
6690.000000  2.062885e-11
6710.000000  2.056138e-11
6730.000000  2.050966e-11
6750.000000  2.044744e-11
6770.000000  2.039046e-11
6790.000000  2.033349e-11
6810.000000  2.027457e-11
6830.000000  2.021760e-11
6850.000000  2.015208e-11
6870.000000  2.009841e-11
6890.000000  2.004669e-11
6910.000000  1.998447e-11
6930.000000  1.992419e-11
6950.000000  1.986197e-11
6970.000000  1.980830e-11
6990.000000  1.974803e-11
7010.000000  1.968056e-11
7030.000000  1.962884e-11
7050.000000  1.956856e-11
7070.000000  1.950634e-11
7090.000000  1.944937e-11
7110.000000  1.938715e-11
7130.000000  1.932162e-11
7150.000000  1.925610e-11
7170.000000  1.920438e-11
7190.000000  1.912311e-11
7210.000000  1.907138e-11
7230.000000  1.901966e-11
7250.000000  1.896464e-11
7270.000000  1.890436e-11
7290.000000  1.883359e-11
7310.000000  1.877992e-11
7330.000000  1.871634e-11
7350.000000  1.866462e-11
7370.000000  1.860959e-11
7390.000000  1.853882e-11
7410.000000  1.846280e-11
7430.000000  1.841302e-11
7450.000000  1.835605e-11
7470.000000  1.830102e-11
7490.000000  1.823550e-11
7510.000000  1.817523e-11
7530.000000  1.812350e-11
7550.000000  1.806848e-11
7570.000000  1.800295e-11
7590.000000  1.794268e-11
7610.000000  1.788435e-11
7630.000000  1.782408e-11
7650.000000  1.776710e-11
7670.000000  1.768448e-11
7690.000000  1.764850e-11
7710.000000  1.756918e-11
7730.000000  1.751940e-11
7750.000000  1.745582e-11
7770.000000  1.740740e-11
7790.000000  1.734907e-11
7810.000000  1.729405e-11
7830.000000  1.722522e-11
7850.000000  1.717020e-11
7870.000000  1.712042e-11
7890.000000  1.705684e-11
7910.000000  1.699851e-11
7930.000000  1.692774e-11
7950.000000  1.686941e-11
7970.000000  1.682489e-11
7990.000000  1.676986e-11
8010.000000  1.670628e-11
8030.000000  1.665126e-11
8050.000000  1.658438e-11
8070.000000  1.653790e-11
8090.000000  1.647102e-11
8110.000000  1.642124e-11
8130.000000  1.636622e-11
8150.000000  1.630789e-11
8170.000000  1.624956e-11
8190.000000  1.616499e-11
8210.000000  1.612766e-11
8230.000000  1.605883e-11
8250.000000  1.601625e-11
8270.000000  1.596647e-11
8290.000000  1.590814e-11
8310.000000  1.584262e-11
8330.000000  1.573180e-11
8350.000000  1.573646e-11
8370.000000  1.565849e-11
8390.000000  1.556731e-11
8410.000000  1.555233e-11
8430.000000  1.552278e-11
8450.000000  1.545726e-11
8470.000000  1.534332e-11
8490.000000  1.539427e-11
8510.000000  1.499317e-11
8530.000000  1.529920e-11
8550.000000  1.453144e-11
8570.000000  1.521793e-11
8590.000000  1.511837e-11
8610.000000  1.497040e-11
8630.000000  1.506706e-11
8650.000000  1.500679e-11
8670.000000  1.429694e-11
8690.000000  1.484153e-11
8710.000000  1.485144e-11
8730.000000  1.479836e-11
8750.000000  1.452749e-11
8770.000000  1.469026e-11
8790.000000  1.464107e-11
8810.000000  1.454075e-11
8830.000000  1.450206e-11
8850.000000  1.447269e-11
8870.000000  1.420629e-11
8890.000000  1.438481e-11
8910.000000  1.432979e-11
8930.000000  1.427340e-11
8950.000000  1.422752e-11
8970.000000  1.417969e-11
8990.000000  1.412856e-11
9010.000000  1.382872e-11
9030.000000  1.400411e-11
9050.000000  1.397846e-11
9070.000000  1.391099e-11
9090.000000  1.381922e-11
9110.000000  1.381397e-11
9130.000000  1.377858e-11
9150.000000  1.372745e-11
9170.000000  1.367962e-11
9190.000000  1.363374e-11
9210.000000  1.355966e-11
9230.000000  1.326779e-11
9250.000000  1.346070e-11
9270.000000  1.343250e-11
9290.000000  1.338662e-11
9310.000000  1.334074e-11
9330.000000  1.329291e-11
9350.000000  1.324177e-11
9370.000000  1.319589e-11
9390.000000  1.315000e-11
9410.000000  1.306348e-11
9430.000000  1.305629e-11
9450.000000  1.300515e-11
9470.000000  1.296452e-11
9490.000000  1.291863e-11
9510.000000  1.287080e-11
9530.000000  1.282297e-11
9550.000000  1.252255e-11
9570.000000  1.273315e-11
9590.000000  1.268727e-11
9610.000000  1.264138e-11
9630.000000  1.259025e-11
9650.000000  1.254631e-11
9670.000000  1.249323e-11
9690.000000  1.246309e-11
9710.000000  1.241721e-11
9730.000000  1.237327e-11
9750.000000  1.232544e-11
9770.000000  1.228480e-11
9790.000000  1.224087e-11
9810.000000  1.219829e-11
9830.000000  1.215765e-11
9850.000000  1.211177e-11
9870.000000  1.206783e-11
9890.000000  1.202525e-11
9910.000000  1.198131e-11
9930.000000  1.194067e-11
9950.000000  1.190004e-11
9970.000000  1.185940e-11
9990.000000  1.181546e-11
10025.000000  1.172835e-11
10075.000000  1.154228e-11
10125.000000  1.153491e-11
10175.000000  1.143264e-11
10225.000000  1.133368e-11
10275.000000  1.123666e-11
10325.000000  1.112389e-11
10375.000000  1.103737e-11
10425.000000  1.094560e-11
10475.000000  1.084334e-11
10525.000000  1.075682e-11
10575.000000  1.066175e-11
10625.000000  1.056473e-11
10675.000000  1.044807e-11
10725.000000  1.038119e-11
10775.000000  1.029137e-11
10825.000000  1.017860e-11
10875.000000  1.012027e-11
10925.000000  9.910671e-12
10975.000000  9.947234e-12
11025.000000  9.875105e-12
11075.000000  9.793834e-12
11125.000000  9.709260e-12
11175.000000  9.626632e-12
11225.000000  9.550611e-12
11275.000000  9.466037e-12
11325.000000  9.391961e-12
11375.000000  9.312637e-12
11425.000000  9.230009e-12
11475.000000  9.164485e-12
11525.000000  9.090409e-12
11575.000000  9.013031e-12
11625.000000  8.930403e-12
11675.000000  8.864880e-12
11725.000000  8.797999e-12
11775.000000  8.716729e-12
11825.000000  8.644598e-12
11875.000000  8.574415e-12
11925.000000  8.524639e-12
11975.000000  8.415765e-12
12025.000000  8.385628e-12
12075.000000  8.316802e-12
12125.000000  8.258473e-12
12175.000000  8.196842e-12
12225.000000  8.135210e-12
12275.000000  8.071632e-12
12325.000000  8.010001e-12
12375.000000  7.948370e-12
12425.000000  7.890041e-12
12475.000000  7.830356e-12
12525.000000  7.772027e-12
12575.000000  7.715644e-12
12625.000000  7.657316e-12
12675.000000  7.602879e-12
12725.000000  7.546497e-12
12775.000000  7.488168e-12
12825.000000  7.262818e-12
12875.000000  7.382599e-12
12925.000000  7.331465e-12
12975.000000  7.278386e-12
13025.000000  7.227252e-12
13075.000000  7.178065e-12
13125.000000  7.126931e-12
13175.000000  7.075798e-12
13225.000000  7.029914e-12
13275.000000  6.978780e-12
13325.000000  6.932896e-12
13375.000000  6.887011e-12
13425.000000  6.837824e-12
13475.000000  6.791940e-12
13525.000000  6.746056e-12
13575.000000  6.700171e-12
13625.000000  6.659535e-12
13675.000000  6.615597e-12
13725.000000  6.569713e-12
13775.000000  6.529077e-12
13825.000000  6.488442e-12
13875.000000  6.444504e-12
13925.000000  6.403868e-12
13975.000000  6.363233e-12
14025.000000  6.322598e-12
14075.000000  6.283909e-12
14125.000000  6.243273e-12
14175.000000  6.207887e-12
14225.000000  6.163949e-12
14275.000000  6.128562e-12
14325.000000  6.093176e-12
14375.000000  6.054487e-12
14425.000000  6.008603e-12
14475.000000  5.980411e-12
14525.000000  5.937830e-12
14570.000000  5.911585e-12
14620.000000  5.876198e-12
14675.000000  5.840812e-12
14725.000000  5.802123e-12
14775.000000  5.768683e-12
14825.000000  5.736599e-12
14875.000000  5.684109e-12
14925.000000  5.667773e-12
14975.000000  5.634333e-12
15025.000000  5.567452e-12
15075.000000  5.555008e-12
15125.000000  5.524872e-12
15175.000000  5.491431e-12
15225.000000  5.475683e-12
15275.000000  5.413463e-12
15325.000000  5.378702e-12
15375.000000  5.380977e-12
15425.000000  5.290568e-12
15475.000000  5.323934e-12
15525.000000  5.296403e-12
15575.000000  5.165689e-12
15625.000000  5.250483e-12
15675.000000  5.185290e-12
15725.000000  5.057824e-12
15775.000000  5.149171e-12
15825.000000  5.124613e-12
15875.000000  4.895034e-12
15925.000000  5.049352e-12
15975.000000  5.037220e-12
16050.000000  4.973548e-12
16150.000000  4.802260e-12
16250.000000  4.839226e-12
16350.000000  4.737602e-12
16450.000000  4.551852e-12
16550.000000  4.568872e-12
16650.000000  4.474678e-12
16750.000000  4.365493e-12
16850.000000  4.190418e-12
16950.000000  4.207514e-12
17050.000000  4.121583e-12
17150.000000  4.038607e-12
17250.000000  3.957401e-12
17350.000000  3.774682e-12
17450.000000  3.798933e-12
17550.000000  3.727623e-12
17650.000000  3.654290e-12
17750.000000  3.583445e-12
17850.000000  3.513981e-12
17950.000000  3.446286e-12
18050.000000  3.379117e-12
18150.000000  3.232386e-12
18250.000000  3.245378e-12
18350.000000  3.189349e-12
18450.000000  3.128342e-12
18550.000000  3.070096e-12
18650.000000  3.011324e-12
18750.000000  2.856644e-12
18850.000000  2.899420e-12
18950.000000  2.844771e-12
19050.000000  2.794923e-12
19150.000000  2.743364e-12
19250.000000  2.693380e-12
19350.000000  2.643397e-12
19450.000000  2.530885e-12
19550.000000  2.548542e-12
19650.000000  2.503477e-12
19750.000000  2.457363e-12
19850.000000  2.414922e-12
19950.000000  2.371957e-12
20050.000000  2.330566e-12
20150.000000  2.289700e-12
20250.000000  2.249554e-12
20350.000000  2.209738e-12
20450.000000  2.171886e-12
20550.000000  2.134170e-12
20650.000000  2.097173e-12
20750.000000  2.061556e-12
20850.000000  2.026328e-12
20950.000000  1.991431e-12
21050.000000  1.958109e-12
21150.000000  1.924981e-12
21250.000000  1.892708e-12
21350.000000  1.860960e-12
21450.000000  1.829932e-12
21550.000000  1.799759e-12
21650.000000  1.730195e-12
21750.000000  1.740132e-12
21850.000000  1.711923e-12
21950.000000  1.684239e-12
22050.000000  1.656360e-12
22150.000000  1.629861e-12
22250.000000  1.603557e-12
22350.000000  1.577778e-12
22450.000000  1.552718e-12
22550.000000  1.527464e-12
22650.000000  1.503454e-12
22750.000000  1.479774e-12
22850.000000  1.456289e-12
22950.000000  1.433329e-12
23050.000000  1.411224e-12
23150.000000  1.389314e-12
23250.000000  1.367404e-12
23350.000000  1.346348e-12
23450.000000  1.325683e-12
23550.000000  1.305152e-12
23650.000000  1.285342e-12
23750.000000  1.265531e-12
23850.000000  1.246245e-12
23950.000000  1.227484e-12
24050.000000  1.208723e-12
24150.000000  1.189962e-12
24250.000000  1.174681e-12
24350.000000  1.155201e-12
24450.000000  1.137490e-12
24550.000000  1.122792e-12
24650.000000  1.104887e-12
24750.000000  1.088420e-12
24850.000000  1.075162e-12
24950.000000  1.053134e-12
