2505.000000  1.323820e-15
2513.000000  9.212515e-16
2518.000000  1.124543e-15
2525.000000  1.408229e-15
2535.000000  3.172134e-15
2545.000000  4.017739e-15
2555.000000  4.152755e-15
2565.000000  2.168682e-15
2575.000000  3.772912e-15
2585.000000  2.605610e-15
2595.000000  3.321943e-15
2605.000000  4.708511e-15
2615.000000  4.223244e-15
2625.000000  7.008648e-15
2635.000000  1.072336e-14
2645.000000  8.122192e-15
2655.000000  1.177521e-14
2665.000000  9.886840e-15
2675.000000  9.202266e-15
2685.000000  1.250771e-14
2695.000000  8.875889e-15
2705.000000  1.621908e-14
2715.000000  1.549590e-14
2725.000000  1.339832e-14
2735.000000  1.383469e-14
2745.000000  2.049355e-14
2755.000000  1.906534e-14
2765.000000  2.889179e-14
2775.000000  3.738899e-14
2785.000000  2.515551e-14
2795.000000  3.549426e-14
2805.000000  3.435684e-14
2815.000000  3.783358e-14
2825.000000  3.824248e-14
2835.000000  3.328926e-14
2845.000000  2.519093e-14
2855.000000  1.229243e-14
2865.000000  4.123588e-14
2875.000000  4.525467e-14
2885.000000  7.740476e-14
2895.000000  8.804265e-14
2910.000000  1.069786e-13
2930.000000  1.170669e-13
2950.000000  1.187206e-13
2970.000000  1.191976e-13
2990.000000  1.488057e-13
3010.000000  1.664497e-13
3030.000000  2.068839e-13
3050.000000  2.504383e-13
3070.000000  2.838046e-13
3090.000000  3.083976e-13
3110.000000  4.467031e-13
3130.000000  4.382517e-13
3150.000000  7.047774e-13
3170.000000  1.050756e-12
3190.000000  8.102482e-13
3210.000000  1.090783e-12
3230.000000  1.147815e-12
3250.000000  1.693148e-12
3270.000000  2.369690e-12
3290.000000  3.329037e-12
3310.000000  2.818195e-12
3330.000000  3.226747e-12
3350.000000  3.249515e-12
3370.000000  2.232764e-12
3390.000000  2.874005e-12
3410.000000  3.629296e-12
3430.000000  4.075944e-12
3450.000000  3.841959e-12
3470.000000  4.145736e-12
3490.000000  5.355427e-12
3510.000000  7.892388e-12
3530.000000  7.107374e-12
3550.000000  1.094116e-11
3570.000000  5.081049e-12
3590.000000  4.211154e-12
3610.000000  7.182192e-12
3630.000000  1.148735e-11
3640.000000  1.292838e-11
3650.000000  1.353836e-11
3670.000000  1.888185e-11
3690.000000  1.556429e-11
3710.000000  1.280316e-11
3730.000000  5.371990e-12
3750.000000  7.105227e-12
3770.000000  1.666932e-11
3790.000000  1.934976e-11
3810.000000  1.693556e-11
3830.000000  7.187010e-12
3850.000000  1.240352e-11
3870.000000  1.183652e-11
3890.000000  1.380577e-11
3910.000000  1.843338e-11
3930.000000  5.824048e-12
3950.000000  1.136391e-11
3970.000000  7.483826e-12
3990.000000  2.983423e-11
4010.000000  4.408687e-11
4030.000000  3.450583e-11
4050.000000  3.832903e-11
4070.000000  3.719026e-11
4090.000000  4.865924e-11
4110.000000  3.115253e-11
4130.000000  3.520699e-11
4150.000000  3.521573e-11
4170.000000  3.198902e-11
4190.000000  3.624252e-11
4210.000000  3.075782e-11
4230.000000  1.657482e-11
4250.000000  3.648544e-11
4270.000000  3.487396e-11
4290.000000  3.611260e-11
4310.000000  4.192062e-11
4330.000000  5.904227e-11
4350.000000  5.977565e-11
4370.000000  6.232306e-11
4390.000000  5.573346e-11
4410.000000  5.741053e-11
4430.000000  5.750131e-11
4450.000000  6.240730e-11
4470.000000  6.402630e-11
4490.000000  7.029261e-11
4510.000000  7.900483e-11
4530.000000  6.612529e-11
4550.000000  7.253967e-11
4570.000000  8.471279e-11
4590.000000  7.120612e-11
4610.000000  7.740577e-11
4630.000000  7.034510e-11
4650.000000  7.030982e-11
4670.000000  7.603938e-11
4690.000000  7.475370e-11
4710.000000  7.677121e-11
4730.000000  7.418619e-11
4750.000000  8.089511e-11
4770.000000  4.728344e-11
4790.000000  5.835985e-11
4810.000000  5.798472e-11
4830.000000  6.657697e-11
4850.000000  7.291177e-11
4870.000000  7.965065e-11
4890.000000  9.120630e-11
4910.000000  9.664669e-11
4930.000000  1.019254e-10
4950.000000  9.468912e-11
4970.000000  5.300172e-11
4990.000000  6.349732e-11
5010.000000  4.596389e-11
5030.000000  6.010685e-11
5050.000000  6.176055e-11
5070.000000  6.734475e-11
5090.000000  6.752427e-11
5110.000000  7.701958e-11
5130.000000  7.564054e-11
5150.000000  7.444005e-11
5170.000000  6.046884e-11
5190.000000  5.198709e-11
5210.000000  6.753856e-11
5230.000000  1.065995e-10
5250.000000  1.008315e-10
5270.000000  1.013079e-10
5290.000000  1.228378e-10
5310.000000  1.384107e-10
5330.000000  1.218516e-10
5350.000000  1.371034e-10
5370.000000  1.294908e-10
5390.000000  1.323982e-10
5410.000000  1.359948e-10
5430.000000  1.360245e-10
5450.000000  1.119419e-10
5470.000000  9.725611e-11
5490.000000  1.108712e-10
5510.000000  9.881512e-11
5530.000000  1.207671e-10
5550.000000  1.318643e-10
5570.000000  1.336183e-10
5590.000000  1.280423e-10
5610.000000  9.471802e-11
5630.000000  9.843082e-11
5650.000000  1.104538e-10
5670.000000  1.073984e-10
5690.000000  1.274081e-10
5710.000000  1.227144e-10
5730.000000  1.444994e-10
5750.000000  1.536599e-10
5770.000000  1.387074e-10
5790.000000  1.461066e-10
5810.000000  1.526308e-10
5830.000000  1.582552e-10
5850.000000  1.423629e-10
5870.000000  1.213980e-10
5890.000000  8.346675e-11
5910.000000  9.579006e-11
5930.000000  1.015814e-10
5950.000000  1.057197e-10
5970.000000  1.117838e-10
5990.000000  1.226813e-10
6010.000000  1.267724e-10
6030.000000  1.449889e-10
6050.000000  1.556445e-10
6070.000000  1.650655e-10
6090.000000  1.719237e-10
6110.000000  1.738564e-10
6130.000000  1.697681e-10
6150.000000  1.753904e-10
6170.000000  1.063213e-10
6190.000000  1.056317e-10
6210.000000  1.027975e-10
6230.000000  8.423353e-11
6250.000000  9.384719e-11
6270.000000  1.119416e-10
6290.000000  1.235193e-10
6310.000000  1.371146e-10
6330.000000  1.468333e-10
6350.000000  1.568127e-10
6370.000000  1.533203e-10
6390.000000  1.605014e-10
6410.000000  1.651833e-10
6430.000000  1.533140e-10
6450.000000  1.608215e-10
6470.000000  1.735154e-10
6490.000000  1.572293e-10
6510.000000  1.721308e-10
6530.000000  1.855433e-10
6550.000000  1.769957e-10
6570.000000  1.772077e-10
6590.000000  1.791975e-10
6610.000000  1.770821e-10
6630.000000  1.700612e-10
6650.000000  1.538882e-10
6670.000000  1.436459e-10
6690.000000  1.191853e-10
6710.000000  1.237499e-10
6730.000000  1.018943e-10
6750.000000  1.077429e-10
6770.000000  1.252878e-10
6790.000000  1.107851e-10
6810.000000  1.233906e-10
6830.000000  1.349109e-10
6850.000000  1.422907e-10
6870.000000  1.456517e-10
6890.000000  1.638512e-10
6910.000000  1.824506e-10
6930.000000  1.786443e-10
6950.000000  1.963735e-10
6970.000000  2.162788e-10
6990.000000  2.190877e-10
7010.000000  2.272515e-10
7030.000000  2.381552e-10
7050.000000  2.208710e-10
7070.000000  1.479644e-10
7090.000000  1.334999e-10
7110.000000  1.277646e-10
7130.000000  1.045498e-10
7150.000000  1.037832e-10
7170.000000  1.151691e-10
7190.000000  1.374495e-10
7210.000000  1.294229e-10
7230.000000  1.557523e-10
7250.000000  1.748918e-10
7270.000000  1.940222e-10
7290.000000  2.086360e-10
7310.000000  2.237358e-10
7330.000000  2.371311e-10
7350.000000  2.455912e-10
7370.000000  2.626192e-10
7390.000000  2.693847e-10
7410.000000  2.730473e-10
7430.000000  2.789820e-10
7450.000000  2.825983e-10
7470.000000  2.854653e-10
7490.000000  2.869464e-10
7510.000000  2.927302e-10
7530.000000  2.953824e-10
7550.000000  2.962320e-10
7570.000000  2.957187e-10
7590.000000  2.717564e-10
7610.000000  2.599779e-10
7630.000000  2.475939e-10
7650.000000  2.437020e-10
7670.000000  2.153970e-10
7690.000000  2.130998e-10
7710.000000  2.069754e-10
7730.000000  2.204524e-10
7750.000000  2.124919e-10
7770.000000  2.139769e-10
7790.000000  2.172482e-10
7810.000000  2.330964e-10
7830.000000  2.265206e-10
7850.000000  2.303055e-10
7870.000000  2.406094e-10
7890.000000  2.511267e-10
7910.000000  2.467437e-10
7930.000000  2.532042e-10
7950.000000  2.532653e-10
7970.000000  2.706308e-10
7990.000000  2.678497e-10
8010.000000  2.739637e-10
8030.000000  2.779738e-10
8050.000000  2.826491e-10
8070.000000  2.792898e-10
8090.000000  2.846359e-10
8110.000000  2.883314e-10
8130.000000  2.943611e-10
8150.000000  2.965942e-10
8170.000000  2.981255e-10
8190.000000  2.835233e-10
8210.000000  2.682619e-10
8230.000000  2.806937e-10
8250.000000  2.801973e-10
8270.000000  2.810298e-10
8290.000000  2.708022e-10
8310.000000  2.655842e-10
8330.000000  2.703403e-10
8350.000000  2.652748e-10
8370.000000  2.663432e-10
8390.000000  2.543815e-10
8410.000000  2.706809e-10
8430.000000  2.550045e-10
8450.000000  2.505088e-10
8470.000000  2.467810e-10
8490.000000  2.522373e-10
8510.000000  2.428323e-10
8530.000000  2.536813e-10
8550.000000  2.316457e-10
8570.000000  2.678576e-10
8590.000000  2.699468e-10
8610.000000  2.734601e-10
8630.000000  2.802125e-10
8650.000000  2.826972e-10
8670.000000  2.513338e-10
8690.000000  2.751181e-10
8710.000000  2.909243e-10
8730.000000  2.910413e-10
8750.000000  2.928286e-10
8770.000000  2.920292e-10
8790.000000  2.967902e-10
8810.000000  2.912585e-10
8830.000000  2.928514e-10
8850.000000  2.962529e-10
8870.000000  2.406323e-10
8890.000000  2.473070e-10
8910.000000  2.583312e-10
8930.000000  2.584192e-10
8950.000000  2.512530e-10
8970.000000  2.568340e-10
8990.000000  2.669451e-10
9010.000000  2.617045e-10
9030.000000  2.687547e-10
9050.000000  2.773698e-10
9070.000000  2.833262e-10
9090.000000  2.774947e-10
9110.000000  2.821532e-10
9130.000000  2.880429e-10
9150.000000  2.866620e-10
9170.000000  2.869167e-10
9190.000000  2.906141e-10
9210.000000  2.857972e-10
9230.000000  2.849249e-10
9250.000000  2.819335e-10
9270.000000  2.837152e-10
9290.000000  2.796783e-10
9310.000000  2.835824e-10
9330.000000  2.845551e-10
9350.000000  2.850156e-10
9370.000000  2.788524e-10
9390.000000  2.832974e-10
9410.000000  2.821044e-10
9430.000000  2.851929e-10
9450.000000  2.795782e-10
9470.000000  2.858771e-10
9490.000000  2.875545e-10
9510.000000  2.874577e-10
9530.000000  2.869691e-10
9550.000000  2.817186e-10
9570.000000  2.849394e-10
9590.000000  2.901183e-10
9610.000000  2.850997e-10
9630.000000  2.892160e-10
9650.000000  2.753334e-10
9670.000000  2.757581e-10
9690.000000  2.845714e-10
9710.000000  2.828128e-10
9730.000000  2.743408e-10
9750.000000  2.725520e-10
9770.000000  2.764587e-10
9790.000000  2.711002e-10
9810.000000  2.795005e-10
9830.000000  2.725022e-10
9850.000000  2.784404e-10
9870.000000  2.796240e-10
9890.000000  2.803293e-10
9910.000000  2.765204e-10
9930.000000  2.769344e-10
9950.000000  2.781931e-10
9970.000000  2.808899e-10
9990.000000  2.810615e-10
10025.000000  2.764753e-10
10075.000000  2.765054e-10
10125.000000  2.791198e-10
10175.000000  2.770549e-10
10225.000000  2.797420e-10
10275.000000  2.804789e-10
10325.000000  2.774732e-10
10375.000000  2.771548e-10
10425.000000  2.790765e-10
10475.000000  2.771677e-10
10525.000000  2.785198e-10
10575.000000  2.756091e-10
10625.000000  2.763254e-10
10675.000000  2.722373e-10
10725.000000  2.721047e-10
10775.000000  2.721890e-10
10825.000000  2.685313e-10
10875.000000  2.695129e-10
10925.000000  2.683879e-10
10975.000000  2.628526e-10
11025.000000  2.609740e-10
11075.000000  2.602249e-10
11125.000000  2.599089e-10
11175.000000  2.589086e-10
11225.000000  2.606301e-10
11275.000000  2.570203e-10
11325.000000  2.575802e-10
11375.000000  2.548139e-10
11425.000000  2.545242e-10
11475.000000  2.575891e-10
11525.000000  2.580356e-10
11575.000000  2.558722e-10
11625.000000  2.525629e-10
11675.000000  2.532738e-10
11725.000000  2.562085e-10
11775.000000  2.509005e-10
11825.000000  2.517941e-10
11875.000000  2.483917e-10
11925.000000  2.525790e-10
11975.000000  2.451188e-10
12025.000000  2.502301e-10
12075.000000  2.492100e-10
12125.000000  2.501765e-10
12175.000000  2.500640e-10
12225.000000  2.493486e-10
12275.000000  2.482925e-10
12325.000000  2.474004e-10
12375.000000  2.471326e-10
12425.000000  2.457322e-10
12475.000000  2.454384e-10
12525.000000  2.440562e-10
12575.000000  2.438513e-10
12625.000000  2.430438e-10
12675.000000  2.420963e-10
12725.000000  2.422624e-10
12775.000000  2.427454e-10
12825.000000  2.365787e-10
12875.000000  2.398375e-10
12925.000000  2.371020e-10
12975.000000  2.403483e-10
13025.000000  2.389341e-10
13075.000000  2.390482e-10
13125.000000  2.351528e-10
13175.000000  2.358306e-10
13225.000000  2.366516e-10
13275.000000  2.328651e-10
13325.000000  2.272577e-10
13375.000000  2.194706e-10
13425.000000  2.169039e-10
13475.000000  2.213212e-10
13525.000000  2.170928e-10
13575.000000  2.173410e-10
13625.000000  2.149406e-10
13675.000000  2.194051e-10
13725.000000  2.205135e-10
13775.000000  2.205135e-10
13825.000000  2.207717e-10
13875.000000  2.159036e-10
13925.000000  1.967873e-10
13975.000000  2.041123e-10
14025.000000  2.072849e-10
14075.000000  2.077946e-10
14125.000000  2.022064e-10
14175.000000  2.031172e-10
14225.000000  2.043144e-10
14275.000000  2.005416e-10
14325.000000  2.043619e-10
14375.000000  2.026403e-10
14425.000000  2.041000e-10
14475.000000  2.058121e-10
14525.000000  2.034230e-10
14570.000000  2.041374e-10
14620.000000  1.922575e-10
14675.000000  1.946097e-10
14725.000000  1.991112e-10
14775.000000  1.988038e-10
14825.000000  2.009946e-10
14875.000000  2.008160e-10
14925.000000  2.062028e-10
14975.000000  2.093565e-10
15025.000000  2.019571e-10
15075.000000  2.041957e-10
15125.000000  2.067409e-10
15175.000000  2.090046e-10
15225.000000  2.135510e-10
15275.000000  2.090003e-10
15325.000000  2.143414e-10
15375.000000  2.076899e-10
15425.000000  2.052229e-10
15475.000000  2.180844e-10
15525.000000  2.120914e-10
15575.000000  2.100640e-10
15625.000000  2.185599e-10
15675.000000  2.187201e-10
15725.000000  2.193444e-10
15775.000000  2.120177e-10
15825.000000  2.193453e-10
15875.000000  2.175461e-10
15925.000000  2.239763e-10
15975.000000  2.241684e-10
16050.000000  2.230320e-10
16150.000000  2.285554e-10
16250.000000  2.217784e-10
16350.000000  2.294962e-10
16450.000000  2.231967e-10
16550.000000  2.301375e-10
16650.000000  2.218045e-10
16750.000000  2.212810e-10
16850.000000  2.163509e-10
16950.000000  2.160445e-10
17050.000000  2.084323e-10
17150.000000  1.990971e-10
17250.000000  1.960579e-10
17350.000000  1.879259e-10
17450.000000  1.861190e-10
17550.000000  1.758985e-10
17650.000000  1.713782e-10
17750.000000  1.647340e-10
17850.000000  1.583543e-10
17950.000000  1.565598e-10
18050.000000  1.476986e-10
18150.000000  1.461625e-10
18250.000000  1.420518e-10
18350.000000  1.413962e-10
18450.000000  1.334385e-10
18550.000000  1.278755e-10
18650.000000  1.272278e-10
18750.000000  1.241625e-10
18850.000000  1.274792e-10
18950.000000  1.237451e-10
19050.000000  1.247966e-10
19150.000000  1.229225e-10
19250.000000  1.223216e-10
19350.000000  1.180114e-10
19450.000000  1.171902e-10
19550.000000  1.171957e-10
19650.000000  1.143583e-10
19750.000000  1.106629e-10
19850.000000  1.077958e-10
19950.000000  1.049150e-10
20050.000000  1.048289e-10
20150.000000  1.018213e-10
20250.000000  9.943202e-11
20350.000000  9.953360e-11
20450.000000  9.818489e-11
20550.000000  9.698950e-11
20650.000000  9.466188e-11
20750.000000  9.476665e-11
20850.000000  9.220825e-11
20950.000000  9.240170e-11
21050.000000  9.181574e-11
21150.000000  9.138963e-11
21250.000000  9.033844e-11
21350.000000  9.041357e-11
21450.000000  8.988444e-11
21550.000000  8.917053e-11
21650.000000  8.937498e-11
21750.000000  8.761146e-11
21850.000000  8.756185e-11
21950.000000  8.710131e-11
22050.000000  8.504060e-11
22150.000000  8.667867e-11
22250.000000  8.385343e-11
22350.000000  8.400639e-11
22450.000000  8.345107e-11
22550.000000  8.282369e-11
22650.000000  8.077751e-11
22750.000000  8.100269e-11
22850.000000  7.961259e-11
22950.000000  6.739169e-11
23050.000000  7.186658e-11
23150.000000  7.094114e-11
23250.000000  6.129935e-11
23350.000000  6.484880e-11
23450.000000  6.397406e-11
23550.000000  5.514805e-11
23650.000000  6.006484e-11
23750.000000  5.913977e-11
23850.000000  5.157113e-11
23950.000000  5.461268e-11
24050.000000  5.260426e-11
24150.000000  4.794674e-11
24250.000000  4.937913e-11
24350.000000  4.840481e-11
24450.000000  4.482100e-11
24550.000000  4.381456e-11
24650.000000  4.393123e-11
24750.000000  4.177578e-11
24850.000000  3.994295e-11
24950.000000  4.053514e-11
