2505.000000  1.725706e-10
2513.000000  1.575528e-10
2518.000000  1.644478e-10
2525.000000  1.539589e-10
2535.000000  1.564146e-10
2545.000000  1.496226e-10
2555.000000  1.573071e-10
2565.000000  1.544797e-10
2575.000000  1.644877e-10
2585.000000  1.617720e-10
2595.000000  1.626140e-10
2605.000000  1.548985e-10
2615.000000  1.538824e-10
2625.000000  1.562039e-10
2635.000000  1.571349e-10
2645.000000  1.641172e-10
2655.000000  1.614227e-10
2665.000000  1.501530e-10
2675.000000  1.567578e-10
2685.000000  1.532508e-10
2695.000000  1.496585e-10
2705.000000  1.524904e-10
2715.000000  1.462621e-10
2725.000000  1.462290e-10
2735.000000  1.526847e-10
2745.000000  1.369288e-10
2755.000000  1.357753e-10
2765.000000  1.388745e-10
2775.000000  1.440514e-10
2785.000000  1.442617e-10
2795.000000  1.295837e-10
2805.000000  1.376084e-10
2815.000000  1.433334e-10
2825.000000  1.420267e-10
2835.000000  1.340096e-10
2845.000000  1.306651e-10
2855.000000  1.315692e-10
2865.000000  1.355834e-10
2875.000000  1.321303e-10
2885.000000  1.329472e-10
2895.000000  1.307044e-10
2910.000000  1.356346e-10
2930.000000  1.311063e-10
2950.000000  1.292874e-10
2970.000000  1.282065e-10
2990.000000  1.263652e-10
3010.000000  1.272320e-10
3030.000000  1.254144e-10
3050.000000  1.225586e-10
3070.000000  1.202860e-10
3090.000000  1.197852e-10
3110.000000  1.162917e-10
3130.000000  1.149017e-10
3150.000000  1.138981e-10
3170.000000  1.116548e-10
3190.000000  1.075765e-10
3210.000000  1.079622e-10
3230.000000  1.063400e-10
3250.000000  1.049715e-10
3270.000000  1.038889e-10
3290.000000  1.025468e-10
3310.000000  1.016007e-10
3330.000000  9.952525e-11
3350.000000  9.753782e-11
3370.000000  9.620652e-11
3390.000000  9.463529e-11
3410.000000  9.392764e-11
3430.000000  9.243408e-11
3450.000000  9.109707e-11
3470.000000  8.953130e-11
3490.000000  8.840783e-11
3510.000000  8.757544e-11
3530.000000  8.654108e-11
3550.000000  8.538139e-11
3570.000000  8.409688e-11
3590.000000  8.252983e-11
3610.000000  8.164516e-11
3630.000000  8.042877e-11
3640.000000  8.013330e-11
3650.000000  7.971555e-11
3670.000000  7.881509e-11
3690.000000  7.714635e-11
3710.000000  7.490254e-11
3730.000000  7.162307e-11
3750.000000  7.889471e-11
3770.000000  8.050316e-11
3790.000000  9.107406e-11
3810.000000  1.000792e-10
3830.000000  8.323536e-11
3850.000000  1.048970e-10
3870.000000  1.126211e-10
3890.000000  7.550957e-11
3910.000000  1.117303e-10
3930.000000  1.124185e-10
3950.000000  1.090175e-10
3970.000000  7.104507e-11
3990.000000  1.034073e-10
4010.000000  1.079482e-10
4030.000000  1.021593e-10
4050.000000  1.062776e-10
4070.000000  1.021959e-10
4090.000000  8.687225e-11
4110.000000  7.094078e-11
4130.000000  9.481124e-11
4150.000000  9.675792e-11
4170.000000  9.612076e-11
4190.000000  9.513448e-11
4210.000000  9.404290e-11
4230.000000  9.240414e-11
4250.000000  9.068244e-11
4270.000000  8.801341e-11
4290.000000  8.784039e-11
4310.000000  8.485000e-11
4330.000000  6.967048e-11
4350.000000  6.129612e-11
4370.000000  8.026622e-11
4390.000000  7.890963e-11
4410.000000  8.025125e-11
4430.000000  7.834232e-11
4450.000000  7.828555e-11
4470.000000  7.413867e-11
4490.000000  7.461548e-11
4510.000000  7.482645e-11
4530.000000  7.336945e-11
4550.000000  7.214300e-11
4570.000000  7.178409e-11
4590.000000  7.031763e-11
4610.000000  6.967704e-11
4630.000000  6.787333e-11
4650.000000  6.752882e-11
4670.000000  6.646409e-11
4690.000000  6.559136e-11
4710.000000  6.330707e-11
4730.000000  6.349333e-11
4750.000000  6.243304e-11
4770.000000  6.219112e-11
4790.000000  6.105742e-11
4810.000000  5.963856e-11
4830.000000  5.781023e-11
4850.000000  4.917493e-11
4870.000000  4.201792e-11
4890.000000  5.498072e-11
4910.000000  5.553676e-11
4930.000000  5.401062e-11
4950.000000  5.454087e-11
4970.000000  5.403599e-11
4990.000000  5.315104e-11
5010.000000  5.111594e-11
5030.000000  5.121083e-11
5050.000000  4.967773e-11
5070.000000  5.011396e-11
5090.000000  4.939075e-11
5110.000000  4.848023e-11
5130.000000  4.803231e-11
5150.000000  4.698249e-11
5170.000000  4.662452e-11
5190.000000  4.610976e-11
5210.000000  4.492259e-11
5230.000000  4.478875e-11
5250.000000  4.445072e-11
5270.000000  4.356187e-11
5290.000000  4.356699e-11
5310.000000  4.269816e-11
5330.000000  4.228204e-11
5350.000000  4.171467e-11
5370.000000  4.135115e-11
5390.000000  4.079513e-11
5410.000000  4.014993e-11
5430.000000  3.965511e-11
5450.000000  3.926013e-11
5470.000000  3.862099e-11
5490.000000  3.835577e-11
5510.000000  3.782488e-11
5530.000000  3.747117e-11
5550.000000  3.701881e-11
5570.000000  3.653560e-11
5590.000000  3.613482e-11
5610.000000  3.575510e-11
5630.000000  3.539149e-11
5650.000000  3.454772e-11
5670.000000  3.423092e-11
5690.000000  3.401805e-11
5710.000000  3.368045e-11
5730.000000  3.330567e-11
5750.000000  3.290523e-11
5770.000000  3.251034e-11
5790.000000  3.208355e-11
5810.000000  3.170401e-11
5830.000000  3.136069e-11
5850.000000  3.098660e-11
5870.000000  2.999306e-11
5890.000000  3.009689e-11
5910.000000  2.989415e-11
5930.000000  2.962373e-11
5950.000000  2.903607e-11
5970.000000  2.885960e-11
5990.000000  2.847962e-11
6010.000000  2.829240e-11
6030.000000  2.794397e-11
6050.000000  2.762674e-11
6070.000000  2.730440e-11
6090.000000  2.698699e-11
6110.000000  2.674266e-11
6130.000000  2.642350e-11
6150.000000  2.586904e-11
6170.000000  2.580352e-11
6190.000000  2.555286e-11
6210.000000  2.526364e-11
6230.000000  2.492869e-11
6250.000000  2.449916e-11
6270.000000  2.442113e-11
6290.000000  2.414534e-11
6310.000000  2.383216e-11
6330.000000  2.361496e-11
6350.000000  2.303191e-11
6370.000000  2.291727e-11
6390.000000  2.283111e-11
6410.000000  2.255452e-11
6430.000000  2.239293e-11
6450.000000  2.205650e-11
6470.000000  2.188486e-11
6490.000000  2.156796e-11
6510.000000  2.124259e-11
6530.000000  2.079019e-11
6550.000000  1.892714e-11
6570.000000  1.608560e-11
6590.000000  1.978695e-11
6610.000000  2.015204e-11
6630.000000  2.004892e-11
6650.000000  1.989536e-11
6670.000000  1.957461e-11
6690.000000  1.939716e-11
6710.000000  1.929687e-11
6730.000000  1.910344e-11
6750.000000  1.891151e-11
6770.000000  1.873262e-11
6790.000000  1.849731e-11
6810.000000  1.833052e-11
6830.000000  1.810172e-11
6850.000000  1.796130e-11
6870.000000  1.778812e-11
6890.000000  1.760923e-11
6910.000000  1.743081e-11
6930.000000  1.720134e-11
6950.000000  1.709017e-11
6970.000000  1.692583e-11
6990.000000  1.676145e-11
7010.000000  1.656703e-11
7030.000000  1.641870e-11
7050.000000  1.619872e-11
7070.000000  1.597262e-11
7090.000000  1.595585e-11
7110.000000  1.575661e-11
7130.000000  1.561512e-11
7150.000000  1.547372e-11
7170.000000  1.533019e-11
7190.000000  1.519238e-11
7210.000000  1.504577e-11
7230.000000  1.480969e-11
7250.000000  1.472897e-11
7270.000000  1.461976e-11
7290.000000  1.444021e-11
7310.000000  1.433786e-11
7330.000000  1.420216e-11
7350.000000  1.407684e-11
7370.000000  1.394366e-11
7390.000000  1.380848e-11
7410.000000  1.367791e-11
7430.000000  1.350318e-11
7450.000000  1.340173e-11
7470.000000  1.323739e-11
7490.000000  1.313857e-11
7510.000000  1.302468e-11
7530.000000  1.291959e-11
7550.000000  1.279999e-11
7570.000000  1.268613e-11
7590.000000  1.255816e-11
7610.000000  1.246196e-11
7630.000000  1.234026e-11
7650.000000  1.222321e-11
7670.000000  1.211400e-11
7690.000000  1.199959e-11
7710.000000  1.189350e-11
7730.000000  1.178373e-11
7750.000000  1.167764e-11
7770.000000  1.140733e-11
7790.000000  1.146805e-11
7810.000000  1.137444e-11
7830.000000  1.126836e-11
7850.000000  1.109626e-11
7870.000000  1.100941e-11
7890.000000  1.087428e-11
7910.000000  1.085647e-11
7930.000000  1.077635e-11
7950.000000  1.061253e-11
7970.000000  1.058441e-11
7990.000000  1.038842e-11
8010.000000  1.040135e-11
8030.000000  1.030360e-11
8050.000000  1.020996e-11
8070.000000  1.012780e-11
8090.000000  1.003262e-11
8110.000000  9.944693e-12
8130.000000  9.858893e-12
8150.000000  9.779828e-12
8170.000000  9.699758e-12
8190.000000  9.594734e-12
8210.000000  9.479725e-12
8230.000000  9.361197e-12
8250.000000  9.364803e-12
8270.000000  9.296574e-12
8290.000000  9.192615e-12
8310.000000  9.137967e-12
8330.000000  9.058962e-12
8350.000000  8.982906e-12
8370.000000  8.911096e-12
8390.000000  8.855936e-12
8410.000000  8.771081e-12
8430.000000  8.683660e-12
8450.000000  8.527117e-12
8470.000000  8.511446e-12
8490.000000  8.449465e-12
8510.000000  8.288681e-12
8530.000000  8.348169e-12
8550.000000  8.012351e-12
8570.000000  8.289499e-12
8590.000000  7.928046e-12
8610.000000  7.820012e-12
8630.000000  8.191098e-12
8650.000000  7.899791e-12
8670.000000  7.171576e-12
8690.000000  7.948616e-12
8710.000000  8.119108e-12
8730.000000  7.816715e-12
8750.000000  6.713855e-12
8770.000000  7.482894e-12
8790.000000  7.948671e-12
8810.000000  7.987190e-12
8830.000000  7.767130e-12
8850.000000  7.081675e-12
8870.000000  6.333162e-12
8890.000000  7.410123e-12
8910.000000  7.665548e-12
8930.000000  7.656136e-12
8950.000000  7.644747e-12
8970.000000  7.514682e-12
8990.000000  7.176778e-12
9010.000000  6.054452e-12
9030.000000  6.418688e-12
9050.000000  7.120188e-12
9070.000000  7.176693e-12
9090.000000  7.173790e-12
9110.000000  7.176303e-12
9130.000000  7.130505e-12
9150.000000  7.085338e-12
9170.000000  6.977341e-12
9190.000000  6.800670e-12
9210.000000  6.370795e-12
9230.000000  5.316214e-12
9250.000000  6.156854e-12
9270.000000  6.476236e-12
9290.000000  6.641397e-12
9310.000000  6.641606e-12
9330.000000  6.592721e-12
9350.000000  6.567724e-12
9370.000000  6.521413e-12
9390.000000  6.463090e-12
9410.000000  6.331655e-12
9430.000000  6.361819e-12
9450.000000  6.316540e-12
9470.000000  6.239079e-12
9490.000000  6.161383e-12
9510.000000  5.995530e-12
9530.000000  5.549541e-12
9550.000000  4.730041e-12
9570.000000  5.570828e-12
9590.000000  5.856069e-12
9610.000000  5.890818e-12
9630.000000  5.803285e-12
9650.000000  5.850610e-12
9670.000000  5.797946e-12
9690.000000  5.772906e-12
9710.000000  5.737465e-12
9730.000000  5.693850e-12
9750.000000  5.645451e-12
9770.000000  5.611647e-12
9790.000000  5.566411e-12
9810.000000  5.523759e-12
9830.000000  5.471788e-12
9850.000000  5.439510e-12
9870.000000  5.397386e-12
9890.000000  5.342295e-12
9910.000000  5.303812e-12
9930.000000  5.270615e-12
9950.000000  5.225380e-12
9970.000000  5.172898e-12
9990.000000  5.112234e-12
10025.000000  4.702423e-12
10075.000000  4.476729e-12
10125.000000  4.832317e-12
10175.000000  4.809782e-12
10225.000000  4.740520e-12
10275.000000  4.658352e-12
10325.000000  4.567855e-12
10375.000000  4.494016e-12
10425.000000  4.414968e-12
10475.000000  4.333320e-12
10525.000000  4.256318e-12
10575.000000  4.185097e-12
10625.000000  4.115939e-12
10675.000000  4.020770e-12
10725.000000  3.970291e-12
10775.000000  3.904279e-12
10825.000000  3.805505e-12
10875.000000  3.730365e-12
10925.000000  3.246933e-12
10975.000000  3.455821e-12
11025.000000  3.560127e-12
11075.000000  3.523637e-12
11125.000000  3.470514e-12
11175.000000  3.412268e-12
11225.000000  3.358703e-12
11275.000000  3.277575e-12
11325.000000  3.232287e-12
11375.000000  3.195398e-12
11425.000000  3.144408e-12
11475.000000  3.094518e-12
11525.000000  3.046630e-12
11575.000000  2.996705e-12
11625.000000  2.939014e-12
11675.000000  2.893769e-12
11725.000000  2.853700e-12
11775.000000  2.795965e-12
11825.000000  2.766323e-12
11875.000000  2.718998e-12
11925.000000  2.684155e-12
11975.000000  2.634724e-12
12025.000000  2.600738e-12
12075.000000  2.560795e-12
12125.000000  2.520332e-12
12175.000000  2.482992e-12
12225.000000  2.444607e-12
12275.000000  2.407059e-12
12325.000000  2.371068e-12
12375.000000  2.336171e-12
12425.000000  2.302315e-12
12475.000000  2.262216e-12
12525.000000  2.233140e-12
12575.000000  2.196842e-12
12625.000000  2.166887e-12
12675.000000  2.134261e-12
12725.000000  2.095047e-12
12775.000000  2.015271e-12
12825.000000  1.790258e-12
12875.000000  1.974662e-12
12925.000000  1.978118e-12
12975.000000  1.954237e-12
13025.000000  1.930507e-12
13075.000000  1.902995e-12
13125.000000  1.876057e-12
13175.000000  1.846050e-12
13225.000000  1.823475e-12
13275.000000  1.798042e-12
13325.000000  1.772718e-12
13375.000000  1.748116e-12
13425.000000  1.723044e-12
13475.000000  1.699279e-12
13525.000000  1.675251e-12
13575.000000  1.652734e-12
13625.000000  1.630007e-12
13675.000000  1.606497e-12
13725.000000  1.584862e-12
13775.000000  1.564993e-12
13825.000000  1.544035e-12
13875.000000  1.523232e-12
13925.000000  1.502323e-12
13975.000000  1.482457e-12
14025.000000  1.462954e-12
14075.000000  1.443345e-12
14125.000000  1.424051e-12
14175.000000  1.405592e-12
14225.000000  1.387331e-12
14275.000000  1.369129e-12
14325.000000  1.351135e-12
14375.000000  1.333402e-12
14425.000000  1.312911e-12
14475.000000  1.298294e-12
14525.000000  1.281132e-12
14570.000000  1.267663e-12
14620.000000  1.251225e-12
14675.000000  1.234531e-12
14725.000000  1.218666e-12
14775.000000  1.202337e-12
14825.000000  1.188555e-12
14875.000000  1.173525e-12
14925.000000  1.159484e-12
14975.000000  1.144505e-12
15025.000000  1.130929e-12
15075.000000  1.116103e-12
15125.000000  1.102942e-12
15175.000000  1.089213e-12
15225.000000  1.075742e-12
15275.000000  1.062261e-12
15325.000000  1.048786e-12
15375.000000  1.036630e-12
15425.000000  1.021362e-12
15475.000000  1.011048e-12
15525.000000  9.981032e-13
15575.000000  9.807638e-13
15625.000000  9.784792e-13
15675.000000  9.577776e-13
15725.000000  9.412356e-13
15775.000000  9.457246e-13
15825.000000  9.327806e-13
15875.000000  8.926142e-13
15925.000000  9.036438e-13
15975.000000  9.062017e-13
16050.000000  8.808309e-13
16150.000000  8.430664e-13
16250.000000  8.546509e-13
16350.000000  8.182862e-13
16450.000000  7.797156e-13
16550.000000  7.999294e-13
16650.000000  7.827591e-13
16750.000000  7.443358e-13
16850.000000  7.073436e-13
16950.000000  7.299687e-13
17050.000000  7.159976e-13
17150.000000  7.008208e-13
17250.000000  6.813977e-13
17350.000000  6.211954e-13
17450.000000  6.456953e-13
17550.000000  6.412229e-13
17650.000000  6.282650e-13
17750.000000  6.145356e-13
17850.000000  6.018421e-13
17950.000000  5.894683e-13
18050.000000  5.729489e-13
18150.000000  5.256934e-13
18250.000000  5.398606e-13
18350.000000  5.404362e-13
18450.000000  5.305916e-13
18550.000000  5.187379e-13
18650.000000  5.047105e-13
18750.000000  4.635950e-13
18850.000000  4.848011e-13
18950.000000  4.786377e-13
19050.000000  4.690644e-13
19150.000000  4.601715e-13
19250.000000  4.504544e-13
19350.000000  4.378396e-13
19450.000000  3.999841e-13
19550.000000  4.206780e-13
19650.000000  4.166476e-13
19750.000000  4.089431e-13
19850.000000  4.010929e-13
19950.000000  3.933935e-13
20050.000000  3.860079e-13
20150.000000  3.786232e-13
20250.000000  3.714985e-13
20350.000000  3.646338e-13
20450.000000  3.577692e-13
20550.000000  3.509045e-13
20650.000000  3.446119e-13
20750.000000  3.382673e-13
20850.000000  3.321783e-13
20950.000000  3.258900e-13
21050.000000  3.200620e-13
21150.000000  3.139766e-13
21250.000000  3.084640e-13
21350.000000  3.029514e-13
21450.000000  2.973912e-13
21550.000000  2.900672e-13
21650.000000  2.657677e-13
21750.000000  2.782187e-13
21850.000000  2.767981e-13
21950.000000  2.723205e-13
22050.000000  2.678437e-13
22150.000000  2.631112e-13
22250.000000  2.586190e-13
22350.000000  2.542086e-13
22450.000000  2.498610e-13
22550.000000  2.455914e-13
22650.000000  2.414459e-13
22750.000000  2.373842e-13
22850.000000  2.334314e-13
22950.000000  2.295514e-13
23050.000000  2.257498e-13
23150.000000  2.220311e-13
23250.000000  2.183904e-13
23350.000000  2.148071e-13
23450.000000  2.113275e-13
23550.000000  2.078951e-13
23650.000000  2.045196e-13
23750.000000  2.012276e-13
23850.000000  1.980082e-13
23950.000000  1.948402e-13
24050.000000  1.916523e-13
24150.000000  1.886195e-13
24250.000000  1.857128e-13
24350.000000  1.827632e-13
24450.000000  1.798401e-13
24550.000000  1.770692e-13
24650.000000  1.742228e-13
24750.000000  1.715028e-13
24850.000000  1.690040e-13
24950.000000  1.658924e-13
