2505.000000  2.654128e-11
2513.000000  2.354869e-11
2518.000000  2.394220e-11
2525.000000  2.221125e-11
2535.000000  2.159605e-11
2545.000000  2.144062e-11
2555.000000  2.327118e-11
2565.000000  2.330304e-11
2575.000000  2.518652e-11
2585.000000  2.535072e-11
2595.000000  2.484861e-11
2605.000000  2.376999e-11
2615.000000  2.323673e-11
2625.000000  2.531880e-11
2635.000000  2.550715e-11
2645.000000  2.874917e-11
2655.000000  2.857203e-11
2665.000000  2.607992e-11
2675.000000  2.722982e-11
2685.000000  2.737050e-11
2695.000000  2.581432e-11
2705.000000  2.641953e-11
2715.000000  2.495826e-11
2725.000000  2.521696e-11
2735.000000  2.715257e-11
2745.000000  2.277416e-11
2755.000000  2.357546e-11
2765.000000  2.453884e-11
2775.000000  2.643813e-11
2785.000000  2.566223e-11
2795.000000  1.833037e-11
2805.000000  2.090184e-11
2815.000000  2.734406e-11
2825.000000  2.763712e-11
2835.000000  2.667123e-11
2845.000000  2.574095e-11
2855.000000  2.468092e-11
2865.000000  2.648954e-11
2875.000000  2.586229e-11
2885.000000  2.646692e-11
2895.000000  2.550105e-11
2910.000000  2.808664e-11
2930.000000  2.707570e-11
2950.000000  2.691209e-11
2970.000000  2.735803e-11
2990.000000  2.749025e-11
3010.000000  2.777806e-11
3030.000000  2.761621e-11
3050.000000  2.750123e-11
3070.000000  2.737358e-11
3090.000000  2.767907e-11
3110.000000  2.712888e-11
3130.000000  2.704656e-11
3150.000000  2.749107e-11
3170.000000  2.737698e-11
3190.000000  2.632176e-11
3210.000000  2.682540e-11
3230.000000  2.620337e-11
3250.000000  2.667010e-11
3270.000000  2.686673e-11
3290.000000  2.710460e-11
3310.000000  2.721604e-11
3330.000000  2.670357e-11
3350.000000  2.632456e-11
3370.000000  2.630542e-11
3390.000000  2.618713e-11
3410.000000  2.653629e-11
3430.000000  2.654354e-11
3450.000000  2.635165e-11
3470.000000  2.608220e-11
3490.000000  2.602378e-11
3510.000000  2.630674e-11
3530.000000  2.629255e-11
3550.000000  2.639257e-11
3570.000000  2.582761e-11
3590.000000  2.571927e-11
3610.000000  2.569569e-11
3630.000000  2.574273e-11
3640.000000  2.556509e-11
3650.000000  2.599988e-11
3670.000000  2.587707e-11
3690.000000  2.482039e-11
3710.000000  2.633088e-11
3730.000000  2.777164e-11
3750.000000  3.577548e-11
3770.000000  3.824057e-11
3790.000000  4.732367e-11
3810.000000  5.586936e-11
3830.000000  4.382473e-11
3850.000000  6.233823e-11
3870.000000  7.106859e-11
3890.000000  3.875492e-11
3910.000000  7.109290e-11
3930.000000  7.235963e-11
3950.000000  7.115197e-11
3970.000000  3.694732e-11
3990.000000  6.818241e-11
4010.000000  7.817726e-11
4030.000000  7.855542e-11
4050.000000  7.733710e-11
4070.000000  7.275754e-11
4090.000000  5.478463e-11
4110.000000  4.128365e-11
4130.000000  6.853722e-11
4150.000000  7.282218e-11
4170.000000  7.275020e-11
4190.000000  7.193983e-11
4210.000000  7.132879e-11
4230.000000  6.977252e-11
4250.000000  6.922099e-11
4270.000000  6.754112e-11
4290.000000  6.661951e-11
4310.000000  6.140400e-11
4330.000000  4.526090e-11
4350.000000  3.835701e-11
4370.000000  6.000762e-11
4390.000000  6.240868e-11
4410.000000  6.219870e-11
4430.000000  6.205642e-11
4450.000000  6.191407e-11
4470.000000  6.127180e-11
4490.000000  6.026000e-11
4510.000000  6.019692e-11
4530.000000  5.907194e-11
4550.000000  5.785102e-11
4570.000000  5.818758e-11
4590.000000  5.709097e-11
4610.000000  5.725772e-11
4630.000000  5.595522e-11
4650.000000  5.590019e-11
4670.000000  5.526576e-11
4690.000000  5.396780e-11
4710.000000  5.230387e-11
4730.000000  5.324982e-11
4750.000000  5.270336e-11
4770.000000  5.191143e-11
4790.000000  5.108423e-11
4810.000000  4.979600e-11
4830.000000  4.692193e-11
4850.000000  3.591395e-11
4870.000000  2.887878e-11
4890.000000  4.397609e-11
4910.000000  4.678034e-11
4930.000000  4.656345e-11
4950.000000  4.675486e-11
4970.000000  4.664871e-11
4990.000000  4.592253e-11
5010.000000  4.492859e-11
5030.000000  4.505656e-11
5050.000000  4.440590e-11
5070.000000  4.426702e-11
5090.000000  4.376740e-11
5110.000000  4.335143e-11
5130.000000  4.276434e-11
5150.000000  4.219409e-11
5170.000000  4.111797e-11
5190.000000  4.080744e-11
5210.000000  4.081517e-11
5230.000000  4.010740e-11
5250.000000  4.024324e-11
5270.000000  3.910446e-11
5290.000000  3.934561e-11
5310.000000  3.871523e-11
5330.000000  3.814723e-11
5350.000000  3.820183e-11
5370.000000  3.764812e-11
5390.000000  3.731390e-11
5410.000000  3.676619e-11
5430.000000  3.653049e-11
5450.000000  3.625666e-11
5470.000000  3.590812e-11
5490.000000  3.561185e-11
5510.000000  3.526630e-11
5530.000000  3.480744e-11
5550.000000  3.459843e-11
5570.000000  3.418938e-11
5590.000000  3.381662e-11
5610.000000  3.354041e-11
5630.000000  3.327280e-11
5650.000000  3.292241e-11
5670.000000  3.256855e-11
5690.000000  3.229399e-11
5710.000000  3.198307e-11
5730.000000  3.172861e-11
5750.000000  3.138268e-11
5770.000000  3.109559e-11
5790.000000  3.078761e-11
5810.000000  3.050238e-11
5830.000000  3.022027e-11
5850.000000  2.992140e-11
5870.000000  2.963167e-11
5890.000000  2.910049e-11
5910.000000  2.908382e-11
5930.000000  2.880915e-11
5950.000000  2.852977e-11
5970.000000  2.827285e-11
5990.000000  2.798464e-11
6010.000000  2.770381e-11
6030.000000  2.747467e-11
6050.000000  2.722761e-11
6070.000000  2.699441e-11
6090.000000  2.673459e-11
6110.000000  2.647690e-11
6130.000000  2.618458e-11
6150.000000  2.583522e-11
6170.000000  2.569074e-11
6190.000000  2.553692e-11
6210.000000  2.530851e-11
6230.000000  2.505713e-11
6250.000000  2.470922e-11
6270.000000  2.463570e-11
6290.000000  2.441580e-11
6310.000000  2.415416e-11
6330.000000  2.396458e-11
6350.000000  2.364243e-11
6370.000000  2.346986e-11
6390.000000  2.332395e-11
6410.000000  2.306494e-11
6430.000000  2.287609e-11
6450.000000  2.253027e-11
6470.000000  2.239827e-11
6490.000000  2.207568e-11
6510.000000  2.173493e-11
6530.000000  2.095615e-11
6550.000000  1.807610e-11
6570.000000  1.448132e-11
6590.000000  1.971837e-11
6610.000000  2.066542e-11
6630.000000  2.077932e-11
6650.000000  2.070671e-11
6670.000000  2.056666e-11
6690.000000  2.043786e-11
6710.000000  2.028538e-11
6730.000000  2.011587e-11
6750.000000  1.993554e-11
6770.000000  1.979453e-11
6790.000000  1.962578e-11
6810.000000  1.946367e-11
6830.000000  1.928642e-11
6850.000000  1.912920e-11
6870.000000  1.897571e-11
6890.000000  1.882107e-11
6910.000000  1.866090e-11
6930.000000  1.850071e-11
6950.000000  1.835203e-11
6970.000000  1.819928e-11
6990.000000  1.805427e-11
7010.000000  1.787224e-11
7030.000000  1.774239e-11
7050.000000  1.760127e-11
7070.000000  1.746474e-11
7090.000000  1.732076e-11
7110.000000  1.706153e-11
7130.000000  1.701819e-11
7150.000000  1.688257e-11
7170.000000  1.675372e-11
7190.000000  1.661141e-11
7210.000000  1.648561e-11
7230.000000  1.634999e-11
7250.000000  1.621235e-11
7270.000000  1.610256e-11
7290.000000  1.595276e-11
7310.000000  1.583230e-11
7330.000000  1.570537e-11
7350.000000  1.559344e-11
7370.000000  1.547398e-11
7390.000000  1.533933e-11
7410.000000  1.520271e-11
7430.000000  1.507200e-11
7450.000000  1.496411e-11
7470.000000  1.481617e-11
7490.000000  1.471551e-11
7510.000000  1.462281e-11
7530.000000  1.451940e-11
7550.000000  1.441621e-11
7570.000000  1.429864e-11
7590.000000  1.418859e-11
7610.000000  1.407772e-11
7630.000000  1.397080e-11
7650.000000  1.385773e-11
7670.000000  1.374013e-11
7690.000000  1.364181e-11
7710.000000  1.353175e-11
7730.000000  1.344458e-11
7750.000000  1.333552e-11
7770.000000  1.303391e-11
7790.000000  1.313934e-11
7810.000000  1.303692e-11
7830.000000  1.292786e-11
7850.000000  1.282070e-11
7870.000000  1.271068e-11
7890.000000  1.260272e-11
7910.000000  1.253614e-11
7930.000000  1.244227e-11
7950.000000  1.233327e-11
7970.000000  1.227368e-11
7990.000000  1.213171e-11
8010.000000  1.208699e-11
8030.000000  1.199397e-11
8050.000000  1.190866e-11
8070.000000  1.182033e-11
8090.000000  1.173053e-11
8110.000000  1.165273e-11
8130.000000  1.156844e-11
8150.000000  1.148311e-11
8170.000000  1.139777e-11
8190.000000  1.125717e-11
8210.000000  1.122115e-11
8230.000000  1.113771e-11
8250.000000  1.105242e-11
8270.000000  1.103637e-11
8290.000000  1.096057e-11
8310.000000  1.088461e-11
8330.000000  1.074707e-11
8350.000000  1.072745e-11
8370.000000  1.064131e-11
8390.000000  1.053975e-11
8410.000000  1.044516e-11
8430.000000  1.037107e-11
8450.000000  1.022300e-11
8470.000000  1.003431e-11
8490.000000  1.024702e-11
8510.000000  9.665522e-12
8530.000000  1.021325e-11
8550.000000  9.110002e-12
8570.000000  1.027421e-11
8590.000000  9.520951e-12
8610.000000  9.264432e-12
8630.000000  1.032153e-11
8650.000000  9.887888e-12
8670.000000  8.161313e-12
8690.000000  1.004427e-11
8710.000000  1.041722e-11
8730.000000  9.977583e-12
8750.000000  7.847942e-12
8770.000000  9.480422e-12
8790.000000  1.030235e-11
8810.000000  1.036022e-11
8830.000000  1.007482e-11
8850.000000  8.955096e-12
8870.000000  7.554248e-12
8890.000000  9.563230e-12
8910.000000  1.001438e-11
8930.000000  1.008949e-11
8950.000000  1.008791e-11
8970.000000  9.879853e-12
8990.000000  9.341367e-12
9010.000000  7.406985e-12
9030.000000  8.134350e-12
9050.000000  9.340506e-12
9070.000000  9.483822e-12
9090.000000  9.450104e-12
9110.000000  9.572446e-12
9130.000000  9.569113e-12
9150.000000  9.491069e-12
9170.000000  9.348684e-12
9190.000000  9.068723e-12
9210.000000  8.345720e-12
9230.000000  6.507365e-12
9250.000000  8.027688e-12
9270.000000  8.665237e-12
9290.000000  8.962015e-12
9310.000000  8.985174e-12
9330.000000  8.958751e-12
9350.000000  8.919949e-12
9370.000000  8.867731e-12
9390.000000  8.782586e-12
9410.000000  8.606148e-12
9430.000000  8.651624e-12
9450.000000  8.590098e-12
9470.000000  8.500481e-12
9490.000000  8.364686e-12
9510.000000  8.091208e-12
9530.000000  7.356069e-12
9550.000000  5.906366e-12
9570.000000  7.416115e-12
9590.000000  7.925731e-12
9610.000000  8.017705e-12
9630.000000  7.989904e-12
9650.000000  8.033308e-12
9670.000000  7.941380e-12
9690.000000  7.939436e-12
9710.000000  7.920672e-12
9730.000000  7.868719e-12
9750.000000  7.810547e-12
9770.000000  7.773180e-12
9790.000000  7.720386e-12
9810.000000  7.668940e-12
9830.000000  7.613918e-12
9850.000000  7.549723e-12
9870.000000  7.497991e-12
9890.000000  7.419855e-12
9910.000000  7.387838e-12
9930.000000  7.328722e-12
9950.000000  7.273764e-12
9970.000000  7.204282e-12
9990.000000  7.095563e-12
10025.000000  6.395896e-12
10075.000000  6.070106e-12
10125.000000  6.795183e-12
10175.000000  6.777805e-12
10225.000000  6.696037e-12
10275.000000  6.596329e-12
10325.000000  6.487022e-12
10375.000000  6.387586e-12
10425.000000  6.287290e-12
10475.000000  6.159695e-12
10525.000000  6.082422e-12
10575.000000  5.991680e-12
10625.000000  5.898574e-12
10675.000000  5.738998e-12
10725.000000  5.691574e-12
10775.000000  5.613025e-12
10825.000000  5.506405e-12
10875.000000  5.341397e-12
10925.000000  4.488836e-12
10975.000000  4.901556e-12
11025.000000  5.164221e-12
11075.000000  5.132749e-12
11125.000000  5.067538e-12
11175.000000  4.997633e-12
11225.000000  4.927016e-12
11275.000000  4.816139e-12
11325.000000  4.744831e-12
11375.000000  4.704852e-12
11425.000000  4.629724e-12
11475.000000  4.577657e-12
11525.000000  4.513191e-12
11575.000000  4.447031e-12
11625.000000  4.362742e-12
11675.000000  4.282323e-12
11725.000000  4.260151e-12
11775.000000  4.152529e-12
11825.000000  4.118454e-12
11875.000000  4.052421e-12
11925.000000  4.026055e-12
11975.000000  3.949398e-12
12025.000000  3.908448e-12
12075.000000  3.848607e-12
12125.000000  3.798462e-12
12175.000000  3.751764e-12
12225.000000  3.698467e-12
12275.000000  3.644107e-12
12325.000000  3.595861e-12
12375.000000  3.549802e-12
12425.000000  3.503928e-12
12475.000000  3.452711e-12
12525.000000  3.406983e-12
12575.000000  3.350922e-12
12625.000000  3.306414e-12
12675.000000  3.262151e-12
12725.000000  3.199888e-12
12775.000000  3.050219e-12
12825.000000  2.604341e-12
12875.000000  3.000291e-12
12925.000000  3.038037e-12
12975.000000  3.013905e-12
13025.000000  2.982087e-12
13075.000000  2.945423e-12
13125.000000  2.906053e-12
13175.000000  2.864521e-12
13225.000000  2.832298e-12
13275.000000  2.796151e-12
13325.000000  2.760694e-12
13375.000000  2.725040e-12
13425.000000  2.690155e-12
13475.000000  2.656103e-12
13525.000000  2.619220e-12
13575.000000  2.586787e-12
13625.000000  2.556244e-12
13675.000000  2.523232e-12
13725.000000  2.482335e-12
13775.000000  2.459511e-12
13825.000000  2.428980e-12
13875.000000  2.401297e-12
13925.000000  2.368575e-12
13975.000000  2.341079e-12
14025.000000  2.312910e-12
14075.000000  2.284754e-12
14125.000000  2.256383e-12
14175.000000  2.229078e-12
14225.000000  2.201102e-12
14275.000000  2.174339e-12
14325.000000  2.149042e-12
14375.000000  2.123438e-12
14425.000000  2.077965e-12
14475.000000  2.072116e-12
14525.000000  2.037773e-12
14570.000000  2.024616e-12
14620.000000  1.998994e-12
14675.000000  1.977283e-12
14725.000000  1.953570e-12
14775.000000  1.926926e-12
14825.000000  1.907473e-12
14875.000000  1.881081e-12
14925.000000  1.867376e-12
14975.000000  1.844515e-12
15025.000000  1.818233e-12
15075.000000  1.799354e-12
15125.000000  1.780895e-12
15175.000000  1.759660e-12
15225.000000  1.740196e-12
15275.000000  1.715283e-12
15325.000000  1.693945e-12
15375.000000  1.680554e-12
15425.000000  1.643137e-12
15475.000000  1.641258e-12
15525.000000  1.623227e-12
15575.000000  1.570167e-12
15625.000000  1.606192e-12
15675.000000  1.551277e-12
15725.000000  1.504236e-12
15775.000000  1.557401e-12
15825.000000  1.537957e-12
15875.000000  1.400784e-12
15925.000000  1.481460e-12
15975.000000  1.506449e-12
16050.000000  1.454293e-12
16150.000000  1.362640e-12
16250.000000  1.434470e-12
16350.000000  1.356847e-12
16450.000000  1.266955e-12
16550.000000  1.349220e-12
16650.000000  1.322293e-12
16750.000000  1.239784e-12
16850.000000  1.155648e-12
16950.000000  1.237591e-12
17050.000000  1.215972e-12
17150.000000  1.190667e-12
17250.000000  1.152490e-12
17350.000000  1.013638e-12
17450.000000  1.088819e-12
17550.000000  1.090488e-12
17650.000000  1.070475e-12
17750.000000  1.050295e-12
17850.000000  1.028204e-12
17950.000000  1.006845e-12
18050.000000  9.777002e-13
18150.000000  8.693862e-13
18250.000000  9.144750e-13
18350.000000  9.250619e-13
18450.000000  9.096097e-13
18550.000000  8.893987e-13
18650.000000  8.633995e-13
18750.000000  7.643623e-13
18850.000000  8.257036e-13
18950.000000  8.204577e-13
19050.000000  8.087921e-13
19150.000000  7.931651e-13
19250.000000  7.760388e-13
19350.000000  7.513284e-13
19450.000000  6.674708e-13
19550.000000  7.230846e-13
19650.000000  7.192890e-13
19750.000000  7.070318e-13
19850.000000  6.945091e-13
19950.000000  6.816553e-13
20050.000000  6.691648e-13
20150.000000  6.569199e-13
20250.000000  6.447781e-13
20350.000000  6.329179e-13
20450.000000  6.217198e-13
20550.000000  6.104879e-13
20650.000000  5.992078e-13
20750.000000  5.886702e-13
20850.000000  5.783033e-13
20950.000000  5.679650e-13
21050.000000  5.578917e-13
21150.000000  5.475395e-13
21250.000000  5.378757e-13
21350.000000  5.286952e-13
21450.000000  5.187372e-13
21550.000000  5.043992e-13
21650.000000  4.515184e-13
21750.000000  4.832495e-13
21850.000000  4.835105e-13
21950.000000  4.770286e-13
22050.000000  4.688328e-13
22150.000000  4.606560e-13
22250.000000  4.535074e-13
22350.000000  4.459654e-13
22450.000000  4.385598e-13
22550.000000  4.309494e-13
22650.000000  4.241392e-13
22750.000000  4.171968e-13
22850.000000  4.105185e-13
22950.000000  4.038407e-13
23050.000000  3.975058e-13
23150.000000  3.911028e-13
23250.000000  3.849486e-13
23350.000000  3.788275e-13
23450.000000  3.728631e-13
23550.000000  3.670197e-13
23650.000000  3.612705e-13
23750.000000  3.555804e-13
23850.000000  3.500024e-13
23950.000000  3.445498e-13
24050.000000  3.390952e-13
24150.000000  3.337661e-13
24250.000000  3.287851e-13
24350.000000  3.234651e-13
24450.000000  3.182605e-13
24550.000000  3.138075e-13
24650.000000  3.084609e-13
24750.000000  3.038211e-13
24850.000000  3.001449e-13
24950.000000  2.924114e-13
