2505.000000  1.468211e-15
2513.000000  7.333330e-16
2518.000000  5.656414e-16
2525.000000  7.868293e-16
2535.000000  4.433346e-15
2545.000000  5.557731e-15
2555.000000  1.030797e-14
2565.000000  3.920555e-15
2575.000000  9.681818e-15
2585.000000  4.888999e-15
2595.000000  6.948397e-15
2605.000000  9.987530e-15
2615.000000  7.858988e-15
2625.000000  1.608252e-14
2635.000000  3.976790e-14
2645.000000  3.666958e-14
2655.000000  8.161923e-14
2665.000000  4.501651e-14
2675.000000  4.024456e-14
2685.000000  6.272649e-14
2695.000000  2.693078e-14
2705.000000  6.432538e-14
2715.000000  4.049008e-14
2725.000000  2.271146e-14
2735.000000  3.154321e-14
2745.000000  3.655912e-14
2755.000000  4.217486e-14
2765.000000  7.068754e-14
2775.000000  9.182581e-14
2785.000000  4.324620e-14
2795.000000  2.391706e-14
2805.000000  2.801183e-14
2815.000000  7.141191e-14
2825.000000  8.002615e-14
2835.000000  5.408257e-14
2845.000000  2.075505e-14
2855.000000  5.117767e-15
2865.000000  4.225684e-14
2875.000000  7.910779e-14
2885.000000  1.524312e-13
2895.000000  2.387100e-13
2910.000000  3.590857e-13
2930.000000  3.696775e-13
2950.000000  3.122246e-13
2970.000000  3.258767e-13
2990.000000  3.179276e-13
3010.000000  2.751239e-13
3030.000000  4.372966e-13
3050.000000  4.862488e-13
3070.000000  8.149042e-13
3090.000000  1.015291e-12
3110.000000  1.631186e-12
3130.000000  1.371802e-12
3150.000000  1.942143e-12
3170.000000  2.489406e-12
3190.000000  1.973794e-12
3210.000000  2.265671e-12
3230.000000  1.613419e-12
3250.000000  2.844804e-12
3270.000000  4.004289e-12
3290.000000  4.453644e-12
3310.000000  3.668404e-12
3330.000000  3.790182e-12
3350.000000  3.418183e-12
3370.000000  2.339071e-12
3390.000000  2.678113e-12
3410.000000  3.330933e-12
3430.000000  4.016749e-12
3450.000000  3.724408e-12
3470.000000  4.073124e-12
3490.000000  5.054119e-12
3510.000000  5.581180e-12
3530.000000  4.373270e-12
3550.000000  5.554064e-12
3570.000000  2.535592e-12
3590.000000  2.999037e-12
3610.000000  5.045128e-12
3630.000000  6.956975e-12
3640.000000  7.488972e-12
3650.000000  8.264146e-12
3670.000000  9.833276e-12
3690.000000  8.721872e-12
3710.000000  8.557827e-12
3730.000000  3.586650e-12
3750.000000  4.358830e-12
3770.000000  7.165632e-12
3790.000000  7.380527e-12
3810.000000  6.032125e-12
3830.000000  2.596327e-12
3850.000000  3.416878e-12
3870.000000  3.842081e-12
3890.000000  7.345513e-12
3910.000000  8.740907e-12
3930.000000  2.539091e-12
3950.000000  5.845307e-12
3970.000000  3.415810e-12
3990.000000  1.361142e-11
4010.000000  1.827186e-11
4030.000000  1.737335e-11
4050.000000  1.628263e-11
4070.000000  1.477257e-11
4090.000000  2.014623e-11
4110.000000  1.868815e-11
4130.000000  1.588822e-11
4150.000000  1.402884e-11
4170.000000  1.454382e-11
4190.000000  1.598797e-11
4210.000000  1.796070e-11
4230.000000  1.826274e-11
4250.000000  2.229134e-11
4270.000000  2.095475e-11
4290.000000  1.927092e-11
4310.000000  1.720904e-11
4330.000000  2.682764e-11
4350.000000  2.751656e-11
4370.000000  2.964366e-11
4390.000000  2.590215e-11
4410.000000  2.790815e-11
4430.000000  3.040459e-11
4450.000000  3.132505e-11
4470.000000  3.437606e-11
4490.000000  3.612142e-11
4510.000000  4.294713e-11
4530.000000  3.614307e-11
4550.000000  3.788991e-11
4570.000000  4.212841e-11
4590.000000  4.169483e-11
4610.000000  4.346911e-11
4630.000000  4.194884e-11
4650.000000  4.295355e-11
4670.000000  4.525961e-11
4690.000000  4.448194e-11
4710.000000  4.343839e-11
4730.000000  4.572173e-11
4750.000000  4.897760e-11
4770.000000  4.970145e-11
4790.000000  4.926143e-11
4810.000000  4.959196e-11
4830.000000  5.214727e-11
4850.000000  4.930671e-11
4870.000000  4.631196e-11
4890.000000  5.128591e-11
4910.000000  5.119524e-11
4930.000000  4.995105e-11
4950.000000  5.412321e-11
4970.000000  5.192453e-11
4990.000000  4.753327e-11
5010.000000  4.462590e-11
5030.000000  4.785925e-11
5050.000000  4.810806e-11
5070.000000  5.037347e-11
5090.000000  4.554997e-11
5110.000000  4.764142e-11
5130.000000  4.479768e-11
5150.000000  4.377826e-11
5170.000000  3.996313e-11
5190.000000  4.339693e-11
5210.000000  4.664502e-11
5230.000000  5.216778e-11
5250.000000  5.427374e-11
5270.000000  4.775766e-11
5290.000000  5.620697e-11
5310.000000  6.143449e-11
5330.000000  5.247095e-11
5350.000000  5.902142e-11
5370.000000  6.010797e-11
5390.000000  5.659045e-11
5410.000000  5.666968e-11
5430.000000  5.738039e-11
5450.000000  6.185813e-11
5470.000000  5.863346e-11
5490.000000  5.765148e-11
5510.000000  5.731115e-11
5530.000000  6.050728e-11
5550.000000  6.260958e-11
5570.000000  6.134830e-11
5590.000000  5.911963e-11
5610.000000  6.327343e-11
5630.000000  6.119582e-11
5650.000000  6.238781e-11
5670.000000  6.065357e-11
5690.000000  6.380845e-11
5710.000000  6.024423e-11
5730.000000  6.769855e-11
5750.000000  6.401605e-11
5770.000000  6.592614e-11
5790.000000  6.127597e-11
5810.000000  6.633270e-11
5830.000000  6.961532e-11
5850.000000  6.663536e-11
5870.000000  6.688565e-11
5890.000000  5.477562e-11
5910.000000  6.551613e-11
5930.000000  6.622248e-11
5950.000000  6.616968e-11
5970.000000  6.853237e-11
5990.000000  6.648097e-11
6010.000000  6.497268e-11
6030.000000  6.772984e-11
6050.000000  6.928901e-11
6070.000000  6.901350e-11
6090.000000  6.505477e-11
6110.000000  6.576860e-11
6130.000000  6.098725e-11
6150.000000  6.407705e-11
6170.000000  6.107159e-11
6190.000000  6.581630e-11
6210.000000  6.478487e-11
6230.000000  6.212843e-11
6250.000000  5.916275e-11
6270.000000  6.297693e-11
6290.000000  6.517072e-11
6310.000000  6.255184e-11
6330.000000  6.405467e-11
6350.000000  6.349027e-11
6370.000000  6.296416e-11
6390.000000  6.520924e-11
6410.000000  6.421357e-11
6430.000000  6.483641e-11
6450.000000  6.492602e-11
6470.000000  6.513171e-11
6490.000000  6.265005e-11
6510.000000  6.481284e-11
6530.000000  6.534363e-11
6550.000000  6.446097e-11
6570.000000  6.370146e-11
6590.000000  6.554588e-11
6610.000000  6.591513e-11
6630.000000  6.549982e-11
6650.000000  6.534897e-11
6670.000000  6.379397e-11
6690.000000  6.628679e-11
6710.000000  6.320518e-11
6730.000000  6.666952e-11
6750.000000  6.479295e-11
6770.000000  6.575517e-11
6790.000000  6.490360e-11
6810.000000  6.494832e-11
6830.000000  6.610195e-11
6850.000000  6.386603e-11
6870.000000  6.503654e-11
6890.000000  6.623519e-11
6910.000000  6.543010e-11
6930.000000  6.380236e-11
6950.000000  6.197476e-11
6970.000000  6.299938e-11
6990.000000  6.190246e-11
7010.000000  6.034053e-11
7030.000000  6.226492e-11
7050.000000  6.361782e-11
7070.000000  6.155397e-11
7090.000000  6.076292e-11
7110.000000  5.978074e-11
7130.000000  5.814742e-11
7150.000000  5.842573e-11
7170.000000  5.981261e-11
7190.000000  5.777117e-11
7210.000000  5.961923e-11
7230.000000  6.138225e-11
7250.000000  6.095596e-11
7270.000000  6.036193e-11
7290.000000  5.825586e-11
7310.000000  5.973086e-11
7330.000000  5.965130e-11
7350.000000  5.932987e-11
7370.000000  6.140164e-11
7390.000000  5.996617e-11
7410.000000  5.975885e-11
7430.000000  6.051926e-11
7450.000000  6.053019e-11
7470.000000  6.044659e-11
7490.000000  5.983680e-11
7510.000000  6.120185e-11
7530.000000  6.184705e-11
7550.000000  6.229330e-11
7570.000000  6.162198e-11
7590.000000  6.112097e-11
7610.000000  6.136033e-11
7630.000000  6.182241e-11
7650.000000  6.198492e-11
7670.000000  5.934238e-11
7690.000000  6.193233e-11
7710.000000  6.031611e-11
7730.000000  6.044510e-11
7750.000000  6.015851e-11
7770.000000  6.187550e-11
7790.000000  6.176198e-11
7810.000000  6.161464e-11
7830.000000  6.090718e-11
7850.000000  5.997025e-11
7870.000000  5.998013e-11
7890.000000  5.676703e-11
7910.000000  5.480648e-11
7930.000000  5.520952e-11
7950.000000  5.394165e-11
7970.000000  5.688112e-11
7990.000000  5.670403e-11
8010.000000  5.672807e-11
8030.000000  5.704283e-11
8050.000000  5.621238e-11
8070.000000  5.525229e-11
8090.000000  5.334431e-11
8110.000000  5.276884e-11
8130.000000  5.406870e-11
8150.000000  5.420466e-11
8170.000000  5.463176e-11
8190.000000  5.373709e-11
8210.000000  5.345358e-11
8230.000000  5.462729e-11
8250.000000  5.501972e-11
8270.000000  5.576332e-11
8290.000000  5.502807e-11
8310.000000  5.203578e-11
8330.000000  5.283747e-11
8350.000000  5.273774e-11
8370.000000  5.364453e-11
8390.000000  5.162359e-11
8410.000000  5.409283e-11
8430.000000  5.235845e-11
8450.000000  5.381012e-11
8470.000000  5.372181e-11
8490.000000  5.314488e-11
8510.000000  5.012156e-11
8530.000000  5.185650e-11
8550.000000  4.255066e-11
8570.000000  5.406310e-11
8590.000000  5.338394e-11
8610.000000  5.373970e-11
8630.000000  5.419804e-11
8650.000000  5.350272e-11
8670.000000  4.392531e-11
8690.000000  5.162736e-11
8710.000000  5.353398e-11
8730.000000  5.381288e-11
8750.000000  5.340703e-11
8770.000000  5.410864e-11
8790.000000  5.364435e-11
8810.000000  5.201434e-11
8830.000000  5.316504e-11
8850.000000  5.395089e-11
8870.000000  5.286905e-11
8890.000000  5.372450e-11
8910.000000  5.447083e-11
8930.000000  5.269444e-11
8950.000000  5.257572e-11
8970.000000  5.275553e-11
8990.000000  5.301337e-11
9010.000000  5.088637e-11
9030.000000  5.232931e-11
9050.000000  5.373616e-11
9070.000000  5.333940e-11
9090.000000  5.096658e-11
9110.000000  5.041715e-11
9130.000000  5.230825e-11
9150.000000  4.758905e-11
9170.000000  4.601235e-11
9190.000000  4.690028e-11
9210.000000  4.553134e-11
9230.000000  4.685459e-11
9250.000000  4.637256e-11
9270.000000  4.732358e-11
9290.000000  4.654227e-11
9310.000000  4.835972e-11
9330.000000  4.842345e-11
9350.000000  4.762820e-11
9370.000000  4.724607e-11
9390.000000  4.599253e-11
9410.000000  4.481008e-11
9430.000000  4.542389e-11
9450.000000  4.421182e-11
9470.000000  4.605883e-11
9490.000000  4.563766e-11
9510.000000  4.693423e-11
9530.000000  4.650316e-11
9550.000000  4.606382e-11
9570.000000  4.618644e-11
9590.000000  4.708243e-11
9610.000000  4.627913e-11
9630.000000  4.610839e-11
9650.000000  4.490396e-11
9670.000000  4.454447e-11
9690.000000  4.571884e-11
9710.000000  4.535591e-11
9730.000000  4.543637e-11
9750.000000  4.516649e-11
9770.000000  4.543262e-11
9790.000000  4.427085e-11
9810.000000  4.613655e-11
9830.000000  4.577576e-11
9850.000000  4.633771e-11
9870.000000  4.627434e-11
9890.000000  4.660655e-11
9910.000000  4.583514e-11
9930.000000  4.648394e-11
9950.000000  4.600873e-11
9970.000000  4.641229e-11
9990.000000  4.643180e-11
10025.000000  4.591376e-11
10075.000000  4.552743e-11
10125.000000  4.581945e-11
10175.000000  4.509702e-11
10225.000000  4.531504e-11
10275.000000  4.548628e-11
10325.000000  4.455448e-11
10375.000000  4.433514e-11
10425.000000  4.455265e-11
10475.000000  4.413031e-11
10525.000000  4.417269e-11
10575.000000  4.367637e-11
10625.000000  4.352449e-11
10675.000000  4.262261e-11
10725.000000  4.262261e-11
10775.000000  4.227662e-11
10825.000000  4.154818e-11
10875.000000  4.071905e-11
10925.000000  3.979107e-11
10975.000000  3.653441e-11
11025.000000  3.641091e-11
11075.000000  3.721591e-11
11125.000000  3.722669e-11
11175.000000  3.791787e-11
11225.000000  3.775521e-11
11275.000000  3.709403e-11
11325.000000  3.756315e-11
11375.000000  3.655340e-11
11425.000000  3.700375e-11
11475.000000  3.760157e-11
11525.000000  3.752178e-11
11575.000000  3.709292e-11
11625.000000  3.663897e-11
11675.000000  3.669192e-11
11725.000000  3.734475e-11
11775.000000  3.658018e-11
11825.000000  3.643074e-11
11875.000000  3.593564e-11
11925.000000  3.671773e-11
11975.000000  3.504940e-11
12025.000000  3.584061e-11
12075.000000  3.541004e-11
12125.000000  3.554031e-11
12175.000000  3.569818e-11
12225.000000  3.554808e-11
12275.000000  3.536822e-11
12325.000000  3.498212e-11
12375.000000  3.488993e-11
12425.000000  3.456125e-11
12475.000000  3.469615e-11
12525.000000  3.430428e-11
12575.000000  3.429060e-11
12625.000000  3.423402e-11
12675.000000  3.373874e-11
12725.000000  3.382160e-11
12775.000000  3.393036e-11
12825.000000  3.260163e-11
12875.000000  3.317397e-11
12925.000000  3.266280e-11
12975.000000  3.318075e-11
13025.000000  3.266498e-11
13075.000000  3.292956e-11
13125.000000  3.226771e-11
13175.000000  3.220402e-11
13225.000000  3.228402e-11
13275.000000  3.164034e-11
13325.000000  3.200303e-11
13375.000000  3.174971e-11
13425.000000  3.193315e-11
13475.000000  3.172627e-11
13525.000000  3.167072e-11
13575.000000  3.103040e-11
13625.000000  3.089118e-11
13675.000000  3.100240e-11
13725.000000  3.108818e-11
13775.000000  3.087422e-11
13825.000000  3.090432e-11
13875.000000  3.056156e-11
13925.000000  3.045877e-11
13975.000000  3.017571e-11
14025.000000  2.975444e-11
14075.000000  2.892641e-11
14125.000000  2.771235e-11
14175.000000  2.772121e-11
14225.000000  2.762079e-11
14275.000000  2.718944e-11
14325.000000  2.781405e-11
14375.000000  2.808012e-11
14425.000000  2.706697e-11
14475.000000  2.818021e-11
14525.000000  2.710893e-11
14570.000000  2.706919e-11
14620.000000  2.657625e-11
14675.000000  2.636613e-11
14725.000000  2.608188e-11
14775.000000  2.638473e-11
14825.000000  2.641960e-11
14875.000000  2.642219e-11
14925.000000  2.695362e-11
14975.000000  2.674854e-11
15025.000000  2.617928e-11
15075.000000  2.591378e-11
15125.000000  2.592753e-11
15175.000000  2.623948e-11
15225.000000  2.610079e-11
15275.000000  2.612841e-11
15325.000000  2.619313e-11
15375.000000  2.638792e-11
15425.000000  2.615061e-11
15475.000000  2.622733e-11
15525.000000  2.568291e-11
15575.000000  2.519509e-11
15625.000000  2.593351e-11
15675.000000  2.534420e-11
15725.000000  2.564077e-11
15775.000000  2.424788e-11
15825.000000  2.481322e-11
15875.000000  2.400343e-11
15925.000000  2.462092e-11
15975.000000  2.476218e-11
16050.000000  2.453667e-11
16150.000000  2.436875e-11
16250.000000  2.426301e-11
16350.000000  2.438919e-11
16450.000000  2.324215e-11
16550.000000  2.372978e-11
16650.000000  2.289236e-11
16750.000000  2.282980e-11
16850.000000  2.194072e-11
16950.000000  2.238447e-11
17050.000000  2.147707e-11
17150.000000  2.143644e-11
17250.000000  2.080851e-11
17350.000000  2.013550e-11
17450.000000  2.020055e-11
17550.000000  1.974644e-11
17650.000000  1.953989e-11
17750.000000  1.898047e-11
17850.000000  1.884295e-11
17950.000000  1.853612e-11
18050.000000  1.798523e-11
18150.000000  1.775569e-11
18250.000000  1.738794e-11
18350.000000  1.706433e-11
18450.000000  1.664354e-11
18550.000000  1.650049e-11
18650.000000  1.597538e-11
18750.000000  1.563878e-11
18850.000000  1.555938e-11
18950.000000  1.482842e-11
19050.000000  1.516122e-11
19150.000000  1.478307e-11
19250.000000  1.463124e-11
19350.000000  1.412498e-11
19450.000000  1.380524e-11
19550.000000  1.382163e-11
19650.000000  1.341805e-11
19750.000000  1.299670e-11
19850.000000  1.287843e-11
19950.000000  1.265089e-11
20050.000000  1.262267e-11
20150.000000  1.247414e-11
20250.000000  1.203913e-11
20350.000000  1.184609e-11
20450.000000  1.181266e-11
20550.000000  1.147887e-11
20650.000000  1.125433e-11
20750.000000  1.108107e-11
20850.000000  1.090915e-11
20950.000000  1.065141e-11
21050.000000  1.062795e-11
21150.000000  1.043591e-11
21250.000000  1.023016e-11
21350.000000  1.014359e-11
21450.000000  9.933322e-12
21550.000000  9.791575e-12
21650.000000  9.539413e-12
21750.000000  9.371422e-12
21850.000000  9.286926e-12
21950.000000  9.190352e-12
22050.000000  8.905986e-12
22150.000000  8.950190e-12
22250.000000  8.673172e-12
22350.000000  8.560786e-12
22450.000000  8.436170e-12
22550.000000  8.321833e-12
22650.000000  8.132567e-12
22750.000000  8.125606e-12
22850.000000  7.910569e-12
22950.000000  6.777651e-12
23050.000000  7.243363e-12
23150.000000  7.177869e-12
23250.000000  6.210082e-12
23350.000000  6.638381e-12
23450.000000  6.592609e-12
23550.000000  5.673925e-12
23650.000000  6.213191e-12
23750.000000  6.092244e-12
23850.000000  5.366553e-12
23950.000000  5.789541e-12
24050.000000  5.796693e-12
24150.000000  5.206684e-12
24250.000000  5.494430e-12
24350.000000  5.524190e-12
24450.000000  5.137089e-12
24550.000000  5.129380e-12
24650.000000  5.341118e-12
24750.000000  5.110827e-12
24850.000000  4.835458e-12
24950.000000  5.030144e-12
