2505.000000  8.185736e-14
2513.000000  4.448722e-14
2518.000000  2.680172e-14
2525.000000  3.035361e-14
2535.000000  7.508030e-14
2545.000000  1.037620e-13
2555.000000  3.507399e-13
2565.000000  1.881214e-13
2575.000000  2.703028e-13
2585.000000  1.966017e-13
2595.000000  1.608728e-13
2605.000000  1.354351e-13
2615.000000  1.279047e-13
2625.000000  1.846277e-13
2635.000000  5.141988e-13
2645.000000  8.371880e-13
2655.000000  1.450626e-12
2665.000000  8.086693e-13
2675.000000  8.215101e-13
2685.000000  1.115513e-12
2695.000000  7.187400e-13
2705.000000  1.036720e-12
2715.000000  5.960687e-13
2725.000000  3.273015e-13
2735.000000  5.041124e-13
2745.000000  2.688145e-13
2755.000000  4.021116e-13
2765.000000  5.979057e-13
2775.000000  6.117267e-13
2785.000000  3.207000e-13
2795.000000  9.868966e-14
2805.000000  1.312100e-13
2815.000000  4.766738e-13
2825.000000  7.992264e-13
2835.000000  7.252777e-13
2845.000000  3.586425e-13
2855.000000  1.200426e-13
2865.000000  6.119298e-13
2875.000000  1.235650e-12
2885.000000  1.301759e-12
2895.000000  1.825965e-12
2910.000000  2.656607e-12
2930.000000  2.482958e-12
2950.000000  2.228281e-12
2970.000000  2.353421e-12
2990.000000  2.401994e-12
3010.000000  2.172891e-12
3030.000000  2.727756e-12
3050.000000  2.908907e-12
3070.000000  3.303903e-12
3090.000000  3.436557e-12
3110.000000  4.271126e-12
3130.000000  3.584765e-12
3150.000000  3.847132e-12
3170.000000  4.490142e-12
3190.000000  3.871482e-12
3210.000000  4.256720e-12
3230.000000  3.289798e-12
3250.000000  5.381626e-12
3270.000000  6.695427e-12
3290.000000  6.629300e-12
3310.000000  5.844210e-12
3330.000000  6.048294e-12
3350.000000  5.532922e-12
3370.000000  3.944077e-12
3390.000000  4.653854e-12
3410.000000  5.243194e-12
3430.000000  5.963572e-12
3450.000000  6.312091e-12
3470.000000  6.604079e-12
3490.000000  7.481610e-12
3510.000000  7.992123e-12
3530.000000  6.825556e-12
3550.000000  7.854965e-12
3570.000000  4.764228e-12
3590.000000  5.503119e-12
3610.000000  7.662950e-12
3630.000000  8.298110e-12
3640.000000  8.546855e-12
3650.000000  9.603923e-12
3670.000000  1.019806e-11
3690.000000  9.828719e-12
3710.000000  1.090661e-11
3730.000000  6.940371e-12
3750.000000  7.928350e-12
3770.000000  9.692984e-12
3790.000000  9.494652e-12
3810.000000  8.515998e-12
3830.000000  4.802845e-12
3850.000000  5.133759e-12
3870.000000  5.480790e-12
3890.000000  9.460995e-12
3910.000000  1.128452e-11
3930.000000  4.440223e-12
3950.000000  8.983506e-12
3970.000000  5.682278e-12
3990.000000  1.498742e-11
4010.000000  1.722969e-11
4030.000000  1.687908e-11
4050.000000  1.608579e-11
4070.000000  1.533384e-11
4090.000000  1.883550e-11
4110.000000  1.861605e-11
4130.000000  1.663585e-11
4150.000000  1.555380e-11
4170.000000  1.576232e-11
4190.000000  1.569064e-11
4210.000000  1.717610e-11
4230.000000  1.823399e-11
4250.000000  1.840112e-11
4270.000000  1.713572e-11
4290.000000  1.533596e-11
4310.000000  1.247652e-11
4330.000000  1.995342e-11
4350.000000  1.926396e-11
4370.000000  2.084361e-11
4390.000000  1.875437e-11
4410.000000  2.072780e-11
4430.000000  2.282067e-11
4450.000000  2.305882e-11
4470.000000  2.491211e-11
4490.000000  2.559772e-11
4510.000000  2.906718e-11
4530.000000  2.576232e-11
4550.000000  2.663536e-11
4570.000000  2.883450e-11
4590.000000  2.755724e-11
4610.000000  2.869314e-11
4630.000000  2.802855e-11
4650.000000  2.852191e-11
4670.000000  2.939893e-11
4690.000000  2.889586e-11
4710.000000  2.824470e-11
4730.000000  2.950155e-11
4750.000000  3.091757e-11
4770.000000  3.121282e-11
4790.000000  3.105196e-11
4810.000000  3.059989e-11
4830.000000  3.143631e-11
4850.000000  2.983732e-11
4870.000000  2.779013e-11
4890.000000  3.062635e-11
4910.000000  3.041865e-11
4930.000000  3.001969e-11
4950.000000  3.198619e-11
4970.000000  3.144144e-11
4990.000000  2.917205e-11
5010.000000  2.784680e-11
5030.000000  2.955110e-11
5050.000000  2.982607e-11
5070.000000  3.117712e-11
5090.000000  2.924853e-11
5110.000000  2.998777e-11
5130.000000  2.885911e-11
5150.000000  2.804638e-11
5170.000000  2.650405e-11
5190.000000  2.768710e-11
5210.000000  2.934518e-11
5230.000000  3.016205e-11
5250.000000  3.099839e-11
5270.000000  2.786365e-11
5290.000000  3.141161e-11
5310.000000  3.309206e-11
5330.000000  2.961348e-11
5350.000000  3.232858e-11
5370.000000  3.261174e-11
5390.000000  3.156724e-11
5410.000000  3.096998e-11
5430.000000  3.143692e-11
5450.000000  3.320420e-11
5470.000000  3.196981e-11
5490.000000  3.159548e-11
5510.000000  3.157000e-11
5530.000000  3.237832e-11
5550.000000  3.301806e-11
5570.000000  3.232488e-11
5590.000000  3.146273e-11
5610.000000  3.299025e-11
5630.000000  3.253568e-11
5650.000000  3.264647e-11
5670.000000  3.182616e-11
5690.000000  3.277783e-11
5710.000000  3.166123e-11
5730.000000  3.442351e-11
5750.000000  3.305957e-11
5770.000000  3.362043e-11
5790.000000  3.213213e-11
5810.000000  3.351295e-11
5830.000000  3.439498e-11
5850.000000  3.342832e-11
5870.000000  3.359378e-11
5890.000000  3.088428e-11
5910.000000  3.316251e-11
5930.000000  3.317376e-11
5950.000000  3.321951e-11
5970.000000  3.372744e-11
5990.000000  3.312528e-11
6010.000000  3.251984e-11
6030.000000  3.312489e-11
6050.000000  3.371192e-11
6070.000000  3.354520e-11
6090.000000  3.220956e-11
6110.000000  3.223719e-11
6130.000000  3.081346e-11
6150.000000  3.162315e-11
6170.000000  3.054674e-11
6190.000000  3.227782e-11
6210.000000  3.224478e-11
6230.000000  3.118116e-11
6250.000000  3.008100e-11
6270.000000  3.157689e-11
6290.000000  3.190370e-11
6310.000000  3.091470e-11
6330.000000  3.124310e-11
6350.000000  3.131486e-11
6370.000000  3.110498e-11
6390.000000  3.153091e-11
6410.000000  3.088529e-11
6430.000000  3.119679e-11
6450.000000  3.106716e-11
6470.000000  3.096656e-11
6490.000000  3.023790e-11
6510.000000  3.106969e-11
6530.000000  3.118507e-11
6550.000000  3.074407e-11
6570.000000  2.927363e-11
6590.000000  3.076226e-11
6610.000000  3.096190e-11
6630.000000  3.079337e-11
6650.000000  3.071109e-11
6670.000000  3.025039e-11
6690.000000  3.101261e-11
6710.000000  3.002396e-11
6730.000000  3.085171e-11
6750.000000  3.031778e-11
6770.000000  3.043482e-11
6790.000000  3.022598e-11
6810.000000  3.008848e-11
6830.000000  3.038731e-11
6850.000000  2.952512e-11
6870.000000  2.992590e-11
6890.000000  3.016306e-11
6910.000000  2.985946e-11
6930.000000  2.955856e-11
6950.000000  2.916385e-11
6970.000000  2.929075e-11
6990.000000  2.904455e-11
7010.000000  2.818383e-11
7030.000000  2.876909e-11
7050.000000  2.908668e-11
7070.000000  2.863623e-11
7090.000000  2.851977e-11
7110.000000  2.839826e-11
7130.000000  2.785057e-11
7150.000000  2.777685e-11
7170.000000  2.792994e-11
7190.000000  2.699300e-11
7210.000000  2.767185e-11
7230.000000  2.791319e-11
7250.000000  2.795877e-11
7270.000000  2.776071e-11
7290.000000  2.688238e-11
7310.000000  2.735805e-11
7330.000000  2.733655e-11
7350.000000  2.727622e-11
7370.000000  2.762194e-11
7390.000000  2.693432e-11
7410.000000  2.666696e-11
7430.000000  2.696624e-11
7450.000000  2.701999e-11
7470.000000  2.712402e-11
7490.000000  2.685257e-11
7510.000000  2.704118e-11
7530.000000  2.709780e-11
7550.000000  2.721657e-11
7570.000000  2.692942e-11
7590.000000  2.682921e-11
7610.000000  2.679780e-11
7630.000000  2.687557e-11
7650.000000  2.685035e-11
7670.000000  2.603779e-11
7690.000000  2.673653e-11
7710.000000  2.621079e-11
7730.000000  2.622869e-11
7750.000000  2.600936e-11
7770.000000  2.653221e-11
7790.000000  2.642243e-11
7810.000000  2.632370e-11
7830.000000  2.604709e-11
7850.000000  2.590545e-11
7870.000000  2.592937e-11
7890.000000  2.529881e-11
7910.000000  2.462348e-11
7930.000000  2.446443e-11
7950.000000  2.421773e-11
7970.000000  2.494014e-11
7990.000000  2.487802e-11
8010.000000  2.470110e-11
8030.000000  2.470858e-11
8050.000000  2.444584e-11
8070.000000  2.437665e-11
8090.000000  2.372147e-11
8110.000000  2.377817e-11
8130.000000  2.401114e-11
8150.000000  2.391525e-11
8170.000000  2.394057e-11
8190.000000  2.344976e-11
8210.000000  2.341317e-11
8230.000000  2.350360e-11
8250.000000  2.372015e-11
8270.000000  2.390595e-11
8290.000000  2.371599e-11
8310.000000  2.297079e-11
8330.000000  2.299679e-11
8350.000000  2.305632e-11
8370.000000  2.319359e-11
8390.000000  2.259382e-11
8410.000000  2.319445e-11
8430.000000  2.262941e-11
8450.000000  2.300963e-11
8470.000000  2.284545e-11
8490.000000  2.263699e-11
8510.000000  2.144791e-11
8530.000000  2.222611e-11
8550.000000  1.873322e-11
8570.000000  2.284220e-11
8590.000000  2.247014e-11
8610.000000  2.246152e-11
8630.000000  2.266415e-11
8650.000000  2.238472e-11
8670.000000  1.898046e-11
8690.000000  2.181429e-11
8710.000000  2.224246e-11
8730.000000  2.230117e-11
8750.000000  2.195282e-11
8770.000000  2.232551e-11
8790.000000  2.208607e-11
8810.000000  2.159154e-11
8830.000000  2.192231e-11
8850.000000  2.202702e-11
8870.000000  2.152489e-11
8890.000000  2.195611e-11
8910.000000  2.208701e-11
8930.000000  2.156709e-11
8950.000000  2.149488e-11
8970.000000  2.153317e-11
8990.000000  2.159539e-11
9010.000000  2.073651e-11
9030.000000  2.130596e-11
9050.000000  2.165736e-11
9070.000000  2.134095e-11
9090.000000  2.065857e-11
9110.000000  2.067399e-11
9130.000000  2.115173e-11
9150.000000  2.009090e-11
9170.000000  1.966779e-11
9190.000000  1.979107e-11
9210.000000  1.929833e-11
9230.000000  1.942170e-11
9250.000000  1.936545e-11
9270.000000  1.965640e-11
9290.000000  1.945968e-11
9310.000000  1.982099e-11
9330.000000  1.979154e-11
9350.000000  1.959674e-11
9370.000000  1.947948e-11
9390.000000  1.923295e-11
9410.000000  1.871946e-11
9430.000000  1.897733e-11
9450.000000  1.864703e-11
9470.000000  1.907646e-11
9490.000000  1.901274e-11
9510.000000  1.919001e-11
9530.000000  1.899159e-11
9550.000000  1.884086e-11
9570.000000  1.889659e-11
9590.000000  1.906637e-11
9610.000000  1.888379e-11
9630.000000  1.872057e-11
9650.000000  1.849825e-11
9670.000000  1.841835e-11
9690.000000  1.868542e-11
9710.000000  1.856714e-11
9730.000000  1.855429e-11
9750.000000  1.837214e-11
9770.000000  1.843022e-11
9790.000000  1.816092e-11
9810.000000  1.852276e-11
9830.000000  1.844885e-11
9850.000000  1.848551e-11
9870.000000  1.837645e-11
9890.000000  1.841127e-11
9910.000000  1.822486e-11
9930.000000  1.839843e-11
9950.000000  1.828774e-11
9970.000000  1.831689e-11
9990.000000  1.826786e-11
10025.000000  1.810294e-11
10075.000000  1.790935e-11
10125.000000  1.786496e-11
10175.000000  1.757940e-11
10225.000000  1.757052e-11
10275.000000  1.755584e-11
10325.000000  1.722799e-11
10375.000000  1.712015e-11
10425.000000  1.712073e-11
10475.000000  1.689796e-11
10525.000000  1.686418e-11
10575.000000  1.668420e-11
10625.000000  1.654797e-11
10675.000000  1.622734e-11
10725.000000  1.622139e-11
10775.000000  1.603712e-11
10825.000000  1.577705e-11
10875.000000  1.559315e-11
10925.000000  1.533050e-11
10975.000000  1.447630e-11
11025.000000  1.441208e-11
11075.000000  1.455421e-11
11125.000000  1.447645e-11
11175.000000  1.456476e-11
11225.000000  1.451060e-11
11275.000000  1.426969e-11
11325.000000  1.437029e-11
11375.000000  1.408704e-11
11425.000000  1.408164e-11
11475.000000  1.420528e-11
11525.000000  1.414670e-11
11575.000000  1.395593e-11
11625.000000  1.376658e-11
11675.000000  1.376223e-11
11725.000000  1.389206e-11
11775.000000  1.361253e-11
11825.000000  1.351956e-11
11875.000000  1.335563e-11
11925.000000  1.355004e-11
11975.000000  1.305525e-11
12025.000000  1.321786e-11
12075.000000  1.306338e-11
12125.000000  1.304660e-11
12175.000000  1.307138e-11
12225.000000  1.298550e-11
12275.000000  1.287339e-11
12325.000000  1.278811e-11
12375.000000  1.269998e-11
12425.000000  1.258833e-11
12475.000000  1.257927e-11
12525.000000  1.244344e-11
12575.000000  1.238099e-11
12625.000000  1.231657e-11
12675.000000  1.217586e-11
12725.000000  1.217106e-11
12775.000000  1.213992e-11
12825.000000  1.169364e-11
12875.000000  1.188952e-11
12925.000000  1.174770e-11
12975.000000  1.180589e-11
13025.000000  1.166133e-11
13075.000000  1.167338e-11
13125.000000  1.148193e-11
13175.000000  1.140552e-11
13225.000000  1.142504e-11
13275.000000  1.121939e-11
13325.000000  1.126228e-11
13375.000000  1.117053e-11
13425.000000  1.118823e-11
13475.000000  1.110536e-11
13525.000000  1.105744e-11
13575.000000  1.085481e-11
13625.000000  1.081079e-11
13675.000000  1.078427e-11
13725.000000  1.075678e-11
13775.000000  1.068883e-11
13825.000000  1.065820e-11
13875.000000  1.056562e-11
13925.000000  1.053647e-11
13975.000000  1.045689e-11
14025.000000  1.031163e-11
14075.000000  1.018543e-11
14125.000000  9.909822e-12
14175.000000  9.917467e-12
14225.000000  9.767057e-12
14275.000000  9.634096e-12
14325.000000  9.771527e-12
14375.000000  9.812441e-12
14425.000000  9.497376e-12
14475.000000  9.738464e-12
14525.000000  9.490146e-12
14570.000000  9.486839e-12
14620.000000  9.403750e-12
14675.000000  9.338839e-12
14725.000000  9.199687e-12
14775.000000  9.230965e-12
14825.000000  9.195969e-12
14875.000000  9.118157e-12
14925.000000  9.264688e-12
14975.000000  9.150270e-12
15025.000000  8.992013e-12
15075.000000  8.908949e-12
15125.000000  8.969784e-12
15175.000000  9.000173e-12
15225.000000  8.891581e-12
15275.000000  8.909399e-12
15325.000000  8.858817e-12
15375.000000  8.861320e-12
15425.000000  8.801173e-12
15475.000000  8.787151e-12
15525.000000  8.652588e-12
15575.000000  8.532829e-12
15625.000000  8.701672e-12
15675.000000  8.476397e-12
15725.000000  8.474417e-12
15775.000000  8.249379e-12
15825.000000  8.346109e-12
15875.000000  7.978575e-12
15925.000000  8.226232e-12
15975.000000  8.282568e-12
16050.000000  8.178650e-12
16150.000000  7.989000e-12
16250.000000  8.027962e-12
16350.000000  7.900504e-12
16450.000000  7.614942e-12
16550.000000  7.680104e-12
16650.000000  7.509728e-12
16750.000000  7.343822e-12
16850.000000  7.069688e-12
16950.000000  7.174033e-12
17050.000000  6.919421e-12
17150.000000  6.843555e-12
17250.000000  6.652488e-12
17350.000000  6.383682e-12
17450.000000  6.411697e-12
17550.000000  6.308502e-12
17650.000000  6.197598e-12
17750.000000  6.052878e-12
17850.000000  5.974034e-12
17950.000000  5.869829e-12
18050.000000  5.722444e-12
18150.000000  5.542333e-12
18250.000000  5.493727e-12
18350.000000  5.408657e-12
18450.000000  5.268464e-12
18550.000000  5.207255e-12
18650.000000  5.061236e-12
18750.000000  4.870473e-12
18850.000000  4.906695e-12
18950.000000  4.710524e-12
19050.000000  4.757341e-12
19150.000000  4.649541e-12
19250.000000  4.581654e-12
19350.000000  4.449785e-12
19450.000000  4.296589e-12
19550.000000  4.326643e-12
19650.000000  4.230756e-12
19750.000000  4.130267e-12
19850.000000  4.078021e-12
19950.000000  4.003318e-12
20050.000000  3.967835e-12
20150.000000  3.918193e-12
20250.000000  3.803998e-12
20350.000000  3.723063e-12
20450.000000  3.710826e-12
20550.000000  3.625869e-12
20650.000000  3.549427e-12
20750.000000  3.496303e-12
20850.000000  3.437959e-12
20950.000000  3.359995e-12
21050.000000  3.336835e-12
21150.000000  3.273538e-12
21250.000000  3.215713e-12
21350.000000  3.173621e-12
21450.000000  3.120457e-12
21550.000000  3.071498e-12
21650.000000  2.958772e-12
21750.000000  2.944973e-12
21850.000000  2.907197e-12
21950.000000  2.875782e-12
22050.000000  2.801138e-12
22150.000000  2.786280e-12
22250.000000  2.724450e-12
22350.000000  2.681853e-12
22450.000000  2.642844e-12
22550.000000  2.596439e-12
22650.000000  2.548550e-12
22750.000000  2.528259e-12
22850.000000  2.469728e-12
22950.000000  2.241016e-12
23050.000000  2.317171e-12
23150.000000  2.295212e-12
23250.000000  2.080421e-12
23350.000000  2.162723e-12
23450.000000  2.169373e-12
23550.000000  1.951336e-12
23650.000000  2.049558e-12
23750.000000  2.038460e-12
23850.000000  1.853906e-12
23950.000000  1.931652e-12
24050.000000  1.938100e-12
24150.000000  1.791157e-12
24250.000000  1.835740e-12
24350.000000  1.842559e-12
24450.000000  1.746162e-12
24550.000000  1.727531e-12
24650.000000  1.772314e-12
24750.000000  1.708057e-12
24850.000000  1.644111e-12
24950.000000  1.677024e-12
