2505.000000  4.352862e-13
2513.000000  2.154441e-13
2518.000000  1.107094e-13
2525.000000  1.600472e-13
2535.000000  5.327756e-13
2545.000000  5.501276e-13
2555.000000  1.088276e-12
2565.000000  1.102173e-12
2575.000000  1.350207e-12
2585.000000  1.380204e-12
2595.000000  1.281006e-12
2605.000000  1.167786e-12
2615.000000  1.048473e-12
2625.000000  1.354355e-12
2635.000000  1.975574e-12
2645.000000  2.407349e-12
2655.000000  3.152757e-12
2665.000000  2.617881e-12
2675.000000  2.826287e-12
2685.000000  2.959379e-12
2695.000000  2.404399e-12
2705.000000  2.956422e-12
2715.000000  2.012416e-12
2725.000000  1.363596e-12
2735.000000  1.965605e-12
2745.000000  1.690485e-12
2755.000000  2.029082e-12
2765.000000  2.928449e-12
2775.000000  2.763972e-12
2785.000000  1.948573e-12
2795.000000  8.817633e-13
2805.000000  1.069074e-12
2815.000000  1.950083e-12
2825.000000  1.928405e-12
2835.000000  1.271975e-12
2845.000000  5.716646e-13
2855.000000  2.781849e-13
2865.000000  9.810967e-13
2875.000000  1.837640e-12
2885.000000  2.531697e-12
2895.000000  3.420741e-12
2910.000000  4.594757e-12
2930.000000  5.071586e-12
2950.000000  4.462068e-12
2970.000000  4.215456e-12
2990.000000  4.599994e-12
3010.000000  4.393491e-12
3030.000000  5.062584e-12
3050.000000  5.741529e-12
3070.000000  5.007339e-12
3090.000000  4.277035e-12
3110.000000  5.736062e-12
3130.000000  5.779112e-12
3150.000000  6.145401e-12
3170.000000  8.013782e-12
3190.000000  7.929126e-12
3210.000000  9.408411e-12
3230.000000  9.782024e-12
3250.000000  1.292921e-11
3270.000000  1.587730e-11
3290.000000  1.523848e-11
3310.000000  1.286207e-11
3330.000000  1.170112e-11
3350.000000  1.098892e-11
3370.000000  6.474671e-12
3390.000000  9.494647e-12
3410.000000  1.130430e-11
3430.000000  1.459554e-11
3450.000000  1.374154e-11
3470.000000  1.566328e-11
3490.000000  1.905277e-11
3510.000000  2.178398e-11
3530.000000  2.168442e-11
3550.000000  2.706089e-11
3570.000000  1.979031e-11
3590.000000  1.975126e-11
3610.000000  2.348674e-11
3630.000000  2.530585e-11
3640.000000  2.795295e-11
3650.000000  2.722554e-11
3670.000000  3.169078e-11
3690.000000  2.906811e-11
3710.000000  2.713754e-11
3730.000000  1.631273e-11
3750.000000  2.033003e-11
3770.000000  3.152663e-11
3790.000000  3.402356e-11
3810.000000  3.381288e-11
3830.000000  2.136923e-11
3850.000000  2.995223e-11
3870.000000  2.768555e-11
3890.000000  2.781192e-11
3910.000000  3.283760e-11
3930.000000  1.797045e-11
3950.000000  3.511174e-11
3970.000000  2.535340e-11
3990.000000  4.608089e-11
4010.000000  5.037033e-11
4030.000000  4.622118e-11
4050.000000  4.912722e-11
4070.000000  4.770536e-11
4090.000000  5.314619e-11
4110.000000  4.414920e-11
4130.000000  4.793835e-11
4150.000000  4.338108e-11
4170.000000  4.693795e-11
4190.000000  4.810437e-11
4210.000000  4.677902e-11
4230.000000  4.583240e-11
4250.000000  4.891372e-11
4270.000000  4.639639e-11
4290.000000  4.323426e-11
4310.000000  4.062163e-11
4330.000000  5.835978e-11
4350.000000  5.788140e-11
4370.000000  5.779875e-11
4390.000000  5.667468e-11
4410.000000  6.313755e-11
4430.000000  7.032324e-11
4450.000000  7.203264e-11
4470.000000  7.463626e-11
4490.000000  7.686180e-11
4510.000000  8.029148e-11
4530.000000  7.665522e-11
4550.000000  8.029459e-11
4570.000000  8.250602e-11
4590.000000  8.316326e-11
4610.000000  8.384114e-11
4630.000000  8.619429e-11
4650.000000  8.545081e-11
4670.000000  8.848561e-11
4690.000000  8.871547e-11
4710.000000  8.913206e-11
4730.000000  8.980842e-11
4750.000000  9.020318e-11
4770.000000  8.941189e-11
4790.000000  9.002087e-11
4810.000000  9.316499e-11
4830.000000  9.271914e-11
4850.000000  9.425371e-11
4870.000000  9.318313e-11
4890.000000  9.489925e-11
4910.000000  9.687184e-11
4930.000000  9.505047e-11
4950.000000  9.555832e-11
4970.000000  9.825026e-11
4990.000000  9.501355e-11
5010.000000  9.208696e-11
5030.000000  9.484515e-11
5050.000000  9.166985e-11
5070.000000  9.240734e-11
5090.000000  9.109561e-11
5110.000000  8.875402e-11
5130.000000  8.799051e-11
5150.000000  8.404658e-11
5170.000000  7.945007e-11
5190.000000  8.735925e-11
5210.000000  8.974486e-11
5230.000000  1.052501e-10
5250.000000  1.082867e-10
5270.000000  1.024427e-10
5290.000000  1.095420e-10
5310.000000  1.119283e-10
5330.000000  1.069209e-10
5350.000000  1.109701e-10
5370.000000  1.106925e-10
5390.000000  1.112222e-10
5410.000000  1.108974e-10
5430.000000  1.107341e-10
5450.000000  1.111589e-10
5470.000000  1.150624e-10
5490.000000  1.158507e-10
5510.000000  1.148646e-10
5530.000000  1.176406e-10
5550.000000  1.183944e-10
5570.000000  1.178082e-10
5590.000000  1.174671e-10
5610.000000  1.186207e-10
5630.000000  1.205296e-10
5650.000000  1.214038e-10
5670.000000  1.213006e-10
5690.000000  1.221231e-10
5710.000000  1.216818e-10
5730.000000  1.230303e-10
5750.000000  1.234975e-10
5770.000000  1.238943e-10
5790.000000  1.240893e-10
5810.000000  1.246051e-10
5830.000000  1.250966e-10
5850.000000  1.250952e-10
5870.000000  1.255022e-10
5890.000000  1.140751e-10
5910.000000  1.259163e-10
5930.000000  1.265626e-10
5950.000000  1.267661e-10
5970.000000  1.272475e-10
5990.000000  1.276287e-10
6010.000000  1.277132e-10
6030.000000  1.281029e-10
6050.000000  1.285170e-10
6070.000000  1.284927e-10
6090.000000  1.288982e-10
6110.000000  1.288810e-10
6130.000000  1.271583e-10
6150.000000  1.294312e-10
6170.000000  1.276211e-10
6190.000000  1.296847e-10
6210.000000  1.300316e-10
6230.000000  1.297607e-10
6250.000000  1.292850e-10
6270.000000  1.303181e-10
6290.000000  1.308525e-10
6310.000000  1.308940e-10
6330.000000  1.310888e-10
6350.000000  1.317838e-10
6370.000000  1.319701e-10
6390.000000  1.318511e-10
6410.000000  1.315013e-10
6430.000000  1.315873e-10
6450.000000  1.315600e-10
6470.000000  1.317219e-10
6490.000000  1.311514e-10
6510.000000  1.328496e-10
6530.000000  1.332379e-10
6550.000000  1.328982e-10
6570.000000  1.312258e-10
6590.000000  1.331431e-10
6610.000000  1.335516e-10
6630.000000  1.337277e-10
6650.000000  1.337104e-10
6670.000000  1.334639e-10
6690.000000  1.339812e-10
6710.000000  1.338607e-10
6730.000000  1.341330e-10
6750.000000  1.339280e-10
6770.000000  1.341815e-10
6790.000000  1.342660e-10
6810.000000  1.342488e-10
6830.000000  1.344178e-10
6850.000000  1.343762e-10
6870.000000  1.342815e-10
6890.000000  1.344663e-10
6910.000000  1.344333e-10
6930.000000  1.344935e-10
6950.000000  1.343745e-10
6970.000000  1.344661e-10
6990.000000  1.344403e-10
7010.000000  1.344129e-10
7030.000000  1.343971e-10
7050.000000  1.344643e-10
7070.000000  1.343612e-10
7090.000000  1.343267e-10
7110.000000  1.343868e-10
7130.000000  1.342735e-10
7150.000000  1.338507e-10
7170.000000  1.342232e-10
7190.000000  1.339767e-10
7210.000000  1.337975e-10
7230.000000  1.341528e-10
7250.000000  1.339493e-10
7270.000000  1.340007e-10
7290.000000  1.339648e-10
7310.000000  1.338630e-10
7330.000000  1.337110e-10
7350.000000  1.336092e-10
7370.000000  1.336765e-10
7390.000000  1.335403e-10
7410.000000  1.333181e-10
7430.000000  1.333868e-10
7450.000000  1.332678e-10
7470.000000  1.331559e-10
7490.000000  1.330196e-10
7510.000000  1.328848e-10
7530.000000  1.329608e-10
7550.000000  1.328418e-10
7570.000000  1.327299e-10
7590.000000  1.325866e-10
7610.000000  1.324747e-10
7630.000000  1.324331e-10
7650.000000  1.322983e-10
7670.000000  1.312019e-10
7690.000000  1.320589e-10
7710.000000  1.313537e-10
7730.000000  1.317090e-10
7750.000000  1.314639e-10
7770.000000  1.315555e-10
7790.000000  1.313347e-10
7810.000000  1.312931e-10
7830.000000  1.310552e-10
7850.000000  1.308588e-10
7870.000000  1.308243e-10
7890.000000  1.306809e-10
7910.000000  1.303655e-10
7930.000000  1.301275e-10
7950.000000  1.299068e-10
7970.000000  1.299913e-10
7990.000000  1.298480e-10
8010.000000  1.295326e-10
8030.000000  1.294995e-10
8050.000000  1.290753e-10
8070.000000  1.290580e-10
8090.000000  1.289045e-10
8110.000000  1.288013e-10
8130.000000  1.286665e-10
8150.000000  1.284458e-10
8170.000000  1.282321e-10
8190.000000  1.272390e-10
8210.000000  1.277663e-10
8230.000000  1.275125e-10
8250.000000  1.274179e-10
8270.000000  1.272989e-10
8290.000000  1.270781e-10
8310.000000  1.268401e-10
8330.000000  1.255002e-10
8350.000000  1.264832e-10
8370.000000  1.261779e-10
8390.000000  1.241172e-10
8410.000000  1.257364e-10
8430.000000  1.244052e-10
8450.000000  1.254639e-10
8470.000000  1.247186e-10
8490.000000  1.245121e-10
8510.000000  1.217733e-10
8530.000000  1.241723e-10
8550.000000  1.167292e-10
8570.000000  1.242153e-10
8590.000000  1.238928e-10
8610.000000  1.236548e-10
8630.000000  1.235358e-10
8650.000000  1.231201e-10
8670.000000  1.163652e-10
8690.000000  1.209990e-10
8710.000000  1.226441e-10
8730.000000  1.224234e-10
8750.000000  1.220765e-10
8770.000000  1.219646e-10
8790.000000  1.217439e-10
8810.000000  1.206933e-10
8830.000000  1.201846e-10
8850.000000  1.209556e-10
8870.000000  1.207261e-10
8890.000000  1.206229e-10
8910.000000  1.203864e-10
8930.000000  1.201656e-10
8950.000000  1.198431e-10
8970.000000  1.196295e-10
8990.000000  1.194087e-10
9010.000000  1.185531e-10
9030.000000  1.189429e-10
9050.000000  1.187307e-10
9070.000000  1.185085e-10
9090.000000  1.178737e-10
9110.000000  1.179495e-10
9130.000000  1.177287e-10
9150.000000  1.174994e-10
9170.000000  1.171840e-10
9190.000000  1.169475e-10
9210.000000  1.166408e-10
9230.000000  1.164043e-10
9250.000000  1.161592e-10
9270.000000  1.159628e-10
9290.000000  1.156417e-10
9310.000000  1.155213e-10
9330.000000  1.152073e-10
9350.000000  1.149851e-10
9370.000000  1.146555e-10
9390.000000  1.145278e-10
9410.000000  1.142053e-10
9430.000000  1.139860e-10
9450.000000  1.137568e-10
9470.000000  1.135431e-10
9490.000000  1.133224e-10
9510.000000  1.130084e-10
9530.000000  1.127791e-10
9550.000000  1.124581e-10
9570.000000  1.122444e-10
9590.000000  1.121011e-10
9610.000000  1.117026e-10
9630.000000  1.115664e-10
9650.000000  1.104387e-10
9670.000000  1.105819e-10
9690.000000  1.107179e-10
9710.000000  1.102335e-10
9730.000000  1.100128e-10
9750.000000  1.098522e-10
9770.000000  1.097332e-10
9790.000000  1.090625e-10
9810.000000  1.092830e-10
9830.000000  1.090622e-10
9850.000000  1.088415e-10
9870.000000  1.085190e-10
9890.000000  1.082983e-10
9910.000000  1.080775e-10
9930.000000  1.077794e-10
9950.000000  1.075357e-10
9970.000000  1.073150e-10
9990.000000  1.070942e-10
10025.000000  1.065746e-10
10075.000000  1.060099e-10
10125.000000  1.053287e-10
10175.000000  1.047006e-10
10225.000000  1.040853e-10
10275.000000  1.034762e-10
10325.000000  1.027798e-10
10375.000000  1.021714e-10
10425.000000  1.016145e-10
10475.000000  1.009548e-10
10525.000000  1.003869e-10
10575.000000  9.971063e-11
10625.000000  9.913500e-11
10675.000000  9.849988e-11
10725.000000  9.792426e-11
10775.000000  9.728108e-11
10825.000000  9.655125e-11
10875.000000  9.606260e-11
10925.000000  9.548698e-11
10975.000000  9.479903e-11
11025.000000  9.419071e-11
11075.000000  9.361650e-11
11125.000000  9.300708e-11
11175.000000  9.245896e-11
11225.000000  9.190940e-11
11275.000000  9.126657e-11
11325.000000  9.075186e-11
11375.000000  9.011603e-11
11425.000000  8.938022e-11
11475.000000  8.909475e-11
11525.000000  8.854593e-11
11575.000000  8.792732e-11
11625.000000  8.701682e-11
11675.000000  8.673811e-11
11725.000000  8.636828e-11
11775.000000  8.568948e-11
11825.000000  8.502698e-11
11875.000000  8.420709e-11
11925.000000  8.422790e-11
11975.000000  8.312088e-11
12025.000000  8.309872e-11
12075.000000  8.256955e-11
12125.000000  8.215459e-11
12175.000000  8.167270e-11
12225.000000  8.117219e-11
12275.000000  8.064287e-11
12325.000000  8.017303e-11
12375.000000  7.968269e-11
12425.000000  7.919407e-11
12475.000000  7.871563e-11
12525.000000  7.822787e-11
12575.000000  7.775890e-11
12625.000000  7.727272e-11
12675.000000  7.680618e-11
12725.000000  7.634981e-11
12775.000000  7.589345e-11
12825.000000  7.534936e-11
12875.000000  7.497170e-11
12925.000000  7.446346e-11
12975.000000  7.409365e-11
13025.000000  7.366781e-11
13075.000000  7.323352e-11
13125.000000  7.265061e-11
13175.000000  7.228355e-11
13225.000000  7.192823e-11
13275.000000  7.142517e-11
13325.000000  7.077057e-11
13375.000000  7.008344e-11
13425.000000  6.957983e-11
13475.000000  6.935671e-11
13525.000000  6.885627e-11
13575.000000  6.853847e-11
13625.000000  6.809490e-11
13675.000000  6.789373e-11
13725.000000  6.754943e-11
13775.000000  6.721273e-11
13825.000000  6.681830e-11
13875.000000  6.631398e-11
13925.000000  6.556873e-11
13975.000000  6.530552e-11
14025.000000  6.505421e-11
14075.000000  6.475090e-11
14125.000000  6.425490e-11
14175.000000  6.394786e-11
14225.000000  6.363395e-11
14275.000000  6.327176e-11
14325.000000  6.300129e-11
14375.000000  6.268251e-11
14425.000000  6.238793e-11
14475.000000  6.209054e-11
14525.000000  6.174267e-11
14570.000000  6.144685e-11
14620.000000  6.098715e-11
14675.000000  6.065548e-11
14725.000000  6.052868e-11
14775.000000  6.017941e-11
14825.000000  5.992741e-11
14875.000000  5.946242e-11
14925.000000  5.947787e-11
14975.000000  5.930008e-11
15025.000000  5.824382e-11
15075.000000  5.859633e-11
15125.000000  5.845844e-11
15175.000000  5.825087e-11
15225.000000  5.808110e-11
15275.000000  5.762311e-11
15325.000000  5.757656e-11
15375.000000  5.724005e-11
15425.000000  5.682505e-11
15475.000000  5.690042e-11
15525.000000  5.654701e-11
15575.000000  5.627124e-11
15625.000000  5.619188e-11
15675.000000  5.594749e-11
15725.000000  5.561671e-11
15775.000000  5.524602e-11
15825.000000  5.530813e-11
15875.000000  5.482889e-11
15925.000000  5.478899e-11
15975.000000  5.465260e-11
16050.000000  5.415071e-11
16150.000000  5.372737e-11
16250.000000  5.303011e-11
16350.000000  5.241362e-11
16450.000000  5.161128e-11
16550.000000  5.079218e-11
16650.000000  4.992150e-11
16750.000000  4.899566e-11
16850.000000  4.818733e-11
16950.000000  4.734491e-11
17050.000000  4.648773e-11
17150.000000  4.543511e-11
17250.000000  4.475692e-11
17350.000000  4.386652e-11
17450.000000  4.309619e-11
17550.000000  4.217328e-11
17650.000000  4.139666e-11
17750.000000  4.055428e-11
17850.000000  3.974314e-11
17950.000000  3.904132e-11
18050.000000  3.825584e-11
18150.000000  3.761304e-11
18250.000000  3.698473e-11
18350.000000  3.638177e-11
18450.000000  3.562525e-11
18550.000000  3.486257e-11
18650.000000  3.439817e-11
18750.000000  3.364269e-11
18850.000000  3.344359e-11
18950.000000  3.289768e-11
19050.000000  3.246411e-11
19150.000000  3.196349e-11
19250.000000  3.145857e-11
19350.000000  3.089434e-11
19450.000000  3.036548e-11
19550.000000  2.993366e-11
19650.000000  2.946013e-11
19750.000000  2.885693e-11
19850.000000  2.841752e-11
19950.000000  2.794917e-11
20050.000000  2.755273e-11
20150.000000  2.708467e-11
20250.000000  2.666273e-11
20350.000000  2.627748e-11
20450.000000  2.587618e-11
20550.000000  2.553334e-11
20650.000000  2.509050e-11
20750.000000  2.477303e-11
20850.000000  2.438450e-11
20950.000000  2.407476e-11
21050.000000  2.373279e-11
21150.000000  2.340257e-11
21250.000000  2.307179e-11
21350.000000  2.276564e-11
21450.000000  2.245736e-11
21550.000000  2.214921e-11
21650.000000  2.185123e-11
21750.000000  2.154081e-11
21850.000000  2.124900e-11
21950.000000  2.096135e-11
22050.000000  2.065493e-11
22150.000000  2.038763e-11
22250.000000  2.009082e-11
22350.000000  1.981507e-11
22450.000000  1.954003e-11
22550.000000  1.926529e-11
22650.000000  1.899127e-11
22750.000000  1.872742e-11
22850.000000  1.846515e-11
22950.000000  1.805319e-11
23050.000000  1.785280e-11
23150.000000  1.760428e-11
23250.000000  1.720851e-11
23350.000000  1.703435e-11
23450.000000  1.683325e-11
23550.000000  1.644422e-11
23650.000000  1.630645e-11
23750.000000  1.612398e-11
23850.000000  1.573166e-11
23950.000000  1.558300e-11
24050.000000  1.528952e-11
24150.000000  1.497498e-11
24250.000000  1.474510e-11
24350.000000  1.446094e-11
24450.000000  1.415399e-11
24550.000000  1.389533e-11
24650.000000  1.359597e-11
24750.000000  1.337112e-11
24850.000000  1.305743e-11
24950.000000  1.290065e-11
