2505.000000  1.164159e-14
2513.000000  6.119441e-15
2518.000000  4.448675e-15
2525.000000  6.338079e-15
2535.000000  2.466917e-14
2545.000000  3.131714e-14
2555.000000  5.199082e-14
2565.000000  3.061023e-14
2575.000000  5.292590e-14
2585.000000  4.073322e-14
2595.000000  4.607897e-14
2605.000000  5.729759e-14
2615.000000  4.612797e-14
2625.000000  7.521898e-14
2635.000000  1.373689e-13
2645.000000  1.307616e-13
2655.000000  1.866999e-13
2665.000000  1.658387e-13
2675.000000  1.309571e-13
2685.000000  1.757826e-13
2695.000000  1.188047e-13
2705.000000  1.986774e-13
2715.000000  1.544634e-13
2725.000000  1.148346e-13
2735.000000  1.533074e-13
2745.000000  1.736067e-13
2755.000000  1.791157e-13
2765.000000  2.711566e-13
2775.000000  3.112997e-13
2785.000000  2.003203e-13
2795.000000  1.380216e-13
2805.000000  1.636976e-13
2815.000000  2.244014e-13
2825.000000  2.270533e-13
2835.000000  1.584600e-13
2845.000000  7.362170e-14
2855.000000  2.328185e-14
2865.000000  1.422939e-13
2875.000000  2.252913e-13
2885.000000  3.555948e-13
2895.000000  4.695350e-13
2910.000000  6.471222e-13
2930.000000  7.540275e-13
2950.000000  6.764862e-13
2970.000000  6.572056e-13
2990.000000  7.846543e-13
3010.000000  7.810693e-13
3030.000000  9.151726e-13
3050.000000  1.084251e-12
3070.000000  1.053065e-12
3090.000000  9.785654e-13
3110.000000  1.393035e-12
3130.000000  1.309099e-12
3150.000000  1.555099e-12
3170.000000  2.127699e-12
3190.000000  1.996754e-12
3210.000000  2.355848e-12
3230.000000  2.491286e-12
3250.000000  3.471708e-12
3270.000000  4.228919e-12
3290.000000  4.451529e-12
3310.000000  3.952101e-12
3330.000000  3.818659e-12
3350.000000  3.521075e-12
3370.000000  2.128458e-12
3390.000000  3.053119e-12
3410.000000  3.671542e-12
3430.000000  4.811598e-12
3450.000000  4.622537e-12
3470.000000  5.152866e-12
3490.000000  6.340493e-12
3510.000000  7.724404e-12
3530.000000  7.622331e-12
3550.000000  9.995463e-12
3570.000000  7.297569e-12
3590.000000  7.220551e-12
3610.000000  8.988649e-12
3630.000000  1.004067e-11
3640.000000  1.126569e-11
3650.000000  1.120921e-11
3670.000000  1.305014e-11
3690.000000  1.220983e-11
3710.000000  1.146807e-11
3730.000000  6.727124e-12
3750.000000  8.762937e-12
3770.000000  1.412986e-11
3790.000000  1.510078e-11
3810.000000  1.521098e-11
3830.000000  9.746284e-12
3850.000000  1.330122e-11
3870.000000  1.243894e-11
3890.000000  1.310219e-11
3910.000000  1.616685e-11
3930.000000  8.086692e-12
3950.000000  1.660866e-11
3970.000000  1.190425e-11
3990.000000  2.321686e-11
4010.000000  2.626803e-11
4030.000000  2.364259e-11
4050.000000  2.564803e-11
4070.000000  2.529102e-11
4090.000000  2.708488e-11
4110.000000  1.968420e-11
4130.000000  2.336523e-11
4150.000000  2.093172e-11
4170.000000  2.140375e-11
4190.000000  2.395341e-11
4210.000000  2.368165e-11
4230.000000  2.420963e-11
4250.000000  2.683883e-11
4270.000000  2.624614e-11
4290.000000  2.542091e-11
4310.000000  2.485043e-11
4330.000000  3.480351e-11
4350.000000  3.505843e-11
4370.000000  3.590373e-11
4390.000000  3.532319e-11
4410.000000  3.841868e-11
4430.000000  4.232735e-11
4450.000000  4.365872e-11
4470.000000  4.631642e-11
4490.000000  4.859066e-11
4510.000000  5.159582e-11
4530.000000  4.856361e-11
4550.000000  5.153736e-11
4570.000000  5.372148e-11
4590.000000  5.427823e-11
4610.000000  5.562438e-11
4630.000000  5.744013e-11
4650.000000  5.695418e-11
4670.000000  6.007775e-11
4690.000000  6.019954e-11
4710.000000  6.058752e-11
4730.000000  6.142811e-11
4750.000000  6.176592e-11
4770.000000  6.033690e-11
4790.000000  6.115414e-11
4810.000000  6.538940e-11
4830.000000  6.494650e-11
4850.000000  6.699964e-11
4870.000000  6.680874e-11
4890.000000  6.833926e-11
4910.000000  7.007670e-11
4930.000000  6.889272e-11
4950.000000  6.941884e-11
4970.000000  7.106323e-11
4990.000000  6.811847e-11
5010.000000  6.491860e-11
5030.000000  6.702848e-11
5050.000000  6.444272e-11
5070.000000  6.445884e-11
5090.000000  6.293771e-11
5110.000000  6.160552e-11
5130.000000  6.051179e-11
5150.000000  5.738940e-11
5170.000000  5.761706e-11
5190.000000  6.394515e-11
5210.000000  6.489861e-11
5230.000000  8.157126e-11
5250.000000  8.349522e-11
5270.000000  7.968818e-11
5290.000000  8.569987e-11
5310.000000  8.891673e-11
5330.000000  8.491334e-11
5350.000000  8.856418e-11
5370.000000  8.914126e-11
5390.000000  8.900078e-11
5410.000000  8.952684e-11
5430.000000  8.916479e-11
5450.000000  9.057205e-11
5470.000000  9.331784e-11
5490.000000  9.413739e-11
5510.000000  9.306518e-11
5530.000000  9.686228e-11
5550.000000  9.801759e-11
5570.000000  9.738470e-11
5590.000000  9.684006e-11
5610.000000  9.861087e-11
5630.000000  1.009344e-10
5650.000000  1.025754e-10
5670.000000  1.022228e-10
5690.000000  1.038104e-10
5710.000000  1.022888e-10
5730.000000  1.049317e-10
5750.000000  1.059286e-10
5770.000000  1.067424e-10
5790.000000  1.067125e-10
5810.000000  1.077479e-10
5830.000000  1.087935e-10
5850.000000  1.086204e-10
5870.000000  1.092478e-10
5890.000000  9.958128e-11
5910.000000  1.099367e-10
5930.000000  1.106732e-10
5950.000000  1.108836e-10
5970.000000  1.123754e-10
5990.000000  1.129156e-10
6010.000000  1.131735e-10
6030.000000  1.140952e-10
6050.000000  1.148610e-10
6070.000000  1.147190e-10
6090.000000  1.150138e-10
6110.000000  1.154749e-10
6130.000000  1.128764e-10
6150.000000  1.160435e-10
6170.000000  1.140833e-10
6190.000000  1.168306e-10
6210.000000  1.168780e-10
6230.000000  1.167139e-10
6250.000000  1.151472e-10
6270.000000  1.174387e-10
6290.000000  1.186016e-10
6310.000000  1.192254e-10
6330.000000  1.200738e-10
6350.000000  1.214240e-10
6370.000000  1.217143e-10
6390.000000  1.219671e-10
6410.000000  1.214616e-10
6430.000000  1.219288e-10
6450.000000  1.221990e-10
6470.000000  1.224456e-10
6490.000000  1.219099e-10
6510.000000  1.242767e-10
6530.000000  1.253963e-10
6550.000000  1.246022e-10
6570.000000  1.243959e-10
6590.000000  1.255340e-10
6610.000000  1.261882e-10
6630.000000  1.269592e-10
6650.000000  1.269580e-10
6670.000000  1.266113e-10
6690.000000  1.278419e-10
6710.000000  1.275416e-10
6730.000000  1.283693e-10
6750.000000  1.277227e-10
6770.000000  1.287756e-10
6790.000000  1.291616e-10
6810.000000  1.293764e-10
6830.000000  1.300097e-10
6850.000000  1.301227e-10
6870.000000  1.301352e-10
6890.000000  1.308053e-10
6910.000000  1.309839e-10
6930.000000  1.312006e-10
6950.000000  1.311477e-10
6970.000000  1.317911e-10
6990.000000  1.316726e-10
7010.000000  1.319908e-10
7030.000000  1.323406e-10
7050.000000  1.325354e-10
7070.000000  1.322016e-10
7090.000000  1.320992e-10
7110.000000  1.323993e-10
7130.000000  1.321739e-10
7150.000000  1.317135e-10
7170.000000  1.329799e-10
7190.000000  1.326266e-10
7210.000000  1.324725e-10
7230.000000  1.338873e-10
7250.000000  1.332749e-10
7270.000000  1.343145e-10
7290.000000  1.345072e-10
7310.000000  1.346541e-10
7330.000000  1.345257e-10
7350.000000  1.342785e-10
7370.000000  1.350819e-10
7390.000000  1.351018e-10
7410.000000  1.348588e-10
7430.000000  1.353072e-10
7450.000000  1.354258e-10
7470.000000  1.354776e-10
7490.000000  1.356282e-10
7510.000000  1.358133e-10
7530.000000  1.360525e-10
7550.000000  1.361439e-10
7570.000000  1.362640e-10
7590.000000  1.361365e-10
7610.000000  1.363245e-10
7630.000000  1.364401e-10
7650.000000  1.365037e-10
7670.000000  1.348333e-10
7690.000000  1.364943e-10
7710.000000  1.352999e-10
7730.000000  1.364554e-10
7750.000000  1.362331e-10
7770.000000  1.367801e-10
7790.000000  1.367071e-10
7810.000000  1.369323e-10
7830.000000  1.367805e-10
7850.000000  1.367345e-10
7870.000000  1.369769e-10
7890.000000  1.368812e-10
7910.000000  1.365396e-10
7930.000000  1.366478e-10
7950.000000  1.363293e-10
7970.000000  1.369423e-10
7990.000000  1.368311e-10
8010.000000  1.367636e-10
8030.000000  1.368053e-10
8050.000000  1.362732e-10
8070.000000  1.364072e-10
8090.000000  1.366099e-10
8110.000000  1.366707e-10
8130.000000  1.367465e-10
8150.000000  1.367492e-10
8170.000000  1.367065e-10
8190.000000  1.352753e-10
8210.000000  1.359700e-10
8230.000000  1.363373e-10
8250.000000  1.363645e-10
8270.000000  1.365690e-10
8290.000000  1.364695e-10
8310.000000  1.359690e-10
8330.000000  1.345913e-10
8350.000000  1.359903e-10
8370.000000  1.356250e-10
8390.000000  1.315845e-10
8410.000000  1.353300e-10
8430.000000  1.326729e-10
8450.000000  1.358041e-10
8470.000000  1.347777e-10
8490.000000  1.353279e-10
8510.000000  1.317164e-10
8530.000000  1.352369e-10
8550.000000  1.273927e-10
8570.000000  1.354956e-10
8590.000000  1.352684e-10
8610.000000  1.350386e-10
8630.000000  1.351179e-10
8650.000000  1.350102e-10
8670.000000  1.270710e-10
8690.000000  1.323543e-10
8710.000000  1.348299e-10
8730.000000  1.346801e-10
8750.000000  1.343243e-10
8770.000000  1.344231e-10
8790.000000  1.344004e-10
8810.000000  1.331369e-10
8830.000000  1.326663e-10
8850.000000  1.337469e-10
8870.000000  1.337031e-10
8890.000000  1.338095e-10
8910.000000  1.336711e-10
8930.000000  1.334227e-10
8950.000000  1.331028e-10
8970.000000  1.331828e-10
8990.000000  1.331347e-10
9010.000000  1.316351e-10
9030.000000  1.327359e-10
9050.000000  1.327778e-10
9070.000000  1.326917e-10
9090.000000  1.315405e-10
9110.000000  1.321683e-10
9130.000000  1.320416e-10
9150.000000  1.317896e-10
9170.000000  1.315362e-10
9190.000000  1.314482e-10
9210.000000  1.311344e-10
9230.000000  1.311026e-10
9250.000000  1.307699e-10
9270.000000  1.305180e-10
9290.000000  1.300133e-10
9310.000000  1.303007e-10
9330.000000  1.301247e-10
9350.000000  1.300003e-10
9370.000000  1.294866e-10
9390.000000  1.297113e-10
9410.000000  1.294999e-10
9430.000000  1.294126e-10
9450.000000  1.290104e-10
9470.000000  1.291113e-10
9490.000000  1.289548e-10
9510.000000  1.288501e-10
9530.000000  1.286605e-10
9550.000000  1.277446e-10
9570.000000  1.281374e-10
9590.000000  1.281469e-10
9610.000000  1.272551e-10
9630.000000  1.277557e-10
9650.000000  1.252524e-10
9670.000000  1.256098e-10
9690.000000  1.265196e-10
9710.000000  1.258298e-10
9730.000000  1.254359e-10
9750.000000  1.256935e-10
9770.000000  1.259797e-10
9790.000000  1.240601e-10
9810.000000  1.260559e-10
9830.000000  1.257686e-10
9850.000000  1.257967e-10
9870.000000  1.255819e-10
9890.000000  1.254531e-10
9910.000000  1.252745e-10
9930.000000  1.251115e-10
9950.000000  1.249108e-10
9970.000000  1.247597e-10
9990.000000  1.246045e-10
10025.000000  1.241773e-10
10075.000000  1.236813e-10
10125.000000  1.232277e-10
10175.000000  1.226570e-10
10225.000000  1.223025e-10
10275.000000  1.219055e-10
10325.000000  1.211557e-10
10375.000000  1.206832e-10
10425.000000  1.204959e-10
10475.000000  1.198787e-10
10525.000000  1.195172e-10
10575.000000  1.189031e-10
10625.000000  1.184994e-10
10675.000000  1.178119e-10
10725.000000  1.173504e-10
10775.000000  1.169601e-10
10825.000000  1.161452e-10
10875.000000  1.158479e-10
10925.000000  1.150824e-10
10975.000000  1.141198e-10
11025.000000  1.134846e-10
11075.000000  1.129916e-10
11125.000000  1.122299e-10
11175.000000  1.117829e-10
11225.000000  1.115029e-10
11275.000000  1.107972e-10
11325.000000  1.101656e-10
11375.000000  1.095330e-10
11425.000000  1.086659e-10
11475.000000  1.089439e-10
11525.000000  1.083942e-10
11575.000000  1.078134e-10
11625.000000  1.066130e-10
11675.000000  1.066300e-10
11725.000000  1.065948e-10
11775.000000  1.056617e-10
11825.000000  1.052906e-10
11875.000000  1.040680e-10
11925.000000  1.046377e-10
11975.000000  1.032012e-10
12025.000000  1.037251e-10
12075.000000  1.033237e-10
12125.000000  1.030365e-10
12175.000000  1.026832e-10
12225.000000  1.022595e-10
12275.000000  1.018047e-10
12325.000000  1.014049e-10
12375.000000  1.010110e-10
12425.000000  1.006314e-10
12475.000000  1.002255e-10
12525.000000  9.985407e-11
12575.000000  9.938637e-11
12625.000000  9.897676e-11
12675.000000  9.858947e-11
12725.000000  9.822552e-11
12775.000000  9.783890e-11
12825.000000  9.710666e-11
12875.000000  9.695989e-11
12925.000000  9.647725e-11
12975.000000  9.627888e-11
13025.000000  9.591553e-11
13075.000000  9.536944e-11
13125.000000  9.477060e-11
13175.000000  9.439097e-11
13225.000000  9.407865e-11
13275.000000  9.308512e-11
13325.000000  9.044501e-11
13375.000000  8.726564e-11
13425.000000  8.599214e-11
13475.000000  8.714185e-11
13525.000000  8.557755e-11
13575.000000  8.584479e-11
13625.000000  8.528649e-11
13675.000000  8.619084e-11
13725.000000  8.603256e-11
13775.000000  8.616538e-11
13825.000000  8.555993e-11
13875.000000  8.437066e-11
13925.000000  8.124026e-11
13975.000000  8.137841e-11
14025.000000  8.195676e-11
14075.000000  8.165937e-11
14125.000000  8.009425e-11
14175.000000  8.002648e-11
14225.000000  7.998608e-11
14275.000000  7.941231e-11
14325.000000  7.962308e-11
14375.000000  7.929884e-11
14425.000000  7.954540e-11
14475.000000  7.917582e-11
14525.000000  7.883502e-11
14570.000000  7.873345e-11
14620.000000  7.728811e-11
14675.000000  7.695238e-11
14725.000000  7.793098e-11
14775.000000  7.730426e-11
14825.000000  7.727962e-11
14875.000000  7.739838e-11
14925.000000  7.773092e-11
14975.000000  7.823684e-11
15025.000000  7.688447e-11
15075.000000  7.780841e-11
15125.000000  7.777155e-11
15175.000000  7.790483e-11
15225.000000  7.859315e-11
15275.000000  7.740986e-11
15325.000000  7.832308e-11
15375.000000  7.773002e-11
15425.000000  7.668153e-11
15475.000000  7.850338e-11
15525.000000  7.775019e-11
15575.000000  7.761032e-11
15625.000000  7.854269e-11
15675.000000  7.842263e-11
15725.000000  7.817828e-11
15775.000000  7.838902e-11
15825.000000  7.904441e-11
15875.000000  7.838863e-11
15925.000000  7.884843e-11
15975.000000  7.947498e-11
16050.000000  7.872133e-11
16150.000000  7.931047e-11
16250.000000  7.836600e-11
16350.000000  7.834629e-11
16450.000000  7.755026e-11
16550.000000  7.687468e-11
16650.000000  7.574734e-11
16750.000000  7.448659e-11
16850.000000  7.330190e-11
16950.000000  7.186934e-11
17050.000000  7.029832e-11
17150.000000  6.772932e-11
17250.000000  6.652022e-11
17350.000000  6.445514e-11
17450.000000  6.289779e-11
17550.000000  6.036074e-11
17650.000000  5.875847e-11
17750.000000  5.657838e-11
17850.000000  5.478926e-11
17950.000000  5.355818e-11
18050.000000  5.177077e-11
18150.000000  5.077868e-11
18250.000000  5.006819e-11
18350.000000  4.910531e-11
18450.000000  4.724675e-11
18550.000000  4.530519e-11
18650.000000  4.501834e-11
18750.000000  4.413489e-11
18850.000000  4.504337e-11
18950.000000  4.414307e-11
19050.000000  4.419546e-11
19150.000000  4.354629e-11
19250.000000  4.290226e-11
19350.000000  4.206819e-11
19450.000000  4.148547e-11
19550.000000  4.111198e-11
19650.000000  4.023080e-11
19750.000000  3.940903e-11
19850.000000  3.836592e-11
19950.000000  3.748014e-11
20050.000000  3.706927e-11
20150.000000  3.627604e-11
20250.000000  3.580432e-11
20350.000000  3.548960e-11
20450.000000  3.497877e-11
20550.000000  3.492015e-11
20650.000000  3.409491e-11
20750.000000  3.403046e-11
20850.000000  3.346647e-11
20950.000000  3.344786e-11
21050.000000  3.313980e-11
21150.000000  3.291779e-11
21250.000000  3.259746e-11
21350.000000  3.243626e-11
21450.000000  3.217314e-11
21550.000000  3.195600e-11
21650.000000  3.181156e-11
21750.000000  3.140338e-11
21850.000000  3.120515e-11
21950.000000  3.094152e-11
22050.000000  3.060413e-11
22150.000000  3.039710e-11
22250.000000  3.000778e-11
22350.000000  2.974755e-11
22450.000000  2.944316e-11
22550.000000  2.904507e-11
22650.000000  2.868483e-11
22750.000000  2.832628e-11
22850.000000  2.800593e-11
22950.000000  2.630817e-11
23050.000000  2.644780e-11
23150.000000  2.609558e-11
23250.000000  2.461996e-11
23350.000000  2.478639e-11
23450.000000  2.460639e-11
23550.000000  2.313172e-11
23650.000000  2.343154e-11
23750.000000  2.339241e-11
23850.000000  2.182552e-11
23950.000000  2.195289e-11
24050.000000  2.101000e-11
24150.000000  2.016768e-11
24250.000000  1.981387e-11
24350.000000  1.908841e-11
24450.000000  1.835277e-11
24550.000000  1.779109e-11
24650.000000  1.722102e-11
24750.000000  1.665690e-11
24850.000000  1.608468e-11
24950.000000  1.582534e-11
