2505.000000  4.511478e-13
2513.000000  2.856150e-13
2518.000000  1.908676e-13
2525.000000  1.987562e-13
2535.000000  4.197097e-13
2545.000000  5.402073e-13
2555.000000  1.632373e-12
2565.000000  1.028650e-12
2575.000000  1.569572e-12
2585.000000  1.320340e-12
2595.000000  1.175866e-12
2605.000000  1.086428e-12
2615.000000  9.972678e-13
2625.000000  1.414966e-12
2635.000000  3.525641e-12
2645.000000  4.851953e-12
2655.000000  8.906021e-12
2665.000000  4.545580e-12
2675.000000  4.681574e-12
2685.000000  6.504905e-12
2695.000000  3.935210e-12
2705.000000  5.919674e-12
2715.000000  3.594027e-12
2725.000000  1.895038e-12
2735.000000  2.914742e-12
2745.000000  1.810572e-12
2755.000000  2.622894e-12
2765.000000  3.805650e-12
2775.000000  3.991519e-12
2785.000000  2.207724e-12
2795.000000  7.921877e-13
2805.000000  1.036865e-12
2815.000000  3.309231e-12
2825.000000  4.976467e-12
2835.000000  3.959710e-12
2845.000000  1.891817e-12
2855.000000  6.991651e-13
2865.000000  3.027344e-12
2875.000000  6.439997e-12
2885.000000  7.172613e-12
2895.000000  1.048897e-11
2910.000000  1.546645e-11
2930.000000  1.441295e-11
2950.000000  1.290861e-11
2970.000000  1.332280e-11
2990.000000  1.345288e-11
3010.000000  1.178360e-11
3030.000000  1.531416e-11
3050.000000  1.591650e-11
3070.000000  1.936169e-11
3090.000000  1.904843e-11
3110.000000  2.455639e-11
3130.000000  2.075542e-11
3150.000000  2.256960e-11
3170.000000  2.608373e-11
3190.000000  2.187502e-11
3210.000000  2.377141e-11
3230.000000  1.860577e-11
3250.000000  3.002777e-11
3270.000000  3.736445e-11
3290.000000  3.674907e-11
3310.000000  3.204009e-11
3330.000000  3.344754e-11
3350.000000  3.089188e-11
3370.000000  2.151651e-11
3390.000000  2.512785e-11
3410.000000  2.729137e-11
3430.000000  2.985261e-11
3450.000000  3.169324e-11
3470.000000  3.322022e-11
3490.000000  3.859396e-11
3510.000000  4.101665e-11
3530.000000  3.492172e-11
3550.000000  3.984628e-11
3570.000000  2.302397e-11
3590.000000  2.719218e-11
3610.000000  3.832017e-11
3630.000000  4.138245e-11
3640.000000  4.240334e-11
3650.000000  4.933538e-11
3670.000000  5.239539e-11
3690.000000  4.851126e-11
3710.000000  5.242771e-11
3730.000000  3.075155e-11
3750.000000  3.573413e-11
3770.000000  4.607431e-11
3790.000000  4.470000e-11
3810.000000  3.940547e-11
3830.000000  2.064109e-11
3850.000000  2.341353e-11
3870.000000  2.580233e-11
3890.000000  4.505044e-11
3910.000000  5.643331e-11
3930.000000  2.428169e-11
3950.000000  4.708484e-11
3970.000000  3.093218e-11
3990.000000  7.517611e-11
4010.000000  8.332756e-11
4030.000000  8.065891e-11
4050.000000  7.601999e-11
4070.000000  7.205729e-11
4090.000000  8.953500e-11
4110.000000  8.791081e-11
4130.000000  7.834833e-11
4150.000000  7.304956e-11
4170.000000  7.448452e-11
4190.000000  7.397011e-11
4210.000000  8.109081e-11
4230.000000  8.414426e-11
4250.000000  8.655165e-11
4270.000000  7.992926e-11
4290.000000  7.174922e-11
4310.000000  5.992538e-11
4330.000000  9.396189e-11
4350.000000  9.097393e-11
4370.000000  9.941890e-11
4390.000000  8.816708e-11
4410.000000  9.704431e-11
4430.000000  1.051141e-10
4450.000000  1.061778e-10
4470.000000  1.147011e-10
4490.000000  1.171892e-10
4510.000000  1.342787e-10
4530.000000  1.179892e-10
4550.000000  1.224555e-10
4570.000000  1.325956e-10
4590.000000  1.262517e-10
4610.000000  1.303045e-10
4630.000000  1.264579e-10
4650.000000  1.287699e-10
4670.000000  1.333044e-10
4690.000000  1.304958e-10
4710.000000  1.265667e-10
4730.000000  1.327976e-10
4750.000000  1.387102e-10
4770.000000  1.399701e-10
4790.000000  1.395762e-10
4810.000000  1.371519e-10
4830.000000  1.419776e-10
4850.000000  1.330812e-10
4870.000000  1.222574e-10
4890.000000  1.355240e-10
4910.000000  1.347912e-10
4930.000000  1.324292e-10
4950.000000  1.412377e-10
4970.000000  1.386454e-10
4990.000000  1.279754e-10
5010.000000  1.212533e-10
5030.000000  1.290428e-10
5050.000000  1.298770e-10
5070.000000  1.362107e-10
5090.000000  1.274292e-10
5110.000000  1.307983e-10
5130.000000  1.258397e-10
5150.000000  1.212161e-10
5170.000000  1.088091e-10
5190.000000  1.142956e-10
5210.000000  1.263129e-10
5230.000000  1.308932e-10
5250.000000  1.357582e-10
5270.000000  1.189720e-10
5290.000000  1.369050e-10
5310.000000  1.453479e-10
5330.000000  1.271254e-10
5350.000000  1.401011e-10
5370.000000  1.411321e-10
5390.000000  1.367432e-10
5410.000000  1.332717e-10
5430.000000  1.363433e-10
5450.000000  1.437791e-10
5470.000000  1.383968e-10
5490.000000  1.364778e-10
5510.000000  1.361902e-10
5530.000000  1.397747e-10
5550.000000  1.426748e-10
5570.000000  1.390323e-10
5590.000000  1.347190e-10
5610.000000  1.421352e-10
5630.000000  1.400792e-10
5650.000000  1.404870e-10
5670.000000  1.367371e-10
5690.000000  1.407842e-10
5710.000000  1.361664e-10
5730.000000  1.488459e-10
5750.000000  1.421921e-10
5770.000000  1.446769e-10
5790.000000  1.374237e-10
5810.000000  1.440215e-10
5830.000000  1.481264e-10
5850.000000  1.434926e-10
5870.000000  1.440594e-10
5890.000000  1.288084e-10
5910.000000  1.419215e-10
5930.000000  1.420296e-10
5950.000000  1.422781e-10
5970.000000  1.442341e-10
5990.000000  1.415789e-10
6010.000000  1.387563e-10
6030.000000  1.413519e-10
6050.000000  1.440683e-10
6070.000000  1.433138e-10
6090.000000  1.369188e-10
6110.000000  1.370244e-10
6130.000000  1.301430e-10
6150.000000  1.339227e-10
6170.000000  1.283767e-10
6190.000000  1.370782e-10
6210.000000  1.370796e-10
6230.000000  1.322288e-10
6250.000000  1.275865e-10
6270.000000  1.341642e-10
6290.000000  1.356639e-10
6310.000000  1.307636e-10
6330.000000  1.318990e-10
6350.000000  1.316767e-10
6370.000000  1.307934e-10
6390.000000  1.335388e-10
6410.000000  1.303350e-10
6430.000000  1.318411e-10
6450.000000  1.305755e-10
6470.000000  1.301193e-10
6490.000000  1.274628e-10
6510.000000  1.311139e-10
6530.000000  1.312641e-10
6550.000000  1.291661e-10
6570.000000  1.224024e-10
6590.000000  1.293512e-10
6610.000000  1.304945e-10
6630.000000  1.290883e-10
6650.000000  1.289742e-10
6670.000000  1.267070e-10
6690.000000  1.299203e-10
6710.000000  1.255112e-10
6730.000000  1.290724e-10
6750.000000  1.267833e-10
6770.000000  1.271428e-10
6790.000000  1.260480e-10
6810.000000  1.254036e-10
6830.000000  1.268680e-10
6850.000000  1.227677e-10
6870.000000  1.247170e-10
6890.000000  1.253678e-10
6910.000000  1.241436e-10
6930.000000  1.229230e-10
6950.000000  1.217756e-10
6970.000000  1.219689e-10
6990.000000  1.210303e-10
7010.000000  1.168069e-10
7030.000000  1.195237e-10
7050.000000  1.207774e-10
7070.000000  1.187920e-10
7090.000000  1.181580e-10
7110.000000  1.181695e-10
7130.000000  1.155368e-10
7150.000000  1.149136e-10
7170.000000  1.154553e-10
7190.000000  1.112408e-10
7210.000000  1.144955e-10
7230.000000  1.152902e-10
7250.000000  1.155360e-10
7270.000000  1.147978e-10
7290.000000  1.106957e-10
7310.000000  1.130879e-10
7330.000000  1.127097e-10
7350.000000  1.125741e-10
7370.000000  1.136982e-10
7390.000000  1.105073e-10
7410.000000  1.095277e-10
7430.000000  1.107649e-10
7450.000000  1.108474e-10
7470.000000  1.115654e-10
7490.000000  1.102513e-10
7510.000000  1.109871e-10
7530.000000  1.112691e-10
7550.000000  1.115982e-10
7570.000000  1.102163e-10
7590.000000  1.098263e-10
7610.000000  1.093393e-10
7630.000000  1.100660e-10
7650.000000  1.098222e-10
7670.000000  1.060841e-10
7690.000000  1.091621e-10
7710.000000  1.071801e-10
7730.000000  1.070233e-10
7750.000000  1.059453e-10
7770.000000  1.082915e-10
7790.000000  1.079548e-10
7810.000000  1.071448e-10
7830.000000  1.059728e-10
7850.000000  1.054982e-10
7870.000000  1.058680e-10
7890.000000  1.036405e-10
7910.000000  1.009273e-10
7930.000000  9.973779e-11
7950.000000  9.883113e-11
7970.000000  1.017869e-10
7990.000000  1.015576e-10
8010.000000  1.005554e-10
8030.000000  1.005229e-10
8050.000000  9.938281e-11
8070.000000  9.934434e-11
8090.000000  9.660383e-11
8110.000000  9.701501e-11
8130.000000  9.799183e-11
8150.000000  9.737984e-11
8170.000000  9.744309e-11
8190.000000  9.480330e-11
8210.000000  9.478550e-11
8230.000000  9.514021e-11
8250.000000  9.610735e-11
8270.000000  9.694168e-11
8290.000000  9.614906e-11
8310.000000  9.280129e-11
8330.000000  9.302011e-11
8350.000000  9.312402e-11
8370.000000  9.386862e-11
8390.000000  9.117327e-11
8410.000000  9.376880e-11
8430.000000  9.131111e-11
8450.000000  9.271280e-11
8470.000000  9.200530e-11
8490.000000  9.141975e-11
8510.000000  8.662725e-11
8530.000000  8.960244e-11
8550.000000  7.609323e-11
8570.000000  9.200124e-11
8590.000000  9.012383e-11
8610.000000  9.015866e-11
8630.000000  9.106284e-11
8650.000000  8.996894e-11
8670.000000  7.660667e-11
8690.000000  8.710289e-11
8710.000000  8.895174e-11
8730.000000  8.914482e-11
8750.000000  8.771308e-11
8770.000000  8.931450e-11
8790.000000  8.825246e-11
8810.000000  8.578198e-11
8830.000000  8.756748e-11
8850.000000  8.799144e-11
8870.000000  8.566089e-11
8890.000000  8.766864e-11
8910.000000  8.827235e-11
8930.000000  8.584818e-11
8950.000000  8.573776e-11
8970.000000  8.580118e-11
8990.000000  8.605952e-11
9010.000000  8.210842e-11
9030.000000  8.473283e-11
9050.000000  8.642897e-11
9070.000000  8.500142e-11
9090.000000  8.208635e-11
9110.000000  8.212310e-11
9130.000000  8.433477e-11
9150.000000  8.048392e-11
9170.000000  7.893585e-11
9190.000000  7.947673e-11
9210.000000  7.711804e-11
9230.000000  7.740905e-11
9250.000000  7.720625e-11
9270.000000  7.843376e-11
9290.000000  7.765413e-11
9310.000000  7.905520e-11
9330.000000  7.877409e-11
9350.000000  7.810752e-11
9370.000000  7.762787e-11
9390.000000  7.671201e-11
9410.000000  7.420522e-11
9430.000000  7.562207e-11
9450.000000  7.408321e-11
9470.000000  7.595279e-11
9490.000000  7.583994e-11
9510.000000  7.619493e-11
9530.000000  7.537657e-11
9550.000000  7.440569e-11
9570.000000  7.483514e-11
9590.000000  7.568576e-11
9610.000000  7.481968e-11
9630.000000  7.412995e-11
9650.000000  7.325337e-11
9670.000000  7.289137e-11
9690.000000  7.406671e-11
9710.000000  7.347527e-11
9730.000000  7.340325e-11
9750.000000  7.263200e-11
9770.000000  7.281428e-11
9790.000000  7.168661e-11
9810.000000  7.318124e-11
9830.000000  7.267736e-11
9850.000000  7.299196e-11
9870.000000  7.247161e-11
9890.000000  7.259141e-11
9910.000000  7.178931e-11
9930.000000  7.255375e-11
9950.000000  7.208954e-11
9970.000000  7.217345e-11
9990.000000  7.188807e-11
10025.000000  7.127260e-11
10075.000000  7.032574e-11
10125.000000  7.024711e-11
10175.000000  6.896730e-11
10225.000000  6.891000e-11
10275.000000  6.889585e-11
10325.000000  6.752016e-11
10375.000000  6.701022e-11
10425.000000  6.702822e-11
10475.000000  6.605237e-11
10525.000000  6.592934e-11
10575.000000  6.513224e-11
10625.000000  6.458562e-11
10675.000000  6.317307e-11
10725.000000  6.312821e-11
10775.000000  6.236552e-11
10825.000000  6.108544e-11
10875.000000  6.053525e-11
10925.000000  5.968792e-11
10975.000000  5.650334e-11
11025.000000  5.634219e-11
11075.000000  5.677631e-11
11125.000000  5.640363e-11
11175.000000  5.659845e-11
11225.000000  5.636622e-11
11275.000000  5.524819e-11
11325.000000  5.566802e-11
11375.000000  5.457456e-11
11425.000000  5.442005e-11
11475.000000  5.500160e-11
11525.000000  5.471615e-11
11575.000000  5.389565e-11
11625.000000  5.312684e-11
11675.000000  5.308214e-11
11725.000000  5.359987e-11
11775.000000  5.243581e-11
11825.000000  5.189678e-11
11875.000000  5.135819e-11
11925.000000  5.218309e-11
11975.000000  4.996521e-11
12025.000000  5.070021e-11
12075.000000  5.000181e-11
12125.000000  5.004680e-11
12175.000000  5.021221e-11
12225.000000  4.984758e-11
12275.000000  4.936382e-11
12325.000000  4.896685e-11
12375.000000  4.866645e-11
12425.000000  4.812500e-11
12475.000000  4.814222e-11
12525.000000  4.752907e-11
12575.000000  4.731937e-11
12625.000000  4.705075e-11
12675.000000  4.638524e-11
12725.000000  4.640867e-11
12775.000000  4.629976e-11
12825.000000  4.420875e-11
12875.000000  4.520157e-11
12925.000000  4.464359e-11
12975.000000  4.490870e-11
13025.000000  4.419397e-11
13075.000000  4.433889e-11
13125.000000  4.343272e-11
13175.000000  4.317193e-11
13225.000000  4.329168e-11
13275.000000  4.242186e-11
13325.000000  4.260437e-11
13375.000000  4.220390e-11
13425.000000  4.230191e-11
13475.000000  4.192329e-11
13525.000000  4.173866e-11
13575.000000  4.087415e-11
13625.000000  4.073378e-11
13675.000000  4.058257e-11
13725.000000  4.049927e-11
13775.000000  4.017994e-11
13825.000000  4.006354e-11
13875.000000  3.972297e-11
13925.000000  3.958267e-11
13975.000000  3.926764e-11
14025.000000  3.864068e-11
14075.000000  3.826672e-11
14125.000000  3.716926e-11
14175.000000  3.731807e-11
14225.000000  3.659122e-11
14275.000000  3.592618e-11
14325.000000  3.655124e-11
14375.000000  3.671377e-11
14425.000000  3.533352e-11
14475.000000  3.626106e-11
14525.000000  3.531520e-11
14570.000000  3.535243e-11
14620.000000  3.502785e-11
14675.000000  3.476653e-11
14725.000000  3.411438e-11
14775.000000  3.419996e-11
14825.000000  3.406891e-11
14875.000000  3.352287e-11
14925.000000  3.431638e-11
14975.000000  3.379623e-11
15025.000000  3.289069e-11
15075.000000  3.274045e-11
15125.000000  3.307429e-11
15175.000000  3.319602e-11
15225.000000  3.264510e-11
15275.000000  3.284020e-11
15325.000000  3.255272e-11
15375.000000  3.252363e-11
15425.000000  3.235062e-11
15475.000000  3.216041e-11
15525.000000  3.157204e-11
15575.000000  3.127214e-11
15625.000000  3.181390e-11
15675.000000  3.077297e-11
15725.000000  3.103390e-11
15775.000000  2.977469e-11
15825.000000  3.027854e-11
15875.000000  2.893861e-11
15925.000000  2.965603e-11
15975.000000  2.999187e-11
16050.000000  2.959678e-11
16150.000000  2.890421e-11
16250.000000  2.901876e-11
16350.000000  2.844360e-11
16450.000000  2.754183e-11
16550.000000  2.770417e-11
16650.000000  2.715281e-11
16750.000000  2.642220e-11
16850.000000  2.548926e-11
16950.000000  2.590917e-11
17050.000000  2.494664e-11
17150.000000  2.466165e-11
17250.000000  2.391383e-11
17350.000000  2.290666e-11
17450.000000  2.305082e-11
17550.000000  2.272456e-11
17650.000000  2.233074e-11
17750.000000  2.177176e-11
17850.000000  2.153050e-11
17950.000000  2.112948e-11
18050.000000  2.059167e-11
18150.000000  1.988707e-11
18250.000000  1.972743e-11
18350.000000  1.941886e-11
18450.000000  1.888448e-11
18550.000000  1.870974e-11
18650.000000  1.812574e-11
18750.000000  1.739773e-11
18850.000000  1.760658e-11
18950.000000  1.682489e-11
19050.000000  1.708419e-11
19150.000000  1.667952e-11
19250.000000  1.643294e-11
19350.000000  1.593031e-11
19450.000000  1.533263e-11
19550.000000  1.553093e-11
19650.000000  1.517252e-11
19750.000000  1.480288e-11
19850.000000  1.463936e-11
19950.000000  1.437733e-11
20050.000000  1.425665e-11
20150.000000  1.409018e-11
20250.000000  1.364574e-11
20350.000000  1.334533e-11
20450.000000  1.333809e-11
20550.000000  1.300957e-11
20650.000000  1.273241e-11
20750.000000  1.255832e-11
20850.000000  1.232476e-11
20950.000000  1.203710e-11
21050.000000  1.198433e-11
21150.000000  1.174552e-11
21250.000000  1.152677e-11
21350.000000  1.139615e-11
21450.000000  1.120252e-11
21550.000000  1.101968e-11
21650.000000  1.056894e-11
21750.000000  1.053906e-11
21850.000000  1.042076e-11
21950.000000  1.032069e-11
22050.000000  1.003222e-11
22150.000000  9.998638e-12
22250.000000  9.772367e-12
22350.000000  9.614425e-12
22450.000000  9.471125e-12
22550.000000  9.311363e-12
22650.000000  9.126854e-12
22750.000000  9.067693e-12
22850.000000  8.832868e-12
22950.000000  8.167906e-12
23050.000000  8.371250e-12
23150.000000  8.277992e-12
23250.000000  7.608642e-12
23350.000000  7.830110e-12
23450.000000  7.853873e-12
23550.000000  7.154874e-12
23650.000000  7.453854e-12
23750.000000  7.372875e-12
23850.000000  6.796724e-12
23950.000000  7.038281e-12
24050.000000  7.037517e-12
24150.000000  6.551398e-12
24250.000000  6.679769e-12
24350.000000  6.685195e-12
24450.000000  6.375441e-12
24550.000000  6.270743e-12
24650.000000  6.425329e-12
24750.000000  6.199400e-12
24850.000000  5.982314e-12
24950.000000  6.087291e-12
