2505.000000  2.108286e-10
2513.000000  1.943493e-10
2518.000000  2.040463e-10
2525.000000  1.923963e-10
2535.000000  1.938589e-10
2545.000000  1.852903e-10
2555.000000  1.936743e-10
2565.000000  1.905315e-10
2575.000000  1.998777e-10
2585.000000  1.976541e-10
2595.000000  1.983491e-10
2605.000000  1.911063e-10
2615.000000  1.895372e-10
2625.000000  1.903095e-10
2635.000000  1.911295e-10
2645.000000  1.961508e-10
2655.000000  1.940679e-10
2665.000000  1.831301e-10
2675.000000  1.889665e-10
2685.000000  1.855669e-10
2695.000000  1.809295e-10
2705.000000  1.824360e-10
2715.000000  1.770577e-10
2725.000000  1.756960e-10
2735.000000  1.811483e-10
2745.000000  1.666898e-10
2755.000000  1.657187e-10
2765.000000  1.680543e-10
2775.000000  1.723303e-10
2785.000000  1.720596e-10
2795.000000  1.595926e-10
2805.000000  1.662559e-10
2815.000000  1.694436e-10
2825.000000  1.669759e-10
2835.000000  1.577630e-10
2845.000000  1.556327e-10
2855.000000  1.569530e-10
2865.000000  1.604637e-10
2875.000000  1.570935e-10
2885.000000  1.571581e-10
2895.000000  1.553643e-10
2910.000000  1.575832e-10
2930.000000  1.530619e-10
2950.000000  1.498946e-10
2970.000000  1.484648e-10
2990.000000  1.457251e-10
3010.000000  1.452115e-10
3030.000000  1.438055e-10
3050.000000  1.404441e-10
3070.000000  1.378243e-10
3090.000000  1.361907e-10
3110.000000  1.329052e-10
3130.000000  1.311045e-10
3150.000000  1.293029e-10
3170.000000  1.265499e-10
3190.000000  1.222410e-10
3210.000000  1.221570e-10
3230.000000  1.203518e-10
3250.000000  1.185885e-10
3270.000000  1.169943e-10
3290.000000  1.151962e-10
3310.000000  1.138093e-10
3330.000000  1.115959e-10
3350.000000  1.093281e-10
3370.000000  1.077185e-10
3390.000000  1.059831e-10
3410.000000  1.046745e-10
3430.000000  1.027181e-10
3450.000000  1.009647e-10
3470.000000  9.931192e-11
3490.000000  9.789474e-11
3510.000000  9.668940e-11
3530.000000  9.542978e-11
3550.000000  9.400905e-11
3570.000000  9.273064e-11
3590.000000  9.063053e-11
3610.000000  8.946220e-11
3630.000000  8.820551e-11
3640.000000  8.797618e-11
3650.000000  8.722936e-11
3670.000000  8.622506e-11
3690.000000  8.422195e-11
3710.000000  8.176752e-11
3730.000000  7.882491e-11
3750.000000  8.697296e-11
3770.000000  8.857534e-11
3790.000000  9.777174e-11
3810.000000  1.050372e-10
3830.000000  8.839977e-11
3850.000000  1.092727e-10
3870.000000  1.137038e-10
3890.000000  8.201046e-11
3910.000000  1.133514e-10
3930.000000  1.112485e-10
3950.000000  1.097926e-10
3970.000000  7.666192e-11
3990.000000  1.044868e-10
4010.000000  1.066497e-10
4030.000000  9.980825e-11
4050.000000  1.046455e-10
4070.000000  1.006350e-10
4090.000000  8.944935e-11
4110.000000  7.485696e-11
4130.000000  9.404492e-11
4150.000000  9.463702e-11
4170.000000  9.414548e-11
4190.000000  9.343567e-11
4210.000000  9.241316e-11
4230.000000  9.066672e-11
4250.000000  8.885957e-11
4270.000000  8.587266e-11
4290.000000  8.602260e-11
4310.000000  8.357761e-11
4330.000000  7.165683e-11
4350.000000  6.385524e-11
4370.000000  7.903675e-11
4390.000000  7.705858e-11
4410.000000  7.832838e-11
4430.000000  7.658443e-11
4450.000000  7.648772e-11
4470.000000  7.181519e-11
4490.000000  7.306973e-11
4510.000000  7.321258e-11
4530.000000  7.164269e-11
4550.000000  7.065947e-11
4570.000000  7.001131e-11
4590.000000  6.877081e-11
4610.000000  6.774165e-11
4630.000000  6.621484e-11
4650.000000  6.552957e-11
4670.000000  6.476271e-11
4690.000000  6.400758e-11
4710.000000  6.143977e-11
4730.000000  6.157958e-11
4750.000000  6.063113e-11
4770.000000  6.061496e-11
4790.000000  5.943135e-11
4810.000000  5.801530e-11
4830.000000  5.666252e-11
4850.000000  5.005938e-11
4870.000000  4.336725e-11
4890.000000  5.415569e-11
4910.000000  5.409783e-11
4930.000000  5.218549e-11
4950.000000  5.300743e-11
4970.000000  5.251167e-11
4990.000000  5.160168e-11
5010.000000  4.932468e-11
5030.000000  4.974040e-11
5050.000000  4.822228e-11
5070.000000  4.866722e-11
5090.000000  4.792790e-11
5110.000000  4.702662e-11
5130.000000  4.632176e-11
5150.000000  4.549593e-11
5170.000000  4.530278e-11
5190.000000  4.476099e-11
5210.000000  4.346050e-11
5230.000000  4.351713e-11
5250.000000  4.308932e-11
5270.000000  4.231357e-11
5290.000000  4.216756e-11
5310.000000  4.140779e-11
5330.000000  4.088734e-11
5350.000000  4.024239e-11
5370.000000  3.999028e-11
5390.000000  3.945619e-11
5410.000000  3.883317e-11
5430.000000  3.824979e-11
5450.000000  3.785893e-11
5470.000000  3.727062e-11
5490.000000  3.702205e-11
5510.000000  3.650532e-11
5530.000000  3.608657e-11
5550.000000  3.568208e-11
5570.000000  3.520773e-11
5590.000000  3.481550e-11
5610.000000  3.437578e-11
5630.000000  3.407618e-11
5650.000000  3.314659e-11
5670.000000  3.283239e-11
5690.000000  3.263347e-11
5710.000000  3.237264e-11
5730.000000  3.199370e-11
5750.000000  3.160146e-11
5770.000000  3.124800e-11
5790.000000  3.083478e-11
5810.000000  3.045445e-11
5830.000000  3.009546e-11
5850.000000  2.975209e-11
5870.000000  2.858227e-11
5890.000000  2.879745e-11
5910.000000  2.867019e-11
5930.000000  2.839055e-11
5950.000000  2.783047e-11
5970.000000  2.769690e-11
5990.000000  2.730467e-11
6010.000000  2.711135e-11
6030.000000  2.676877e-11
6050.000000  2.647055e-11
6070.000000  2.616085e-11
6090.000000  2.582103e-11
6110.000000  2.559206e-11
6130.000000  2.530335e-11
6150.000000  2.476563e-11
6170.000000  2.468490e-11
6190.000000  2.444643e-11
6210.000000  2.415910e-11
6230.000000  2.384759e-11
6250.000000  2.345536e-11
6270.000000  2.333267e-11
6290.000000  2.305440e-11
6310.000000  2.276315e-11
6330.000000  2.255744e-11
6350.000000  2.206024e-11
6370.000000  2.192573e-11
6390.000000  2.179291e-11
6410.000000  2.153546e-11
6430.000000  2.137964e-11
6450.000000  2.108001e-11
6470.000000  2.086532e-11
6490.000000  2.060565e-11
6510.000000  2.029979e-11
6530.000000  1.994828e-11
6550.000000  1.853560e-11
6570.000000  1.594393e-11
6590.000000  1.901682e-11
6610.000000  1.925547e-11
6630.000000  1.913438e-11
6650.000000  1.896704e-11
6670.000000  1.859455e-11
6690.000000  1.842087e-11
6710.000000  1.836912e-11
6730.000000  1.818307e-11
6750.000000  1.800194e-11
6770.000000  1.782565e-11
6790.000000  1.755280e-11
6810.000000  1.743016e-11
6830.000000  1.721969e-11
6850.000000  1.708336e-11
6870.000000  1.691521e-11
6890.000000  1.673874e-11
6910.000000  1.656698e-11
6930.000000  1.634431e-11
6950.000000  1.623750e-11
6970.000000  1.608042e-11
6990.000000  1.591039e-11
7010.000000  1.573649e-11
7030.000000  1.558292e-11
7050.000000  1.537955e-11
7070.000000  1.507544e-11
7090.000000  1.513737e-11
7110.000000  1.493557e-11
7130.000000  1.479825e-11
7150.000000  1.466836e-11
7170.000000  1.453282e-11
7190.000000  1.440179e-11
7210.000000  1.426122e-11
7230.000000  1.396524e-11
7250.000000  1.395491e-11
7270.000000  1.384773e-11
7290.000000  1.364101e-11
7310.000000  1.357882e-11
7330.000000  1.344678e-11
7350.000000  1.332687e-11
7370.000000  1.319675e-11
7390.000000  1.306859e-11
7410.000000  1.294312e-11
7430.000000  1.278080e-11
7450.000000  1.267973e-11
7470.000000  1.252640e-11
7490.000000  1.242743e-11
7510.000000  1.231868e-11
7530.000000  1.220954e-11
7550.000000  1.209871e-11
7570.000000  1.199122e-11
7590.000000  1.186606e-11
7610.000000  1.177234e-11
7630.000000  1.165836e-11
7650.000000  1.154667e-11
7670.000000  1.144127e-11
7690.000000  1.133244e-11
7710.000000  1.123123e-11
7730.000000  1.112177e-11
7750.000000  1.102253e-11
7770.000000  1.078468e-11
7790.000000  1.082280e-11
7810.000000  1.072625e-11
7830.000000  1.062979e-11
7850.000000  1.047414e-11
7870.000000  1.039437e-11
7890.000000  1.026918e-11
7910.000000  1.023751e-11
7930.000000  1.015906e-11
7950.000000  1.000782e-11
7970.000000  9.970915e-12
7990.000000  9.803686e-12
8010.000000  9.799016e-12
8030.000000  9.706021e-12
8050.000000  9.614986e-12
8070.000000  9.538499e-12
8090.000000  9.445402e-12
8110.000000  9.360661e-12
8130.000000  9.278890e-12
8150.000000  9.201488e-12
8170.000000  9.127971e-12
8190.000000  9.030780e-12
8210.000000  8.917894e-12
8230.000000  8.815833e-12
8250.000000  8.808398e-12
8270.000000  8.722348e-12
8290.000000  8.644608e-12
8310.000000  8.581064e-12
8330.000000  8.511561e-12
8350.000000  8.422186e-12
8370.000000  8.356517e-12
8390.000000  8.307814e-12
8410.000000  8.227435e-12
8430.000000  8.142411e-12
8450.000000  7.989611e-12
8470.000000  7.973967e-12
8490.000000  7.923659e-12
8510.000000  7.776276e-12
8530.000000  7.833365e-12
8550.000000  7.512563e-12
8570.000000  7.793361e-12
8590.000000  7.425187e-12
8610.000000  7.344754e-12
8630.000000  7.694952e-12
8650.000000  7.428612e-12
8670.000000  6.766590e-12
8690.000000  7.484325e-12
8710.000000  7.612656e-12
8730.000000  7.340888e-12
8750.000000  6.374761e-12
8770.000000  7.051467e-12
8790.000000  7.422656e-12
8810.000000  7.438828e-12
8830.000000  7.263986e-12
8850.000000  6.687859e-12
8870.000000  6.033298e-12
8890.000000  6.970269e-12
8910.000000  7.130398e-12
8930.000000  7.096891e-12
8950.000000  7.086685e-12
8970.000000  6.987268e-12
8990.000000  6.719092e-12
9010.000000  5.760941e-12
9030.000000  6.098047e-12
9050.000000  6.655476e-12
9070.000000  6.648114e-12
9090.000000  6.641238e-12
9110.000000  6.639945e-12
9130.000000  6.596207e-12
9150.000000  6.551430e-12
9170.000000  6.458545e-12
9190.000000  6.335806e-12
9210.000000  5.982300e-12
9230.000000  5.076846e-12
9250.000000  5.817796e-12
9270.000000  6.041505e-12
9290.000000  6.152425e-12
9310.000000  6.126701e-12
9330.000000  6.090957e-12
9350.000000  6.061983e-12
9370.000000  6.019957e-12
9390.000000  5.966876e-12
9410.000000  5.856888e-12
9430.000000  5.874310e-12
9450.000000  5.829112e-12
9470.000000  5.748014e-12
9490.000000  5.699937e-12
9510.000000  5.561071e-12
9530.000000  5.214145e-12
9550.000000  4.509424e-12
9570.000000  5.239374e-12
9590.000000  5.437885e-12
9610.000000  5.438854e-12
9630.000000  5.356197e-12
9650.000000  5.396827e-12
9670.000000  5.347238e-12
9690.000000  5.315535e-12
9710.000000  5.274430e-12
9730.000000  5.241872e-12
9750.000000  5.196035e-12
9770.000000  5.165204e-12
9790.000000  5.123744e-12
9810.000000  5.084021e-12
9830.000000  5.038503e-12
9850.000000  5.005574e-12
9870.000000  4.966350e-12
9890.000000  4.919425e-12
9910.000000  4.872527e-12
9930.000000  4.854300e-12
9950.000000  4.813081e-12
9970.000000  4.765647e-12
9990.000000  4.718141e-12
10025.000000  4.391664e-12
10075.000000  4.199710e-12
10125.000000  4.459389e-12
10175.000000  4.426212e-12
10225.000000  4.355692e-12
10275.000000  4.279024e-12
10325.000000  4.190225e-12
10375.000000  4.127467e-12
10425.000000  4.054995e-12
10475.000000  3.980425e-12
10525.000000  3.907953e-12
10575.000000  3.842363e-12
10625.000000  3.777375e-12
10675.000000  3.690987e-12
10725.000000  3.644381e-12
10775.000000  3.582399e-12
10825.000000  3.485389e-12
10875.000000  3.434661e-12
10925.000000  3.039189e-12
10975.000000  3.211797e-12
11025.000000  3.263741e-12
11075.000000  3.231988e-12
11125.000000  3.181084e-12
11175.000000  3.127175e-12
11225.000000  3.076132e-12
11275.000000  3.006449e-12
11325.000000  2.962848e-12
11375.000000  2.926811e-12
11425.000000  2.878289e-12
11475.000000  2.833540e-12
11525.000000  2.787842e-12
11575.000000  2.742325e-12
11625.000000  2.691523e-12
11675.000000  2.649882e-12
11725.000000  2.611609e-12
11775.000000  2.559617e-12
11825.000000  2.530564e-12
11875.000000  2.488924e-12
11925.000000  2.453896e-12
11975.000000  2.400763e-12
12025.000000  2.377228e-12
12075.000000  2.340103e-12
12125.000000  2.304437e-12
12175.000000  2.269409e-12
12225.000000  2.234090e-12
12275.000000  2.199686e-12
12325.000000  2.166502e-12
12375.000000  2.134468e-12
12425.000000  2.103331e-12
12475.000000  2.066696e-12
12525.000000  2.037961e-12
12575.000000  2.006424e-12
12625.000000  1.978452e-12
12675.000000  1.949670e-12
12725.000000  1.916130e-12
12775.000000  1.849716e-12
12825.000000  1.668535e-12
12875.000000  1.813314e-12
12925.000000  1.807970e-12
12975.000000  1.779788e-12
13025.000000  1.760883e-12
13075.000000  1.735557e-12
13125.000000  1.710955e-12
13175.000000  1.684146e-12
13225.000000  1.662628e-12
13275.000000  1.639253e-12
13325.000000  1.616025e-12
13375.000000  1.593412e-12
13425.000000  1.570275e-12
13475.000000  1.548875e-12
13525.000000  1.526874e-12
13575.000000  1.506135e-12
13625.000000  1.485260e-12
13675.000000  1.464052e-12
13725.000000  1.444148e-12
13775.000000  1.425599e-12
13825.000000  1.406279e-12
13875.000000  1.387215e-12
13925.000000  1.367903e-12
13975.000000  1.349733e-12
14025.000000  1.331896e-12
14075.000000  1.313912e-12
14125.000000  1.296270e-12
14175.000000  1.279468e-12
14225.000000  1.262547e-12
14275.000000  1.245954e-12
14325.000000  1.229540e-12
14375.000000  1.213234e-12
14425.000000  1.195141e-12
14475.000000  1.181080e-12
14525.000000  1.165582e-12
14570.000000  1.153154e-12
14620.000000  1.137980e-12
14675.000000  1.122436e-12
14725.000000  1.108088e-12
14775.000000  1.093352e-12
14825.000000  1.080403e-12
14875.000000  1.066698e-12
14925.000000  1.053717e-12
14975.000000  1.040221e-12
15025.000000  1.027551e-12
15075.000000  1.013466e-12
15125.000000  1.001914e-12
15175.000000  9.894300e-13
15225.000000  9.770845e-13
15275.000000  9.645959e-13
15325.000000  9.521073e-13
15375.000000  9.412630e-13
15425.000000  9.270982e-13
15475.000000  9.181400e-13
15525.000000  9.064282e-13
15575.000000  8.897050e-13
15625.000000  8.886351e-13
15675.000000  8.698569e-13
15725.000000  8.541384e-13
15775.000000  8.589814e-13
15825.000000  8.473647e-13
15875.000000  8.103067e-13
15925.000000  8.214076e-13
15975.000000  8.221791e-13
16050.000000  8.005299e-13
16150.000000  7.666126e-13
16250.000000  7.742575e-13
16350.000000  7.443057e-13
16450.000000  7.101867e-13
16550.000000  7.239764e-13
16650.000000  7.081870e-13
16750.000000  6.771522e-13
16850.000000  6.448873e-13
16950.000000  6.602749e-13
17050.000000  6.453294e-13
17150.000000  6.328787e-13
17250.000000  6.166364e-13
17350.000000  5.679757e-13
17450.000000  5.856296e-13
17550.000000  5.790835e-13
17650.000000  5.670145e-13
17750.000000  5.545542e-13
17850.000000  5.428141e-13
17950.000000  5.317136e-13
18050.000000  5.179286e-13
18150.000000  4.797440e-13
18250.000000  4.898519e-13
18350.000000  4.878894e-13
18450.000000  4.784149e-13
18550.000000  4.678109e-13
18650.000000  4.550515e-13
18750.000000  4.229563e-13
18850.000000  4.382589e-13
18950.000000  4.313600e-13
19050.000000  4.223154e-13
19150.000000  4.146167e-13
19250.000000  4.061978e-13
19350.000000  3.957799e-13
19450.000000  3.652554e-13
19550.000000  3.801805e-13
19650.000000  3.754668e-13
19750.000000  3.682784e-13
19850.000000  3.612229e-13
19950.000000  3.542486e-13
20050.000000  3.475039e-13
20150.000000  3.409311e-13
20250.000000  3.344912e-13
20350.000000  3.282610e-13
20450.000000  3.220309e-13
20550.000000  3.156229e-13
20650.000000  3.102001e-13
20750.000000  3.043895e-13
20850.000000  2.988476e-13
20950.000000  2.933660e-13
21050.000000  2.880519e-13
21150.000000  2.822552e-13
21250.000000  2.776397e-13
21350.000000  2.725914e-13
21450.000000  2.676063e-13
21550.000000  2.615054e-13
21650.000000  2.419797e-13
21750.000000  2.513175e-13
21850.000000  2.491119e-13
21950.000000  2.449195e-13
22050.000000  2.407692e-13
22150.000000  2.366052e-13
22250.000000  2.324730e-13
22350.000000  2.285188e-13
22450.000000  2.245645e-13
22550.000000  2.208105e-13
22650.000000  2.170692e-13
22750.000000  2.133389e-13
22850.000000  2.098025e-13
22950.000000  2.062724e-13
23050.000000  2.028402e-13
23150.000000  1.994944e-13
23250.000000  1.962014e-13
23350.000000  1.929778e-13
23450.000000  1.898298e-13
23550.000000  1.867225e-13
23650.000000  1.836863e-13
23750.000000  1.807240e-13
23850.000000  1.778351e-13
23950.000000  1.749448e-13
24050.000000  1.720961e-13
24150.000000  1.693418e-13
24250.000000  1.667207e-13
24350.000000  1.640402e-13
24450.000000  1.614180e-13
24550.000000  1.589484e-13
24650.000000  1.563559e-13
24750.000000  1.538474e-13
24850.000000  1.517009e-13
24950.000000  1.488108e-13
