2505.000000  2.752568e-10
2513.000000  2.436344e-10
2518.000000  2.540493e-10
2525.000000  2.347889e-10
2535.000000  2.402786e-10
2545.000000  2.306524e-10
2555.000000  2.465870e-10
2565.000000  2.407637e-10
2575.000000  2.617518e-10
2585.000000  2.554464e-10
2595.000000  2.538343e-10
2605.000000  2.401628e-10
2615.000000  2.389500e-10
2625.000000  2.488425e-10
2635.000000  2.501569e-10
2645.000000  2.709119e-10
2655.000000  2.653415e-10
2665.000000  2.402288e-10
2675.000000  2.550261e-10
2685.000000  2.474295e-10
2695.000000  2.410699e-10
2705.000000  2.496315e-10
2715.000000  2.364404e-10
2725.000000  2.386482e-10
2735.000000  2.549937e-10
2745.000000  2.171707e-10
2755.000000  2.157701e-10
2765.000000  2.223481e-10
2775.000000  2.372715e-10
2785.000000  2.369531e-10
2795.000000  1.994545e-10
2805.000000  2.198661e-10
2815.000000  2.398171e-10
2825.000000  2.415395e-10
2835.000000  2.259205e-10
2845.000000  2.183169e-10
2855.000000  2.170782e-10
2865.000000  2.287555e-10
2875.000000  2.205401e-10
2885.000000  2.235709e-10
2895.000000  2.159110e-10
2910.000000  2.344838e-10
2930.000000  2.247189e-10
2950.000000  2.231620e-10
2970.000000  2.230955e-10
2990.000000  2.217839e-10
3010.000000  2.259716e-10
3030.000000  2.214301e-10
3050.000000  2.167424e-10
3070.000000  2.129780e-10
3090.000000  2.140806e-10
3110.000000  2.067527e-10
3130.000000  2.044991e-10
3150.000000  2.049045e-10
3170.000000  2.008738e-10
3190.000000  1.930276e-10
3210.000000  1.953201e-10
3230.000000  1.918750e-10
3250.000000  1.903279e-10
3270.000000  1.891140e-10
3290.000000  1.876298e-10
3310.000000  1.867022e-10
3330.000000  1.823152e-10
3350.000000  1.788978e-10
3370.000000  1.769712e-10
3390.000000  1.739651e-10
3410.000000  1.745560e-10
3430.000000  1.722008e-10
3450.000000  1.700925e-10
3470.000000  1.670089e-10
3490.000000  1.651459e-10
3510.000000  1.647044e-10
3530.000000  1.635932e-10
3550.000000  1.619510e-10
3570.000000  1.591971e-10
3590.000000  1.569401e-10
3610.000000  1.553868e-10
3630.000000  1.531987e-10
3640.000000  1.528311e-10
3650.000000  1.533749e-10
3670.000000  1.516990e-10
3690.000000  1.469831e-10
3710.000000  1.455268e-10
3730.000000  1.436619e-10
3750.000000  1.708297e-10
3770.000000  1.769748e-10
3790.000000  2.057025e-10
3810.000000  2.292332e-10
3830.000000  1.877530e-10
3850.000000  2.396647e-10
3870.000000  2.592476e-10
3890.000000  1.689910e-10
3910.000000  2.551238e-10
3930.000000  2.577969e-10
3950.000000  2.504277e-10
3970.000000  1.589824e-10
3990.000000  2.389078e-10
4010.000000  2.484185e-10
4030.000000  2.396826e-10
4050.000000  2.440143e-10
4070.000000  2.353405e-10
4090.000000  2.007838e-10
4110.000000  1.606965e-10
4130.000000  2.192457e-10
4150.000000  2.243615e-10
4170.000000  2.216780e-10
4190.000000  2.191348e-10
4210.000000  2.167289e-10
4230.000000  2.130603e-10
4250.000000  2.090267e-10
4270.000000  2.040425e-10
4290.000000  2.033183e-10
4310.000000  1.963319e-10
4330.000000  1.612238e-10
4350.000000  1.400257e-10
4370.000000  1.870899e-10
4390.000000  1.845355e-10
4410.000000  1.862931e-10
4430.000000  1.819096e-10
4450.000000  1.818674e-10
4470.000000  1.756613e-10
4490.000000  1.733126e-10
4510.000000  1.735135e-10
4530.000000  1.704334e-10
4550.000000  1.669352e-10
4570.000000  1.672117e-10
4590.000000  1.631003e-10
4610.000000  1.630444e-10
4630.000000  1.578991e-10
4650.000000  1.583143e-10
4670.000000  1.554058e-10
4690.000000  1.533100e-10
4710.000000  1.485772e-10
4730.000000  1.491424e-10
4750.000000  1.467184e-10
4770.000000  1.459310e-10
4790.000000  1.434829e-10
4810.000000  1.404066e-10
4830.000000  1.362015e-10
4850.000000  1.153587e-10
4870.000000  9.687348e-11
4890.000000  1.297907e-10
4910.000000  1.310126e-10
4930.000000  1.283512e-10
4950.000000  1.285228e-10
4970.000000  1.273207e-10
4990.000000  1.252211e-10
5010.000000  1.208943e-10
5030.000000  1.206152e-10
5050.000000  1.174928e-10
5070.000000  1.180878e-10
5090.000000  1.164777e-10
5110.000000  1.143770e-10
5130.000000  1.137629e-10
5150.000000  1.109740e-10
5170.000000  1.097779e-10
5190.000000  1.087969e-10
5210.000000  1.065061e-10
5230.000000  1.054771e-10
5250.000000  1.051460e-10
5270.000000  1.026860e-10
5290.000000  1.032311e-10
5310.000000  1.007497e-10
5330.000000  1.002165e-10
5350.000000  9.927311e-11
5370.000000  9.811689e-11
5390.000000  9.687368e-11
5410.000000  9.526440e-11
5430.000000  9.436393e-11
5450.000000  9.352823e-11
5470.000000  9.208187e-11
5490.000000  9.132896e-11
5510.000000  9.012641e-11
5530.000000  8.937236e-11
5550.000000  8.831278e-11
5570.000000  8.725206e-11
5590.000000  8.629447e-11
5610.000000  8.554042e-11
5630.000000  8.464454e-11
5650.000000  8.280679e-11
5670.000000  8.213479e-11
5690.000000  8.154790e-11
5710.000000  8.070430e-11
5730.000000  7.980473e-11
5750.000000  7.884877e-11
5770.000000  7.796086e-11
5790.000000  7.685214e-11
5810.000000  7.606943e-11
5830.000000  7.527912e-11
5850.000000  7.444545e-11
5870.000000  7.278386e-11
5890.000000  7.239946e-11
5910.000000  7.189842e-11
5930.000000  7.126274e-11
5950.000000  6.985794e-11
5970.000000  6.943103e-11
5990.000000  6.850206e-11
6010.000000  6.808057e-11
6030.000000  6.734006e-11
6050.000000  6.653395e-11
6070.000000  6.580399e-11
6090.000000  6.508030e-11
6110.000000  6.447166e-11
6130.000000  6.372409e-11
6150.000000  6.229142e-11
6170.000000  6.228949e-11
6190.000000  6.170664e-11
6210.000000  6.104422e-11
6230.000000  6.023728e-11
6250.000000  5.910126e-11
6270.000000  5.908198e-11
6290.000000  5.842580e-11
6310.000000  5.765174e-11
6330.000000  5.715857e-11
6350.000000  5.567255e-11
6370.000000  5.542560e-11
6390.000000  5.531256e-11
6410.000000  5.465254e-11
6430.000000  5.424584e-11
6450.000000  5.331828e-11
6470.000000  5.310484e-11
6490.000000  5.225622e-11
6510.000000  5.156324e-11
6530.000000  5.048680e-11
6550.000000  4.575314e-11
6570.000000  3.823005e-11
6590.000000  4.818764e-11
6610.000000  4.900342e-11
6630.000000  4.871297e-11
6650.000000  4.838862e-11
6670.000000  4.774883e-11
6690.000000  4.732098e-11
6710.000000  4.697569e-11
6730.000000  4.647100e-11
6750.000000  4.603272e-11
6770.000000  4.561706e-11
6790.000000  4.509908e-11
6810.000000  4.466755e-11
6830.000000  4.412730e-11
6850.000000  4.377128e-11
6870.000000  4.335772e-11
6890.000000  4.294804e-11
6910.000000  4.251010e-11
6930.000000  4.198610e-11
6950.000000  4.170349e-11
6970.000000  4.131233e-11
6990.000000  4.094542e-11
7010.000000  4.043878e-11
7030.000000  4.013242e-11
7050.000000  3.960045e-11
7070.000000  3.921999e-11
7090.000000  3.901626e-11
7110.000000  3.850333e-11
7130.000000  3.818915e-11
7150.000000  3.785920e-11
7170.000000  3.751288e-11
7190.000000  3.718493e-11
7210.000000  3.684267e-11
7230.000000  3.637262e-11
7250.000000  3.607873e-11
7270.000000  3.581790e-11
7290.000000  3.544652e-11
7310.000000  3.512949e-11
7330.000000  3.481767e-11
7350.000000  3.453242e-11
7370.000000  3.420646e-11
7390.000000  3.388859e-11
7410.000000  3.356286e-11
7430.000000  3.312311e-11
7450.000000  3.288655e-11
7470.000000  3.248323e-11
7490.000000  3.227116e-11
7510.000000  3.197196e-11
7530.000000  3.175161e-11
7550.000000  3.146640e-11
7570.000000  3.119549e-11
7590.000000  3.088789e-11
7610.000000  3.065773e-11
7630.000000  3.036442e-11
7650.000000  3.006507e-11
7670.000000  2.981236e-11
7690.000000  2.952930e-11
7710.000000  2.926858e-11
7730.000000  2.902389e-11
7750.000000  2.876322e-11
7770.000000  2.802702e-11
7790.000000  2.825811e-11
7810.000000  2.804605e-11
7830.000000  2.777935e-11
7850.000000  2.738385e-11
7870.000000  2.712597e-11
7890.000000  2.679813e-11
7910.000000  2.678529e-11
7930.000000  2.659791e-11
7950.000000  2.617453e-11
7970.000000  2.613544e-11
7990.000000  2.559644e-11
8010.000000  2.568738e-11
8030.000000  2.545307e-11
8050.000000  2.523300e-11
8070.000000  2.502936e-11
8090.000000  2.480318e-11
8110.000000  2.458119e-11
8130.000000  2.438752e-11
8150.000000  2.419201e-11
8170.000000  2.399662e-11
8190.000000  2.371788e-11
8210.000000  2.345852e-11
8230.000000  2.316322e-11
8250.000000  2.320566e-11
8270.000000  2.308499e-11
8290.000000  2.279590e-11
8310.000000  2.269386e-11
8330.000000  2.247423e-11
8350.000000  2.231492e-11
8370.000000  2.215380e-11
8390.000000  2.198508e-11
8410.000000  2.174890e-11
8430.000000  2.152890e-11
8450.000000  2.111794e-11
8470.000000  2.097914e-11
8490.000000  2.104204e-11
8510.000000  2.033621e-11
8530.000000  2.091377e-11
8550.000000  1.947555e-11
8570.000000  2.090331e-11
8590.000000  1.965396e-11
8610.000000  1.925324e-11
8630.000000  2.081698e-11
8650.000000  1.999541e-11
8670.000000  1.736982e-11
8690.000000  2.023106e-11
8710.000000  2.080353e-11
8730.000000  1.999653e-11
8750.000000  1.644402e-11
8770.000000  1.907717e-11
8790.000000  2.043568e-11
8810.000000  2.049810e-11
8830.000000  1.991275e-11
8850.000000  1.805381e-11
8870.000000  1.568833e-11
8890.000000  1.903885e-11
8910.000000  1.965504e-11
8930.000000  1.960932e-11
8950.000000  1.959092e-11
8970.000000  1.928622e-11
8990.000000  1.847211e-11
9010.000000  1.516847e-11
9030.000000  1.632574e-11
9050.000000  1.830836e-11
9070.000000  1.838401e-11
9090.000000  1.833295e-11
9110.000000  1.835684e-11
9130.000000  1.825077e-11
9150.000000  1.816520e-11
9170.000000  1.788869e-11
9190.000000  1.743996e-11
9210.000000  1.637790e-11
9230.000000  1.323236e-11
9250.000000  1.578443e-11
9270.000000  1.658562e-11
9290.000000  1.704363e-11
9310.000000  1.705529e-11
9330.000000  1.690471e-11
9350.000000  1.685380e-11
9370.000000  1.673960e-11
9390.000000  1.655279e-11
9410.000000  1.621280e-11
9430.000000  1.632462e-11
9450.000000  1.621249e-11
9470.000000  1.603742e-11
9490.000000  1.583642e-11
9510.000000  1.545873e-11
9530.000000  1.430520e-11
9550.000000  1.185077e-11
9570.000000  1.436781e-11
9590.000000  1.508995e-11
9610.000000  1.514206e-11
9630.000000  1.488153e-11
9650.000000  1.503181e-11
9670.000000  1.487908e-11
9690.000000  1.482392e-11
9710.000000  1.474630e-11
9730.000000  1.463041e-11
9750.000000  1.450808e-11
9770.000000  1.442064e-11
9790.000000  1.430667e-11
9810.000000  1.419262e-11
9830.000000  1.405427e-11
9850.000000  1.397284e-11
9870.000000  1.386704e-11
9890.000000  1.371860e-11
9910.000000  1.365919e-11
9930.000000  1.355974e-11
9950.000000  1.343953e-11
9970.000000  1.331950e-11
9990.000000  1.317321e-11
10025.000000  1.210482e-11
10075.000000  1.148023e-11
10125.000000  1.243407e-11
10175.000000  1.238286e-11
10225.000000  1.220771e-11
10275.000000  1.199598e-11
10325.000000  1.177598e-11
10375.000000  1.158058e-11
10425.000000  1.138511e-11
10475.000000  1.116537e-11
10525.000000  1.096189e-11
10575.000000  1.079076e-11
10625.000000  1.061975e-11
10675.000000  1.035938e-11
10725.000000  1.023717e-11
10775.000000  1.007420e-11
10825.000000  9.860143e-12
10875.000000  9.645151e-12
10925.000000  8.338440e-12
10975.000000  8.946023e-12
11025.000000  9.221285e-12
11075.000000  9.119353e-12
11125.000000  8.976748e-12
11175.000000  8.824136e-12
11225.000000  8.685670e-12
11275.000000  8.463975e-12
11325.000000  8.349891e-12
11375.000000  8.270423e-12
11425.000000  8.138715e-12
11475.000000  8.014291e-12
11525.000000  7.888483e-12
11575.000000  7.762480e-12
11625.000000  7.608513e-12
11675.000000  7.491043e-12
11725.000000  7.398062e-12
11775.000000  7.237771e-12
11825.000000  7.166701e-12
11875.000000  7.047004e-12
11925.000000  6.959386e-12
11975.000000  6.842291e-12
12025.000000  6.746073e-12
12075.000000  6.642262e-12
12125.000000  6.539647e-12
12175.000000  6.443763e-12
12225.000000  6.345437e-12
12275.000000  6.247548e-12
12325.000000  6.156537e-12
12375.000000  6.066963e-12
12425.000000  5.980843e-12
12475.000000  5.873413e-12
12525.000000  5.804337e-12
12575.000000  5.706279e-12
12625.000000  5.631131e-12
12675.000000  5.550788e-12
12725.000000  5.451695e-12
12775.000000  5.257688e-12
12825.000000  4.626072e-12
12875.000000  5.147283e-12
12925.000000  5.150005e-12
12975.000000  5.092074e-12
13025.000000  5.024489e-12
13075.000000  4.953646e-12
13125.000000  4.883842e-12
13175.000000  4.803261e-12
13225.000000  4.748868e-12
13275.000000  4.682908e-12
13325.000000  4.617980e-12
13375.000000  4.554466e-12
13425.000000  4.489527e-12
13475.000000  4.427654e-12
13525.000000  4.364968e-12
13575.000000  4.307159e-12
13625.000000  4.248732e-12
13675.000000  4.187058e-12
13725.000000  4.130878e-12
13775.000000  4.081196e-12
13825.000000  4.027450e-12
13875.000000  3.973915e-12
13925.000000  3.919360e-12
13975.000000  3.868068e-12
14025.000000  3.817788e-12
14075.000000  3.767500e-12
14125.000000  3.717024e-12
14175.000000  3.670412e-12
14225.000000  3.622370e-12
14275.000000  3.575356e-12
14325.000000  3.528940e-12
14375.000000  3.482735e-12
14425.000000  3.426389e-12
14475.000000  3.392544e-12
14525.000000  3.345959e-12
14570.000000  3.312772e-12
14620.000000  3.271616e-12
14675.000000  3.229263e-12
14725.000000  3.187938e-12
14775.000000  3.144604e-12
14825.000000  3.110582e-12
14875.000000  3.070498e-12
14925.000000  3.035870e-12
14975.000000  2.996002e-12
15025.000000  2.960979e-12
15075.000000  2.922302e-12
15125.000000  2.887494e-12
15175.000000  2.851674e-12
15225.000000  2.817467e-12
15275.000000  2.780616e-12
15325.000000  2.744186e-12
15375.000000  2.715082e-12
15425.000000  2.668681e-12
15475.000000  2.649548e-12
15525.000000  2.615977e-12
15575.000000  2.555527e-12
15625.000000  2.574227e-12
15675.000000  2.505281e-12
15725.000000  2.449710e-12
15775.000000  2.492389e-12
15825.000000  2.458010e-12
15875.000000  2.307114e-12
15925.000000  2.375018e-12
15975.000000  2.393040e-12
16050.000000  2.321874e-12
16150.000000  2.204502e-12
16250.000000  2.261704e-12
16350.000000  2.161494e-12
16450.000000  2.045169e-12
16550.000000  2.117372e-12
16650.000000  2.072585e-12
16750.000000  1.968561e-12
16850.000000  1.860164e-12
16950.000000  1.933778e-12
17050.000000  1.896493e-12
17150.000000  1.855597e-12
17250.000000  1.804779e-12
17350.000000  1.634917e-12
17450.000000  1.711007e-12
17550.000000  1.697698e-12
17650.000000  1.663890e-12
17750.000000  1.627457e-12
17850.000000  1.594281e-12
17950.000000  1.562130e-12
18050.000000  1.519025e-12
18150.000000  1.387759e-12
18250.000000  1.432601e-12
18350.000000  1.433925e-12
18450.000000  1.407041e-12
18550.000000  1.375912e-12
18650.000000  1.340924e-12
18750.000000  1.225743e-12
18850.000000  1.286211e-12
18950.000000  1.269479e-12
19050.000000  1.245435e-12
19150.000000  1.221023e-12
19250.000000  1.196201e-12
19350.000000  1.163477e-12
19450.000000  1.058844e-12
19550.000000  1.118702e-12
19650.000000  1.106665e-12
19750.000000  1.085887e-12
19850.000000  1.064937e-12
19950.000000  1.045191e-12
20050.000000  1.025053e-12
20150.000000  1.006315e-12
20250.000000  9.875922e-13
20350.000000  9.688693e-13
20450.000000  9.509628e-13
20550.000000  9.332483e-13
20650.000000  9.161623e-13
20750.000000  8.990685e-13
20850.000000  8.827838e-13
20950.000000  8.665142e-13
21050.000000  8.510421e-13
21150.000000  8.355701e-13
21250.000000  8.209145e-13
21350.000000  8.055765e-13
21450.000000  7.912521e-13
21550.000000  7.723550e-13
21650.000000  7.061652e-13
21750.000000  7.413711e-13
21850.000000  7.370626e-13
21950.000000  7.251669e-13
22050.000000  7.127551e-13
22150.000000  7.004020e-13
22250.000000  6.885376e-13
22350.000000  6.768350e-13
22450.000000  6.653590e-13
22550.000000  6.540639e-13
22650.000000  6.430939e-13
22750.000000  6.323493e-13
22850.000000  6.220675e-13
22950.000000  6.118105e-13
23050.000000  6.017375e-13
23150.000000  5.919069e-13
23250.000000  5.823016e-13
23350.000000  5.727373e-13
23450.000000  5.635373e-13
23550.000000  5.544411e-13
23650.000000  5.455074e-13
23750.000000  5.367977e-13
23850.000000  5.282505e-13
23950.000000  5.198244e-13
24050.000000  5.112174e-13
24150.000000  5.031792e-13
24250.000000  4.955064e-13
24350.000000  4.875902e-13
24450.000000  4.797346e-13
24550.000000  4.725923e-13
24650.000000  4.647581e-13
24750.000000  4.576140e-13
24850.000000  4.513883e-13
24950.000000  4.417229e-13
