2505.000000  5.561257e-11
2513.000000  4.739800e-11
2518.000000  4.912781e-11
2525.000000  4.451381e-11
2535.000000  4.426251e-11
2545.000000  4.347381e-11
2555.000000  4.760483e-11
2565.000000  4.660312e-11
2575.000000  5.129275e-11
2585.000000  5.093011e-11
2595.000000  4.893058e-11
2605.000000  4.636372e-11
2615.000000  4.556663e-11
2625.000000  5.025116e-11
2635.000000  5.049482e-11
2645.000000  5.843126e-11
2655.000000  5.749042e-11
2665.000000  5.037453e-11
2675.000000  5.389958e-11
2685.000000  5.233318e-11
2695.000000  5.056199e-11
2705.000000  5.243423e-11
2715.000000  4.912827e-11
2725.000000  4.994941e-11
2735.000000  5.450134e-11
2745.000000  4.349369e-11
2755.000000  4.435540e-11
2765.000000  4.592713e-11
2775.000000  5.101746e-11
2785.000000  4.904488e-11
2795.000000  3.282793e-11
2805.000000  3.880995e-11
2815.000000  5.191906e-11
2825.000000  5.410057e-11
2835.000000  5.103894e-11
2845.000000  4.883691e-11
2855.000000  4.679443e-11
2865.000000  5.135784e-11
2875.000000  4.928967e-11
2885.000000  5.024938e-11
2895.000000  4.739178e-11
2910.000000  5.403877e-11
2930.000000  5.128379e-11
2950.000000  5.112334e-11
2970.000000  5.237995e-11
2990.000000  5.269719e-11
3010.000000  5.368913e-11
3030.000000  5.261676e-11
3050.000000  5.181406e-11
3070.000000  5.124707e-11
3090.000000  5.209898e-11
3110.000000  5.028914e-11
3130.000000  4.995081e-11
3150.000000  5.091682e-11
3170.000000  5.038912e-11
3190.000000  4.806102e-11
3210.000000  4.915878e-11
3230.000000  4.785706e-11
3250.000000  4.842196e-11
3270.000000  4.838940e-11
3290.000000  4.870868e-11
3310.000000  4.886980e-11
3330.000000  4.756334e-11
3350.000000  4.675144e-11
3370.000000  4.653296e-11
3390.000000  4.618465e-11
3410.000000  4.693172e-11
3430.000000  4.670064e-11
3450.000000  4.620674e-11
3470.000000  4.545697e-11
3490.000000  4.507666e-11
3510.000000  4.560776e-11
3530.000000  4.559499e-11
3550.000000  4.556469e-11
3570.000000  4.445176e-11
3590.000000  4.413681e-11
3610.000000  4.391529e-11
3630.000000  4.370897e-11
3640.000000  4.333891e-11
3650.000000  4.434564e-11
3670.000000  4.405713e-11
3690.000000  4.235658e-11
3710.000000  4.281731e-11
3730.000000  4.342879e-11
3750.000000  5.509426e-11
3770.000000  5.937008e-11
3790.000000  7.550640e-11
3810.000000  8.844437e-11
3830.000000  6.867145e-11
3850.000000  9.618334e-11
3870.000000  1.093700e-10
3890.000000  5.964887e-11
3910.000000  1.076667e-10
3930.000000  1.082707e-10
3950.000000  1.073595e-10
3970.000000  5.633437e-11
3990.000000  1.030928e-10
4010.000000  1.117659e-10
4030.000000  1.104716e-10
4050.000000  1.097093e-10
4070.000000  1.049270e-10
4090.000000  8.248641e-11
4110.000000  6.178756e-11
4130.000000  9.827706e-11
4150.000000  1.025998e-10
4170.000000  1.010892e-10
4190.000000  9.989188e-11
4210.000000  9.889991e-11
4230.000000  9.681353e-11
4250.000000  9.525880e-11
4270.000000  9.254922e-11
4290.000000  9.275570e-11
4310.000000  8.715287e-11
4330.000000  6.572714e-11
4350.000000  5.550331e-11
4370.000000  8.470535e-11
4390.000000  8.519707e-11
4410.000000  8.490890e-11
4430.000000  8.372746e-11
4450.000000  8.420083e-11
4470.000000  8.281211e-11
4490.000000  8.062712e-11
4510.000000  8.117002e-11
4530.000000  7.943041e-11
4550.000000  7.742434e-11
4570.000000  7.823937e-11
4590.000000  7.611084e-11
4610.000000  7.690259e-11
4630.000000  7.424565e-11
4650.000000  7.477209e-11
4670.000000  7.350781e-11
4690.000000  7.162235e-11
4710.000000  6.922173e-11
4730.000000  7.077157e-11
4750.000000  6.984851e-11
4770.000000  6.903423e-11
4790.000000  6.803206e-11
4810.000000  6.632010e-11
4830.000000  6.349044e-11
4850.000000  4.907374e-11
4870.000000  3.923473e-11
4890.000000  5.980879e-11
4910.000000  6.208663e-11
4930.000000  6.126569e-11
4950.000000  6.128992e-11
4970.000000  6.101107e-11
4990.000000  5.983064e-11
5010.000000  5.798667e-11
5030.000000  5.793255e-11
5050.000000  5.680118e-11
5070.000000  5.698473e-11
5090.000000  5.630479e-11
5110.000000  5.552649e-11
5130.000000  5.492598e-11
5150.000000  5.377423e-11
5170.000000  5.264019e-11
5190.000000  5.220730e-11
5210.000000  5.195491e-11
5230.000000  5.083132e-11
5250.000000  5.108228e-11
5270.000000  4.935520e-11
5290.000000  4.999535e-11
5310.000000  4.873342e-11
5330.000000  4.808444e-11
5350.000000  4.840882e-11
5370.000000  4.765425e-11
5390.000000  4.710184e-11
5410.000000  4.623292e-11
5430.000000  4.594189e-11
5450.000000  4.572989e-11
5470.000000  4.513908e-11
5490.000000  4.470587e-11
5510.000000  4.415338e-11
5530.000000  4.363442e-11
5550.000000  4.329180e-11
5570.000000  4.277035e-11
5590.000000  4.236277e-11
5610.000000  4.202809e-11
5630.000000  4.157024e-11
5650.000000  4.095424e-11
5670.000000  4.052402e-11
5690.000000  4.019110e-11
5710.000000  3.978969e-11
5730.000000  3.941148e-11
5750.000000  3.889675e-11
5770.000000  3.851118e-11
5790.000000  3.802631e-11
5810.000000  3.766637e-11
5830.000000  3.727874e-11
5850.000000  3.690558e-11
5870.000000  3.644102e-11
5890.000000  3.578791e-11
5910.000000  3.571175e-11
5930.000000  3.537018e-11
5950.000000  3.482803e-11
5970.000000  3.456610e-11
5990.000000  3.409804e-11
6010.000000  3.379397e-11
6030.000000  3.353626e-11
6050.000000  3.312990e-11
6070.000000  3.284384e-11
6090.000000  3.249712e-11
6110.000000  3.216125e-11
6130.000000  3.178725e-11
6150.000000  3.093544e-11
6170.000000  3.111319e-11
6190.000000  3.088918e-11
6210.000000  3.057508e-11
6230.000000  3.021559e-11
6250.000000  2.960768e-11
6270.000000  2.966889e-11
6290.000000  2.936930e-11
6310.000000  2.897455e-11
6330.000000  2.876031e-11
6350.000000  2.809030e-11
6370.000000  2.795613e-11
6390.000000  2.788725e-11
6410.000000  2.753917e-11
6430.000000  2.733288e-11
6450.000000  2.673715e-11
6470.000000  2.676405e-11
6490.000000  2.628944e-11
6510.000000  2.595247e-11
6530.000000  2.516825e-11
6550.000000  2.167578e-11
6570.000000  1.737494e-11
6590.000000  2.370197e-11
6610.000000  2.462902e-11
6630.000000  2.463492e-11
6650.000000  2.449554e-11
6670.000000  2.427583e-11
6690.000000  2.409730e-11
6710.000000  2.389726e-11
6730.000000  2.361062e-11
6750.000000  2.342170e-11
6770.000000  2.324369e-11
6790.000000  2.301047e-11
6810.000000  2.280369e-11
6830.000000  2.255616e-11
6850.000000  2.236286e-11
6870.000000  2.216956e-11
6890.000000  2.197518e-11
6910.000000  2.175543e-11
6930.000000  2.153568e-11
6950.000000  2.136127e-11
6970.000000  2.116045e-11
6990.000000  2.098712e-11
7010.000000  2.068041e-11
7030.000000  2.058565e-11
7050.000000  2.037938e-11
7070.000000  2.022077e-11
7090.000000  2.005314e-11
7110.000000  1.965429e-11
7130.000000  1.963222e-11
7150.000000  1.946480e-11
7170.000000  1.931839e-11
7190.000000  1.914323e-11
7210.000000  1.898363e-11
7230.000000  1.879106e-11
7250.000000  1.858963e-11
7270.000000  1.848422e-11
7290.000000  1.829605e-11
7310.000000  1.813538e-11
7330.000000  1.799574e-11
7350.000000  1.784983e-11
7370.000000  1.770242e-11
7390.000000  1.752899e-11
7410.000000  1.735409e-11
7430.000000  1.710857e-11
7450.000000  1.701453e-11
7470.000000  1.679318e-11
7490.000000  1.672039e-11
7510.000000  1.659994e-11
7530.000000  1.649374e-11
7550.000000  1.636780e-11
7570.000000  1.622631e-11
7590.000000  1.608714e-11
7610.000000  1.596016e-11
7630.000000  1.581888e-11
7650.000000  1.566545e-11
7670.000000  1.552421e-11
7690.000000  1.540376e-11
7710.000000  1.526459e-11
7730.000000  1.515883e-11
7750.000000  1.503082e-11
7770.000000  1.456322e-11
7790.000000  1.478489e-11
7810.000000  1.467035e-11
7830.000000  1.452259e-11
7850.000000  1.436267e-11
7870.000000  1.420307e-11
7890.000000  1.404291e-11
7910.000000  1.401461e-11
7930.000000  1.393431e-11
7950.000000  1.370235e-11
7970.000000  1.372856e-11
7990.000000  1.339602e-11
8010.000000  1.349508e-11
8030.000000  1.337972e-11
8050.000000  1.328074e-11
8070.000000  1.316624e-11
8090.000000  1.306074e-11
8110.000000  1.295423e-11
8130.000000  1.286640e-11
8150.000000  1.276634e-11
8170.000000  1.266632e-11
8190.000000  1.245114e-11
8210.000000  1.238317e-11
8230.000000  1.225126e-11
8250.000000  1.224869e-11
8270.000000  1.226227e-11
8290.000000  1.213709e-11
8310.000000  1.206944e-11
8330.000000  1.191493e-11
8350.000000  1.188858e-11
8370.000000  1.180849e-11
8390.000000  1.169524e-11
8410.000000  1.158179e-11
8430.000000  1.146854e-11
8450.000000  1.120800e-11
8470.000000  1.112822e-11
8490.000000  1.122767e-11
8510.000000  1.069923e-11
8530.000000  1.117894e-11
8550.000000  1.008804e-11
8570.000000  1.123878e-11
8590.000000  1.038984e-11
8610.000000  1.013610e-11
8630.000000  1.129083e-11
8650.000000  1.074944e-11
8670.000000  8.897490e-12
8690.000000  1.090275e-11
8710.000000  1.143258e-11
8730.000000  1.086906e-11
8750.000000  8.477149e-12
8770.000000  1.027877e-11
8790.000000  1.138005e-11
8810.000000  1.146355e-11
8830.000000  1.103295e-11
8850.000000  9.644286e-12
8870.000000  8.127229e-12
8890.000000  1.044851e-11
8910.000000  1.101552e-11
8930.000000  1.106532e-11
8950.000000  1.109259e-11
8970.000000  1.085592e-11
8990.000000  1.020241e-11
9010.000000  7.940668e-12
9030.000000  8.709335e-12
9050.000000  1.019726e-11
9070.000000  1.031522e-11
9090.000000  1.028831e-11
9110.000000  1.041879e-11
9130.000000  1.039265e-11
9150.000000  1.034600e-11
9170.000000  1.017024e-11
9190.000000  9.826236e-12
9210.000000  8.971617e-12
9230.000000  6.898483e-12
9250.000000  8.576380e-12
9270.000000  9.264559e-12
9290.000000  9.715419e-12
9310.000000  9.743202e-12
9330.000000  9.671687e-12
9350.000000  9.637774e-12
9370.000000  9.584638e-12
9390.000000  9.430642e-12
9410.000000  9.215420e-12
9430.000000  9.321556e-12
9450.000000  9.262756e-12
9470.000000  9.161659e-12
9490.000000  9.025786e-12
9510.000000  8.734898e-12
9530.000000  7.828770e-12
9550.000000  6.232973e-12
9570.000000  7.908611e-12
9590.000000  8.541600e-12
9610.000000  8.611876e-12
9630.000000  8.486171e-12
9650.000000  8.607077e-12
9670.000000  8.493010e-12
9690.000000  8.478495e-12
9710.000000  8.479844e-12
9730.000000  8.412487e-12
9750.000000  8.339854e-12
9770.000000  8.300238e-12
9790.000000  8.233095e-12
9810.000000  8.165739e-12
9830.000000  8.073182e-12
9850.000000  8.024713e-12
9870.000000  7.958606e-12
9890.000000  7.857764e-12
9910.000000  7.850301e-12
9930.000000  7.783980e-12
9950.000000  7.723577e-12
9970.000000  7.662664e-12
9990.000000  7.554573e-12
10025.000000  6.748105e-12
10075.000000  6.376451e-12
10125.000000  7.141680e-12
10175.000000  7.147484e-12
10225.000000  7.061940e-12
10275.000000  6.941713e-12
10325.000000  6.814140e-12
10375.000000  6.700394e-12
10425.000000  6.591727e-12
10475.000000  6.439285e-12
10525.000000  6.334710e-12
10575.000000  6.246317e-12
10625.000000  6.154501e-12
10675.000000  5.964942e-12
10725.000000  5.921310e-12
10775.000000  5.833151e-12
10825.000000  5.725426e-12
10875.000000  5.557390e-12
10925.000000  4.629604e-12
10975.000000  5.068748e-12
11025.000000  5.353626e-12
11075.000000  5.307551e-12
11125.000000  5.232541e-12
11175.000000  5.152989e-12
11225.000000  5.073474e-12
11275.000000  4.912694e-12
11325.000000  4.849406e-12
11375.000000  4.825953e-12
11425.000000  4.743447e-12
11475.000000  4.690451e-12
11525.000000  4.620788e-12
11575.000000  4.546531e-12
11625.000000  4.443664e-12
11675.000000  4.360945e-12
11725.000000  4.342825e-12
11775.000000  4.221104e-12
11825.000000  4.189092e-12
11875.000000  4.113836e-12
11925.000000  4.090475e-12
11975.000000  4.009024e-12
12025.000000  3.961032e-12
12075.000000  3.895977e-12
12125.000000  3.840282e-12
12175.000000  3.791561e-12
12225.000000  3.732573e-12
12275.000000  3.672228e-12
12325.000000  3.622630e-12
12375.000000  3.573187e-12
12425.000000  3.528406e-12
12475.000000  3.460131e-12
12525.000000  3.424369e-12
12575.000000  3.356003e-12
12625.000000  3.318564e-12
12675.000000  3.273633e-12
12725.000000  3.212975e-12
12775.000000  3.062542e-12
12825.000000  2.614962e-12
12875.000000  3.009188e-12
12925.000000  3.040293e-12
12975.000000  3.011553e-12
13025.000000  2.976959e-12
13075.000000  2.936869e-12
13125.000000  2.895997e-12
13175.000000  2.845014e-12
13225.000000  2.818272e-12
13275.000000  2.780096e-12
13325.000000  2.743139e-12
13375.000000  2.705762e-12
13425.000000  2.668079e-12
13475.000000  2.631355e-12
13525.000000  2.591100e-12
13575.000000  2.558878e-12
13625.000000  2.526829e-12
13675.000000  2.490593e-12
13725.000000  2.451497e-12
13775.000000  2.429455e-12
13825.000000  2.398015e-12
13875.000000  2.369353e-12
13925.000000  2.334258e-12
13975.000000  2.306940e-12
14025.000000  2.278071e-12
14075.000000  2.249305e-12
14125.000000  2.219135e-12
14175.000000  2.191610e-12
14225.000000  2.163539e-12
14275.000000  2.136018e-12
14325.000000  2.109167e-12
14375.000000  2.083118e-12
14425.000000  2.035825e-12
14475.000000  2.030141e-12
14525.000000  1.995092e-12
14570.000000  1.982529e-12
14620.000000  1.957539e-12
14675.000000  1.935488e-12
14725.000000  1.911250e-12
14775.000000  1.881780e-12
14825.000000  1.864417e-12
14875.000000  1.836190e-12
14925.000000  1.824276e-12
14975.000000  1.798741e-12
15025.000000  1.775830e-12
15075.000000  1.753851e-12
15125.000000  1.737037e-12
15175.000000  1.715577e-12
15225.000000  1.695595e-12
15275.000000  1.672813e-12
15325.000000  1.651353e-12
15375.000000  1.635182e-12
15425.000000  1.602316e-12
15475.000000  1.595006e-12
15525.000000  1.574894e-12
15575.000000  1.532778e-12
15625.000000  1.555353e-12
15675.000000  1.505153e-12
15725.000000  1.466321e-12
15775.000000  1.505684e-12
15825.000000  1.486977e-12
15875.000000  1.369643e-12
15925.000000  1.431278e-12
15975.000000  1.454193e-12
16050.000000  1.403104e-12
16150.000000  1.321232e-12
16250.000000  1.382534e-12
16350.000000  1.307881e-12
16450.000000  1.225922e-12
16550.000000  1.298095e-12
16650.000000  1.271376e-12
16750.000000  1.193221e-12
16850.000000  1.116005e-12
16950.000000  1.188152e-12
17050.000000  1.166614e-12
17150.000000  1.142018e-12
17250.000000  1.106219e-12
17350.000000  9.771070e-13
17450.000000  1.043801e-12
17550.000000  1.043347e-12
17650.000000  1.023909e-12
17750.000000  1.004446e-12
17850.000000  9.830120e-13
17950.000000  9.642228e-13
18050.000000  9.346147e-13
18150.000000  8.357029e-13
18250.000000  8.747425e-13
18350.000000  8.843937e-13
18450.000000  8.696699e-13
18550.000000  8.488276e-13
18650.000000  8.258909e-13
18750.000000  7.363030e-13
18850.000000  7.902779e-13
18950.000000  7.836714e-13
19050.000000  7.723001e-13
19150.000000  7.569277e-13
19250.000000  7.402074e-13
19350.000000  7.172922e-13
19450.000000  6.392215e-13
19550.000000  6.903364e-13
19650.000000  6.858220e-13
19750.000000  6.737367e-13
19850.000000  6.615682e-13
19950.000000  6.491586e-13
20050.000000  6.371530e-13
20150.000000  6.253474e-13
20250.000000  6.137254e-13
20350.000000  6.023186e-13
20450.000000  5.915235e-13
20550.000000  5.807315e-13
20650.000000  5.697882e-13
20750.000000  5.596567e-13
20850.000000  5.497275e-13
20950.000000  5.398575e-13
21050.000000  5.301222e-13
21150.000000  5.197828e-13
21250.000000  5.107350e-13
21350.000000  5.016089e-13
21450.000000  4.925482e-13
21550.000000  4.792708e-13
21650.000000  4.298954e-13
21750.000000  4.589159e-13
21850.000000  4.589235e-13
21950.000000  4.526991e-13
22050.000000  4.447105e-13
22150.000000  4.368516e-13
22250.000000  4.300928e-13
22350.000000  4.228383e-13
22450.000000  4.157960e-13
22550.000000  4.085359e-13
22650.000000  4.019736e-13
22750.000000  3.953357e-13
22850.000000  3.890815e-13
22950.000000  3.826358e-13
23050.000000  3.766044e-13
23150.000000  3.704954e-13
23250.000000  3.645988e-13
23350.000000  3.587468e-13
23450.000000  3.530421e-13
23550.000000  3.474173e-13
23650.000000  3.419693e-13
23750.000000  3.365341e-13
23850.000000  3.311793e-13
23950.000000  3.260113e-13
24050.000000  3.207031e-13
24150.000000  3.157372e-13
24250.000000  3.109062e-13
24350.000000  3.060098e-13
24450.000000  3.010572e-13
24550.000000  2.966120e-13
24650.000000  2.916590e-13
24750.000000  2.872241e-13
24850.000000  2.833853e-13
24950.000000  2.768801e-13
