2505.000000  5.106276e-13
2513.000000  3.728486e-13
2518.000000  3.971578e-13
2525.000000  3.257315e-13
2535.000000  3.460566e-13
2545.000000  3.789363e-13
2555.000000  4.617903e-13
2565.000000  3.649878e-13
2575.000000  4.299608e-13
2585.000000  3.434808e-13
2595.000000  2.931443e-13
2605.000000  2.376456e-13
2615.000000  2.281613e-13
2625.000000  3.083605e-13
2635.000000  5.030647e-13
2645.000000  8.638702e-13
2655.000000  9.429552e-13
2665.000000  7.520824e-13
2675.000000  8.399739e-13
2685.000000  8.762447e-13
2695.000000  7.908558e-13
2705.000000  8.758451e-13
2715.000000  6.889510e-13
2725.000000  6.984511e-13
2735.000000  7.225859e-13
2745.000000  3.699990e-13
2755.000000  4.962313e-13
2765.000000  6.299029e-13
2775.000000  7.250834e-13
2785.000000  4.972809e-13
2795.000000  1.742867e-13
2805.000000  2.234482e-13
2815.000000  6.598048e-13
2825.000000  9.815809e-13
2835.000000  1.029596e-12
2845.000000  1.051419e-12
2855.000000  8.908837e-13
2865.000000  1.155233e-12
2875.000000  1.189787e-12
2885.000000  1.230791e-12
2895.000000  1.214921e-12
2910.000000  1.504145e-12
2930.000000  1.458697e-12
2950.000000  1.445538e-12
2970.000000  1.624419e-12
2990.000000  1.656024e-12
3010.000000  1.789512e-12
3030.000000  1.818578e-12
3050.000000  1.897060e-12
3070.000000  1.880674e-12
3090.000000  2.055805e-12
3110.000000  2.016479e-12
3130.000000  2.028004e-12
3150.000000  2.177831e-12
3170.000000  2.200743e-12
3190.000000  2.039006e-12
3210.000000  2.238788e-12
3230.000000  2.032475e-12
3250.000000  2.312628e-12
3270.000000  2.492098e-12
3290.000000  2.536369e-12
3310.000000  2.660082e-12
3330.000000  2.600492e-12
3350.000000  2.580218e-12
3370.000000  2.539532e-12
3390.000000  2.677526e-12
3410.000000  2.806147e-12
3430.000000  2.954508e-12
3450.000000  2.951594e-12
3470.000000  2.917006e-12
3490.000000  2.931934e-12
3510.000000  3.102373e-12
3530.000000  3.112019e-12
3550.000000  3.355986e-12
3570.000000  3.123060e-12
3590.000000  3.183441e-12
3610.000000  3.253988e-12
3630.000000  3.376379e-12
3640.000000  3.321666e-12
3650.000000  3.510901e-12
3670.000000  3.602833e-12
3690.000000  4.093020e-12
3710.000000  5.308631e-12
3730.000000  6.981177e-12
3750.000000  8.505798e-12
3770.000000  8.790595e-12
3790.000000  9.756038e-12
3810.000000  1.065050e-11
3830.000000  9.212944e-12
3850.000000  1.067170e-11
3870.000000  1.125131e-11
3890.000000  9.420962e-12
3910.000000  1.018118e-11
3930.000000  5.069723e-12
3950.000000  8.776370e-12
3970.000000  5.592632e-12
3990.000000  1.086455e-11
4010.000000  1.170406e-11
4030.000000  1.166246e-11
4050.000000  1.161202e-11
4070.000000  1.140671e-11
4090.000000  1.194529e-11
4110.000000  1.068932e-11
4130.000000  1.178559e-11
4150.000000  1.217395e-11
4170.000000  1.183349e-11
4190.000000  1.191177e-11
4210.000000  1.181921e-11
4230.000000  1.169052e-11
4250.000000  1.195394e-11
4270.000000  1.192387e-11
4290.000000  1.172535e-11
4310.000000  1.108129e-11
4330.000000  1.147143e-11
4350.000000  1.065065e-11
4370.000000  1.215803e-11
4390.000000  1.182202e-11
4410.000000  1.158992e-11
4430.000000  1.179071e-11
4450.000000  1.179100e-11
4470.000000  1.184271e-11
4490.000000  1.198263e-11
4510.000000  1.235101e-11
4530.000000  1.173923e-11
4550.000000  1.167588e-11
4570.000000  1.218442e-11
4590.000000  1.178868e-11
4610.000000  1.221337e-11
4630.000000  1.198594e-11
4650.000000  1.209685e-11
4670.000000  1.214952e-11
4690.000000  1.205076e-11
4710.000000  1.171563e-11
4730.000000  1.207339e-11
4750.000000  1.216873e-11
4770.000000  1.201755e-11
4790.000000  1.195601e-11
4810.000000  1.196487e-11
4830.000000  1.185277e-11
4850.000000  1.126067e-11
4870.000000  9.844801e-12
4890.000000  1.160362e-11
4910.000000  1.162592e-11
4930.000000  1.133604e-11
4950.000000  1.160558e-11
4970.000000  1.170974e-11
4990.000000  1.120393e-11
5010.000000  1.089038e-11
5030.000000  1.131374e-11
5050.000000  1.125591e-11
5070.000000  1.137671e-11
5090.000000  1.119930e-11
5110.000000  1.117131e-11
5130.000000  1.089833e-11
5150.000000  1.081529e-11
5170.000000  1.064673e-11
5190.000000  1.057388e-11
5210.000000  1.058855e-11
5230.000000  1.064372e-11
5250.000000  1.081086e-11
5270.000000  1.026006e-11
5290.000000  1.071915e-11
5310.000000  1.061736e-11
5330.000000  1.034903e-11
5350.000000  1.066836e-11
5370.000000  1.058754e-11
5390.000000  1.048332e-11
5410.000000  1.035081e-11
5430.000000  1.033774e-11
5450.000000  1.047126e-11
5470.000000  1.039421e-11
5490.000000  1.036449e-11
5510.000000  1.030060e-11
5530.000000  1.028290e-11
5550.000000  1.036452e-11
5570.000000  1.022770e-11
5590.000000  1.014123e-11
5610.000000  1.013700e-11
5630.000000  1.017601e-11
5650.000000  1.004928e-11
5670.000000  9.933913e-12
5690.000000  1.001673e-11
5710.000000  9.924547e-12
5730.000000  1.001466e-11
5750.000000  9.924222e-12
5770.000000  9.902095e-12
5790.000000  9.815443e-12
5810.000000  9.794125e-12
5830.000000  9.773198e-12
5850.000000  9.665452e-12
5870.000000  9.664449e-12
5890.000000  9.456539e-12
5910.000000  9.566351e-12
5930.000000  9.517505e-12
5950.000000  9.486599e-12
5970.000000  9.452933e-12
5990.000000  9.372711e-12
6010.000000  9.317635e-12
6030.000000  9.273968e-12
6050.000000  9.267836e-12
6070.000000  9.237048e-12
6090.000000  9.152869e-12
6110.000000  9.070179e-12
6130.000000  8.945315e-12
6150.000000  8.875505e-12
6170.000000  8.853927e-12
6190.000000  8.926107e-12
6210.000000  8.908228e-12
6230.000000  8.781082e-12
6250.000000  8.560761e-12
6270.000000  8.762916e-12
6290.000000  8.717697e-12
6310.000000  8.578566e-12
6330.000000  8.596971e-12
6350.000000  8.579466e-12
6370.000000  8.524702e-12
6390.000000  8.495918e-12
6410.000000  8.383469e-12
6430.000000  8.374407e-12
6450.000000  8.306846e-12
6470.000000  8.319112e-12
6490.000000  8.157565e-12
6510.000000  8.220038e-12
6530.000000  8.211581e-12
6550.000000  7.891401e-12
6570.000000  6.674384e-12
6590.000000  8.020286e-12
6610.000000  8.022121e-12
6630.000000  8.049167e-12
6650.000000  7.998679e-12
6670.000000  7.939578e-12
6690.000000  7.934261e-12
6710.000000  7.876904e-12
6730.000000  7.857740e-12
6750.000000  7.790891e-12
6770.000000  7.774806e-12
6790.000000  7.722053e-12
6810.000000  7.697042e-12
6830.000000  7.646821e-12
6850.000000  7.603302e-12
6870.000000  7.583280e-12
6890.000000  7.554507e-12
6910.000000  7.513137e-12
6930.000000  7.475072e-12
6950.000000  7.434661e-12
6970.000000  7.403970e-12
6990.000000  7.365869e-12
7010.000000  7.287385e-12
7030.000000  7.281668e-12
7050.000000  7.257946e-12
7070.000000  7.215791e-12
7090.000000  7.184204e-12
7110.000000  7.096960e-12
7130.000000  7.088659e-12
7150.000000  7.056176e-12
7170.000000  7.028372e-12
7190.000000  6.954893e-12
7210.000000  6.927254e-12
7230.000000  6.898562e-12
7250.000000  6.894819e-12
7270.000000  6.863333e-12
7290.000000  6.796268e-12
7310.000000  6.751309e-12
7330.000000  6.732568e-12
7350.000000  6.712381e-12
7370.000000  6.703679e-12
7390.000000  6.641381e-12
7410.000000  6.576271e-12
7430.000000  6.558653e-12
7450.000000  6.533543e-12
7470.000000  6.499482e-12
7490.000000  6.466683e-12
7510.000000  6.439117e-12
7530.000000  6.425800e-12
7550.000000  6.413361e-12
7570.000000  6.364630e-12
7590.000000  6.340589e-12
7610.000000  6.311718e-12
7630.000000  6.284015e-12
7650.000000  6.240947e-12
7670.000000  6.184909e-12
7690.000000  6.187076e-12
7710.000000  6.118003e-12
7730.000000  6.110205e-12
7750.000000  6.081726e-12
7770.000000  6.002093e-12
7790.000000  6.041739e-12
7810.000000  6.013974e-12
7830.000000  5.966632e-12
7850.000000  5.927694e-12
7870.000000  5.916973e-12
7890.000000  5.878565e-12
7910.000000  5.853357e-12
7930.000000  5.805539e-12
7950.000000  5.778412e-12
7970.000000  5.783741e-12
7990.000000  5.748723e-12
8010.000000  5.714753e-12
8030.000000  5.688130e-12
8050.000000  5.657934e-12
8070.000000  5.638252e-12
8090.000000  5.599268e-12
8110.000000  5.587872e-12
8130.000000  5.562810e-12
8150.000000  5.533336e-12
8170.000000  5.506493e-12
8190.000000  5.424512e-12
8210.000000  5.434603e-12
8230.000000  5.396361e-12
8250.000000  5.367424e-12
8270.000000  5.373896e-12
8290.000000  5.342924e-12
8310.000000  5.294071e-12
8330.000000  5.213941e-12
8350.000000  5.271168e-12
8370.000000  5.188057e-12
8390.000000  5.185520e-12
8410.000000  5.190201e-12
8430.000000  5.237521e-12
8450.000000  5.170948e-12
8470.000000  5.105542e-12
8490.000000  5.186845e-12
8510.000000  4.865416e-12
8530.000000  5.182349e-12
8550.000000  4.342297e-12
8570.000000  5.277790e-12
8590.000000  5.184249e-12
8610.000000  5.071367e-12
8630.000000  5.276267e-12
8650.000000  5.192308e-12
8670.000000  4.365962e-12
8690.000000  5.133962e-12
8710.000000  5.203363e-12
8730.000000  5.162626e-12
8750.000000  4.812301e-12
8770.000000  5.106825e-12
8790.000000  5.106248e-12
8810.000000  5.053322e-12
8830.000000  5.015741e-12
8850.000000  4.964389e-12
8870.000000  4.674892e-12
8890.000000  4.975236e-12
8910.000000  4.943863e-12
8930.000000  4.907374e-12
8950.000000  4.910351e-12
8970.000000  4.891528e-12
8990.000000  4.856581e-12
9010.000000  4.536135e-12
9030.000000  4.742801e-12
9050.000000  4.805149e-12
9070.000000  4.703679e-12
9090.000000  4.624214e-12
9110.000000  4.689878e-12
9130.000000  4.708670e-12
9150.000000  4.692688e-12
9170.000000  4.666567e-12
9190.000000  4.644329e-12
9210.000000  4.567436e-12
9230.000000  4.239523e-12
9250.000000  4.487514e-12
9270.000000  4.520927e-12
9290.000000  4.535677e-12
9310.000000  4.516709e-12
9330.000000  4.492407e-12
9350.000000  4.470661e-12
9370.000000  4.450872e-12
9390.000000  4.428926e-12
9410.000000  4.316889e-12
9430.000000  4.364728e-12
9450.000000  4.353489e-12
9470.000000  4.348643e-12
9490.000000  4.330818e-12
9510.000000  4.305803e-12
9530.000000  4.261331e-12
9550.000000  3.966459e-12
9570.000000  4.225654e-12
9590.000000  4.228306e-12
9610.000000  4.182782e-12
9630.000000  4.148787e-12
9650.000000  4.153545e-12
9670.000000  4.105371e-12
9690.000000  4.111181e-12
9710.000000  4.110318e-12
9730.000000  4.090537e-12
9750.000000  4.049729e-12
9770.000000  4.051543e-12
9790.000000  4.030941e-12
9810.000000  4.015290e-12
9830.000000  3.997573e-12
9850.000000  3.968083e-12
9870.000000  3.952140e-12
9890.000000  3.921214e-12
9910.000000  3.914964e-12
9930.000000  3.896856e-12
9950.000000  3.883945e-12
9970.000000  3.869782e-12
9990.000000  3.852459e-12
10025.000000  3.782480e-12
10075.000000  3.680643e-12
10125.000000  3.716073e-12
10175.000000  3.681483e-12
10225.000000  3.645721e-12
10275.000000  3.611130e-12
10325.000000  3.545279e-12
10375.000000  3.524270e-12
10425.000000  3.488729e-12
10475.000000  3.421243e-12
10525.000000  3.403763e-12
10575.000000  3.365224e-12
10625.000000  3.320348e-12
10675.000000  3.244519e-12
10725.000000  3.238184e-12
10775.000000  3.208492e-12
10825.000000  3.164109e-12
10875.000000  3.138234e-12
10925.000000  3.001189e-12
10975.000000  3.063486e-12
11025.000000  3.053727e-12
11075.000000  3.024135e-12
11125.000000  2.984758e-12
11175.000000  2.952425e-12
11225.000000  2.927070e-12
11275.000000  2.875169e-12
11325.000000  2.842407e-12
11375.000000  2.825740e-12
11425.000000  2.783870e-12
11475.000000  2.774247e-12
11525.000000  2.746298e-12
11575.000000  2.713791e-12
11625.000000  2.663025e-12
11675.000000  2.628169e-12
11725.000000  2.632369e-12
11775.000000  2.569130e-12
11825.000000  2.557023e-12
11875.000000  2.519120e-12
11925.000000  2.526524e-12
11975.000000  2.472824e-12
12025.000000  2.465614e-12
12075.000000  2.436277e-12
12125.000000  2.414961e-12
12175.000000  2.397803e-12
12225.000000  2.371782e-12
12275.000000  2.343588e-12
12325.000000  2.323406e-12
12375.000000  2.299734e-12
12425.000000  2.278839e-12
12475.000000  2.255742e-12
12525.000000  2.229796e-12
12575.000000  2.201465e-12
12625.000000  2.181675e-12
12675.000000  2.166298e-12
12725.000000  2.146618e-12
12775.000000  2.122590e-12
12825.000000  2.007206e-12
12875.000000  2.081239e-12
12925.000000  2.060208e-12
12975.000000  2.040564e-12
13025.000000  2.021918e-12
13075.000000  2.002629e-12
13125.000000  1.980000e-12
13175.000000  1.958576e-12
13225.000000  1.944167e-12
13275.000000  1.923136e-12
13325.000000  1.906307e-12
13375.000000  1.888162e-12
13425.000000  1.870621e-12
13475.000000  1.852513e-12
13525.000000  1.832303e-12
13575.000000  1.813128e-12
13625.000000  1.799003e-12
13675.000000  1.781004e-12
13725.000000  1.751321e-12
13775.000000  1.743683e-12
13825.000000  1.727639e-12
13875.000000  1.715616e-12
13925.000000  1.696658e-12
13975.000000  1.682570e-12
14025.000000  1.665568e-12
14075.000000  1.651589e-12
14125.000000  1.633874e-12
14175.000000  1.620004e-12
14225.000000  1.602218e-12
14275.000000  1.586321e-12
14325.000000  1.575228e-12
14375.000000  1.561533e-12
14425.000000  1.522918e-12
14475.000000  1.531128e-12
14525.000000  1.504900e-12
14570.000000  1.501720e-12
14620.000000  1.485110e-12
14675.000000  1.475407e-12
14725.000000  1.457766e-12
14775.000000  1.442116e-12
14825.000000  1.430385e-12
14875.000000  1.409354e-12
14925.000000  1.407096e-12
14975.000000  1.394799e-12
15025.000000  1.365637e-12
15075.000000  1.359297e-12
15125.000000  1.351767e-12
15175.000000  1.340320e-12
15225.000000  1.345455e-12
15275.000000  1.310015e-12
15325.000000  1.300817e-12
15375.000000  1.315004e-12
15425.000000  1.268840e-12
15475.000000  1.295115e-12
15525.000000  1.290155e-12
15575.000000  1.234571e-12
15625.000000  1.275501e-12
15675.000000  1.253217e-12
15725.000000  1.205693e-12
15775.000000  1.239324e-12
15825.000000  1.235677e-12
15875.000000  1.156888e-12
15925.000000  1.213960e-12
15975.000000  1.208580e-12
16050.000000  1.187906e-12
16150.000000  1.137127e-12
16250.000000  1.149570e-12
16350.000000  1.120692e-12
16450.000000  1.070465e-12
16550.000000  1.080529e-12
16650.000000  1.058598e-12
16750.000000  1.032415e-12
16850.000000  9.853409e-13
16950.000000  9.958337e-13
17050.000000  9.729296e-13
17150.000000  9.549301e-13
17250.000000  9.327604e-13
17350.000000  8.855376e-13
17450.000000  8.941388e-13
17550.000000  8.791140e-13
17650.000000  8.607346e-13
17750.000000  8.456985e-13
17850.000000  8.290759e-13
17950.000000  8.150512e-13
18050.000000  7.978358e-13
18150.000000  7.608481e-13
18250.000000  7.656815e-13
18350.000000  7.534704e-13
18450.000000  7.388513e-13
18550.000000  7.246753e-13
18650.000000  7.114986e-13
18750.000000  6.704053e-13
18850.000000  6.835175e-13
18950.000000  6.680756e-13
19050.000000  6.608577e-13
19150.000000  6.485317e-13
19250.000000  6.365940e-13
19350.000000  6.244570e-13
19450.000000  5.951025e-13
19550.000000  6.023602e-13
19650.000000  5.918411e-13
19750.000000  5.795491e-13
19850.000000  5.707969e-13
19950.000000  5.606917e-13
20050.000000  5.512279e-13
20150.000000  5.417321e-13
20250.000000  5.318097e-13
20350.000000  5.220938e-13
20450.000000  5.139235e-13
20550.000000  5.049988e-13
20650.000000  4.956684e-13
20750.000000  4.875704e-13
20850.000000  4.794294e-13
20950.000000  4.708227e-13
21050.000000  4.630672e-13
21150.000000  4.546924e-13
21250.000000  4.470795e-13
21350.000000  4.397554e-13
21450.000000  4.331290e-13
21550.000000  4.260689e-13
21650.000000  4.071758e-13
21750.000000  4.116326e-13
21850.000000  4.049004e-13
21950.000000  3.988021e-13
22050.000000  3.915795e-13
22150.000000  3.850584e-13
22250.000000  3.796763e-13
22350.000000  3.735681e-13
22450.000000  3.676527e-13
22550.000000  3.605699e-13
22650.000000  3.556975e-13
22750.000000  3.502847e-13
22850.000000  3.448506e-13
22950.000000  3.393098e-13
23050.000000  3.344705e-13
23150.000000  3.291507e-13
23250.000000  3.241479e-13
23350.000000  3.190455e-13
23450.000000  3.141140e-13
23550.000000  3.094183e-13
23650.000000  3.045223e-13
23750.000000  3.000047e-13
23850.000000  2.953199e-13
23950.000000  2.908306e-13
24050.000000  2.861703e-13
24150.000000  2.815813e-13
24250.000000  2.793451e-13
24350.000000  2.729453e-13
24450.000000  2.687839e-13
24550.000000  2.671433e-13
24650.000000  2.620408e-13
24750.000000  2.582933e-13
24850.000000  2.558406e-13
24950.000000  2.484421e-13
