2505.000000  2.208333e-11
2513.000000  1.296981e-11
2518.000000  1.113990e-11
2525.000000  9.434674e-12
2535.000000  9.366369e-12
2545.000000  1.079613e-11
2555.000000  1.748492e-11
2565.000000  1.503136e-11
2575.000000  1.934587e-11
2585.000000  1.776149e-11
2595.000000  1.619560e-11
2605.000000  1.357923e-11
2615.000000  1.215206e-11
2625.000000  1.755136e-11
2635.000000  2.552489e-11
2645.000000  3.531463e-11
2655.000000  4.118427e-11
2665.000000  2.853368e-11
2675.000000  3.318288e-11
2685.000000  3.497675e-11
2695.000000  2.855956e-11
2705.000000  3.352651e-11
2715.000000  2.627441e-11
2725.000000  2.578265e-11
2735.000000  2.905611e-11
2745.000000  1.517023e-11
2755.000000  2.001481e-11
2765.000000  2.508174e-11
2775.000000  2.987898e-11
2785.000000  1.874642e-11
2795.000000  5.894492e-12
2805.000000  7.949867e-12
2815.000000  2.798305e-11
2825.000000  3.944148e-11
2835.000000  3.727094e-11
2845.000000  3.362498e-11
2855.000000  2.152669e-11
2865.000000  3.827738e-11
2875.000000  4.042858e-11
2885.000000  3.808526e-11
2895.000000  3.845774e-11
2910.000000  4.890922e-11
2930.000000  4.438748e-11
2950.000000  4.362972e-11
2970.000000  4.821618e-11
2990.000000  4.777938e-11
3010.000000  5.060356e-11
3030.000000  5.006295e-11
3050.000000  5.129185e-11
3070.000000  5.168518e-11
3090.000000  5.327205e-11
3110.000000  5.235880e-11
3130.000000  5.169840e-11
3150.000000  5.184121e-11
3170.000000  5.319829e-11
3190.000000  4.816033e-11
3210.000000  5.225864e-11
3230.000000  4.587497e-11
3250.000000  5.308602e-11
3270.000000  5.778065e-11
3290.000000  5.675748e-11
3310.000000  5.815392e-11
3330.000000  5.729691e-11
3350.000000  5.643692e-11
3370.000000  5.226834e-11
3390.000000  5.539919e-11
3410.000000  5.551674e-11
3430.000000  5.620385e-11
3450.000000  5.750409e-11
3470.000000  5.698870e-11
3490.000000  5.808393e-11
3510.000000  5.982446e-11
3530.000000  5.761596e-11
3550.000000  6.331067e-11
3570.000000  5.592720e-11
3590.000000  5.538280e-11
3610.000000  5.692209e-11
3630.000000  5.741952e-11
3640.000000  5.698860e-11
3650.000000  6.269144e-11
3670.000000  6.163442e-11
3690.000000  5.981986e-11
3710.000000  6.295183e-11
3730.000000  6.049430e-11
3750.000000  6.907040e-11
3770.000000  7.489451e-11
3790.000000  8.339324e-11
3810.000000  9.173644e-11
3830.000000  7.234929e-11
3850.000000  9.395086e-11
3870.000000  9.890506e-11
3890.000000  7.825980e-11
3910.000000  9.778079e-11
3930.000000  6.274227e-11
3950.000000  9.110761e-11
3970.000000  6.057863e-11
3990.000000  1.026486e-10
4010.000000  1.088873e-10
4030.000000  1.087156e-10
4050.000000  1.066557e-10
4070.000000  1.050564e-10
4090.000000  1.023984e-10
4110.000000  8.927316e-11
4130.000000  1.075419e-10
4150.000000  1.113262e-10
4170.000000  1.097951e-10
4190.000000  1.085461e-10
4210.000000  1.082893e-10
4230.000000  1.045236e-10
4250.000000  1.071186e-10
4270.000000  1.038704e-10
4290.000000  1.001732e-10
4310.000000  9.153957e-11
4330.000000  9.525506e-11
4350.000000  8.622928e-11
4370.000000  1.069910e-10
4390.000000  1.036106e-10
4410.000000  1.040807e-10
4430.000000  1.039735e-10
4450.000000  1.039864e-10
4470.000000  1.055937e-10
4490.000000  1.052410e-10
4510.000000  1.107926e-10
4530.000000  1.035915e-10
4550.000000  1.043146e-10
4570.000000  1.090395e-10
4590.000000  1.039390e-10
4610.000000  1.061027e-10
4630.000000  1.039270e-10
4650.000000  1.048067e-10
4670.000000  1.060797e-10
4690.000000  1.031508e-10
4710.000000  9.918956e-11
4730.000000  1.037612e-10
4750.000000  1.041386e-10
4770.000000  1.031475e-10
4790.000000  1.024978e-10
4810.000000  1.013422e-10
4830.000000  1.005556e-10
4850.000000  8.954045e-11
4870.000000  7.621108e-11
4890.000000  9.566790e-11
4910.000000  9.662253e-11
4930.000000  9.505472e-11
4950.000000  9.743276e-11
4970.000000  9.814612e-11
4990.000000  9.295366e-11
5010.000000  8.978605e-11
5030.000000  9.363796e-11
5050.000000  9.278050e-11
5070.000000  9.506663e-11
5090.000000  9.274875e-11
5110.000000  9.332820e-11
5130.000000  9.120154e-11
5150.000000  8.905155e-11
5170.000000  8.656350e-11
5190.000000  8.571844e-11
5210.000000  8.765847e-11
5230.000000  8.807519e-11
5250.000000  8.944802e-11
5270.000000  8.234898e-11
5290.000000  8.789024e-11
5310.000000  8.836326e-11
5330.000000  8.339102e-11
5350.000000  8.685728e-11
5370.000000  8.633193e-11
5390.000000  8.548056e-11
5410.000000  8.326102e-11
5430.000000  8.454433e-11
5450.000000  8.546346e-11
5470.000000  8.417635e-11
5490.000000  8.359864e-11
5510.000000  8.340213e-11
5530.000000  8.310459e-11
5550.000000  8.346659e-11
5570.000000  8.172521e-11
5590.000000  8.067363e-11
5610.000000  8.131749e-11
5630.000000  8.152504e-11
5650.000000  8.074581e-11
5670.000000  7.922209e-11
5690.000000  7.971755e-11
5710.000000  7.875022e-11
5730.000000  8.081678e-11
5750.000000  7.902813e-11
5770.000000  7.912741e-11
5790.000000  7.792860e-11
5810.000000  7.819053e-11
5830.000000  7.826188e-11
5850.000000  7.701117e-11
5870.000000  7.678936e-11
5890.000000  7.435245e-11
5910.000000  7.580558e-11
5930.000000  7.530984e-11
5950.000000  7.510991e-11
5970.000000  7.473650e-11
5990.000000  7.397363e-11
6010.000000  7.299306e-11
6030.000000  7.271397e-11
6050.000000  7.303816e-11
6070.000000  7.280747e-11
6090.000000  7.166970e-11
6110.000000  7.085706e-11
6130.000000  6.918650e-11
6150.000000  6.889885e-11
6170.000000  6.791901e-11
6190.000000  6.956449e-11
6210.000000  6.937457e-11
6230.000000  6.812219e-11
6250.000000  6.617325e-11
6270.000000  6.803777e-11
6290.000000  6.780480e-11
6310.000000  6.626752e-11
6330.000000  6.623995e-11
6350.000000  6.584866e-11
6370.000000  6.543348e-11
6390.000000  6.546971e-11
6410.000000  6.422465e-11
6430.000000  6.441105e-11
6450.000000  6.352440e-11
6470.000000  6.339138e-11
6490.000000  6.233688e-11
6510.000000  6.275382e-11
6530.000000  6.206072e-11
6550.000000  5.795870e-11
6570.000000  4.910243e-11
6590.000000  5.989048e-11
6610.000000  6.111587e-11
6630.000000  6.098355e-11
6650.000000  6.069423e-11
6670.000000  6.006587e-11
6690.000000  6.026165e-11
6710.000000  5.956699e-11
6730.000000  5.949022e-11
6750.000000  5.867723e-11
6770.000000  5.872225e-11
6790.000000  5.830570e-11
6810.000000  5.788117e-11
6830.000000  5.764858e-11
6850.000000  5.693265e-11
6870.000000  5.697633e-11
6890.000000  5.669252e-11
6910.000000  5.630343e-11
6930.000000  5.594196e-11
6950.000000  5.564788e-11
6970.000000  5.533353e-11
6990.000000  5.507362e-11
7010.000000  5.389958e-11
7030.000000  5.416627e-11
7050.000000  5.403678e-11
7070.000000  5.364296e-11
7090.000000  5.331305e-11
7110.000000  5.254695e-11
7130.000000  5.237594e-11
7150.000000  5.207798e-11
7170.000000  5.169782e-11
7190.000000  5.096172e-11
7210.000000  5.111458e-11
7230.000000  5.082787e-11
7250.000000  5.069954e-11
7270.000000  5.054338e-11
7290.000000  4.962441e-11
7310.000000  4.974158e-11
7330.000000  4.948384e-11
7350.000000  4.940368e-11
7370.000000  4.917807e-11
7390.000000  4.833886e-11
7410.000000  4.769643e-11
7430.000000  4.772791e-11
7450.000000  4.760704e-11
7470.000000  4.747929e-11
7490.000000  4.712434e-11
7510.000000  4.701367e-11
7530.000000  4.682109e-11
7550.000000  4.675438e-11
7570.000000  4.628542e-11
7590.000000  4.607804e-11
7610.000000  4.573904e-11
7630.000000  4.563810e-11
7650.000000  4.527814e-11
7670.000000  4.449524e-11
7690.000000  4.465726e-11
7710.000000  4.428643e-11
7730.000000  4.420065e-11
7750.000000  4.371686e-11
7770.000000  4.329614e-11
7790.000000  4.367227e-11
7810.000000  4.332931e-11
7830.000000  4.284707e-11
7850.000000  4.258375e-11
7870.000000  4.258518e-11
7890.000000  4.231259e-11
7910.000000  4.193569e-11
7930.000000  4.128457e-11
7950.000000  4.125816e-11
7970.000000  4.148430e-11
7990.000000  4.119666e-11
8010.000000  4.083424e-11
8030.000000  4.056840e-11
8050.000000  4.031467e-11
8070.000000  4.026966e-11
8090.000000  3.981005e-11
8110.000000  3.987891e-11
8130.000000  3.975883e-11
8150.000000  3.947283e-11
8170.000000  3.924520e-11
8190.000000  3.832175e-11
8210.000000  3.829209e-11
8230.000000  3.808941e-11
8250.000000  3.800188e-11
8270.000000  3.820310e-11
8290.000000  3.793717e-11
8310.000000  3.744414e-11
8330.000000  3.700239e-11
8350.000000  3.715408e-11
8370.000000  3.710135e-11
8390.000000  3.662520e-11
8410.000000  3.668303e-11
8430.000000  3.623283e-11
8450.000000  3.581880e-11
8470.000000  3.568010e-11
8490.000000  3.548019e-11
8510.000000  3.384502e-11
8530.000000  3.504693e-11
8550.000000  3.062319e-11
8570.000000  3.532518e-11
8590.000000  3.429415e-11
8610.000000  3.385042e-11
8630.000000  3.482536e-11
8650.000000  3.419167e-11
8670.000000  2.949025e-11
8690.000000  3.353218e-11
8710.000000  3.418611e-11
8730.000000  3.372462e-11
8750.000000  3.085310e-11
8770.000000  3.322092e-11
8790.000000  3.357905e-11
8810.000000  3.324401e-11
8830.000000  3.298474e-11
8850.000000  3.197443e-11
8870.000000  2.954203e-11
8890.000000  3.245558e-11
8910.000000  3.266432e-11
8930.000000  3.230516e-11
8950.000000  3.240058e-11
8970.000000  3.216887e-11
8990.000000  3.176830e-11
9010.000000  2.842810e-11
9030.000000  3.018105e-11
9050.000000  3.151611e-11
9070.000000  3.093240e-11
9090.000000  3.030088e-11
9110.000000  3.077674e-11
9130.000000  3.107621e-11
9150.000000  3.094577e-11
9170.000000  3.069477e-11
9190.000000  3.046890e-11
9210.000000  2.938944e-11
9230.000000  2.615678e-11
9250.000000  2.869536e-11
9270.000000  2.937873e-11
9290.000000  2.975862e-11
9310.000000  2.971557e-11
9330.000000  2.952517e-11
9350.000000  2.940461e-11
9370.000000  2.927778e-11
9390.000000  2.907736e-11
9410.000000  2.795686e-11
9430.000000  2.856087e-11
9450.000000  2.836924e-11
9470.000000  2.849097e-11
9490.000000  2.835019e-11
9510.000000  2.796756e-11
9530.000000  2.714634e-11
9550.000000  2.418305e-11
9570.000000  2.698728e-11
9590.000000  2.746654e-11
9610.000000  2.721036e-11
9630.000000  2.694761e-11
9650.000000  2.701810e-11
9670.000000  2.670135e-11
9690.000000  2.671622e-11
9710.000000  2.682765e-11
9730.000000  2.669962e-11
9750.000000  2.632645e-11
9770.000000  2.638220e-11
9790.000000  2.622639e-11
9810.000000  2.616862e-11
9830.000000  2.599950e-11
9850.000000  2.581321e-11
9870.000000  2.562836e-11
9890.000000  2.542106e-11
9910.000000  2.528300e-11
9930.000000  2.534843e-11
9950.000000  2.521722e-11
9970.000000  2.509074e-11
9990.000000  2.491637e-11
10025.000000  2.394973e-11
10075.000000  2.309770e-11
10125.000000  2.398866e-11
10175.000000  2.371655e-11
10225.000000  2.355164e-11
10275.000000  2.334624e-11
10325.000000  2.291209e-11
10375.000000  2.268640e-11
10425.000000  2.246195e-11
10475.000000  2.194156e-11
10525.000000  2.185026e-11
10575.000000  2.156805e-11
10625.000000  2.129634e-11
10675.000000  2.067395e-11
10725.000000  2.067018e-11
10775.000000  2.044128e-11
10825.000000  2.006932e-11
10875.000000  1.982644e-11
10925.000000  1.829560e-11
10975.000000  1.899384e-11
11025.000000  1.935069e-11
11075.000000  1.925120e-11
11125.000000  1.896389e-11
11175.000000  1.872769e-11
11225.000000  1.859114e-11
11275.000000  1.810318e-11
11325.000000  1.794500e-11
11375.000000  1.785007e-11
11425.000000  1.751438e-11
11475.000000  1.757285e-11
11525.000000  1.738224e-11
11575.000000  1.712813e-11
11625.000000  1.674616e-11
11675.000000  1.652333e-11
11725.000000  1.662806e-11
11775.000000  1.613108e-11
11825.000000  1.606067e-11
11875.000000  1.579684e-11
11925.000000  1.593998e-11
11975.000000  1.546460e-11
12025.000000  1.546504e-11
12075.000000  1.524786e-11
12125.000000  1.512397e-11
12175.000000  1.506746e-11
12225.000000  1.488957e-11
12275.000000  1.468348e-11
12325.000000  1.455030e-11
12375.000000  1.440465e-11
12425.000000  1.426161e-11
12475.000000  1.412188e-11
12525.000000  1.392809e-11
12575.000000  1.373700e-11
12625.000000  1.362532e-11
12675.000000  1.349286e-11
12725.000000  1.335603e-11
12775.000000  1.302354e-11
12825.000000  1.166158e-11
12875.000000  1.277946e-11
12925.000000  1.277209e-11
12975.000000  1.270634e-11
13025.000000  1.255582e-11
13075.000000  1.247253e-11
13125.000000  1.227632e-11
13175.000000  1.212253e-11
13225.000000  1.209081e-11
13275.000000  1.191331e-11
13325.000000  1.182959e-11
13375.000000  1.169865e-11
13425.000000  1.160795e-11
13475.000000  1.148896e-11
13525.000000  1.135326e-11
13575.000000  1.118758e-11
13625.000000  1.113053e-11
13675.000000  1.099969e-11
13725.000000  1.081389e-11
13775.000000  1.076150e-11
13825.000000  1.067058e-11
13875.000000  1.061603e-11
13925.000000  1.046351e-11
13975.000000  1.037349e-11
14025.000000  1.024942e-11
14075.000000  1.018964e-11
14125.000000  1.003839e-11
14175.000000  9.994803e-12
14225.000000  9.822597e-12
14275.000000  9.687646e-12
14325.000000  9.685084e-12
14375.000000  9.627085e-12
14425.000000  9.276567e-12
14475.000000  9.415426e-12
14525.000000  9.195052e-12
14570.000000  9.212951e-12
14620.000000  9.105960e-12
14675.000000  9.042897e-12
14725.000000  8.889034e-12
14775.000000  8.794190e-12
14825.000000  8.745879e-12
14875.000000  8.576600e-12
14925.000000  8.653741e-12
14975.000000  8.518853e-12
15025.000000  8.368656e-12
15075.000000  8.278096e-12
15125.000000  8.297905e-12
15175.000000  8.238728e-12
15225.000000  8.107758e-12
15275.000000  8.065688e-12
15325.000000  7.971900e-12
15375.000000  7.903047e-12
15425.000000  7.774572e-12
15475.000000  7.738264e-12
15525.000000  7.661597e-12
15575.000000  7.525865e-12
15625.000000  7.574749e-12
15675.000000  7.388349e-12
15725.000000  7.283819e-12
15775.000000  7.226055e-12
15825.000000  7.225980e-12
15875.000000  6.837903e-12
15925.000000  7.048690e-12
15975.000000  7.066106e-12
16050.000000  6.897186e-12
16150.000000  6.608148e-12
16250.000000  6.747569e-12
16350.000000  6.470300e-12
16450.000000  6.145730e-12
16550.000000  6.355814e-12
16650.000000  6.238841e-12
16750.000000  5.934674e-12
16850.000000  5.601640e-12
16950.000000  5.864509e-12
17050.000000  5.716781e-12
17150.000000  5.617633e-12
17250.000000  5.434205e-12
17350.000000  4.925214e-12
17450.000000  5.162089e-12
17550.000000  5.147225e-12
17650.000000  5.045381e-12
17750.000000  4.957330e-12
17850.000000  4.861744e-12
17950.000000  4.780350e-12
18050.000000  4.641464e-12
18150.000000  4.232273e-12
18250.000000  4.378594e-12
18350.000000  4.388471e-12
18450.000000  4.297103e-12
18550.000000  4.215344e-12
18650.000000  4.101357e-12
18750.000000  3.703727e-12
18850.000000  3.933676e-12
18950.000000  3.845180e-12
19050.000000  3.844788e-12
19150.000000  3.764561e-12
19250.000000  3.689921e-12
19350.000000  3.580936e-12
19450.000000  3.254571e-12
19550.000000  3.458023e-12
19650.000000  3.419937e-12
19750.000000  3.350622e-12
19850.000000  3.303283e-12
19950.000000  3.242660e-12
20050.000000  3.191177e-12
20150.000000  3.140207e-12
20250.000000  3.070914e-12
20350.000000  3.003741e-12
20450.000000  2.973662e-12
20550.000000  2.916265e-12
20650.000000  2.854155e-12
20750.000000  2.809670e-12
20850.000000  2.761175e-12
20950.000000  2.705067e-12
21050.000000  2.666357e-12
21150.000000  2.613792e-12
21250.000000  2.567982e-12
21350.000000  2.526847e-12
21450.000000  2.487422e-12
21550.000000  2.429081e-12
21650.000000  2.214190e-12
21750.000000  2.327509e-12
21850.000000  2.313214e-12
21950.000000  2.288328e-12
22050.000000  2.237127e-12
22150.000000  2.205582e-12
22250.000000  2.174074e-12
22350.000000  2.137864e-12
22450.000000  2.102975e-12
22550.000000  2.057411e-12
22650.000000  2.029404e-12
22750.000000  2.000317e-12
22850.000000  1.963423e-12
22950.000000  1.932923e-12
23050.000000  1.907849e-12
23150.000000  1.874281e-12
23250.000000  1.846982e-12
23350.000000  1.814876e-12
23450.000000  1.789869e-12
23550.000000  1.760386e-12
23650.000000  1.734906e-12
23750.000000  1.700853e-12
23850.000000  1.675528e-12
23950.000000  1.653483e-12
24050.000000  1.626383e-12
24150.000000  1.598551e-12
24250.000000  1.576950e-12
24350.000000  1.549829e-12
24450.000000  1.529074e-12
24550.000000  1.499505e-12
24650.000000  1.483084e-12
24750.000000  1.457722e-12
24850.000000  1.432172e-12
24950.000000  1.411597e-12
