2505.000000  6.833440e-11
2513.000000  5.266773e-11
2518.000000  5.488351e-11
2525.000000  4.643504e-11
2535.000000  4.272830e-11
2545.000000  4.320505e-11
2555.000000  5.281180e-11
2565.000000  4.850561e-11
2575.000000  5.704010e-11
2585.000000  5.567599e-11
2595.000000  5.219690e-11
2605.000000  4.712270e-11
2615.000000  4.359161e-11
2625.000000  5.641090e-11
2635.000000  6.263773e-11
2645.000000  8.196004e-11
2655.000000  8.504997e-11
2665.000000  6.797449e-11
2675.000000  7.589877e-11
2685.000000  7.467639e-11
2695.000000  6.837300e-11
2705.000000  7.353338e-11
2715.000000  6.468843e-11
2725.000000  6.600901e-11
2735.000000  7.290487e-11
2745.000000  4.734940e-11
2755.000000  5.417309e-11
2765.000000  6.011452e-11
2775.000000  7.191647e-11
2785.000000  6.128698e-11
2795.000000  2.510052e-11
2805.000000  3.305311e-11
2815.000000  7.302255e-11
2825.000000  8.395124e-11
2835.000000  7.888371e-11
2845.000000  7.471146e-11
2855.000000  6.671146e-11
2865.000000  8.004749e-11
2875.000000  7.762139e-11
2885.000000  7.903583e-11
2895.000000  7.398381e-11
2910.000000  8.933437e-11
2930.000000  8.395074e-11
2950.000000  8.303392e-11
2970.000000  8.836474e-11
2990.000000  8.905587e-11
3010.000000  9.188919e-11
3030.000000  9.070638e-11
3050.000000  9.067967e-11
3070.000000  9.199417e-11
3090.000000  9.463864e-11
3110.000000  9.111912e-11
3130.000000  9.042589e-11
3150.000000  9.446221e-11
3170.000000  9.401338e-11
3190.000000  8.719418e-11
3210.000000  9.130386e-11
3230.000000  8.634605e-11
3250.000000  9.128494e-11
3270.000000  9.395614e-11
3290.000000  9.468128e-11
3310.000000  9.696178e-11
3330.000000  9.451608e-11
3350.000000  9.336423e-11
3370.000000  9.176498e-11
3390.000000  9.303665e-11
3410.000000  9.415734e-11
3430.000000  9.537586e-11
3450.000000  9.483725e-11
3470.000000  9.341420e-11
3490.000000  9.309730e-11
3510.000000  9.580881e-11
3530.000000  9.538082e-11
3550.000000  9.878374e-11
3570.000000  9.345838e-11
3590.000000  9.305371e-11
3610.000000  9.370927e-11
3630.000000  9.488305e-11
3640.000000  9.330593e-11
3650.000000  9.822664e-11
3670.000000  9.675344e-11
3690.000000  9.338981e-11
3710.000000  1.046409e-10
3730.000000  1.135381e-10
3750.000000  1.470009e-10
3770.000000  1.592481e-10
3790.000000  1.962674e-10
3810.000000  2.291028e-10
3830.000000  1.802396e-10
3850.000000  2.512469e-10
3870.000000  2.813905e-10
3890.000000  1.665080e-10
3910.000000  2.760620e-10
3930.000000  2.248680e-10
3950.000000  2.709079e-10
3970.000000  1.476209e-10
3990.000000  2.733386e-10
4010.000000  3.031739e-10
4030.000000  3.010557e-10
4050.000000  2.973356e-10
4070.000000  2.849416e-10
4090.000000  2.343527e-10
4110.000000  1.804534e-10
4130.000000  2.735163e-10
4150.000000  2.888611e-10
4170.000000  2.852975e-10
4190.000000  2.828172e-10
4210.000000  2.817405e-10
4230.000000  2.739993e-10
4250.000000  2.751552e-10
4270.000000  2.641405e-10
4290.000000  2.659306e-10
4310.000000  2.440573e-10
4330.000000  1.976264e-10
4350.000000  1.688869e-10
4370.000000  2.494839e-10
4390.000000  2.531487e-10
4410.000000  2.486667e-10
4430.000000  2.463826e-10
4450.000000  2.494336e-10
4470.000000  2.478835e-10
4490.000000  2.453207e-10
4510.000000  2.513998e-10
4530.000000  2.402549e-10
4550.000000  2.363948e-10
4570.000000  2.439083e-10
4590.000000  2.339021e-10
4610.000000  2.388597e-10
4630.000000  2.314388e-10
4650.000000  2.330034e-10
4670.000000  2.321119e-10
4690.000000  2.235127e-10
4710.000000  2.154620e-10
4730.000000  2.242044e-10
4750.000000  2.236610e-10
4770.000000  2.193780e-10
4790.000000  2.170389e-10
4810.000000  2.124810e-10
4830.000000  2.040995e-10
4850.000000  1.626698e-10
4870.000000  1.302932e-10
4890.000000  1.917443e-10
4910.000000  1.998435e-10
4930.000000  1.968070e-10
4950.000000  2.002154e-10
4970.000000  2.010154e-10
4990.000000  1.930849e-10
5010.000000  1.862537e-10
5030.000000  1.911308e-10
5050.000000  1.875461e-10
5070.000000  1.902704e-10
5090.000000  1.872261e-10
5110.000000  1.866433e-10
5130.000000  1.824005e-10
5150.000000  1.783252e-10
5170.000000  1.749485e-10
5190.000000  1.730319e-10
5210.000000  1.731496e-10
5230.000000  1.714737e-10
5250.000000  1.739514e-10
5270.000000  1.632031e-10
5290.000000  1.697146e-10
5310.000000  1.670455e-10
5330.000000  1.614535e-10
5350.000000  1.656806e-10
5370.000000  1.635259e-10
5390.000000  1.616313e-10
5410.000000  1.581324e-10
5430.000000  1.584336e-10
5450.000000  1.591081e-10
5470.000000  1.569477e-10
5490.000000  1.560918e-10
5510.000000  1.546612e-10
5530.000000  1.529723e-10
5550.000000  1.528767e-10
5570.000000  1.503296e-10
5590.000000  1.485878e-10
5610.000000  1.481679e-10
5630.000000  1.478316e-10
5650.000000  1.458811e-10
5670.000000  1.436495e-10
5690.000000  1.435825e-10
5710.000000  1.421586e-10
5730.000000  1.427106e-10
5750.000000  1.403573e-10
5770.000000  1.395566e-10
5790.000000  1.379374e-10
5810.000000  1.370817e-10
5830.000000  1.361912e-10
5850.000000  1.345138e-10
5870.000000  1.335339e-10
5890.000000  1.304138e-10
5910.000000  1.312331e-10
5930.000000  1.300709e-10
5950.000000  1.289065e-10
5970.000000  1.279928e-10
5990.000000  1.263313e-10
6010.000000  1.246054e-10
6030.000000  1.241706e-10
6050.000000  1.233415e-10
6070.000000  1.227839e-10
6090.000000  1.212895e-10
6110.000000  1.198684e-10
6130.000000  1.177404e-10
6150.000000  1.156904e-10
6170.000000  1.154192e-10
6190.000000  1.163237e-10
6210.000000  1.154748e-10
6230.000000  1.137727e-10
6250.000000  1.106612e-10
6270.000000  1.126895e-10
6290.000000  1.117948e-10
6310.000000  1.097282e-10
6330.000000  1.093448e-10
6350.000000  1.077654e-10
6370.000000  1.070506e-10
6390.000000  1.067700e-10
6410.000000  1.049743e-10
6430.000000  1.047265e-10
6450.000000  1.026299e-10
6470.000000  1.027600e-10
6490.000000  1.006965e-10
6510.000000  1.002372e-10
6530.000000  9.779507e-11
6550.000000  8.617650e-11
6570.000000  6.880547e-11
6590.000000  9.270037e-11
6610.000000  9.612320e-11
6630.000000  9.642769e-11
6650.000000  9.589866e-11
6670.000000  9.502085e-11
6690.000000  9.474730e-11
6710.000000  9.396273e-11
6730.000000  9.323486e-11
6750.000000  9.202945e-11
6770.000000  9.199480e-11
6790.000000  9.116282e-11
6810.000000  9.046727e-11
6830.000000  8.952323e-11
6850.000000  8.884534e-11
6870.000000  8.836292e-11
6890.000000  8.771861e-11
6910.000000  8.698374e-11
6930.000000  8.624235e-11
6950.000000  8.564277e-11
6970.000000  8.490790e-11
6990.000000  8.437806e-11
7010.000000  8.299854e-11
7030.000000  8.275998e-11
7050.000000  8.231259e-11
7070.000000  8.174803e-11
7090.000000  8.112762e-11
7110.000000  7.896060e-11
7130.000000  7.936008e-11
7150.000000  7.891269e-11
7170.000000  7.830343e-11
7190.000000  7.754389e-11
7210.000000  7.713852e-11
7230.000000  7.651812e-11
7250.000000  7.585381e-11
7270.000000  7.566650e-11
7290.000000  7.462952e-11
7310.000000  7.421685e-11
7330.000000  7.372204e-11
7350.000000  7.342031e-11
7370.000000  7.295288e-11
7390.000000  7.205884e-11
7410.000000  7.118216e-11
7430.000000  7.055413e-11
7450.000000  7.027358e-11
7470.000000  6.942857e-11
7490.000000  6.916836e-11
7510.000000  6.890520e-11
7530.000000  6.854139e-11
7550.000000  6.828553e-11
7570.000000  6.764778e-11
7590.000000  6.723542e-11
7610.000000  6.673680e-11
7630.000000  6.626858e-11
7650.000000  6.563084e-11
7670.000000  6.483392e-11
7690.000000  6.458074e-11
7710.000000  6.405361e-11
7730.000000  6.385665e-11
7750.000000  6.325011e-11
7770.000000  6.168375e-11
7790.000000  6.261661e-11
7810.000000  6.210333e-11
7830.000000  6.137232e-11
7850.000000  6.075194e-11
7870.000000  6.044751e-11
7890.000000  5.990688e-11
7910.000000  5.947257e-11
7930.000000  5.895073e-11
7950.000000  5.848571e-11
7970.000000  5.870067e-11
7990.000000  5.773662e-11
8010.000000  5.769566e-11
8030.000000  5.718622e-11
8050.000000  5.688834e-11
8070.000000  5.649335e-11
8090.000000  5.604982e-11
8110.000000  5.584903e-11
8130.000000  5.552265e-11
8150.000000  5.512767e-11
8170.000000  5.476119e-11
8190.000000  5.354735e-11
8210.000000  5.339518e-11
8230.000000  5.303137e-11
8250.000000  5.279939e-11
8270.000000  5.304210e-11
8290.000000  5.262978e-11
8310.000000  5.216541e-11
8330.000000  5.128758e-11
8350.000000  5.149260e-11
8370.000000  5.111651e-11
8390.000000  5.049881e-11
8410.000000  5.018595e-11
8430.000000  4.986298e-11
8450.000000  4.888515e-11
8470.000000  4.802068e-11
8490.000000  4.948242e-11
8510.000000  4.565744e-11
8530.000000  4.946686e-11
8550.000000  4.201154e-11
8570.000000  5.002818e-11
8590.000000  4.641677e-11
8610.000000  4.498805e-11
8630.000000  5.015782e-11
8650.000000  4.839883e-11
8670.000000  3.895654e-11
8690.000000  4.829838e-11
8710.000000  5.045585e-11
8730.000000  4.870527e-11
8750.000000  3.895123e-11
8770.000000  4.678554e-11
8790.000000  4.986228e-11
8810.000000  4.988501e-11
8830.000000  4.831640e-11
8850.000000  4.415346e-11
8870.000000  3.759224e-11
8890.000000  4.674889e-11
8910.000000  4.829084e-11
8930.000000  4.828715e-11
8950.000000  4.848481e-11
8970.000000  4.762184e-11
8990.000000  4.576300e-11
9010.000000  3.693565e-11
9030.000000  4.067795e-11
9050.000000  4.562354e-11
9070.000000  4.535188e-11
9090.000000  4.478328e-11
9110.000000  4.574130e-11
9130.000000  4.588591e-11
9150.000000  4.574501e-11
9170.000000  4.510043e-11
9190.000000  4.402442e-11
9210.000000  4.118628e-11
9230.000000  3.264145e-11
9250.000000  3.961813e-11
9270.000000  4.188250e-11
9290.000000  4.340525e-11
9310.000000  4.344005e-11
9330.000000  4.317183e-11
9350.000000  4.302323e-11
9370.000000  4.282035e-11
9390.000000  4.227313e-11
9410.000000  4.079581e-11
9430.000000  4.152136e-11
9450.000000  4.133694e-11
9470.000000  4.120019e-11
9490.000000  4.075101e-11
9510.000000  3.971313e-11
9530.000000  3.685800e-11
9550.000000  2.991365e-11
9570.000000  3.699300e-11
9590.000000  3.888933e-11
9610.000000  3.888408e-11
9630.000000  3.842174e-11
9650.000000  3.880483e-11
9670.000000  3.820070e-11
9690.000000  3.810322e-11
9710.000000  3.845447e-11
9730.000000  3.816551e-11
9750.000000  3.764871e-11
9770.000000  3.773175e-11
9790.000000  3.747838e-11
9810.000000  3.724799e-11
9830.000000  3.695969e-11
9850.000000  3.651998e-11
9870.000000  3.631777e-11
9890.000000  3.591011e-11
9910.000000  3.576878e-11
9930.000000  3.565862e-11
9950.000000  3.540648e-11
9970.000000  3.521694e-11
9990.000000  3.481986e-11
10025.000000  3.198290e-11
10075.000000  3.036832e-11
10125.000000  3.315694e-11
10175.000000  3.306989e-11
10225.000000  3.276216e-11
10275.000000  3.232844e-11
10325.000000  3.169308e-11
10375.000000  3.129046e-11
10425.000000  3.083397e-11
10475.000000  3.000012e-11
10525.000000  2.973837e-11
10575.000000  2.936521e-11
10625.000000  2.895372e-11
10675.000000  2.800960e-11
10725.000000  2.792952e-11
10775.000000  2.757033e-11
10825.000000  2.709509e-11
10875.000000  2.647658e-11
10925.000000  2.276855e-11
10975.000000  2.464193e-11
11025.000000  2.568260e-11
11075.000000  2.551325e-11
11125.000000  2.510887e-11
11175.000000  2.477392e-11
11225.000000  2.449041e-11
11275.000000  2.369604e-11
11325.000000  2.341356e-11
11375.000000  2.333500e-11
11425.000000  2.286309e-11
11475.000000  2.283550e-11
11525.000000  2.254289e-11
11575.000000  2.219241e-11
11625.000000  2.160752e-11
11675.000000  2.119681e-11
11725.000000  2.133071e-11
11775.000000  2.062397e-11
11825.000000  2.053337e-11
11875.000000  2.012574e-11
11925.000000  2.024084e-11
11975.000000  1.972298e-11
12025.000000  1.959617e-11
12075.000000  1.927994e-11
12125.000000  1.904873e-11
12175.000000  1.887952e-11
12225.000000  1.859566e-11
12275.000000  1.832360e-11
12325.000000  1.810001e-11
12375.000000  1.789372e-11
12425.000000  1.770686e-11
12475.000000  1.743303e-11
12525.000000  1.718550e-11
12575.000000  1.685719e-11
12625.000000  1.671698e-11
12675.000000  1.654637e-11
12725.000000  1.629202e-11
12775.000000  1.567511e-11
12825.000000  1.349170e-11
12875.000000  1.538478e-11
12925.000000  1.546404e-11
12975.000000  1.533699e-11
13025.000000  1.517228e-11
13075.000000  1.500832e-11
13125.000000  1.478542e-11
13175.000000  1.455174e-11
13225.000000  1.444707e-11
13275.000000  1.425751e-11
13325.000000  1.409731e-11
13375.000000  1.391634e-11
13425.000000  1.374891e-11
13475.000000  1.357765e-11
13525.000000  1.337415e-11
13575.000000  1.319707e-11
13625.000000  1.308330e-11
13675.000000  1.290693e-11
13725.000000  1.262989e-11
13775.000000  1.257030e-11
13825.000000  1.243092e-11
13875.000000  1.233357e-11
13925.000000  1.212698e-11
13975.000000  1.200979e-11
14025.000000  1.187252e-11
14075.000000  1.175190e-11
14125.000000  1.158207e-11
14175.000000  1.146557e-11
14225.000000  1.130818e-11
14275.000000  1.116270e-11
14325.000000  1.106213e-11
14375.000000  1.095361e-11
14425.000000  1.059133e-11
14475.000000  1.068039e-11
14525.000000  1.043911e-11
14570.000000  1.043467e-11
14620.000000  1.028769e-11
14675.000000  1.019937e-11
14725.000000  1.005196e-11
14775.000000  9.900513e-12
14825.000000  9.821781e-12
14875.000000  9.666591e-12
14925.000000  9.665783e-12
14975.000000  9.522965e-12
15025.000000  9.379105e-12
15075.000000  9.258099e-12
15125.000000  9.211587e-12
15175.000000  9.110314e-12
15225.000000  9.010304e-12
15275.000000  8.872967e-12
15325.000000  8.762751e-12
15375.000000  8.717191e-12
15425.000000  8.461170e-12
15475.000000  8.513173e-12
15525.000000  8.443376e-12
15575.000000  8.099734e-12
15625.000000  8.377466e-12
15675.000000  8.068876e-12
15725.000000  7.764801e-12
15775.000000  8.078757e-12
15825.000000  8.024495e-12
15875.000000  7.210706e-12
15925.000000  7.749690e-12
15975.000000  7.861594e-12
16050.000000  7.603126e-12
16150.000000  7.109855e-12
16250.000000  7.500574e-12
16350.000000  7.119012e-12
16450.000000  6.625967e-12
16550.000000  7.041058e-12
16650.000000  6.905794e-12
16750.000000  6.519597e-12
16850.000000  6.063776e-12
16950.000000  6.469280e-12
17050.000000  6.323993e-12
17150.000000  6.214120e-12
17250.000000  6.005900e-12
17350.000000  5.326859e-12
17450.000000  5.685421e-12
17550.000000  5.675639e-12
17650.000000  5.560837e-12
17750.000000  5.467921e-12
17850.000000  5.348994e-12
17950.000000  5.263784e-12
18050.000000  5.103738e-12
18150.000000  4.581819e-12
18250.000000  4.803282e-12
18350.000000  4.832780e-12
18450.000000  4.746312e-12
18550.000000  4.636274e-12
18650.000000  4.521792e-12
18750.000000  4.027103e-12
18850.000000  4.323157e-12
18950.000000  4.261708e-12
19050.000000  4.230055e-12
19150.000000  4.145646e-12
19250.000000  4.059019e-12
19350.000000  3.942309e-12
19450.000000  3.525423e-12
19550.000000  3.797877e-12
19650.000000  3.763868e-12
19750.000000  3.687808e-12
19850.000000  3.630637e-12
19950.000000  3.563624e-12
20050.000000  3.500877e-12
20150.000000  3.439375e-12
20250.000000  3.372119e-12
20350.000000  3.306184e-12
20450.000000  3.255954e-12
20550.000000  3.195943e-12
20650.000000  3.131802e-12
20750.000000  3.078870e-12
20850.000000  3.026239e-12
20950.000000  2.970151e-12
21050.000000  2.918353e-12
21150.000000  2.859973e-12
21250.000000  2.811192e-12
21350.000000  2.762523e-12
21450.000000  2.720114e-12
21550.000000  2.653057e-12
21650.000000  2.386208e-12
21750.000000  2.543605e-12
21850.000000  2.533537e-12
21950.000000  2.500824e-12
22050.000000  2.451380e-12
22150.000000  2.408874e-12
22250.000000  2.376875e-12
22350.000000  2.337212e-12
22450.000000  2.298667e-12
22550.000000  2.251478e-12
22650.000000  2.220936e-12
22750.000000  2.185751e-12
22850.000000  2.149799e-12
22950.000000  2.113224e-12
23050.000000  2.083654e-12
23150.000000  2.049197e-12
23250.000000  2.018409e-12
23350.000000  1.985571e-12
23450.000000  1.955107e-12
23550.000000  1.924385e-12
23650.000000  1.894634e-12
23750.000000  1.863091e-12
23850.000000  1.834137e-12
23950.000000  1.806016e-12
24050.000000  1.776578e-12
24150.000000  1.748283e-12
24250.000000  1.723823e-12
24350.000000  1.693567e-12
24450.000000  1.667312e-12
24550.000000  1.643784e-12
24650.000000  1.616188e-12
24750.000000  1.591404e-12
24850.000000  1.572396e-12
24950.000000  1.526722e-12
