2505.000000  2.904483e-16
2513.000000  1.758616e-16
2518.000000  2.086008e-16
2525.000000  2.796272e-16
2535.000000  8.863258e-16
2545.000000  1.139457e-15
2555.000000  1.200224e-15
2565.000000  5.070246e-16
2575.000000  1.146056e-15
2585.000000  5.976602e-16
2595.000000  9.021309e-16
2605.000000  1.373546e-15
2615.000000  1.105786e-15
2625.000000  2.272451e-15
2635.000000  4.038067e-15
2645.000000  2.761938e-15
2655.000000  4.781799e-15
2665.000000  3.328342e-15
2675.000000  3.310841e-15
2685.000000  4.512093e-15
2695.000000  2.610016e-15
2705.000000  6.277805e-15
2715.000000  5.338326e-15
2725.000000  4.126881e-15
2735.000000  4.446633e-15
2745.000000  6.931865e-15
2755.000000  6.476456e-15
2765.000000  1.135137e-14
2775.000000  1.553338e-14
2785.000000  9.131281e-15
2795.000000  1.046499e-14
2805.000000  1.048383e-14
2815.000000  1.439765e-14
2825.000000  1.411215e-14
2835.000000  1.082870e-14
2845.000000  6.521700e-15
2855.000000  2.465959e-15
2865.000000  1.224346e-14
2875.000000  1.545542e-14
2885.000000  3.065858e-14
2895.000000  3.773173e-14
2910.000000  4.862825e-14
2930.000000  5.321107e-14
2950.000000  5.166132e-14
2970.000000  5.094120e-14
2990.000000  6.391710e-14
3010.000000  6.887404e-14
3030.000000  8.950456e-14
3050.000000  1.107385e-13
3070.000000  1.505698e-13
3090.000000  1.819016e-13
3110.000000  2.919064e-13
3130.000000  2.581821e-13
3150.000000  4.157262e-13
3170.000000  6.010312e-13
3190.000000  4.964511e-13
3210.000000  6.011036e-13
3230.000000  5.406145e-13
3250.000000  8.690014e-13
3270.000000  1.226730e-12
3290.000000  1.578148e-12
3310.000000  1.312508e-12
3330.000000  1.440906e-12
3350.000000  1.378440e-12
3370.000000  9.234326e-13
3390.000000  1.144433e-12
3410.000000  1.455927e-12
3430.000000  1.863354e-12
3450.000000  1.711760e-12
3470.000000  1.904352e-12
3490.000000  2.429891e-12
3510.000000  3.219160e-12
3530.000000  2.836382e-12
3550.000000  4.223720e-12
3570.000000  2.103229e-12
3590.000000  1.903250e-12
3610.000000  3.134478e-12
3630.000000  4.556614e-12
3640.000000  5.314544e-12
3650.000000  5.400513e-12
3670.000000  6.931779e-12
3690.000000  6.198629e-12
3710.000000  5.591638e-12
3730.000000  2.405144e-12
3750.000000  3.150266e-12
3770.000000  6.072464e-12
3790.000000  6.905167e-12
3810.000000  6.157409e-12
3830.000000  2.683512e-12
3850.000000  4.333266e-12
3870.000000  4.322463e-12
3890.000000  5.825002e-12
3910.000000  7.243401e-12
3930.000000  2.105465e-12
3950.000000  4.965342e-12
3970.000000  2.916447e-12
3990.000000  1.153138e-11
4010.000000  1.636473e-11
4030.000000  1.451665e-11
4050.000000  1.515025e-11
4070.000000  1.478109e-11
4090.000000  1.896560e-11
4110.000000  1.331760e-11
4130.000000  1.466141e-11
4150.000000  1.404844e-11
4170.000000  1.317426e-11
4190.000000  1.514918e-11
4210.000000  1.479194e-11
4230.000000  1.309438e-11
4250.000000  1.834303e-11
4270.000000  1.746493e-11
4290.000000  1.742601e-11
4310.000000  1.795411e-11
4330.000000  2.650283e-11
4350.000000  2.762507e-11
4370.000000  2.905899e-11
4390.000000  2.654381e-11
4410.000000  2.784740e-11
4430.000000  3.095917e-11
4450.000000  3.279915e-11
4470.000000  3.551132e-11
4490.000000  3.864283e-11
4510.000000  4.530337e-11
4530.000000  3.855310e-11
4550.000000  4.163886e-11
4570.000000  4.631852e-11
4590.000000  4.544477e-11
4610.000000  4.827217e-11
4630.000000  4.798926e-11
4650.000000  4.814938e-11
4670.000000  5.201053e-11
4690.000000  5.182681e-11
4710.000000  5.132277e-11
4730.000000  5.198693e-11
4750.000000  5.355225e-11
4770.000000  4.980923e-11
4790.000000  5.075172e-11
4810.000000  5.481656e-11
4830.000000  5.666219e-11
4850.000000  5.811245e-11
4870.000000  5.720307e-11
4890.000000  6.132807e-11
4910.000000  6.215428e-11
4930.000000  6.046060e-11
4950.000000  6.288247e-11
4970.000000  5.831306e-11
4990.000000  5.563571e-11
5010.000000  5.063597e-11
5030.000000  5.492550e-11
5050.000000  5.285594e-11
5070.000000  5.375855e-11
5090.000000  4.993025e-11
5110.000000  5.236139e-11
5130.000000  4.955830e-11
5150.000000  4.844210e-11
5170.000000  4.664146e-11
5190.000000  5.007714e-11
5210.000000  5.329231e-11
5230.000000  7.026314e-11
5250.000000  7.236877e-11
5270.000000  6.711958e-11
5290.000000  7.711769e-11
5310.000000  8.434180e-11
5330.000000  7.553331e-11
5350.000000  8.268014e-11
5370.000000  8.350796e-11
5390.000000  7.989226e-11
5410.000000  8.162974e-11
5430.000000  8.134385e-11
5450.000000  8.359041e-11
5470.000000  8.171882e-11
5490.000000  8.310419e-11
5510.000000  8.131203e-11
5530.000000  8.831067e-11
5550.000000  9.091745e-11
5570.000000  8.950963e-11
5590.000000  8.702091e-11
5610.000000  8.912513e-11
5630.000000  8.996909e-11
5650.000000  9.294369e-11
5670.000000  9.038483e-11
5690.000000  9.567668e-11
5710.000000  8.981793e-11
5730.000000  9.907354e-11
5750.000000  9.887506e-11
5770.000000  1.004144e-10
5790.000000  9.534455e-11
5810.000000  1.013762e-10
5830.000000  1.053450e-10
5850.000000  1.015337e-10
5870.000000  1.011181e-10
5890.000000  8.336068e-11
5910.000000  9.813953e-11
5930.000000  9.949380e-11
5950.000000  9.956874e-11
5970.000000  1.042239e-10
5990.000000  1.029918e-10
6010.000000  1.021668e-10
6030.000000  1.068235e-10
6050.000000  1.094667e-10
6070.000000  1.090922e-10
6090.000000  1.066736e-10
6110.000000  1.083930e-10
6130.000000  1.015634e-10
6150.000000  1.067777e-10
6170.000000  9.813011e-11
6190.000000  1.032551e-10
6210.000000  1.014615e-10
6230.000000  9.795304e-11
6250.000000  9.517461e-11
6270.000000  1.010202e-10
6290.000000  1.055110e-10
6310.000000  1.048422e-10
6330.000000  1.086274e-10
6350.000000  1.112443e-10
6370.000000  1.106522e-10
6390.000000  1.121533e-10
6410.000000  1.108458e-10
6430.000000  1.111022e-10
6450.000000  1.117694e-10
6470.000000  1.130191e-10
6490.000000  1.096681e-10
6510.000000  1.141450e-10
6530.000000  1.168678e-10
6550.000000  1.139097e-10
6570.000000  1.143602e-10
6590.000000  1.160949e-10
6610.000000  1.159777e-10
6630.000000  1.170090e-10
6650.000000  1.154485e-10
6670.000000  1.133233e-10
6690.000000  1.138594e-10
6710.000000  1.106003e-10
6730.000000  1.123342e-10
6750.000000  1.102534e-10
6770.000000  1.138289e-10
6790.000000  1.123637e-10
6810.000000  1.141589e-10
6830.000000  1.171425e-10
6850.000000  1.159526e-10
6870.000000  1.170604e-10
6890.000000  1.201470e-10
6910.000000  1.209430e-10
6930.000000  1.200142e-10
6950.000000  1.200050e-10
6970.000000  1.230093e-10
6990.000000  1.205787e-10
7010.000000  1.208631e-10
7030.000000  1.233799e-10
7050.000000  1.224017e-10
7070.000000  1.147809e-10
7090.000000  1.121798e-10
7110.000000  1.113096e-10
7130.000000  1.068935e-10
7150.000000  1.074139e-10
7170.000000  1.119528e-10
7190.000000  1.119772e-10
7210.000000  1.129923e-10
7230.000000  1.189045e-10
7250.000000  1.188428e-10
7270.000000  1.213407e-10
7290.000000  1.216433e-10
7310.000000  1.228938e-10
7330.000000  1.232704e-10
7350.000000  1.230899e-10
7370.000000  1.269006e-10
7390.000000  1.260477e-10
7410.000000  1.250230e-10
7430.000000  1.268155e-10
7450.000000  1.273291e-10
7470.000000  1.272517e-10
7490.000000  1.271951e-10
7510.000000  1.293130e-10
7530.000000  1.299432e-10
7550.000000  1.305021e-10
7570.000000  1.302440e-10
7590.000000  1.283560e-10
7610.000000  1.284315e-10
7630.000000  1.284043e-10
7650.000000  1.286551e-10
7670.000000  1.238305e-10
7690.000000  1.275239e-10
7710.000000  1.244439e-10
7730.000000  1.261968e-10
7750.000000  1.252914e-10
7770.000000  1.276738e-10
7790.000000  1.273469e-10
7810.000000  1.290483e-10
7830.000000  1.275020e-10
7850.000000  1.267470e-10
7870.000000  1.287044e-10
7890.000000  1.266342e-10
7910.000000  1.241662e-10
7930.000000  1.253055e-10
7950.000000  1.227861e-10
7970.000000  1.278929e-10
7990.000000  1.268088e-10
8010.000000  1.275860e-10
8030.000000  1.276661e-10
8050.000000  1.272194e-10
8070.000000  1.253244e-10
8090.000000  1.252333e-10
8110.000000  1.255244e-10
8130.000000  1.271822e-10
8150.000000  1.276934e-10
8170.000000  1.279494e-10
8190.000000  1.249432e-10
8210.000000  1.240644e-10
8230.000000  1.270798e-10
8250.000000  1.264809e-10
8270.000000  1.287994e-10
8290.000000  1.276301e-10
8310.000000  1.241116e-10
8330.000000  1.245673e-10
8350.000000  1.247798e-10
8370.000000  1.251184e-10
8390.000000  1.192552e-10
8410.000000  1.256175e-10
8430.000000  1.216159e-10
8450.000000  1.249498e-10
8470.000000  1.250702e-10
8490.000000  1.245000e-10
8510.000000  1.191788e-10
8530.000000  1.242613e-10
8550.000000  1.072081e-10
8570.000000  1.273120e-10
8590.000000  1.267232e-10
8610.000000  1.266151e-10
8630.000000  1.274455e-10
8650.000000  1.276917e-10
8670.000000  1.102382e-10
8690.000000  1.229018e-10
8710.000000  1.276827e-10
8730.000000  1.276759e-10
8750.000000  1.275050e-10
8770.000000  1.274599e-10
8790.000000  1.281144e-10
8810.000000  1.253211e-10
8830.000000  1.263478e-10
8850.000000  1.277730e-10
8870.000000  1.244090e-10
8890.000000  1.262889e-10
8910.000000  1.272433e-10
8930.000000  1.251863e-10
8950.000000  1.242519e-10
8970.000000  1.252204e-10
8990.000000  1.262000e-10
9010.000000  1.217265e-10
9030.000000  1.247618e-10
9050.000000  1.271051e-10
9070.000000  1.275378e-10
9090.000000  1.233806e-10
9110.000000  1.246166e-10
9130.000000  1.261015e-10
9150.000000  1.220265e-10
9170.000000  1.204466e-10
9190.000000  1.215477e-10
9210.000000  1.198056e-10
9230.000000  1.211649e-10
9250.000000  1.201475e-10
9270.000000  1.209984e-10
9290.000000  1.200243e-10
9310.000000  1.225944e-10
9330.000000  1.228462e-10
9350.000000  1.219834e-10
9370.000000  1.200028e-10
9390.000000  1.208368e-10
9410.000000  1.196895e-10
9430.000000  1.205548e-10
9450.000000  1.185083e-10
9470.000000  1.209673e-10
9490.000000  1.208060e-10
9510.000000  1.217898e-10
9530.000000  1.211851e-10
9550.000000  1.194218e-10
9570.000000  1.201027e-10
9590.000000  1.218886e-10
9610.000000  1.202513e-10
9630.000000  1.211613e-10
9650.000000  1.168247e-10
9670.000000  1.168758e-10
9690.000000  1.195102e-10
9710.000000  1.190173e-10
9730.000000  1.176550e-10
9750.000000  1.181528e-10
9770.000000  1.190095e-10
9790.000000  1.160944e-10
9810.000000  1.205916e-10
9830.000000  1.192296e-10
9850.000000  1.208138e-10
9870.000000  1.203925e-10
9890.000000  1.205587e-10
9910.000000  1.199749e-10
9930.000000  1.202265e-10
9950.000000  1.199907e-10
9970.000000  1.204320e-10
9990.000000  1.206217e-10
10025.000000  1.190603e-10
10075.000000  1.184221e-10
10125.000000  1.189788e-10
10175.000000  1.179021e-10
10225.000000  1.184800e-10
10275.000000  1.186644e-10
10325.000000  1.169664e-10
10375.000000  1.165866e-10
10425.000000  1.172811e-10
10475.000000  1.163547e-10
10525.000000  1.167573e-10
10575.000000  1.155094e-10
10625.000000  1.154330e-10
10675.000000  1.139573e-10
10725.000000  1.139882e-10
10775.000000  1.135867e-10
10825.000000  1.124833e-10
10875.000000  1.122202e-10
10925.000000  1.109999e-10
10975.000000  1.069308e-10
11025.000000  1.065083e-10
11075.000000  1.074518e-10
11125.000000  1.073119e-10
11175.000000  1.077428e-10
11225.000000  1.080637e-10
11275.000000  1.067764e-10
11325.000000  1.073912e-10
11375.000000  1.058592e-10
11425.000000  1.061435e-10
11475.000000  1.071783e-10
11525.000000  1.073805e-10
11575.000000  1.064536e-10
11625.000000  1.051970e-10
11675.000000  1.055708e-10
11725.000000  1.068198e-10
11775.000000  1.050239e-10
11825.000000  1.050590e-10
11875.000000  1.038198e-10
11925.000000  1.055176e-10
11975.000000  1.023585e-10
12025.000000  1.043077e-10
12075.000000  1.038348e-10
12125.000000  1.041013e-10
12175.000000  1.040973e-10
12225.000000  1.038269e-10
12275.000000  1.033977e-10
12325.000000  1.031058e-10
12375.000000  1.028800e-10
12425.000000  1.025563e-10
12475.000000  1.024312e-10
12525.000000  1.017954e-10
12575.000000  1.017870e-10
12625.000000  1.014525e-10
12675.000000  1.011048e-10
12725.000000  1.011531e-10
12775.000000  1.011793e-10
12825.000000  9.891845e-11
12875.000000  9.988660e-11
12925.000000  9.896758e-11
12975.000000  1.000564e-10
13025.000000  9.969600e-11
13075.000000  9.983468e-11
13125.000000  9.862186e-11
13175.000000  9.866529e-11
13225.000000  9.889352e-11
13275.000000  9.770468e-11
13325.000000  9.768544e-11
13375.000000  9.712854e-11
13425.000000  9.695726e-11
13475.000000  9.736435e-11
13525.000000  9.686420e-11
13575.000000  9.630374e-11
13625.000000  9.552231e-11
13675.000000  9.665325e-11
13725.000000  9.710966e-11
13775.000000  9.679422e-11
13825.000000  9.704200e-11
13875.000000  9.569973e-11
13925.000000  9.049822e-11
13975.000000  9.301473e-11
14025.000000  9.336103e-11
14075.000000  9.322820e-11
14125.000000  9.147454e-11
14175.000000  9.172102e-11
14225.000000  9.196012e-11
14275.000000  9.124857e-11
14325.000000  9.237161e-11
14375.000000  9.247025e-11
14425.000000  9.222422e-11
14475.000000  9.389558e-11
14525.000000  9.245557e-11
14570.000000  9.241627e-11
14620.000000  8.902394e-11
14675.000000  8.974231e-11
14725.000000  9.085093e-11
14775.000000  9.154395e-11
14825.000000  9.242710e-11
14875.000000  9.226612e-11
14925.000000  9.424467e-11
14975.000000  9.517772e-11
15025.000000  9.275058e-11
15075.000000  9.307093e-11
15125.000000  9.392196e-11
15175.000000  9.509952e-11
15225.000000  9.603692e-11
15275.000000  9.473401e-11
15325.000000  9.668176e-11
15375.000000  9.525033e-11
15425.000000  9.437371e-11
15475.000000  9.825723e-11
15525.000000  9.619818e-11
15575.000000  9.419280e-11
15625.000000  9.739519e-11
15675.000000  9.805625e-11
15725.000000  9.763291e-11
15775.000000  9.356693e-11
15825.000000  9.675022e-11
15875.000000  9.587281e-11
15925.000000  9.907089e-11
15975.000000  9.749685e-11
16050.000000  9.716478e-11
16150.000000  9.890735e-11
16250.000000  9.626650e-11
16350.000000  9.877813e-11
16450.000000  9.443138e-11
16550.000000  9.710374e-11
16650.000000  9.301922e-11
16750.000000  9.296708e-11
16850.000000  9.028535e-11
16950.000000  9.078873e-11
17050.000000  8.802857e-11
17150.000000  8.594993e-11
17250.000000  8.497130e-11
17350.000000  8.202978e-11
17450.000000  8.196843e-11
17550.000000  7.938775e-11
17650.000000  7.819491e-11
17750.000000  7.658783e-11
17850.000000  7.468579e-11
17950.000000  7.417045e-11
18050.000000  7.115116e-11
18150.000000  7.057972e-11
18250.000000  6.864908e-11
18350.000000  6.836067e-11
18450.000000  6.613157e-11
18550.000000  6.456660e-11
18650.000000  6.380779e-11
18750.000000  6.214979e-11
18850.000000  6.193094e-11
18950.000000  6.032422e-11
19050.000000  6.021361e-11
19150.000000  5.916907e-11
19250.000000  5.858916e-11
19350.000000  5.661551e-11
19450.000000  5.565537e-11
19550.000000  5.515535e-11
19650.000000  5.397714e-11
19750.000000  5.241762e-11
19850.000000  5.163895e-11
19950.000000  5.052243e-11
20050.000000  5.042013e-11
20150.000000  4.947153e-11
20250.000000  4.822619e-11
20350.000000  4.775243e-11
20450.000000  4.728581e-11
20550.000000  4.622376e-11
20650.000000  4.538447e-11
20750.000000  4.491810e-11
20850.000000  4.404267e-11
20950.000000  4.340138e-11
21050.000000  4.297967e-11
21150.000000  4.240152e-11
21250.000000  4.172595e-11
21350.000000  4.126002e-11
21450.000000  4.068030e-11
21550.000000  4.007778e-11
21650.000000  3.945017e-11
21750.000000  3.873528e-11
21850.000000  3.830297e-11
21950.000000  3.784348e-11
22050.000000  3.685556e-11
22150.000000  3.698986e-11
22250.000000  3.581504e-11
22350.000000  3.557098e-11
22450.000000  3.511644e-11
22550.000000  3.470373e-11
22650.000000  3.394495e-11
22750.000000  3.374218e-11
22850.000000  3.309417e-11
22950.000000  2.770664e-11
23050.000000  2.988116e-11
23150.000000  2.961321e-11
23250.000000  2.518734e-11
23350.000000  2.718987e-11
23450.000000  2.672014e-11
23550.000000  2.277229e-11
23650.000000  2.517151e-11
23750.000000  2.463994e-11
23850.000000  2.152752e-11
23950.000000  2.332054e-11
24050.000000  2.311128e-11
24150.000000  2.065507e-11
24250.000000  2.188606e-11
24350.000000  2.184308e-11
24450.000000  2.012981e-11
24550.000000  2.007494e-11
24650.000000  2.071072e-11
24750.000000  1.970690e-11
24850.000000  1.871374e-11
24950.000000  1.937876e-11
