2505.000000  8.205094e-13
2513.000000  4.706721e-13
2518.000000  3.324955e-13
2525.000000  3.453037e-13
2535.000000  6.701205e-13
2545.000000  8.799505e-13
2555.000000  2.858390e-12
2565.000000  1.920363e-12
2575.000000  3.078290e-12
2585.000000  2.587716e-12
2595.000000  2.235870e-12
2605.000000  1.865067e-12
2615.000000  1.678554e-12
2625.000000  2.467122e-12
2635.000000  6.465371e-12
2645.000000  8.402936e-12
2655.000000  1.453006e-11
2665.000000  8.290869e-12
2675.000000  8.496118e-12
2685.000000  1.139728e-11
2695.000000  6.668218e-12
2705.000000  9.698634e-12
2715.000000  5.829006e-12
2725.000000  3.044511e-12
2735.000000  4.937395e-12
2745.000000  2.909936e-12
2755.000000  4.452391e-12
2765.000000  6.544787e-12
2775.000000  6.484223e-12
2785.000000  3.210397e-12
2795.000000  1.307119e-12
2805.000000  1.653434e-12
2815.000000  4.869901e-12
2825.000000  7.144379e-12
2835.000000  5.099648e-12
2845.000000  2.416531e-12
2855.000000  1.072462e-12
2865.000000  3.735581e-12
2875.000000  8.039710e-12
2885.000000  9.534995e-12
2895.000000  1.468776e-11
2910.000000  2.156576e-11
2930.000000  1.981394e-11
2950.000000  1.731144e-11
2970.000000  1.712907e-11
2990.000000  1.763211e-11
3010.000000  1.559974e-11
3030.000000  1.977264e-11
3050.000000  2.095953e-11
3070.000000  2.560715e-11
3090.000000  2.282253e-11
3110.000000  3.084533e-11
3130.000000  2.599693e-11
3150.000000  2.729573e-11
3170.000000  3.204860e-11
3190.000000  2.729969e-11
3210.000000  2.937736e-11
3230.000000  2.451997e-11
3250.000000  3.921020e-11
3270.000000  4.876854e-11
3290.000000  4.853496e-11
3310.000000  4.100856e-11
3330.000000  4.253713e-11
3350.000000  3.889781e-11
3370.000000  2.459146e-11
3390.000000  3.016738e-11
3410.000000  3.251629e-11
3430.000000  3.770351e-11
3450.000000  3.793267e-11
3470.000000  4.032069e-11
3490.000000  4.855478e-11
3510.000000  5.365943e-11
3530.000000  4.716616e-11
3550.000000  5.701676e-11
3570.000000  3.388428e-11
3590.000000  3.644302e-11
3610.000000  4.946044e-11
3630.000000  5.188647e-11
3640.000000  5.503162e-11
3650.000000  6.243052e-11
3670.000000  6.785513e-11
3690.000000  6.135714e-11
3710.000000  6.373957e-11
3730.000000  3.574986e-11
3750.000000  4.295691e-11
3770.000000  6.024595e-11
3790.000000  6.031742e-11
3810.000000  5.394057e-11
3830.000000  2.763075e-11
3850.000000  3.603238e-11
3870.000000  3.564170e-11
3890.000000  5.314591e-11
3910.000000  6.814927e-11
3930.000000  3.087098e-11
3950.000000  6.123168e-11
3970.000000  4.100412e-11
3990.000000  9.321165e-11
4010.000000  1.030528e-10
4030.000000  9.707627e-11
4050.000000  9.372194e-11
4070.000000  8.890730e-11
4090.000000  1.105608e-10
4110.000000  1.050703e-10
4130.000000  9.935381e-11
4150.000000  9.272765e-11
4170.000000  9.648815e-11
4190.000000  9.238178e-11
4210.000000  9.671306e-11
4230.000000  9.608283e-11
4250.000000  9.817819e-11
4270.000000  9.016580e-11
4290.000000  8.127182e-11
4310.000000  6.891492e-11
4330.000000  1.091013e-10
4350.000000  1.060050e-10
4370.000000  1.134401e-10
4390.000000  1.009637e-10
4410.000000  1.116451e-10
4430.000000  1.256592e-10
4450.000000  1.255349e-10
4470.000000  1.351257e-10
4490.000000  1.393664e-10
4510.000000  1.563741e-10
4530.000000  1.390728e-10
4550.000000  1.460901e-10
4570.000000  1.557911e-10
4590.000000  1.490733e-10
4610.000000  1.537076e-10
4630.000000  1.523849e-10
4650.000000  1.532832e-10
4670.000000  1.593373e-10
4690.000000  1.568471e-10
4710.000000  1.525992e-10
4730.000000  1.574455e-10
4750.000000  1.606751e-10
4770.000000  1.604872e-10
4790.000000  1.606798e-10
4810.000000  1.609449e-10
4830.000000  1.628986e-10
4850.000000  1.574903e-10
4870.000000  1.464618e-10
4890.000000  1.574455e-10
4910.000000  1.577491e-10
4930.000000  1.539462e-10
4950.000000  1.613406e-10
4970.000000  1.616676e-10
4990.000000  1.504960e-10
5010.000000  1.428084e-10
5030.000000  1.513883e-10
5050.000000  1.496969e-10
5070.000000  1.555181e-10
5090.000000  1.479900e-10
5110.000000  1.502784e-10
5130.000000  1.463077e-10
5150.000000  1.399542e-10
5170.000000  1.233679e-10
5190.000000  1.299035e-10
5210.000000  1.442110e-10
5230.000000  1.546315e-10
5250.000000  1.611697e-10
5270.000000  1.423837e-10
5290.000000  1.617699e-10
5310.000000  1.704038e-10
5330.000000  1.521611e-10
5350.000000  1.649902e-10
5370.000000  1.643808e-10
5390.000000  1.610761e-10
5410.000000  1.577074e-10
5430.000000  1.598456e-10
5450.000000  1.656673e-10
5470.000000  1.635090e-10
5490.000000  1.634225e-10
5510.000000  1.622159e-10
5530.000000  1.659492e-10
5550.000000  1.686938e-10
5570.000000  1.637798e-10
5590.000000  1.597893e-10
5610.000000  1.661829e-10
5630.000000  1.666884e-10
5650.000000  1.672112e-10
5670.000000  1.634486e-10
5690.000000  1.665783e-10
5710.000000  1.612432e-10
5730.000000  1.725239e-10
5750.000000  1.680515e-10
5770.000000  1.697559e-10
5790.000000  1.637776e-10
5810.000000  1.691133e-10
5830.000000  1.723121e-10
5850.000000  1.679838e-10
5870.000000  1.684756e-10
5890.000000  1.496595e-10
5910.000000  1.665176e-10
5930.000000  1.668256e-10
5950.000000  1.670189e-10
5970.000000  1.684944e-10
5990.000000  1.666830e-10
6010.000000  1.638582e-10
6030.000000  1.658158e-10
6050.000000  1.685493e-10
6070.000000  1.670792e-10
6090.000000  1.627841e-10
6110.000000  1.625878e-10
6130.000000  1.557496e-10
6150.000000  1.601110e-10
6170.000000  1.531160e-10
6190.000000  1.619295e-10
6210.000000  1.618085e-10
6230.000000  1.576887e-10
6250.000000  1.535360e-10
6270.000000  1.591524e-10
6290.000000  1.603612e-10
6310.000000  1.562116e-10
6330.000000  1.573516e-10
6350.000000  1.582916e-10
6370.000000  1.577382e-10
6390.000000  1.586158e-10
6410.000000  1.552831e-10
6430.000000  1.567282e-10
6450.000000  1.553956e-10
6470.000000  1.546454e-10
6490.000000  1.521175e-10
6510.000000  1.561646e-10
6530.000000  1.569633e-10
6550.000000  1.544246e-10
6570.000000  1.472867e-10
6590.000000  1.542397e-10
6610.000000  1.553805e-10
6630.000000  1.545696e-10
6650.000000  1.541053e-10
6670.000000  1.521846e-10
6690.000000  1.549029e-10
6710.000000  1.510537e-10
6730.000000  1.539923e-10
6750.000000  1.518543e-10
6770.000000  1.521102e-10
6790.000000  1.515374e-10
6810.000000  1.506453e-10
6830.000000  1.518704e-10
6850.000000  1.483852e-10
6870.000000  1.495969e-10
6890.000000  1.502303e-10
6910.000000  1.491909e-10
6930.000000  1.482761e-10
6950.000000  1.471613e-10
6970.000000  1.476098e-10
6990.000000  1.463220e-10
7010.000000  1.434776e-10
7030.000000  1.453187e-10
7050.000000  1.459338e-10
7070.000000  1.443138e-10
7090.000000  1.437940e-10
7110.000000  1.439770e-10
7130.000000  1.415375e-10
7150.000000  1.405011e-10
7170.000000  1.414271e-10
7190.000000  1.374289e-10
7210.000000  1.394908e-10
7230.000000  1.409299e-10
7250.000000  1.406948e-10
7270.000000  1.402385e-10
7290.000000  1.370236e-10
7310.000000  1.386631e-10
7330.000000  1.379156e-10
7350.000000  1.379147e-10
7370.000000  1.388714e-10
7390.000000  1.359749e-10
7410.000000  1.345228e-10
7430.000000  1.360217e-10
7450.000000  1.358792e-10
7470.000000  1.363366e-10
7490.000000  1.352294e-10
7510.000000  1.355319e-10
7530.000000  1.356528e-10
7550.000000  1.359109e-10
7570.000000  1.346815e-10
7590.000000  1.341280e-10
7610.000000  1.337948e-10
7630.000000  1.340278e-10
7650.000000  1.337852e-10
7670.000000  1.301013e-10
7690.000000  1.331303e-10
7710.000000  1.309331e-10
7730.000000  1.311881e-10
7750.000000  1.298265e-10
7770.000000  1.321681e-10
7790.000000  1.312393e-10
7810.000000  1.309117e-10
7830.000000  1.294343e-10
7850.000000  1.292665e-10
7870.000000  1.296819e-10
7890.000000  1.280750e-10
7910.000000  1.257592e-10
7930.000000  1.243854e-10
7950.000000  1.234873e-10
7970.000000  1.261242e-10
7990.000000  1.256574e-10
8010.000000  1.245197e-10
8030.000000  1.245250e-10
8050.000000  1.232872e-10
8070.000000  1.234631e-10
8090.000000  1.211261e-10
8110.000000  1.216628e-10
8130.000000  1.223173e-10
8150.000000  1.217944e-10
8170.000000  1.215686e-10
8190.000000  1.183514e-10
8210.000000  1.188568e-10
8230.000000  1.188399e-10
8250.000000  1.197574e-10
8270.000000  1.204408e-10
8290.000000  1.196655e-10
8310.000000  1.172275e-10
8330.000000  1.163263e-10
8350.000000  1.169954e-10
8370.000000  1.172392e-10
8390.000000  1.138678e-10
8410.000000  1.169068e-10
8430.000000  1.143494e-10
8450.000000  1.160313e-10
8470.000000  1.149833e-10
8490.000000  1.143354e-10
8510.000000  1.093139e-10
8530.000000  1.128836e-10
8550.000000  9.872250e-11
8570.000000  1.146984e-10
8590.000000  1.130871e-10
8610.000000  1.127888e-10
8630.000000  1.133482e-10
8650.000000  1.125194e-10
8670.000000  9.879404e-11
8690.000000  1.091432e-10
8710.000000  1.112995e-10
8730.000000  1.113002e-10
8750.000000  1.101419e-10
8770.000000  1.111466e-10
8790.000000  1.102960e-10
8810.000000  1.074953e-10
8830.000000  1.089479e-10
8850.000000  1.095633e-10
8870.000000  1.076340e-10
8890.000000  1.094734e-10
8910.000000  1.096167e-10
8930.000000  1.077051e-10
8950.000000  1.071102e-10
8970.000000  1.073193e-10
8990.000000  1.075739e-10
9010.000000  1.035050e-10
9030.000000  1.061694e-10
9050.000000  1.073159e-10
9070.000000  1.062573e-10
9090.000000  1.034376e-10
9110.000000  1.037646e-10
9130.000000  1.050429e-10
9150.000000  1.024203e-10
9170.000000  1.011548e-10
9190.000000  1.013979e-10
9210.000000  9.934548e-11
9230.000000  9.946960e-11
9250.000000  9.893560e-11
9270.000000  9.987017e-11
9290.000000  9.916565e-11
9310.000000  1.002302e-10
9330.000000  9.990812e-11
9350.000000  9.916575e-11
9370.000000  9.846551e-11
9390.000000  9.816729e-11
9410.000000  9.572515e-11
9430.000000  9.707152e-11
9450.000000  9.561810e-11
9470.000000  9.709652e-11
9490.000000  9.694875e-11
9510.000000  9.705158e-11
9530.000000  9.623617e-11
9550.000000  9.533211e-11
9570.000000  9.551036e-11
9590.000000  9.617376e-11
9610.000000  9.535243e-11
9630.000000  9.478040e-11
9650.000000  9.354605e-11
9670.000000  9.343687e-11
9690.000000  9.439323e-11
9710.000000  9.369698e-11
9730.000000  9.337048e-11
9750.000000  9.276170e-11
9770.000000  9.289498e-11
9790.000000  9.173304e-11
9810.000000  9.303225e-11
9830.000000  9.256440e-11
9850.000000  9.274893e-11
9870.000000  9.209203e-11
9890.000000  9.205247e-11
9910.000000  9.146571e-11
9930.000000  9.189001e-11
9950.000000  9.147409e-11
9970.000000  9.141036e-11
9990.000000  9.108390e-11
10025.000000  9.040329e-11
10075.000000  8.938846e-11
10125.000000  8.905398e-11
10175.000000  8.780359e-11
10225.000000  8.747652e-11
10275.000000  8.723677e-11
10325.000000  8.577539e-11
10375.000000  8.514213e-11
10425.000000  8.511052e-11
10475.000000  8.404260e-11
10525.000000  8.379932e-11
10575.000000  8.273815e-11
10625.000000  8.209145e-11
10675.000000  8.079418e-11
10725.000000  8.070101e-11
10775.000000  7.967388e-11
10825.000000  7.830233e-11
10875.000000  7.785307e-11
10925.000000  7.714145e-11
10975.000000  7.430239e-11
11025.000000  7.398651e-11
11075.000000  7.423450e-11
11125.000000  7.361630e-11
11175.000000  7.353665e-11
11225.000000  7.328722e-11
11275.000000  7.204290e-11
11325.000000  7.234303e-11
11375.000000  7.117558e-11
11425.000000  7.079311e-11
11475.000000  7.121127e-11
11525.000000  7.092823e-11
11575.000000  6.998871e-11
11625.000000  6.899986e-11
11675.000000  6.896951e-11
11725.000000  6.932234e-11
11775.000000  6.806314e-11
11825.000000  6.730304e-11
11875.000000  6.675013e-11
11925.000000  6.749508e-11
11975.000000  6.506862e-11
12025.000000  6.581531e-11
12075.000000  6.508851e-11
12125.000000  6.516710e-11
12175.000000  6.518499e-11
12225.000000  6.474877e-11
12275.000000  6.407791e-11
12325.000000  6.378047e-11
12375.000000  6.334084e-11
12425.000000  6.275272e-11
12475.000000  6.264177e-11
12525.000000  6.203593e-11
12575.000000  6.173997e-11
12625.000000  6.131528e-11
12675.000000  6.068346e-11
12725.000000  6.059935e-11
12775.000000  6.034382e-11
12825.000000  5.843949e-11
12875.000000  5.922746e-11
12925.000000  5.858528e-11
12975.000000  5.873589e-11
13025.000000  5.814098e-11
13075.000000  5.807716e-11
13125.000000  5.704768e-11
13175.000000  5.673743e-11
13225.000000  5.690441e-11
13275.000000  5.600886e-11
13325.000000  5.601099e-11
13375.000000  5.566909e-11
13425.000000  5.568261e-11
13475.000000  5.528058e-11
13525.000000  5.503454e-11
13575.000000  5.417142e-11
13625.000000  5.391266e-11
13675.000000  5.381532e-11
13725.000000  5.370690e-11
13775.000000  5.331602e-11
13825.000000  5.313218e-11
13875.000000  5.263003e-11
13925.000000  5.247468e-11
13975.000000  5.216822e-11
14025.000000  5.151541e-11
14075.000000  5.128129e-11
14125.000000  5.028699e-11
14175.000000  5.037145e-11
14225.000000  4.953196e-11
14275.000000  4.876607e-11
14325.000000  4.946850e-11
14375.000000  4.954215e-11
14425.000000  4.824949e-11
14475.000000  4.907472e-11
14525.000000  4.811846e-11
14570.000000  4.804564e-11
14620.000000  4.786039e-11
14675.000000  4.753212e-11
14725.000000  4.686901e-11
14775.000000  4.694691e-11
14825.000000  4.677049e-11
14875.000000  4.584592e-11
14925.000000  4.689305e-11
14975.000000  4.633882e-11
15025.000000  4.483459e-11
15075.000000  4.501216e-11
15125.000000  4.566123e-11
15175.000000  4.568679e-11
15225.000000  4.509353e-11
15275.000000  4.516626e-11
15325.000000  4.495947e-11
15375.000000  4.480395e-11
15425.000000  4.471609e-11
15475.000000  4.456386e-11
15525.000000  4.392410e-11
15575.000000  4.363785e-11
15625.000000  4.395702e-11
15675.000000  4.306527e-11
15725.000000  4.305303e-11
15775.000000  4.156001e-11
15825.000000  4.232463e-11
15875.000000  4.101807e-11
15925.000000  4.183277e-11
15975.000000  4.187560e-11
16050.000000  4.149301e-11
16150.000000  4.068745e-11
16250.000000  4.058658e-11
16350.000000  3.985280e-11
16450.000000  3.881287e-11
16550.000000  3.876591e-11
16650.000000  3.793658e-11
16750.000000  3.690992e-11
16850.000000  3.588275e-11
16950.000000  3.603864e-11
17050.000000  3.489553e-11
17150.000000  3.422308e-11
17250.000000  3.349058e-11
17350.000000  3.228075e-11
17450.000000  3.222440e-11
17550.000000  3.176453e-11
17650.000000  3.116332e-11
17750.000000  3.048362e-11
17850.000000  3.004681e-11
17950.000000  2.949216e-11
18050.000000  2.878972e-11
18150.000000  2.789755e-11
18250.000000  2.760988e-11
18350.000000  2.716707e-11
18450.000000  2.643192e-11
18550.000000  2.615640e-11
18650.000000  2.547318e-11
18750.000000  2.446389e-11
18850.000000  2.464441e-11
18950.000000  2.375099e-11
19050.000000  2.384152e-11
19150.000000  2.332157e-11
19250.000000  2.295840e-11
19350.000000  2.233385e-11
19450.000000  2.155394e-11
19550.000000  2.167617e-11
19650.000000  2.124816e-11
19750.000000  2.071326e-11
19850.000000  2.045967e-11
19950.000000  2.010844e-11
20050.000000  1.991835e-11
20150.000000  1.964054e-11
20250.000000  1.911959e-11
20350.000000  1.871966e-11
20450.000000  1.861336e-11
20550.000000  1.821382e-11
20650.000000  1.780316e-11
20750.000000  1.757523e-11
20850.000000  1.727501e-11
20950.000000  1.686793e-11
21050.000000  1.673918e-11
21150.000000  1.642726e-11
21250.000000  1.614968e-11
21350.000000  1.591345e-11
21450.000000  1.565866e-11
21550.000000  1.540473e-11
21650.000000  1.486190e-11
21750.000000  1.478529e-11
21850.000000  1.457242e-11
21950.000000  1.441655e-11
22050.000000  1.403130e-11
22150.000000  1.396771e-11
22250.000000  1.366189e-11
22350.000000  1.345416e-11
22450.000000  1.325331e-11
22550.000000  1.304100e-11
22650.000000  1.278655e-11
22750.000000  1.266716e-11
22850.000000  1.237552e-11
22950.000000  1.160262e-11
23050.000000  1.178014e-11
23150.000000  1.164735e-11
23250.000000  1.083463e-11
23350.000000  1.105409e-11
23450.000000  1.106520e-11
23550.000000  1.023501e-11
23650.000000  1.054430e-11
23750.000000  1.044627e-11
23850.000000  9.749737e-12
23950.000000  9.996017e-12
24050.000000  9.967682e-12
24150.000000  9.396816e-12
24250.000000  9.514200e-12
24350.000000  9.484223e-12
24450.000000  9.122126e-12
24550.000000  8.974173e-12
24650.000000  9.104576e-12
24750.000000  8.830893e-12
24850.000000  8.561891e-12
24950.000000  8.664064e-12
