2505.000000  8.705743e-13
2513.000000  5.436537e-13
2518.000000  3.825734e-13
2525.000000  3.800821e-13
2535.000000  6.572928e-13
2545.000000  8.384397e-13
2555.000000  2.328334e-12
2565.000000  1.769648e-12
2575.000000  2.813656e-12
2585.000000  2.528529e-12
2595.000000  2.252608e-12
2605.000000  1.920139e-12
2615.000000  1.741755e-12
2625.000000  2.499238e-12
2635.000000  6.007570e-12
2645.000000  7.802648e-12
2655.000000  1.347950e-11
2665.000000  7.037138e-12
2675.000000  7.708769e-12
2685.000000  1.032181e-11
2695.000000  6.205806e-12
2705.000000  8.841529e-12
2715.000000  5.514054e-12
2725.000000  3.008612e-12
2735.000000  4.620891e-12
2745.000000  2.759576e-12
2755.000000  4.114782e-12
2765.000000  5.903767e-12
2775.000000  5.922818e-12
2785.000000  3.170389e-12
2795.000000  1.295293e-12
2805.000000  1.654063e-12
2815.000000  4.940026e-12
2825.000000  7.304976e-12
2835.000000  5.524321e-12
2845.000000  2.703847e-12
2855.000000  1.199178e-12
2865.000000  4.078867e-12
2875.000000  8.647228e-12
2885.000000  9.292576e-12
2895.000000  1.382580e-11
2910.000000  2.002082e-11
2930.000000  1.811212e-11
2950.000000  1.629417e-11
2970.000000  1.659083e-11
2990.000000  1.673617e-11
3010.000000  1.510186e-11
3030.000000  1.871921e-11
3050.000000  1.947558e-11
3070.000000  2.321184e-11
3090.000000  2.095699e-11
3110.000000  2.718322e-11
3130.000000  2.364690e-11
3150.000000  2.426447e-11
3170.000000  2.761531e-11
3190.000000  2.355330e-11
3210.000000  2.551181e-11
3230.000000  2.060421e-11
3250.000000  3.212531e-11
3270.000000  3.969921e-11
3290.000000  3.882674e-11
3310.000000  3.408019e-11
3330.000000  3.533901e-11
3350.000000  3.311395e-11
3370.000000  2.258643e-11
3390.000000  2.685209e-11
3410.000000  2.812752e-11
3430.000000  3.080767e-11
3450.000000  3.202353e-11
3470.000000  3.371359e-11
3490.000000  3.943321e-11
3510.000000  4.216356e-11
3530.000000  3.705527e-11
3550.000000  4.357878e-11
3570.000000  2.650010e-11
3590.000000  2.889411e-11
3610.000000  3.837227e-11
3630.000000  3.995429e-11
3640.000000  4.122131e-11
3650.000000  4.814271e-11
3670.000000  5.119998e-11
3690.000000  4.687817e-11
3710.000000  4.945788e-11
3730.000000  2.957136e-11
3750.000000  3.466774e-11
3770.000000  4.579071e-11
3790.000000  4.539847e-11
3810.000000  4.069308e-11
3830.000000  2.134507e-11
3850.000000  2.699922e-11
3870.000000  2.758411e-11
3890.000000  4.205436e-11
3910.000000  5.279164e-11
3930.000000  2.513255e-11
3950.000000  4.660858e-11
3970.000000  3.174025e-11
3990.000000  6.971425e-11
4010.000000  7.587524e-11
4030.000000  7.316850e-11
4050.000000  6.959924e-11
4070.000000  6.627815e-11
4090.000000  8.150357e-11
4110.000000  7.953138e-11
4130.000000  7.442008e-11
4150.000000  7.093347e-11
4170.000000  7.288429e-11
4190.000000  6.941053e-11
4210.000000  7.347752e-11
4230.000000  7.257018e-11
4250.000000  7.410538e-11
4270.000000  6.811286e-11
4290.000000  6.128457e-11
4310.000000  5.142698e-11
4330.000000  8.018376e-11
4350.000000  7.736516e-11
4370.000000  8.411814e-11
4390.000000  7.460015e-11
4410.000000  8.204456e-11
4430.000000  9.013818e-11
4450.000000  8.993303e-11
4470.000000  9.664167e-11
4490.000000  9.872981e-11
4510.000000  1.113107e-10
4530.000000  9.871966e-11
4550.000000  1.030861e-10
4570.000000  1.103724e-10
4590.000000  1.045553e-10
4610.000000  1.074902e-10
4630.000000  1.056807e-10
4650.000000  1.067340e-10
4670.000000  1.105147e-10
4690.000000  1.083172e-10
4710.000000  1.047470e-10
4730.000000  1.092685e-10
4750.000000  1.122447e-10
4770.000000  1.127158e-10
4790.000000  1.124738e-10
4810.000000  1.112265e-10
4830.000000  1.137318e-10
4850.000000  1.077158e-10
4870.000000  9.817414e-11
4890.000000  1.080721e-10
4910.000000  1.080427e-10
4930.000000  1.056130e-10
4950.000000  1.111719e-10
4970.000000  1.110121e-10
4990.000000  1.028870e-10
5010.000000  9.769669e-11
5030.000000  1.039279e-10
5050.000000  1.037901e-10
5070.000000  1.084221e-10
5090.000000  1.028954e-10
5110.000000  1.048941e-10
5130.000000  1.018966e-10
5150.000000  9.744449e-11
5170.000000  8.476689e-11
5190.000000  8.827967e-11
5210.000000  9.971543e-11
5230.000000  1.037617e-10
5250.000000  1.080682e-10
5270.000000  9.417921e-11
5290.000000  1.079822e-10
5310.000000  1.136635e-10
5330.000000  1.003261e-10
5350.000000  1.095132e-10
5370.000000  1.094258e-10
5390.000000  1.071919e-10
5410.000000  1.039043e-10
5430.000000  1.064256e-10
5450.000000  1.105760e-10
5470.000000  1.080481e-10
5490.000000  1.072796e-10
5510.000000  1.069186e-10
5530.000000  1.088864e-10
5550.000000  1.107674e-10
5570.000000  1.073555e-10
5590.000000  1.043728e-10
5610.000000  1.090636e-10
5630.000000  1.088713e-10
5650.000000  1.089915e-10
5670.000000  1.062592e-10
5690.000000  1.084094e-10
5710.000000  1.053181e-10
5730.000000  1.133535e-10
5750.000000  1.093619e-10
5770.000000  1.106891e-10
5790.000000  1.062951e-10
5810.000000  1.100322e-10
5830.000000  1.122771e-10
5850.000000  1.091662e-10
5870.000000  1.094220e-10
5890.000000  9.766931e-11
5910.000000  1.079904e-10
5930.000000  1.080068e-10
5950.000000  1.081752e-10
5970.000000  1.089917e-10
5990.000000  1.075496e-10
6010.000000  1.055287e-10
6030.000000  1.066222e-10
6050.000000  1.086363e-10
6070.000000  1.078128e-10
6090.000000  1.043541e-10
6110.000000  1.040175e-10
6130.000000  9.939229e-11
6150.000000  1.018852e-10
6170.000000  9.736576e-11
6190.000000  1.035293e-10
6210.000000  1.036642e-10
6230.000000  1.004795e-10
6250.000000  9.751241e-11
6270.000000  1.016345e-10
6290.000000  1.023685e-10
6310.000000  9.912600e-11
6330.000000  9.963888e-11
6350.000000  9.988773e-11
6370.000000  9.937865e-11
6390.000000  1.004576e-10
6410.000000  9.798102e-11
6430.000000  9.903573e-11
6450.000000  9.786124e-11
6470.000000  9.738814e-11
6490.000000  9.583537e-11
6510.000000  9.838807e-11
6530.000000  9.856307e-11
6550.000000  9.663140e-11
6570.000000  9.047761e-11
6590.000000  9.663539e-11
6610.000000  9.759586e-11
6630.000000  9.666793e-11
6650.000000  9.645058e-11
6670.000000  9.504092e-11
6690.000000  9.678984e-11
6710.000000  9.414357e-11
6730.000000  9.594468e-11
6750.000000  9.459842e-11
6770.000000  9.461536e-11
6790.000000  9.405332e-11
6810.000000  9.341956e-11
6830.000000  9.421803e-11
6850.000000  9.165585e-11
6870.000000  9.272882e-11
6890.000000  9.292815e-11
6910.000000  9.218614e-11
6930.000000  9.157415e-11
6950.000000  9.099954e-11
6970.000000  9.103448e-11
6990.000000  9.042780e-11
7010.000000  8.780822e-11
7030.000000  8.929816e-11
7050.000000  8.977580e-11
7070.000000  8.862674e-11
7090.000000  8.821248e-11
7110.000000  8.844708e-11
7130.000000  8.669299e-11
7150.000000  8.599889e-11
7170.000000  8.628891e-11
7190.000000  8.351740e-11
7210.000000  8.530981e-11
7230.000000  8.578517e-11
7250.000000  8.590762e-11
7270.000000  8.548776e-11
7290.000000  8.292724e-11
7310.000000  8.435109e-11
7330.000000  8.387976e-11
7350.000000  8.395286e-11
7370.000000  8.431449e-11
7390.000000  8.212924e-11
7410.000000  8.118458e-11
7430.000000  8.213488e-11
7450.000000  8.209236e-11
7470.000000  8.259373e-11
7490.000000  8.171495e-11
7510.000000  8.186456e-11
7530.000000  8.192691e-11
7550.000000  8.202658e-11
7570.000000  8.108654e-11
7590.000000  8.082537e-11
7610.000000  8.036598e-11
7630.000000  8.071766e-11
7650.000000  8.042076e-11
7670.000000  7.798500e-11
7690.000000  7.984797e-11
7710.000000  7.860352e-11
7730.000000  7.858236e-11
7750.000000  7.763290e-11
7770.000000  7.910677e-11
7790.000000  7.872768e-11
7810.000000  7.821374e-11
7830.000000  7.729515e-11
7850.000000  7.716031e-11
7870.000000  7.752388e-11
7890.000000  7.659063e-11
7910.000000  7.507543e-11
7930.000000  7.386293e-11
7950.000000  7.350614e-11
7970.000000  7.512806e-11
7990.000000  7.495017e-11
8010.000000  7.403994e-11
8030.000000  7.395665e-11
8050.000000  7.314501e-11
8070.000000  7.342635e-11
8090.000000  7.174835e-11
8110.000000  7.221234e-11
8130.000000  7.263254e-11
8150.000000  7.216370e-11
8170.000000  7.200703e-11
8190.000000  6.978176e-11
8210.000000  7.001488e-11
8230.000000  6.998371e-11
8250.000000  7.062312e-11
8270.000000  7.110619e-11
8290.000000  7.058741e-11
8310.000000  6.880006e-11
8330.000000  6.848908e-11
8350.000000  6.872910e-11
8370.000000  6.903965e-11
8390.000000  6.714944e-11
8410.000000  6.877045e-11
8430.000000  6.715573e-11
8450.000000  6.794404e-11
8470.000000  6.731559e-11
8490.000000  6.680619e-11
8510.000000  6.362924e-11
8530.000000  6.562811e-11
8550.000000  5.661573e-11
8570.000000  6.705635e-11
8590.000000  6.579556e-11
8610.000000  6.567489e-11
8630.000000  6.616142e-11
8650.000000  6.538928e-11
8670.000000  5.659985e-11
8690.000000  6.342980e-11
8710.000000  6.462363e-11
8730.000000  6.455964e-11
8750.000000  6.364733e-11
8770.000000  6.457090e-11
8790.000000  6.394258e-11
8810.000000  6.209860e-11
8830.000000  6.326677e-11
8850.000000  6.347587e-11
8870.000000  6.191445e-11
8890.000000  6.336576e-11
8910.000000  6.352183e-11
8930.000000  6.210115e-11
8950.000000  6.193054e-11
8970.000000  6.199663e-11
8990.000000  6.214413e-11
9010.000000  5.927345e-11
9030.000000  6.113153e-11
9050.000000  6.206756e-11
9070.000000  6.111762e-11
9090.000000  5.928614e-11
9110.000000  5.953008e-11
9130.000000  6.062646e-11
9150.000000  5.906866e-11
9170.000000  5.832345e-11
9190.000000  5.852520e-11
9210.000000  5.697370e-11
9230.000000  5.666151e-11
9250.000000  5.659695e-11
9270.000000  5.733793e-11
9290.000000  5.698383e-11
9310.000000  5.756680e-11
9330.000000  5.727262e-11
9350.000000  5.686666e-11
9370.000000  5.651982e-11
9390.000000  5.623080e-11
9410.000000  5.430687e-11
9430.000000  5.544685e-11
9450.000000  5.449229e-11
9470.000000  5.551266e-11
9490.000000  5.549011e-11
9510.000000  5.538367e-11
9530.000000  5.484447e-11
9550.000000  5.388319e-11
9570.000000  5.437966e-11
9590.000000  5.484930e-11
9610.000000  5.428668e-11
9630.000000  5.381900e-11
9650.000000  5.324802e-11
9670.000000  5.309921e-11
9690.000000  5.371148e-11
9710.000000  5.328268e-11
9730.000000  5.315289e-11
9750.000000  5.264408e-11
9770.000000  5.269432e-11
9790.000000  5.205436e-11
9810.000000  5.276283e-11
9830.000000  5.241328e-11
9850.000000  5.254606e-11
9870.000000  5.209038e-11
9890.000000  5.203823e-11
9910.000000  5.161727e-11
9930.000000  5.201510e-11
9950.000000  5.175051e-11
9970.000000  5.167581e-11
9990.000000  5.143533e-11
10025.000000  5.098508e-11
10075.000000  5.023579e-11
10125.000000  5.016271e-11
10175.000000  4.927021e-11
10225.000000  4.912698e-11
10275.000000  4.900959e-11
10325.000000  4.809154e-11
10375.000000  4.768858e-11
10425.000000  4.763914e-11
10475.000000  4.690515e-11
10525.000000  4.678321e-11
10575.000000  4.615719e-11
10625.000000  4.572250e-11
10675.000000  4.477146e-11
10725.000000  4.475318e-11
10775.000000  4.416159e-11
10825.000000  4.320644e-11
10875.000000  4.298109e-11
10925.000000  4.248655e-11
10975.000000  4.096034e-11
11025.000000  4.091495e-11
11075.000000  4.102644e-11
11125.000000  4.062988e-11
11175.000000  4.051617e-11
11225.000000  4.035795e-11
11275.000000  3.951245e-11
11325.000000  3.968734e-11
11375.000000  3.905251e-11
11425.000000  3.873733e-11
11475.000000  3.906432e-11
11525.000000  3.883140e-11
11575.000000  3.823521e-11
11625.000000  3.764789e-11
11675.000000  3.759875e-11
11725.000000  3.782335e-11
11775.000000  3.701870e-11
11825.000000  3.653936e-11
11875.000000  3.625004e-11
11925.000000  3.672452e-11
11975.000000  3.517295e-11
12025.000000  3.561599e-11
12075.000000  3.514635e-11
12125.000000  3.520900e-11
12175.000000  3.528854e-11
12225.000000  3.499380e-11
12275.000000  3.459054e-11
12325.000000  3.438906e-11
12375.000000  3.413515e-11
12425.000000  3.374534e-11
12475.000000  3.371390e-11
12525.000000  3.331493e-11
12575.000000  3.313871e-11
12625.000000  3.287995e-11
12675.000000  3.245414e-11
12725.000000  3.243828e-11
12775.000000  3.228219e-11
12825.000000  3.081264e-11
12875.000000  3.157750e-11
12925.000000  3.121210e-11
12975.000000  3.129890e-11
13025.000000  3.086151e-11
13075.000000  3.086635e-11
13125.000000  3.024408e-11
13175.000000  3.003401e-11
13225.000000  3.014580e-11
13275.000000  2.958133e-11
13325.000000  2.960175e-11
13375.000000  2.936185e-11
13425.000000  2.937125e-11
13475.000000  2.910851e-11
13525.000000  2.896800e-11
13575.000000  2.840567e-11
13625.000000  2.830358e-11
13675.000000  2.817062e-11
13725.000000  2.808034e-11
13775.000000  2.785331e-11
13825.000000  2.773806e-11
13875.000000  2.750647e-11
13925.000000  2.739336e-11
13975.000000  2.717359e-11
14025.000000  2.677006e-11
14075.000000  2.665269e-11
14125.000000  2.606112e-11
14175.000000  2.616350e-11
14225.000000  2.560088e-11
14275.000000  2.512183e-11
14325.000000  2.552889e-11
14375.000000  2.558801e-11
14425.000000  2.468582e-11
14475.000000  2.521429e-11
14525.000000  2.462698e-11
14570.000000  2.464498e-11
14620.000000  2.450961e-11
14675.000000  2.432583e-11
14725.000000  2.386317e-11
14775.000000  2.386830e-11
14825.000000  2.377319e-11
14875.000000  2.317962e-11
14925.000000  2.381886e-11
14975.000000  2.345374e-11
15025.000000  2.259761e-11
15075.000000  2.267053e-11
15125.000000  2.301906e-11
15175.000000  2.303947e-11
15225.000000  2.263593e-11
15275.000000  2.273831e-11
15325.000000  2.252524e-11
15375.000000  2.244627e-11
15425.000000  2.237158e-11
15475.000000  2.223135e-11
15525.000000  2.184688e-11
15575.000000  2.169080e-11
15625.000000  2.188907e-11
15675.000000  2.126748e-11
15725.000000  2.136543e-11
15775.000000  2.044320e-11
15825.000000  2.085825e-11
15875.000000  2.007966e-11
15925.000000  2.048600e-11
15975.000000  2.057757e-11
16050.000000  2.034796e-11
16150.000000  1.988942e-11
16250.000000  1.987679e-11
16350.000000  1.942041e-11
16450.000000  1.891250e-11
16550.000000  1.892889e-11
16650.000000  1.855383e-11
16750.000000  1.797808e-11
16850.000000  1.742903e-11
16950.000000  1.762967e-11
17050.000000  1.702361e-11
17150.000000  1.672562e-11
17250.000000  1.629120e-11
17350.000000  1.558984e-11
17450.000000  1.565856e-11
17550.000000  1.548219e-11
17650.000000  1.518308e-11
17750.000000  1.483672e-11
17850.000000  1.464838e-11
17950.000000  1.437168e-11
18050.000000  1.401675e-11
18150.000000  1.347560e-11
18250.000000  1.339715e-11
18350.000000  1.320341e-11
18450.000000  1.282874e-11
18550.000000  1.271301e-11
18650.000000  1.234158e-11
18750.000000  1.174583e-11
18850.000000  1.195699e-11
18950.000000  1.146825e-11
19050.000000  1.158654e-11
19150.000000  1.132078e-11
19250.000000  1.113846e-11
19350.000000  1.081928e-11
19450.000000  1.035520e-11
19550.000000  1.052093e-11
19650.000000  1.030100e-11
19750.000000  1.005091e-11
19850.000000  9.937675e-12
19950.000000  9.764097e-12
20050.000000  9.669777e-12
20150.000000  9.548417e-12
20250.000000  9.269434e-12
20350.000000  9.057243e-12
20450.000000  9.039536e-12
20550.000000  8.835647e-12
20650.000000  8.630700e-12
20750.000000  8.523860e-12
20850.000000  8.369859e-12
20950.000000  8.166285e-12
21050.000000  8.120130e-12
21150.000000  7.961589e-12
21250.000000  7.820168e-12
21350.000000  7.714928e-12
21450.000000  7.593142e-12
21550.000000  7.464157e-12
21650.000000  7.126480e-12
21750.000000  7.141191e-12
21850.000000  7.050891e-12
21950.000000  6.988534e-12
22050.000000  6.789443e-12
22150.000000  6.765004e-12
22250.000000  6.620619e-12
22350.000000  6.513852e-12
22450.000000  6.414768e-12
22550.000000  6.304430e-12
22650.000000  6.183175e-12
22750.000000  6.131354e-12
22850.000000  5.977456e-12
22950.000000  5.692983e-12
23050.000000  5.740476e-12
23150.000000  5.662052e-12
23250.000000  5.334581e-12
23350.000000  5.391769e-12
23450.000000  5.391450e-12
23550.000000  5.040203e-12
23650.000000  5.155349e-12
23750.000000  5.077541e-12
23850.000000  4.794615e-12
23950.000000  4.892973e-12
24050.000000  4.860138e-12
24150.000000  4.608940e-12
24250.000000  4.650097e-12
24350.000000  4.619062e-12
24450.000000  4.468642e-12
24550.000000  4.376512e-12
24650.000000  4.434218e-12
24750.000000  4.304940e-12
24850.000000  4.180518e-12
24950.000000  4.219503e-12
