2505.000000  6.441539e-15
2513.000000  3.381275e-15
2518.000000  2.145511e-15
2525.000000  2.775233e-15
2535.000000  1.406745e-14
2545.000000  1.748215e-14
2555.000000  3.701208e-14
2565.000000  1.683732e-14
2575.000000  3.315955e-14
2585.000000  2.177261e-14
2595.000000  2.542275e-14
2605.000000  3.338597e-14
2615.000000  2.824080e-14
2625.000000  4.889729e-14
2635.000000  1.182483e-13
2645.000000  1.262161e-13
2655.000000  2.820831e-13
2665.000000  1.533027e-13
2675.000000  1.304035e-13
2685.000000  2.081835e-13
2695.000000  9.514498e-14
2705.000000  2.014681e-13
2715.000000  1.190674e-13
2725.000000  6.637153e-14
2735.000000  9.520211e-14
2745.000000  9.563873e-14
2755.000000  1.144572e-13
2765.000000  1.775518e-13
2775.000000  2.132750e-13
2785.000000  1.114816e-13
2795.000000  5.079293e-14
2805.000000  6.432177e-14
2815.000000  1.655226e-13
2825.000000  1.954865e-13
2835.000000  1.410043e-13
2845.000000  6.059971e-14
2855.000000  1.449376e-14
2865.000000  1.097251e-13
2875.000000  2.003022e-13
2885.000000  3.371917e-13
2895.000000  5.436016e-13
2910.000000  8.484529e-13
2930.000000  8.587270e-13
2950.000000  7.208069e-13
2970.000000  7.344424e-13
2990.000000  7.182492e-13
3010.000000  5.936240e-13
3030.000000  9.273128e-13
3050.000000  1.005416e-12
3070.000000  1.555079e-12
3090.000000  1.712675e-12
3110.000000  2.598889e-12
3130.000000  2.091957e-12
3150.000000  2.668397e-12
3170.000000  3.310280e-12
3190.000000  2.674599e-12
3210.000000  2.920452e-12
3230.000000  2.230788e-12
3250.000000  3.852784e-12
3270.000000  5.079592e-12
3290.000000  5.370160e-12
3310.000000  4.413896e-12
3330.000000  4.591679e-12
3350.000000  4.101110e-12
3370.000000  2.692038e-12
3390.000000  3.135764e-12
3410.000000  3.708872e-12
3430.000000  4.403792e-12
3450.000000  4.292593e-12
3470.000000  4.606691e-12
3490.000000  5.680338e-12
3510.000000  6.258050e-12
3530.000000  5.063793e-12
3550.000000  6.087444e-12
3570.000000  3.038047e-12
3590.000000  3.717417e-12
3610.000000  5.888827e-12
3630.000000  7.157635e-12
3640.000000  7.640630e-12
3650.000000  8.524425e-12
3670.000000  9.628715e-12
3690.000000  8.712189e-12
3710.000000  8.876797e-12
3730.000000  4.150164e-12
3750.000000  5.042989e-12
3770.000000  7.531071e-12
3790.000000  7.512459e-12
3810.000000  6.362518e-12
3830.000000  2.965881e-12
3850.000000  3.582332e-12
3870.000000  4.058901e-12
3890.000000  7.499659e-12
3910.000000  9.448148e-12
3930.000000  3.178982e-12
3950.000000  7.112936e-12
3970.000000  4.333345e-12
3990.000000  1.391649e-11
4010.000000  1.689147e-11
4030.000000  1.592893e-11
4050.000000  1.506099e-11
4070.000000  1.391484e-11
4090.000000  1.824345e-11
4110.000000  1.692638e-11
4130.000000  1.484406e-11
4150.000000  1.315659e-11
4170.000000  1.355979e-11
4190.000000  1.426060e-11
4210.000000  1.588552e-11
4230.000000  1.689174e-11
4250.000000  1.867036e-11
4270.000000  1.741631e-11
4290.000000  1.581380e-11
4310.000000  1.371944e-11
4330.000000  2.158741e-11
4350.000000  2.156812e-11
4370.000000  2.329596e-11
4390.000000  2.053843e-11
4410.000000  2.238879e-11
4430.000000  2.461360e-11
4450.000000  2.518428e-11
4470.000000  2.749675e-11
4490.000000  2.860822e-11
4510.000000  3.337096e-11
4530.000000  2.877753e-11
4550.000000  3.010310e-11
4570.000000  3.292064e-11
4590.000000  3.210005e-11
4610.000000  3.340742e-11
4630.000000  3.246789e-11
4650.000000  3.311107e-11
4670.000000  3.470884e-11
4690.000000  3.414330e-11
4710.000000  3.331641e-11
4730.000000  3.471716e-11
4750.000000  3.655294e-11
4770.000000  3.691994e-11
4790.000000  3.675734e-11
4810.000000  3.677695e-11
4830.000000  3.817497e-11
4850.000000  3.630468e-11
4870.000000  3.407391e-11
4890.000000  3.731437e-11
4910.000000  3.718908e-11
4930.000000  3.640317e-11
4950.000000  3.914420e-11
4970.000000  3.807258e-11
4990.000000  3.509748e-11
5010.000000  3.309486e-11
5030.000000  3.522336e-11
5050.000000  3.520993e-11
5070.000000  3.685808e-11
5090.000000  3.391858e-11
5110.000000  3.503954e-11
5130.000000  3.339277e-11
5150.000000  3.232192e-11
5170.000000  2.943131e-11
5190.000000  3.171641e-11
5210.000000  3.422915e-11
5230.000000  3.744828e-11
5250.000000  3.889813e-11
5270.000000  3.437862e-11
5290.000000  3.985480e-11
5310.000000  4.299803e-11
5330.000000  3.734752e-11
5350.000000  4.149285e-11
5370.000000  4.199434e-11
5390.000000  4.006300e-11
5410.000000  3.975613e-11
5430.000000  4.024533e-11
5450.000000  4.296967e-11
5470.000000  4.126541e-11
5490.000000  4.071169e-11
5510.000000  4.055303e-11
5530.000000  4.227543e-11
5550.000000  4.340292e-11
5570.000000  4.243575e-11
5590.000000  4.105435e-11
5610.000000  4.360334e-11
5630.000000  4.271147e-11
5650.000000  4.309511e-11
5670.000000  4.197494e-11
5690.000000  4.360714e-11
5710.000000  4.161748e-11
5730.000000  4.595587e-11
5750.000000  4.398002e-11
5770.000000  4.496969e-11
5790.000000  4.236587e-11
5810.000000  4.500350e-11
5830.000000  4.670425e-11
5850.000000  4.506858e-11
5870.000000  4.533793e-11
5890.000000  3.901433e-11
5910.000000  4.464394e-11
5930.000000  4.487346e-11
5950.000000  4.486777e-11
5970.000000  4.602351e-11
5990.000000  4.498404e-11
6010.000000  4.410363e-11
6030.000000  4.539809e-11
6050.000000  4.628473e-11
6070.000000  4.599596e-11
6090.000000  4.380049e-11
6110.000000  4.416594e-11
6130.000000  4.147671e-11
6150.000000  4.321614e-11
6170.000000  4.137461e-11
6190.000000  4.428894e-11
6210.000000  4.388237e-11
6230.000000  4.238965e-11
6250.000000  4.066343e-11
6270.000000  4.274765e-11
6290.000000  4.369793e-11
6310.000000  4.229773e-11
6330.000000  4.296913e-11
6350.000000  4.294085e-11
6370.000000  4.264189e-11
6390.000000  4.361367e-11
6410.000000  4.282201e-11
6430.000000  4.324726e-11
6450.000000  4.314208e-11
6470.000000  4.309653e-11
6490.000000  4.186004e-11
6510.000000  4.319128e-11
6530.000000  4.345908e-11
6550.000000  4.283343e-11
6570.000000  4.190392e-11
6590.000000  4.318946e-11
6610.000000  4.346461e-11
6630.000000  4.322653e-11
6650.000000  4.317673e-11
6670.000000  4.235389e-11
6690.000000  4.374669e-11
6710.000000  4.203287e-11
6730.000000  4.379322e-11
6750.000000  4.282125e-11
6770.000000  4.318779e-11
6790.000000  4.283786e-11
6810.000000  4.270580e-11
6830.000000  4.331673e-11
6850.000000  4.195540e-11
6870.000000  4.258538e-11
6890.000000  4.310531e-11
6910.000000  4.267017e-11
6930.000000  4.195831e-11
6950.000000  4.115604e-11
6970.000000  4.150180e-11
6990.000000  4.098332e-11
7010.000000  3.992047e-11
7030.000000  4.092948e-11
7050.000000  4.157971e-11
7070.000000  4.069662e-11
7090.000000  4.044855e-11
7110.000000  4.011301e-11
7130.000000  3.924474e-11
7150.000000  3.915925e-11
7170.000000  3.978556e-11
7190.000000  3.839844e-11
7210.000000  3.943973e-11
7230.000000  4.022765e-11
7250.000000  4.003657e-11
7270.000000  3.975810e-11
7290.000000  3.848599e-11
7310.000000  3.925182e-11
7330.000000  3.916896e-11
7350.000000  3.901452e-11
7370.000000  3.989395e-11
7390.000000  3.898655e-11
7410.000000  3.874173e-11
7430.000000  3.924047e-11
7450.000000  3.923477e-11
7470.000000  3.930613e-11
7490.000000  3.894373e-11
7510.000000  3.948182e-11
7530.000000  3.971075e-11
7550.000000  3.992696e-11
7570.000000  3.950887e-11
7590.000000  3.930333e-11
7610.000000  3.935668e-11
7630.000000  3.956248e-11
7650.000000  3.961104e-11
7670.000000  3.820063e-11
7690.000000  3.952825e-11
7710.000000  3.864957e-11
7730.000000  3.873050e-11
7750.000000  3.847216e-11
7770.000000  3.942578e-11
7790.000000  3.926915e-11
7810.000000  3.913023e-11
7830.000000  3.872456e-11
7850.000000  3.840349e-11
7870.000000  3.838858e-11
7890.000000  3.694099e-11
7910.000000  3.580745e-11
7930.000000  3.580818e-11
7950.000000  3.521685e-11
7970.000000  3.665973e-11
7990.000000  3.654565e-11
8010.000000  3.645513e-11
8030.000000  3.656002e-11
8050.000000  3.611221e-11
8070.000000  3.578549e-11
8090.000000  3.472823e-11
8110.000000  3.456549e-11
8130.000000  3.515997e-11
8150.000000  3.513311e-11
8170.000000  3.526682e-11
8190.000000  3.459266e-11
8210.000000  3.455842e-11
8230.000000  3.497817e-11
8250.000000  3.528430e-11
8270.000000  3.563297e-11
8290.000000  3.530943e-11
8310.000000  3.384918e-11
8330.000000  3.404911e-11
8350.000000  3.410723e-11
8370.000000  3.449126e-11
8390.000000  3.326031e-11
8410.000000  3.461993e-11
8430.000000  3.360851e-11
8450.000000  3.444292e-11
8470.000000  3.427838e-11
8490.000000  3.411178e-11
8510.000000  3.232176e-11
8530.000000  3.350727e-11
8550.000000  2.837640e-11
8570.000000  3.447099e-11
8590.000000  3.398234e-11
8610.000000  3.406688e-11
8630.000000  3.433502e-11
8650.000000  3.403682e-11
8670.000000  2.885102e-11
8690.000000  3.283649e-11
8710.000000  3.378991e-11
8730.000000  3.391930e-11
8750.000000  3.362566e-11
8770.000000  3.401779e-11
8790.000000  3.373022e-11
8810.000000  3.279912e-11
8830.000000  3.339232e-11
8850.000000  3.378395e-11
8870.000000  3.316511e-11
8890.000000  3.369640e-11
8910.000000  3.399443e-11
8930.000000  3.308454e-11
8950.000000  3.298414e-11
8970.000000  3.305891e-11
8990.000000  3.318994e-11
9010.000000  3.191433e-11
9030.000000  3.277019e-11
9050.000000  3.346130e-11
9070.000000  3.312872e-11
9090.000000  3.191497e-11
9110.000000  3.173761e-11
9130.000000  3.264543e-11
9150.000000  3.034598e-11
9170.000000  2.950229e-11
9190.000000  2.986031e-11
9210.000000  2.911165e-11
9230.000000  2.967948e-11
9250.000000  2.947431e-11
9270.000000  2.996489e-11
9290.000000  2.953638e-11
9310.000000  3.038616e-11
9330.000000  3.040928e-11
9350.000000  3.002503e-11
9370.000000  2.981937e-11
9390.000000  2.926311e-11
9410.000000  2.857501e-11
9430.000000  2.890137e-11
9450.000000  2.827152e-11
9470.000000  2.915461e-11
9490.000000  2.898824e-11
9510.000000  2.952940e-11
9530.000000  2.922429e-11
9550.000000  2.906042e-11
9570.000000  2.909111e-11
9590.000000  2.948393e-11
9610.000000  2.912846e-11
9630.000000  2.896041e-11
9650.000000  2.837498e-11
9670.000000  2.825734e-11
9690.000000  2.884895e-11
9710.000000  2.861077e-11
9730.000000  2.859730e-11
9750.000000  2.842207e-11
9770.000000  2.854620e-11
9790.000000  2.794800e-11
9810.000000  2.884298e-11
9830.000000  2.866138e-11
9850.000000  2.889143e-11
9870.000000  2.877170e-11
9890.000000  2.890759e-11
9910.000000  2.855333e-11
9930.000000  2.885672e-11
9950.000000  2.863398e-11
9970.000000  2.878809e-11
9990.000000  2.874344e-11
10025.000000  2.848115e-11
10075.000000  2.823708e-11
10125.000000  2.826668e-11
10175.000000  2.784184e-11
10225.000000  2.788406e-11
10275.000000  2.793287e-11
10325.000000  2.740318e-11
10375.000000  2.724631e-11
10425.000000  2.733223e-11
10475.000000  2.705055e-11
10525.000000  2.702458e-11
10575.000000  2.674372e-11
10625.000000  2.659308e-11
10675.000000  2.610054e-11
10725.000000  2.609349e-11
10775.000000  2.583087e-11
10825.000000  2.539994e-11
10875.000000  2.504788e-11
10925.000000  2.455802e-11
10975.000000  2.282428e-11
11025.000000  2.272377e-11
11075.000000  2.310756e-11
11125.000000  2.306272e-11
11175.000000  2.336462e-11
11225.000000  2.327777e-11
11275.000000  2.292137e-11
11325.000000  2.315101e-11
11375.000000  2.260991e-11
11425.000000  2.273829e-11
11475.000000  2.300521e-11
11525.000000  2.295551e-11
11575.000000  2.268579e-11
11625.000000  2.237928e-11
11675.000000  2.243489e-11
11725.000000  2.272050e-11
11775.000000  2.227770e-11
11825.000000  2.213262e-11
11875.000000  2.186529e-11
11925.000000  2.227007e-11
11975.000000  2.137117e-11
12025.000000  2.176371e-11
12075.000000  2.152656e-11
12125.000000  2.156355e-11
12175.000000  2.161981e-11
12225.000000  2.150723e-11
12275.000000  2.136881e-11
12325.000000  2.118864e-11
12375.000000  2.109451e-11
12425.000000  2.090711e-11
12475.000000  2.094431e-11
12525.000000  2.071940e-11
12575.000000  2.068133e-11
12625.000000  2.059943e-11
12675.000000  2.035570e-11
12725.000000  2.037437e-11
12775.000000  2.037412e-11
12825.000000  1.967529e-11
12875.000000  1.996166e-11
12925.000000  1.970641e-11
12975.000000  1.990480e-11
13025.000000  1.964944e-11
13075.000000  1.973579e-11
13125.000000  1.938021e-11
13175.000000  1.930463e-11
13225.000000  1.934890e-11
13275.000000  1.899977e-11
13325.000000  1.914233e-11
13375.000000  1.899907e-11
13425.000000  1.907863e-11
13475.000000  1.895418e-11
13525.000000  1.889789e-11
13575.000000  1.855047e-11
13625.000000  1.847318e-11
13675.000000  1.849556e-11
13725.000000  1.851776e-11
13775.000000  1.839152e-11
13825.000000  1.837805e-11
13875.000000  1.819671e-11
13925.000000  1.815694e-11
13975.000000  1.802374e-11
14025.000000  1.777479e-11
14075.000000  1.743387e-11
14125.000000  1.683691e-11
14175.000000  1.685215e-11
14225.000000  1.668818e-11
14275.000000  1.643755e-11
14325.000000  1.676803e-11
14375.000000  1.688625e-11
14425.000000  1.635399e-11
14475.000000  1.688184e-11
14525.000000  1.638085e-11
14570.000000  1.635736e-11
14620.000000  1.615708e-11
14675.000000  1.603390e-11
14725.000000  1.583350e-11
14775.000000  1.597083e-11
14825.000000  1.594653e-11
14875.000000  1.588017e-11
14925.000000  1.618390e-11
14975.000000  1.603335e-11
15025.000000  1.568751e-11
15075.000000  1.559538e-11
15125.000000  1.567451e-11
15175.000000  1.580271e-11
15225.000000  1.567365e-11
15275.000000  1.571534e-11
15325.000000  1.569747e-11
15375.000000  1.574912e-11
15425.000000  1.566310e-11
15475.000000  1.566941e-11
15525.000000  1.538636e-11
15575.000000  1.519420e-11
15625.000000  1.555296e-11
15675.000000  1.516132e-11
15725.000000  1.526913e-11
15775.000000  1.465028e-11
15825.000000  1.493099e-11
15875.000000  1.437634e-11
15925.000000  1.476173e-11
15975.000000  1.488303e-11
16050.000000  1.473933e-11
16150.000000  1.452950e-11
16250.000000  1.453126e-11
16350.000000  1.444761e-11
16450.000000  1.390619e-11
16550.000000  1.406063e-11
16650.000000  1.367934e-11
16750.000000  1.348076e-11
16850.000000  1.300545e-11
16950.000000  1.319888e-11
17050.000000  1.269379e-11
17150.000000  1.259626e-11
17250.000000  1.224049e-11
17350.000000  1.182863e-11
17450.000000  1.184088e-11
17550.000000  1.161895e-11
17650.000000  1.145131e-11
17750.000000  1.115472e-11
17850.000000  1.104348e-11
17950.000000  1.085248e-11
18050.000000  1.055710e-11
18150.000000  1.033898e-11
18250.000000  1.016805e-11
18350.000000  9.992380e-12
18450.000000  9.730789e-12
18550.000000  9.638020e-12
18650.000000  9.348818e-12
18750.000000  9.090462e-12
18850.000000  9.086664e-12
18950.000000  8.687844e-12
19050.000000  8.823199e-12
19150.000000  8.615110e-12
19250.000000  8.505133e-12
19350.000000  8.234749e-12
19450.000000  8.016561e-12
19550.000000  8.032627e-12
19650.000000  7.829286e-12
19750.000000  7.616773e-12
19850.000000  7.533198e-12
19950.000000  7.396138e-12
20050.000000  7.357841e-12
20150.000000  7.269277e-12
20250.000000  7.034375e-12
20350.000000  6.903258e-12
20450.000000  6.884623e-12
20550.000000  6.707731e-12
20650.000000  6.571143e-12
20750.000000  6.475230e-12
20850.000000  6.366546e-12
20950.000000  6.217424e-12
21050.000000  6.191846e-12
21150.000000  6.077008e-12
21250.000000  5.963648e-12
21350.000000  5.899293e-12
21450.000000  5.790385e-12
21550.000000  5.704799e-12
21650.000000  5.534897e-12
21750.000000  5.463513e-12
21850.000000  5.402929e-12
21950.000000  5.344955e-12
22050.000000  5.192850e-12
22150.000000  5.193332e-12
22250.000000  5.052568e-12
22350.000000  4.980237e-12
22450.000000  4.909158e-12
22550.000000  4.835595e-12
22650.000000  4.733324e-12
22750.000000  4.712642e-12
22850.000000  4.593464e-12
22950.000000  4.041755e-12
23050.000000  4.253068e-12
23150.000000  4.215639e-12
23250.000000  3.727361e-12
23350.000000  3.932002e-12
23450.000000  3.941645e-12
23550.000000  3.461158e-12
23650.000000  3.707350e-12
23750.000000  3.672652e-12
23850.000000  3.282725e-12
23950.000000  3.477522e-12
24050.000000  3.498107e-12
24150.000000  3.179566e-12
24250.000000  3.302840e-12
24350.000000  3.327820e-12
24450.000000  3.119350e-12
24550.000000  3.094553e-12
24650.000000  3.207139e-12
24750.000000  3.076255e-12
24850.000000  2.933219e-12
24950.000000  3.028250e-12
