2505.000000  1.895121e-11
2513.000000  1.281143e-11
2518.000000  1.293520e-11
2525.000000  1.040370e-11
2535.000000  9.157176e-12
2545.000000  9.261749e-12
2555.000000  1.320021e-11
2565.000000  1.175588e-11
2575.000000  1.488405e-11
2585.000000  1.440001e-11
2595.000000  1.333819e-11
2605.000000  1.168324e-11
2615.000000  1.061768e-11
2625.000000  1.470944e-11
2635.000000  1.812755e-11
2645.000000  2.469734e-11
2655.000000  2.738152e-11
2665.000000  1.939337e-11
2675.000000  2.281239e-11
2685.000000  2.255737e-11
2695.000000  2.000609e-11
2705.000000  2.268130e-11
2715.000000  1.901266e-11
2725.000000  1.910268e-11
2735.000000  2.134881e-11
2745.000000  1.195360e-11
2755.000000  1.441480e-11
2765.000000  1.707307e-11
2775.000000  2.102528e-11
2785.000000  1.525498e-11
2795.000000  5.440264e-12
2805.000000  7.320338e-12
2815.000000  2.049494e-11
2825.000000  2.680649e-11
2835.000000  2.496900e-11
2845.000000  2.361485e-11
2855.000000  1.900965e-11
2865.000000  2.574775e-11
2875.000000  2.550678e-11
2885.000000  2.524860e-11
2895.000000  2.391560e-11
2910.000000  3.022586e-11
2930.000000  2.747951e-11
2950.000000  2.716409e-11
2970.000000  3.001303e-11
2990.000000  2.994325e-11
3010.000000  3.159185e-11
3030.000000  3.099785e-11
3050.000000  3.103387e-11
3070.000000  3.177824e-11
3090.000000  3.306048e-11
3110.000000  3.180029e-11
3130.000000  3.131395e-11
3150.000000  3.252926e-11
3170.000000  3.225630e-11
3190.000000  2.929045e-11
3210.000000  3.123041e-11
3230.000000  2.827181e-11
3250.000000  3.113253e-11
3270.000000  3.283236e-11
3290.000000  3.246747e-11
3310.000000  3.358509e-11
3330.000000  3.283491e-11
3350.000000  3.235700e-11
3370.000000  3.125625e-11
3390.000000  3.209355e-11
3410.000000  3.209411e-11
3430.000000  3.208122e-11
3450.000000  3.248376e-11
3470.000000  3.196567e-11
3490.000000  3.206934e-11
3510.000000  3.301732e-11
3530.000000  3.240408e-11
3550.000000  3.460474e-11
3570.000000  3.158960e-11
3590.000000  3.133235e-11
3610.000000  3.171147e-11
3630.000000  3.197337e-11
3640.000000  3.147585e-11
3650.000000  3.414435e-11
3670.000000  3.351036e-11
3690.000000  3.233356e-11
3710.000000  3.341142e-11
3730.000000  3.311618e-11
3750.000000  3.948153e-11
3770.000000  4.287323e-11
3790.000000  5.125603e-11
3810.000000  5.906767e-11
3830.000000  4.657018e-11
3850.000000  6.411988e-11
3870.000000  7.151800e-11
3890.000000  4.556543e-11
3910.000000  6.966595e-11
3930.000000  4.932690e-11
3950.000000  6.597513e-11
3970.000000  3.802440e-11
3990.000000  7.064637e-11
4010.000000  7.864966e-11
4030.000000  7.841988e-11
4050.000000  7.709561e-11
4070.000000  7.478518e-11
4090.000000  6.365600e-11
4110.000000  5.079660e-11
4130.000000  7.323033e-11
4150.000000  7.846337e-11
4170.000000  7.761732e-11
4190.000000  7.737961e-11
4210.000000  7.726478e-11
4230.000000  7.433158e-11
4250.000000  7.611284e-11
4270.000000  7.171719e-11
4290.000000  7.276860e-11
4310.000000  6.620616e-11
4330.000000  5.596181e-11
4350.000000  4.821349e-11
4370.000000  7.018734e-11
4390.000000  7.101938e-11
4410.000000  7.024798e-11
4430.000000  6.845001e-11
4450.000000  7.019919e-11
4470.000000  7.072416e-11
4490.000000  6.955846e-11
4510.000000  7.337774e-11
4530.000000  6.870115e-11
4550.000000  6.847393e-11
4570.000000  7.157679e-11
4590.000000  6.758882e-11
4610.000000  6.930580e-11
4630.000000  6.703420e-11
4650.000000  6.775663e-11
4670.000000  6.818625e-11
4690.000000  6.473242e-11
4710.000000  6.167128e-11
4730.000000  6.571499e-11
4750.000000  6.576772e-11
4770.000000  6.445403e-11
4790.000000  6.400967e-11
4810.000000  6.224505e-11
4830.000000  6.021154e-11
4850.000000  4.768005e-11
4870.000000  3.841709e-11
4890.000000  5.598823e-11
4910.000000  5.850796e-11
4930.000000  5.782258e-11
4950.000000  5.969229e-11
4970.000000  6.012113e-11
4990.000000  5.662247e-11
5010.000000  5.406344e-11
5030.000000  5.636494e-11
5050.000000  5.537659e-11
5070.000000  5.711560e-11
5090.000000  5.586653e-11
5110.000000  5.615851e-11
5130.000000  5.451940e-11
5150.000000  5.294107e-11
5170.000000  5.214819e-11
5190.000000  5.141455e-11
5210.000000  5.193660e-11
5230.000000  5.179739e-11
5250.000000  5.241348e-11
5270.000000  4.763960e-11
5290.000000  5.114006e-11
5310.000000  5.062696e-11
5330.000000  4.770744e-11
5350.000000  4.997623e-11
5370.000000  4.981320e-11
5390.000000  4.910048e-11
5410.000000  4.752503e-11
5430.000000  4.832016e-11
5450.000000  4.896013e-11
5470.000000  4.803304e-11
5490.000000  4.745312e-11
5510.000000  4.715631e-11
5530.000000  4.695588e-11
5550.000000  4.681606e-11
5570.000000  4.605135e-11
5590.000000  4.543781e-11
5610.000000  4.571892e-11
5630.000000  4.564427e-11
5650.000000  4.499699e-11
5670.000000  4.397550e-11
5690.000000  4.421582e-11
5710.000000  4.379925e-11
5730.000000  4.482815e-11
5750.000000  4.354872e-11
5770.000000  4.355050e-11
5790.000000  4.283425e-11
5810.000000  4.281466e-11
5830.000000  4.275803e-11
5850.000000  4.209788e-11
5870.000000  4.186705e-11
5890.000000  4.058352e-11
5910.000000  4.116101e-11
5930.000000  4.078812e-11
5950.000000  4.048861e-11
5970.000000  4.027286e-11
5990.000000  3.964892e-11
6010.000000  3.879964e-11
6030.000000  3.887207e-11
6050.000000  3.877643e-11
6070.000000  3.882737e-11
6090.000000  3.812537e-11
6110.000000  3.753111e-11
6130.000000  3.664256e-11
6150.000000  3.596516e-11
6170.000000  3.574948e-11
6190.000000  3.670605e-11
6210.000000  3.647289e-11
6230.000000  3.576518e-11
6250.000000  3.442245e-11
6270.000000  3.570797e-11
6290.000000  3.547773e-11
6310.000000  3.449782e-11
6330.000000  3.443906e-11
6350.000000  3.382601e-11
6370.000000  3.369284e-11
6390.000000  3.379379e-11
6410.000000  3.302837e-11
6430.000000  3.312909e-11
6450.000000  3.230061e-11
6470.000000  3.247385e-11
6490.000000  3.169269e-11
6510.000000  3.165101e-11
6530.000000  3.065339e-11
6550.000000  2.674108e-11
6570.000000  2.147206e-11
6590.000000  2.887672e-11
6610.000000  3.039978e-11
6630.000000  3.058644e-11
6650.000000  3.048189e-11
6670.000000  3.010338e-11
6690.000000  3.018891e-11
6710.000000  2.988505e-11
6730.000000  2.973087e-11
6750.000000  2.911136e-11
6770.000000  2.936942e-11
6790.000000  2.907235e-11
6810.000000  2.883532e-11
6830.000000  2.857529e-11
6850.000000  2.825227e-11
6870.000000  2.826198e-11
6890.000000  2.805545e-11
6910.000000  2.780323e-11
6930.000000  2.755172e-11
6950.000000  2.739133e-11
6970.000000  2.712417e-11
6990.000000  2.702441e-11
7010.000000  2.623304e-11
7030.000000  2.644077e-11
7050.000000  2.632934e-11
7070.000000  2.615830e-11
7090.000000  2.596403e-11
7110.000000  2.510052e-11
7130.000000  2.529992e-11
7150.000000  2.518146e-11
7170.000000  2.492270e-11
7190.000000  2.460670e-11
7210.000000  2.465088e-11
7230.000000  2.439281e-11
7250.000000  2.413524e-11
7270.000000  2.423792e-11
7290.000000  2.372051e-11
7310.000000  2.376165e-11
7330.000000  2.363047e-11
7350.000000  2.355874e-11
7370.000000  2.341167e-11
7390.000000  2.296773e-11
7410.000000  2.264029e-11
7430.000000  2.239556e-11
7450.000000  2.239498e-11
7470.000000  2.218051e-11
7490.000000  2.214592e-11
7510.000000  2.212257e-11
7530.000000  2.200072e-11
7550.000000  2.198846e-11
7570.000000  2.171814e-11
7590.000000  2.163006e-11
7610.000000  2.141989e-11
7630.000000  2.135075e-11
7650.000000  2.109912e-11
7670.000000  2.068848e-11
7690.000000  2.066419e-11
7710.000000  2.060415e-11
7730.000000  2.053114e-11
7750.000000  2.028709e-11
7770.000000  1.979612e-11
7790.000000  2.022449e-11
7810.000000  1.999610e-11
7830.000000  1.968677e-11
7850.000000  1.946271e-11
7870.000000  1.945653e-11
7890.000000  1.924707e-11
7910.000000  1.901973e-11
7930.000000  1.878654e-11
7950.000000  1.869416e-11
7970.000000  1.894625e-11
7990.000000  1.858307e-11
8010.000000  1.859089e-11
8030.000000  1.836320e-11
8050.000000  1.830538e-11
8070.000000  1.819055e-11
8090.000000  1.801998e-11
8110.000000  1.804125e-11
8130.000000  1.798402e-11
8150.000000  1.783472e-11
8170.000000  1.771673e-11
8190.000000  1.715739e-11
8210.000000  1.705412e-11
8230.000000  1.698473e-11
8250.000000  1.695389e-11
8270.000000  1.716347e-11
8290.000000  1.699992e-11
8310.000000  1.676802e-11
8330.000000  1.650483e-11
8350.000000  1.660705e-11
8370.000000  1.659900e-11
8390.000000  1.638650e-11
8410.000000  1.635975e-11
8430.000000  1.611968e-11
8450.000000  1.574711e-11
8470.000000  1.576810e-11
8490.000000  1.573840e-11
8510.000000  1.485624e-11
8530.000000  1.556728e-11
8550.000000  1.330775e-11
8570.000000  1.572463e-11
8590.000000  1.485071e-11
8610.000000  1.455244e-11
8630.000000  1.556376e-11
8650.000000  1.502399e-11
8670.000000  1.227760e-11
8690.000000  1.473767e-11
8710.000000  1.544524e-11
8730.000000  1.492595e-11
8750.000000  1.240092e-11
8770.000000  1.444345e-11
8790.000000  1.527666e-11
8810.000000  1.527984e-11
8830.000000  1.473717e-11
8850.000000  1.351938e-11
8870.000000  1.176069e-11
8890.000000  1.428893e-11
8910.000000  1.484538e-11
8930.000000  1.479251e-11
8950.000000  1.494844e-11
8970.000000  1.460593e-11
8990.000000  1.403301e-11
9010.000000  1.143968e-11
9030.000000  1.250608e-11
9050.000000  1.403873e-11
9070.000000  1.393229e-11
9090.000000  1.369752e-11
9110.000000  1.406637e-11
9130.000000  1.420805e-11
9150.000000  1.421130e-11
9170.000000  1.395510e-11
9190.000000  1.358115e-11
9210.000000  1.259723e-11
9230.000000  1.011807e-11
9250.000000  1.209158e-11
9270.000000  1.284931e-11
9290.000000  1.346447e-11
9310.000000  1.353014e-11
9330.000000  1.343052e-11
9350.000000  1.342503e-11
9370.000000  1.339112e-11
9390.000000  1.316554e-11
9410.000000  1.246628e-11
9430.000000  1.288123e-11
9450.000000  1.278713e-11
9470.000000  1.283950e-11
9490.000000  1.269835e-11
9510.000000  1.228460e-11
9530.000000  1.134553e-11
9550.000000  9.278409e-12
9570.000000  1.137522e-11
9590.000000  1.204882e-11
9610.000000  1.204994e-11
9630.000000  1.186095e-11
9650.000000  1.206108e-11
9670.000000  1.183903e-11
9690.000000  1.175123e-11
9710.000000  1.204109e-11
9730.000000  1.194036e-11
9750.000000  1.169814e-11
9770.000000  1.182617e-11
9790.000000  1.173340e-11
9810.000000  1.168605e-11
9830.000000  1.155763e-11
9850.000000  1.140553e-11
9870.000000  1.132419e-11
9890.000000  1.117045e-11
9910.000000  1.109108e-11
9930.000000  1.118534e-11
9950.000000  1.107284e-11
9970.000000  1.101311e-11
9990.000000  1.087149e-11
10025.000000  9.913059e-12
10075.000000  9.401950e-12
10125.000000  1.033581e-11
10175.000000  1.032573e-11
10225.000000  1.029539e-11
10275.000000  1.019639e-11
10325.000000  9.976285e-12
10375.000000  9.850179e-12
10425.000000  9.703595e-12
10475.000000  9.375573e-12
10525.000000  9.324526e-12
10575.000000  9.232810e-12
10625.000000  9.131690e-12
10675.000000  8.750748e-12
10725.000000  8.765539e-12
10775.000000  8.650099e-12
10825.000000  8.477399e-12
10875.000000  8.271768e-12
10925.000000  7.074535e-12
10975.000000  7.640378e-12
11025.000000  8.085045e-12
11075.000000  8.069483e-12
11125.000000  7.926949e-12
11175.000000  7.832593e-12
11225.000000  7.758962e-12
11275.000000  7.443617e-12
11325.000000  7.369144e-12
11375.000000  7.369097e-12
11425.000000  7.185804e-12
11475.000000  7.255725e-12
11525.000000  7.165820e-12
11575.000000  7.038368e-12
11625.000000  6.820041e-12
11675.000000  6.683316e-12
11725.000000  6.786494e-12
11775.000000  6.508540e-12
11825.000000  6.501181e-12
11875.000000  6.356007e-12
11925.000000  6.464713e-12
11975.000000  6.246511e-12
12025.000000  6.233383e-12
12075.000000  6.120708e-12
12125.000000  6.054016e-12
12175.000000  6.019989e-12
12225.000000  5.920213e-12
12275.000000  5.840366e-12
12325.000000  5.766920e-12
12375.000000  5.709375e-12
12425.000000  5.657634e-12
12475.000000  5.564916e-12
12525.000000  5.473700e-12
12575.000000  5.366669e-12
12625.000000  5.331121e-12
12675.000000  5.273609e-12
12725.000000  5.193951e-12
12775.000000  4.950395e-12
12825.000000  4.208887e-12
12875.000000  4.860966e-12
12925.000000  4.922353e-12
12975.000000  4.903604e-12
13025.000000  4.848603e-12
13075.000000  4.815370e-12
13125.000000  4.733254e-12
13175.000000  4.651351e-12
13225.000000  4.638724e-12
13275.000000  4.567626e-12
13325.000000  4.526319e-12
13375.000000  4.467359e-12
13425.000000  4.415538e-12
13475.000000  4.363296e-12
13525.000000  4.294359e-12
13575.000000  4.224780e-12
13625.000000  4.201463e-12
13675.000000  4.137935e-12
13725.000000  4.045062e-12
13775.000000  4.031686e-12
13825.000000  3.994620e-12
13875.000000  3.975497e-12
13925.000000  3.889539e-12
13975.000000  3.857903e-12
14025.000000  3.814457e-12
14075.000000  3.785043e-12
14125.000000  3.718114e-12
14175.000000  3.692111e-12
14225.000000  3.630942e-12
14275.000000  3.574984e-12
14325.000000  3.558456e-12
14375.000000  3.535128e-12
14425.000000  3.376609e-12
14475.000000  3.436973e-12
14525.000000  3.336926e-12
14570.000000  3.360081e-12
14620.000000  3.307230e-12
14675.000000  3.283832e-12
14725.000000  3.220793e-12
14775.000000  3.173224e-12
14825.000000  3.155654e-12
14875.000000  3.097592e-12
14925.000000  3.121649e-12
14975.000000  3.062665e-12
15025.000000  3.016916e-12
15075.000000  2.970211e-12
15125.000000  2.972818e-12
15175.000000  2.946148e-12
15225.000000  2.899756e-12
15275.000000  2.878414e-12
15325.000000  2.837702e-12
15375.000000  2.812083e-12
15425.000000  2.749139e-12
15475.000000  2.739501e-12
15525.000000  2.712398e-12
15575.000000  2.651640e-12
15625.000000  2.680891e-12
15675.000000  2.598076e-12
15725.000000  2.545871e-12
15775.000000  2.555339e-12
15825.000000  2.549138e-12
15875.000000  2.363418e-12
15925.000000  2.468274e-12
15975.000000  2.494125e-12
16050.000000  2.412410e-12
16150.000000  2.284504e-12
16250.000000  2.381018e-12
16350.000000  2.250903e-12
16450.000000  2.107880e-12
16550.000000  2.237606e-12
16650.000000  2.198775e-12
16750.000000  2.057982e-12
16850.000000  1.918626e-12
16950.000000  2.061743e-12
17050.000000  2.011427e-12
17150.000000  1.984289e-12
17250.000000  1.901146e-12
17350.000000  1.672200e-12
17450.000000  1.791439e-12
17550.000000  1.804733e-12
17650.000000  1.771672e-12
17750.000000  1.741649e-12
17850.000000  1.705457e-12
17950.000000  1.681111e-12
18050.000000  1.618109e-12
18150.000000  1.439785e-12
18250.000000  1.514078e-12
18350.000000  1.539410e-12
18450.000000  1.511926e-12
18550.000000  1.474041e-12
18650.000000  1.431698e-12
18750.000000  1.261186e-12
18850.000000  1.368392e-12
18950.000000  1.347443e-12
19050.000000  1.349854e-12
19150.000000  1.321219e-12
19250.000000  1.292740e-12
19350.000000  1.247261e-12
19450.000000  1.103028e-12
19550.000000  1.204172e-12
19650.000000  1.198365e-12
19750.000000  1.175106e-12
19850.000000  1.159191e-12
19950.000000  1.138109e-12
20050.000000  1.119152e-12
20150.000000  1.100907e-12
20250.000000  1.076666e-12
20350.000000  1.053466e-12
20450.000000  1.042319e-12
20550.000000  1.021708e-12
20650.000000  9.993635e-13
20750.000000  9.826404e-13
20850.000000  9.659803e-13
20950.000000  9.477873e-13
21050.000000  9.324419e-13
21150.000000  9.120142e-13
21250.000000  8.965187e-13
21350.000000  8.808168e-13
21450.000000  8.673939e-13
21550.000000  8.425622e-13
21650.000000  7.473009e-13
21750.000000  8.041427e-13
21850.000000  8.066355e-13
21950.000000  7.991637e-13
22050.000000  7.807604e-13
22150.000000  7.689697e-13
22250.000000  7.597594e-13
22350.000000  7.469054e-13
22450.000000  7.345327e-13
22550.000000  7.172452e-13
22650.000000  7.083386e-13
22750.000000  6.980468e-13
22850.000000  6.855337e-13
22950.000000  6.733667e-13
23050.000000  6.655607e-13
23150.000000  6.537335e-13
23250.000000  6.447476e-13
23350.000000  6.336458e-13
23450.000000  6.243562e-13
23550.000000  6.145103e-13
23650.000000  6.053363e-13
23750.000000  5.932239e-13
23850.000000  5.847193e-13
23950.000000  5.764706e-13
24050.000000  5.666528e-13
24150.000000  5.572251e-13
24250.000000  5.498806e-13
24350.000000  5.400054e-13
24450.000000  5.328420e-13
24550.000000  5.227635e-13
24650.000000  5.162170e-13
24750.000000  5.075884e-13
24850.000000  4.992039e-13
24950.000000  4.895827e-13
