2505.000000  2.859821e-11
2513.000000  1.775162e-11
2518.000000  1.815284e-11
2525.000000  1.337697e-11
2535.000000  1.267701e-11
2545.000000  1.438948e-11
2555.000000  2.248620e-11
2565.000000  1.717349e-11
2575.000000  2.162652e-11
2585.000000  1.897557e-11
2595.000000  1.638068e-11
2605.000000  1.340004e-11
2615.000000  1.228908e-11
2625.000000  1.777132e-11
2635.000000  2.727080e-11
2645.000000  4.167041e-11
2655.000000  4.758553e-11
2665.000000  3.166889e-11
2675.000000  3.765699e-11
2685.000000  3.761061e-11
2695.000000  3.309284e-11
2705.000000  3.858611e-11
2715.000000  3.022727e-11
2725.000000  2.978158e-11
2735.000000  3.281698e-11
2745.000000  1.506190e-11
2755.000000  1.965914e-11
2765.000000  2.542756e-11
2775.000000  3.201261e-11
2785.000000  2.026967e-11
2795.000000  6.574491e-12
2805.000000  8.692807e-12
2815.000000  2.895795e-11
2825.000000  4.372728e-11
2835.000000  4.194147e-11
2845.000000  4.072648e-11
2855.000000  3.092779e-11
2865.000000  4.458307e-11
2875.000000  4.518719e-11
2885.000000  4.494878e-11
2895.000000  4.297129e-11
2910.000000  5.589955e-11
2930.000000  5.028353e-11
2950.000000  4.910381e-11
2970.000000  5.632956e-11
2990.000000  5.602642e-11
3010.000000  6.055695e-11
3030.000000  5.947304e-11
3050.000000  5.984026e-11
3070.000000  6.083198e-11
3090.000000  6.506002e-11
3110.000000  6.240530e-11
3130.000000  6.113343e-11
3150.000000  6.390578e-11
3170.000000  6.328219e-11
3190.000000  5.676480e-11
3210.000000  6.197796e-11
3230.000000  5.429899e-11
3250.000000  6.230015e-11
3270.000000  6.672371e-11
3290.000000  6.554339e-11
3310.000000  6.826966e-11
3330.000000  6.672937e-11
3350.000000  6.579584e-11
3370.000000  6.280366e-11
3390.000000  6.566355e-11
3410.000000  6.634510e-11
3430.000000  6.643320e-11
3450.000000  6.801215e-11
3470.000000  6.664312e-11
3490.000000  6.680137e-11
3510.000000  6.950798e-11
3530.000000  6.812863e-11
3550.000000  7.422751e-11
3570.000000  6.644545e-11
3590.000000  6.634358e-11
3610.000000  6.744927e-11
3630.000000  6.837847e-11
3640.000000  6.723052e-11
3650.000000  7.346062e-11
3670.000000  7.185956e-11
3690.000000  6.998205e-11
3710.000000  7.818654e-11
3730.000000  8.152858e-11
3750.000000  1.005830e-10
3770.000000  1.103688e-10
3790.000000  1.309696e-10
3810.000000  1.509847e-10
3830.000000  1.187288e-10
3850.000000  1.594741e-10
3870.000000  1.772021e-10
3890.000000  1.191412e-10
3910.000000  1.677093e-10
3930.000000  9.836173e-11
3950.000000  1.497985e-10
3970.000000  8.615333e-11
3990.000000  1.722980e-10
4010.000000  1.881983e-10
4030.000000  1.862523e-10
4050.000000  1.832863e-10
4070.000000  1.800999e-10
4090.000000  1.650428e-10
4110.000000  1.355938e-10
4130.000000  1.806888e-10
4150.000000  1.920772e-10
4170.000000  1.875403e-10
4190.000000  1.881712e-10
4210.000000  1.870599e-10
4230.000000  1.804001e-10
4250.000000  1.855946e-10
4270.000000  1.758018e-10
4290.000000  1.768544e-10
4310.000000  1.625916e-10
4330.000000  1.484744e-10
4350.000000  1.288793e-10
4370.000000  1.781163e-10
4390.000000  1.757822e-10
4410.000000  1.733834e-10
4430.000000  1.690097e-10
4450.000000  1.726474e-10
4470.000000  1.751284e-10
4490.000000  1.726999e-10
4510.000000  1.839935e-10
4530.000000  1.698665e-10
4550.000000  1.701473e-10
4570.000000  1.794056e-10
4590.000000  1.681077e-10
4610.000000  1.736890e-10
4630.000000  1.677784e-10
4650.000000  1.704446e-10
4670.000000  1.719623e-10
4690.000000  1.635723e-10
4710.000000  1.564949e-10
4730.000000  1.659512e-10
4750.000000  1.670284e-10
4770.000000  1.635712e-10
4790.000000  1.633287e-10
4810.000000  1.594015e-10
4830.000000  1.573018e-10
4850.000000  1.293835e-10
4870.000000  1.050616e-10
4890.000000  1.470625e-10
4910.000000  1.505565e-10
4930.000000  1.475914e-10
4950.000000  1.532227e-10
4970.000000  1.541904e-10
4990.000000  1.435665e-10
5010.000000  1.362192e-10
5030.000000  1.429801e-10
5050.000000  1.413755e-10
5070.000000  1.464392e-10
5090.000000  1.428392e-10
5110.000000  1.437930e-10
5130.000000  1.386936e-10
5150.000000  1.349147e-10
5170.000000  1.334572e-10
5190.000000  1.313551e-10
5210.000000  1.326790e-10
5230.000000  1.327978e-10
5250.000000  1.342065e-10
5270.000000  1.213083e-10
5290.000000  1.312257e-10
5310.000000  1.298882e-10
5330.000000  1.227511e-10
5350.000000  1.289251e-10
5370.000000  1.292350e-10
5390.000000  1.267909e-10
5410.000000  1.228928e-10
5430.000000  1.248900e-10
5450.000000  1.275032e-10
5470.000000  1.246051e-10
5490.000000  1.229633e-10
5510.000000  1.218521e-10
5530.000000  1.222115e-10
5550.000000  1.217369e-10
5570.000000  1.199550e-10
5590.000000  1.182136e-10
5610.000000  1.195359e-10
5630.000000  1.191625e-10
5650.000000  1.173184e-10
5670.000000  1.143537e-10
5690.000000  1.155364e-10
5710.000000  1.144102e-10
5730.000000  1.180723e-10
5750.000000  1.143777e-10
5770.000000  1.145977e-10
5790.000000  1.121948e-10
5810.000000  1.125580e-10
5830.000000  1.127114e-10
5850.000000  1.109837e-10
5870.000000  1.105718e-10
5890.000000  1.068590e-10
5910.000000  1.086928e-10
5930.000000  1.076808e-10
5950.000000  1.070239e-10
5970.000000  1.066287e-10
5990.000000  1.048030e-10
6010.000000  1.023915e-10
6030.000000  1.030856e-10
6050.000000  1.027385e-10
6070.000000  1.031088e-10
6090.000000  1.008503e-10
6110.000000  9.909206e-11
6130.000000  9.671224e-11
6150.000000  9.513692e-11
6170.000000  9.434711e-11
6190.000000  9.746253e-11
6210.000000  9.693926e-11
6230.000000  9.475843e-11
6250.000000  9.071776e-11
6270.000000  9.499468e-11
6290.000000  9.451666e-11
6310.000000  9.142646e-11
6330.000000  9.156784e-11
6350.000000  9.014549e-11
6370.000000  8.972331e-11
6390.000000  9.015603e-11
6410.000000  8.803876e-11
6430.000000  8.852392e-11
6450.000000  8.630194e-11
6470.000000  8.702086e-11
6490.000000  8.475305e-11
6510.000000  8.537901e-11
6530.000000  8.370744e-11
6550.000000  7.520903e-11
6570.000000  6.073522e-11
6590.000000  7.971525e-11
6610.000000  8.237168e-11
6630.000000  8.258515e-11
6650.000000  8.209685e-11
6670.000000  8.089288e-11
6690.000000  8.124794e-11
6710.000000  8.033621e-11
6730.000000  8.007046e-11
6750.000000  7.826504e-11
6770.000000  7.912564e-11
6790.000000  7.821276e-11
6810.000000  7.765908e-11
6830.000000  7.697016e-11
6850.000000  7.606042e-11
6870.000000  7.626666e-11
6890.000000  7.576074e-11
6910.000000  7.504293e-11
6930.000000  7.437336e-11
6950.000000  7.398170e-11
6970.000000  7.334318e-11
6990.000000  7.309782e-11
7010.000000  7.074028e-11
7030.000000  7.150168e-11
7050.000000  7.125481e-11
7070.000000  7.079818e-11
7090.000000  7.026023e-11
7110.000000  6.797464e-11
7130.000000  6.843294e-11
7150.000000  6.821911e-11
7170.000000  6.746988e-11
7190.000000  6.649554e-11
7210.000000  6.678447e-11
7230.000000  6.603525e-11
7250.000000  6.546069e-11
7270.000000  6.580206e-11
7290.000000  6.425684e-11
7310.000000  6.439999e-11
7330.000000  6.418568e-11
7350.000000  6.397425e-11
7370.000000  6.374422e-11
7390.000000  6.236254e-11
7410.000000  6.148117e-11
7430.000000  6.082733e-11
7450.000000  6.087458e-11
7470.000000  6.041429e-11
7490.000000  6.030155e-11
7510.000000  6.029903e-11
7530.000000  5.998970e-11
7550.000000  6.008672e-11
7570.000000  5.920739e-11
7590.000000  5.905957e-11
7610.000000  5.853745e-11
7630.000000  5.838848e-11
7650.000000  5.765598e-11
7670.000000  5.646833e-11
7690.000000  5.656335e-11
7710.000000  5.633320e-11
7730.000000  5.613913e-11
7750.000000  5.548743e-11
7770.000000  5.437341e-11
7790.000000  5.549809e-11
7810.000000  5.484739e-11
7830.000000  5.398327e-11
7850.000000  5.331522e-11
7870.000000  5.349105e-11
7890.000000  5.287228e-11
7910.000000  5.218903e-11
7930.000000  5.160393e-11
7950.000000  5.138899e-11
7970.000000  5.212201e-11
7990.000000  5.122130e-11
8010.000000  5.114364e-11
8030.000000  5.047559e-11
8050.000000  5.039289e-11
8070.000000  5.008293e-11
8090.000000  4.957854e-11
8110.000000  4.978729e-11
8130.000000  4.963948e-11
8150.000000  4.920057e-11
8170.000000  4.891266e-11
8190.000000  4.727455e-11
8210.000000  4.699612e-11
8230.000000  4.689086e-11
8250.000000  4.678226e-11
8270.000000  4.742095e-11
8290.000000  4.697891e-11
8310.000000  4.627300e-11
8330.000000  4.556821e-11
8350.000000  4.586965e-11
8370.000000  4.577918e-11
8390.000000  4.513887e-11
8410.000000  4.504637e-11
8430.000000  4.442720e-11
8450.000000  4.345099e-11
8470.000000  4.312323e-11
8490.000000  4.355994e-11
8510.000000  4.016381e-11
8530.000000  4.324180e-11
8550.000000  3.511324e-11
8570.000000  4.425606e-11
8590.000000  4.143592e-11
8610.000000  4.031736e-11
8630.000000  4.403642e-11
8650.000000  4.253054e-11
8670.000000  3.336719e-11
8690.000000  4.171608e-11
8710.000000  4.384253e-11
8730.000000  4.265260e-11
8750.000000  3.542171e-11
8770.000000  4.153618e-11
8790.000000  4.341516e-11
8810.000000  4.324245e-11
8830.000000  4.188149e-11
8850.000000  3.911579e-11
8870.000000  3.404736e-11
8890.000000  4.093343e-11
8910.000000  4.211993e-11
8930.000000  4.166378e-11
8950.000000  4.208393e-11
8970.000000  4.129248e-11
8990.000000  4.020969e-11
9010.000000  3.334673e-11
9030.000000  3.648065e-11
9050.000000  4.017230e-11
9070.000000  3.937005e-11
9090.000000  3.855495e-11
9110.000000  3.942902e-11
9130.000000  3.993898e-11
9150.000000  4.000591e-11
9170.000000  3.939810e-11
9190.000000  3.868473e-11
9210.000000  3.641581e-11
9230.000000  2.984206e-11
9250.000000  3.504599e-11
9270.000000  3.666887e-11
9290.000000  3.808723e-11
9310.000000  3.813861e-11
9330.000000  3.776431e-11
9350.000000  3.775269e-11
9370.000000  3.766112e-11
9390.000000  3.701826e-11
9410.000000  3.509027e-11
9430.000000  3.623327e-11
9450.000000  3.593310e-11
9470.000000  3.625868e-11
9490.000000  3.608173e-11
9510.000000  3.519553e-11
9530.000000  3.315142e-11
9550.000000  2.757113e-11
9570.000000  3.308080e-11
9590.000000  3.449276e-11
9610.000000  3.417218e-11
9630.000000  3.351255e-11
9650.000000  3.400633e-11
9670.000000  3.333308e-11
9690.000000  3.307219e-11
9710.000000  3.394833e-11
9730.000000  3.366256e-11
9750.000000  3.287230e-11
9770.000000  3.332878e-11
9790.000000  3.304719e-11
9810.000000  3.296392e-11
9830.000000  3.261991e-11
9850.000000  3.216991e-11
9870.000000  3.197923e-11
9890.000000  3.160036e-11
9910.000000  3.135996e-11
9930.000000  3.167434e-11
9950.000000  3.134687e-11
9970.000000  3.125521e-11
9990.000000  3.099310e-11
10025.000000  2.888806e-11
10075.000000  2.748168e-11
10125.000000  2.943679e-11
10175.000000  2.929544e-11
10225.000000  2.915855e-11
10275.000000  2.891925e-11
10325.000000  2.824990e-11
10375.000000  2.791879e-11
10425.000000  2.754639e-11
10475.000000  2.657250e-11
10525.000000  2.646699e-11
10575.000000  2.624186e-11
10625.000000  2.595831e-11
10675.000000  2.494753e-11
10725.000000  2.497012e-11
10775.000000  2.464561e-11
10825.000000  2.418977e-11
10875.000000  2.379488e-11
10925.000000  2.095370e-11
10975.000000  2.233862e-11
11025.000000  2.323511e-11
11075.000000  2.309046e-11
11125.000000  2.265424e-11
11175.000000  2.237068e-11
11225.000000  2.218262e-11
11275.000000  2.127203e-11
11325.000000  2.107310e-11
11375.000000  2.107941e-11
11425.000000  2.053398e-11
11475.000000  2.079814e-11
11525.000000  2.053906e-11
11575.000000  2.015649e-11
11625.000000  1.953887e-11
11675.000000  1.917668e-11
11725.000000  1.949052e-11
11775.000000  1.872326e-11
11825.000000  1.867128e-11
11875.000000  1.826393e-11
11925.000000  1.861622e-11
11975.000000  1.796880e-11
12025.000000  1.795660e-11
12075.000000  1.762600e-11
12125.000000  1.744485e-11
12175.000000  1.735472e-11
12225.000000  1.706963e-11
12275.000000  1.686727e-11
12325.000000  1.665396e-11
12375.000000  1.649089e-11
12425.000000  1.634114e-11
12475.000000  1.609456e-11
12525.000000  1.582136e-11
12575.000000  1.553425e-11
12625.000000  1.546232e-11
12675.000000  1.529784e-11
12725.000000  1.513915e-11
12775.000000  1.464208e-11
12825.000000  1.269029e-11
12875.000000  1.432194e-11
12925.000000  1.433145e-11
12975.000000  1.425793e-11
13025.000000  1.408242e-11
13075.000000  1.399225e-11
13125.000000  1.374659e-11
13175.000000  1.351042e-11
13225.000000  1.348066e-11
13275.000000  1.326451e-11
13325.000000  1.315829e-11
13375.000000  1.299050e-11
13425.000000  1.284856e-11
13475.000000  1.270501e-11
13525.000000  1.250628e-11
13575.000000  1.229491e-11
13625.000000  1.224081e-11
13675.000000  1.205204e-11
13725.000000  1.177518e-11
13775.000000  1.175218e-11
13825.000000  1.165114e-11
13875.000000  1.160679e-11
13925.000000  1.135290e-11
13975.000000  1.126497e-11
14025.000000  1.113334e-11
14075.000000  1.106279e-11
14125.000000  1.086290e-11
14175.000000  1.079248e-11
14225.000000  1.061190e-11
14275.000000  1.044930e-11
14325.000000  1.040977e-11
14375.000000  1.035734e-11
14425.000000  9.872788e-12
14475.000000  1.006282e-11
14525.000000  9.763561e-12
14570.000000  9.842957e-12
14620.000000  9.685130e-12
14675.000000  9.631083e-12
14725.000000  9.437647e-12
14775.000000  9.302416e-12
14825.000000  9.253397e-12
14875.000000  9.089121e-12
14925.000000  9.168454e-12
14975.000000  8.986344e-12
15025.000000  8.857726e-12
15075.000000  8.706548e-12
15125.000000  8.724068e-12
15175.000000  8.652286e-12
15225.000000  8.515849e-12
15275.000000  8.440601e-12
15325.000000  8.321836e-12
15375.000000  8.274359e-12
15425.000000  8.032112e-12
15475.000000  8.067662e-12
15525.000000  7.996243e-12
15575.000000  7.714813e-12
15625.000000  7.948615e-12
15675.000000  7.649290e-12
15725.000000  7.416623e-12
15775.000000  7.579680e-12
15825.000000  7.576120e-12
15875.000000  6.855306e-12
15925.000000  7.331830e-12
15975.000000  7.429479e-12
16050.000000  7.196510e-12
16150.000000  6.761903e-12
16250.000000  7.097408e-12
16350.000000  6.747054e-12
16450.000000  6.297727e-12
16550.000000  6.656466e-12
16650.000000  6.548775e-12
16750.000000  6.199963e-12
16850.000000  5.776704e-12
16950.000000  6.148326e-12
17050.000000  5.968093e-12
17150.000000  5.899563e-12
17250.000000  5.674842e-12
17350.000000  5.071735e-12
17450.000000  5.373663e-12
17550.000000  5.368880e-12
17650.000000  5.263113e-12
17750.000000  5.170456e-12
17850.000000  5.062964e-12
17950.000000  5.002620e-12
18050.000000  4.830084e-12
18150.000000  4.376908e-12
18250.000000  4.563710e-12
18350.000000  4.589273e-12
18450.000000  4.498080e-12
18550.000000  4.390736e-12
18650.000000  4.284931e-12
18750.000000  3.844837e-12
18850.000000  4.105293e-12
18950.000000  4.006139e-12
19050.000000  4.022290e-12
19150.000000  3.935903e-12
19250.000000  3.855780e-12
19350.000000  3.741293e-12
19450.000000  3.368977e-12
19550.000000  3.616374e-12
19650.000000  3.574414e-12
19750.000000  3.499103e-12
19850.000000  3.450574e-12
19950.000000  3.388235e-12
20050.000000  3.333830e-12
20150.000000  3.281705e-12
20250.000000  3.206773e-12
20350.000000  3.136835e-12
20450.000000  3.107574e-12
20550.000000  3.045118e-12
20650.000000  2.979695e-12
20750.000000  2.929084e-12
20850.000000  2.879297e-12
20950.000000  2.825599e-12
21050.000000  2.781917e-12
21150.000000  2.720267e-12
21250.000000  2.675673e-12
21350.000000  2.630237e-12
21450.000000  2.595377e-12
21550.000000  2.534910e-12
21650.000000  2.286720e-12
21750.000000  2.425543e-12
21850.000000  2.415074e-12
21950.000000  2.388718e-12
22050.000000  2.331005e-12
22150.000000  2.295969e-12
22250.000000  2.269275e-12
22350.000000  2.230714e-12
22450.000000  2.194267e-12
22550.000000  2.140923e-12
22650.000000  2.114717e-12
22750.000000  2.086030e-12
22850.000000  2.048304e-12
22950.000000  2.011372e-12
23050.000000  1.989367e-12
23150.000000  1.953579e-12
23250.000000  1.928013e-12
23350.000000  1.894663e-12
23450.000000  1.867308e-12
23550.000000  1.837856e-12
23650.000000  1.810998e-12
23750.000000  1.773617e-12
23850.000000  1.748542e-12
23950.000000  1.723955e-12
24050.000000  1.694015e-12
24150.000000  1.665711e-12
24250.000000  1.644715e-12
24350.000000  1.613159e-12
24450.000000  1.591985e-12
24550.000000  1.563048e-12
24650.000000  1.543321e-12
24750.000000  1.517130e-12
24850.000000  1.495487e-12
24950.000000  1.457412e-12
