2505.000000  6.258017e-13
2513.000000  3.306519e-13
2518.000000  2.241833e-13
2525.000000  2.348828e-13
2535.000000  4.673948e-13
2545.000000  6.520531e-13
2555.000000  2.295895e-12
2565.000000  1.467409e-12
2575.000000  2.264814e-12
2585.000000  1.818894e-12
2595.000000  1.515455e-12
2605.000000  1.186034e-12
2615.000000  1.072000e-12
2625.000000  1.598105e-12
2635.000000  4.385334e-12
2645.000000  6.049054e-12
2655.000000  1.004175e-11
2665.000000  5.826523e-12
2675.000000  6.085068e-12
2685.000000  7.949166e-12
2695.000000  4.893305e-12
2705.000000  6.891746e-12
2715.000000  4.175053e-12
2725.000000  2.239758e-12
2735.000000  3.600543e-12
2745.000000  1.900225e-12
2755.000000  3.016421e-12
2765.000000  4.478827e-12
2775.000000  4.444714e-12
2785.000000  2.093794e-12
2795.000000  7.673551e-13
2805.000000  9.866346e-13
2815.000000  3.269261e-12
2825.000000  5.316721e-12
2835.000000  4.066900e-12
2845.000000  1.846316e-12
2855.000000  7.658304e-13
2865.000000  3.032349e-12
2875.000000  6.525641e-12
2885.000000  7.036703e-12
2895.000000  1.030716e-11
2910.000000  1.476763e-11
2930.000000  1.346193e-11
2950.000000  1.198561e-11
2970.000000  1.198859e-11
2990.000000  1.242909e-11
3010.000000  1.125527e-11
3030.000000  1.371690e-11
3050.000000  1.460587e-11
3070.000000  1.678403e-11
3090.000000  1.532173e-11
3110.000000  1.959665e-11
3130.000000  1.660489e-11
3150.000000  1.692660e-11
3170.000000  1.978136e-11
3190.000000  1.712629e-11
3210.000000  1.859520e-11
3230.000000  1.550131e-11
3250.000000  2.439065e-11
3270.000000  2.987165e-11
3290.000000  2.950616e-11
3310.000000  2.543664e-11
3330.000000  2.638179e-11
3350.000000  2.423827e-11
3370.000000  1.583310e-11
3390.000000  1.941264e-11
3410.000000  2.097358e-11
3430.000000  2.421625e-11
3450.000000  2.474921e-11
3470.000000  2.622542e-11
3490.000000  3.067569e-11
3510.000000  3.353909e-11
3530.000000  2.967487e-11
3550.000000  3.549775e-11
3570.000000  2.229521e-11
3590.000000  2.368422e-11
3610.000000  3.136327e-11
3630.000000  3.236751e-11
3640.000000  3.399569e-11
3650.000000  3.826420e-11
3670.000000  4.089767e-11
3690.000000  3.796651e-11
3710.000000  4.046254e-11
3730.000000  2.453269e-11
3750.000000  2.909653e-11
3770.000000  3.848436e-11
3790.000000  3.832015e-11
3810.000000  3.485852e-11
3830.000000  1.913559e-11
3850.000000  2.375843e-11
3870.000000  2.314696e-11
3890.000000  3.414157e-11
3910.000000  4.274555e-11
3930.000000  1.981059e-11
3950.000000  3.854877e-11
3970.000000  2.577205e-11
3990.000000  5.680739e-11
4010.000000  6.242704e-11
4030.000000  5.955771e-11
4050.000000  5.777359e-11
4070.000000  5.531993e-11
4090.000000  6.706206e-11
4110.000000  6.477460e-11
4130.000000  6.139520e-11
4150.000000  5.796603e-11
4170.000000  5.996919e-11
4190.000000  5.720860e-11
4210.000000  5.977477e-11
4230.000000  6.000309e-11
4250.000000  5.988140e-11
4270.000000  5.525268e-11
4290.000000  4.957809e-11
4310.000000  4.113834e-11
4330.000000  6.542367e-11
4350.000000  6.294728e-11
4370.000000  6.728872e-11
4390.000000  6.059375e-11
4410.000000  6.723655e-11
4430.000000  7.572803e-11
4450.000000  7.544088e-11
4470.000000  8.086564e-11
4490.000000  8.329549e-11
4510.000000  9.257143e-11
4530.000000  8.310959e-11
4550.000000  8.686930e-11
4570.000000  9.248137e-11
4590.000000  8.836445e-11
4610.000000  9.126558e-11
4630.000000  9.060763e-11
4650.000000  9.123209e-11
4670.000000  9.436391e-11
4690.000000  9.302932e-11
4710.000000  9.085520e-11
4730.000000  9.365044e-11
4750.000000  9.558558e-11
4770.000000  9.558261e-11
4790.000000  9.546780e-11
4810.000000  9.530058e-11
4830.000000  9.619932e-11
4850.000000  9.309967e-11
4870.000000  8.688524e-11
4890.000000  9.349902e-11
4910.000000  9.350609e-11
4930.000000  9.175911e-11
4950.000000  9.597326e-11
4970.000000  9.636351e-11
4990.000000  9.014555e-11
5010.000000  8.608431e-11
5030.000000  9.099327e-11
5050.000000  9.043786e-11
5070.000000  9.400732e-11
5090.000000  8.979248e-11
5110.000000  9.115288e-11
5130.000000  8.899803e-11
5150.000000  8.554791e-11
5170.000000  7.752982e-11
5190.000000  8.080863e-11
5210.000000  8.776195e-11
5230.000000  9.201383e-11
5250.000000  9.525184e-11
5270.000000  8.536680e-11
5290.000000  9.560292e-11
5310.000000  9.998116e-11
5330.000000  9.047976e-11
5350.000000  9.739119e-11
5370.000000  9.708475e-11
5390.000000  9.535116e-11
5410.000000  9.343628e-11
5430.000000  9.455987e-11
5450.000000  9.783762e-11
5470.000000  9.642060e-11
5490.000000  9.638692e-11
5510.000000  9.582982e-11
5530.000000  9.766542e-11
5550.000000  9.909910e-11
5570.000000  9.642113e-11
5590.000000  9.442466e-11
5610.000000  9.766201e-11
5630.000000  9.796059e-11
5650.000000  9.814258e-11
5670.000000  9.603835e-11
5690.000000  9.778011e-11
5710.000000  9.486149e-11
5730.000000  1.009813e-10
5750.000000  9.850500e-11
5770.000000  9.940396e-11
5790.000000  9.637080e-11
5810.000000  9.902867e-11
5830.000000  1.006304e-10
5850.000000  9.833524e-11
5870.000000  9.862845e-11
5890.000000  9.012511e-11
5910.000000  9.760651e-11
5930.000000  9.763763e-11
5950.000000  9.772672e-11
5970.000000  9.845295e-11
5990.000000  9.748486e-11
6010.000000  9.590384e-11
6030.000000  9.688502e-11
6050.000000  9.840545e-11
6070.000000  9.756038e-11
6090.000000  9.535549e-11
6110.000000  9.513693e-11
6130.000000  9.160851e-11
6150.000000  9.376280e-11
6170.000000  9.024597e-11
6190.000000  9.467565e-11
6210.000000  9.467318e-11
6230.000000  9.238311e-11
6250.000000  9.002174e-11
6270.000000  9.324109e-11
6290.000000  9.375737e-11
6310.000000  9.151339e-11
6330.000000  9.213720e-11
6350.000000  9.272607e-11
6370.000000  9.242245e-11
6390.000000  9.267160e-11
6410.000000  9.079840e-11
6430.000000  9.162354e-11
6450.000000  9.100855e-11
6470.000000  9.053533e-11
6490.000000  8.906049e-11
6510.000000  9.124274e-11
6530.000000  9.167937e-11
6550.000000  9.023919e-11
6570.000000  8.569064e-11
6590.000000  9.004251e-11
6610.000000  9.065953e-11
6630.000000  9.027149e-11
6650.000000  8.994571e-11
6670.000000  8.894137e-11
6690.000000  9.041006e-11
6710.000000  8.833174e-11
6730.000000  8.980339e-11
6750.000000  8.865048e-11
6770.000000  8.872702e-11
6790.000000  8.847109e-11
6810.000000  8.793434e-11
6830.000000  8.853630e-11
6850.000000  8.666220e-11
6870.000000  8.727799e-11
6890.000000  8.765656e-11
6910.000000  8.702738e-11
6930.000000  8.657942e-11
6950.000000  8.589683e-11
6970.000000  8.614687e-11
6990.000000  8.545772e-11
7010.000000  8.385281e-11
7030.000000  8.481869e-11
7050.000000  8.511637e-11
7070.000000  8.427040e-11
7090.000000  8.398424e-11
7110.000000  8.403278e-11
7130.000000  8.270492e-11
7150.000000  8.221779e-11
7170.000000  8.258623e-11
7190.000000  8.038379e-11
7210.000000  8.149654e-11
7230.000000  8.218190e-11
7250.000000  8.211333e-11
7270.000000  8.180823e-11
7290.000000  8.002992e-11
7310.000000  8.090891e-11
7330.000000  8.055851e-11
7350.000000  8.054762e-11
7370.000000  8.102134e-11
7390.000000  7.937102e-11
7410.000000  7.846655e-11
7430.000000  7.931265e-11
7450.000000  7.928803e-11
7470.000000  7.949640e-11
7490.000000  7.888084e-11
7510.000000  7.899184e-11
7530.000000  7.899187e-11
7550.000000  7.914294e-11
7570.000000  7.846512e-11
7590.000000  7.814709e-11
7610.000000  7.797976e-11
7630.000000  7.801293e-11
7650.000000  7.788623e-11
7670.000000  7.591949e-11
7690.000000  7.750133e-11
7710.000000  7.623795e-11
7730.000000  7.638031e-11
7750.000000  7.561786e-11
7770.000000  7.685317e-11
7790.000000  7.630590e-11
7810.000000  7.617884e-11
7830.000000  7.535363e-11
7850.000000  7.523176e-11
7870.000000  7.542761e-11
7890.000000  7.456959e-11
7910.000000  7.328311e-11
7930.000000  7.252476e-11
7950.000000  7.206959e-11
7970.000000  7.343532e-11
7990.000000  7.318975e-11
8010.000000  7.251790e-11
8030.000000  7.249679e-11
8050.000000  7.181690e-11
8070.000000  7.192176e-11
8090.000000  7.061331e-11
8110.000000  7.095188e-11
8130.000000  7.123389e-11
8150.000000  7.093113e-11
8170.000000  7.079246e-11
8190.000000  6.912880e-11
8210.000000  6.930522e-11
8230.000000  6.922386e-11
8250.000000  6.971034e-11
8270.000000  7.006093e-11
8290.000000  6.961719e-11
8310.000000  6.835937e-11
8330.000000  6.784551e-11
8350.000000  6.820446e-11
8370.000000  6.826194e-11
8390.000000  6.655150e-11
8410.000000  6.803841e-11
8430.000000  6.666922e-11
8450.000000  6.754864e-11
8470.000000  6.694405e-11
8490.000000  6.653869e-11
8510.000000  6.365606e-11
8530.000000  6.575778e-11
8550.000000  5.763496e-11
8570.000000  6.669755e-11
8590.000000  6.577604e-11
8610.000000  6.557402e-11
8630.000000  6.589696e-11
8650.000000  6.543596e-11
8670.000000  5.766778e-11
8690.000000  6.372331e-11
8710.000000  6.475175e-11
8730.000000  6.475338e-11
8750.000000  6.394802e-11
8770.000000  6.462039e-11
8790.000000  6.410067e-11
8810.000000  6.269796e-11
8830.000000  6.339725e-11
8850.000000  6.363441e-11
8870.000000  6.249384e-11
8890.000000  6.356294e-11
8910.000000  6.360360e-11
8930.000000  6.259888e-11
8950.000000  6.223698e-11
8970.000000  6.235224e-11
8990.000000  6.247612e-11
9010.000000  6.019868e-11
9030.000000  6.169227e-11
9050.000000  6.225097e-11
9070.000000  6.161191e-11
9090.000000  6.007041e-11
9110.000000  6.032011e-11
9130.000000  6.095012e-11
9150.000000  5.957272e-11
9170.000000  5.887916e-11
9190.000000  5.896702e-11
9210.000000  5.782985e-11
9230.000000  5.776102e-11
9250.000000  5.756881e-11
9270.000000  5.806891e-11
9290.000000  5.770745e-11
9310.000000  5.822575e-11
9330.000000  5.804104e-11
9350.000000  5.761866e-11
9370.000000  5.722262e-11
9390.000000  5.707100e-11
9410.000000  5.571726e-11
9430.000000  5.644851e-11
9450.000000  5.569435e-11
9470.000000  5.643356e-11
9490.000000  5.633979e-11
9510.000000  5.637328e-11
9530.000000  5.591695e-11
9550.000000  5.537213e-11
9570.000000  5.551999e-11
9590.000000  5.582523e-11
9610.000000  5.539307e-11
9630.000000  5.503776e-11
9650.000000  5.441000e-11
9670.000000  5.433845e-11
9690.000000  5.481220e-11
9710.000000  5.444796e-11
9730.000000  5.427522e-11
9750.000000  5.389574e-11
9770.000000  5.395575e-11
9790.000000  5.335972e-11
9810.000000  5.397273e-11
9830.000000  5.375524e-11
9850.000000  5.378857e-11
9870.000000  5.340651e-11
9890.000000  5.336041e-11
9910.000000  5.304399e-11
9930.000000  5.326014e-11
9950.000000  5.304052e-11
9970.000000  5.298410e-11
9990.000000  5.279956e-11
10025.000000  5.238922e-11
10075.000000  5.179480e-11
10125.000000  5.157842e-11
10175.000000  5.087234e-11
10225.000000  5.067159e-11
10275.000000  5.049724e-11
10325.000000  4.967040e-11
10375.000000  4.931257e-11
10425.000000  4.926250e-11
10475.000000  4.863978e-11
10525.000000  4.848365e-11
10575.000000  4.788288e-11
10625.000000  4.749105e-11
10675.000000  4.674692e-11
10725.000000  4.669974e-11
10775.000000  4.611286e-11
10825.000000  4.538485e-11
10875.000000  4.508704e-11
10925.000000  4.463042e-11
10975.000000  4.312584e-11
11025.000000  4.292535e-11
11075.000000  4.303541e-11
11125.000000  4.266149e-11
11175.000000  4.259008e-11
11225.000000  4.244259e-11
11275.000000  4.175034e-11
11325.000000  4.187786e-11
11375.000000  4.123973e-11
11425.000000  4.100505e-11
11475.000000  4.119050e-11
11525.000000  4.101560e-11
11575.000000  4.047910e-11
11625.000000  3.992221e-11
11675.000000  3.987870e-11
11725.000000  4.004471e-11
11775.000000  3.933926e-11
11825.000000  3.895791e-11
11875.000000  3.860612e-11
11925.000000  3.897043e-11
11975.000000  3.768396e-11
12025.000000  3.803584e-11
12075.000000  3.764298e-11
12125.000000  3.761628e-11
12175.000000  3.761047e-11
12225.000000  3.735222e-11
12275.000000  3.696584e-11
12325.000000  3.680430e-11
12375.000000  3.652714e-11
12425.000000  3.622001e-11
12475.000000  3.612002e-11
12525.000000  3.578909e-11
12575.000000  3.559171e-11
12625.000000  3.534386e-11
12675.000000  3.500416e-11
12725.000000  3.492871e-11
12775.000000  3.475944e-11
12825.000000  3.369662e-11
12875.000000  3.414964e-11
12925.000000  3.379866e-11
12975.000000  3.383080e-11
13025.000000  3.351621e-11
13075.000000  3.344536e-11
13125.000000  3.291306e-11
13175.000000  3.270483e-11
13225.000000  3.276880e-11
13275.000000  3.227720e-11
13325.000000  3.225865e-11
13375.000000  3.205865e-11
13425.000000  3.204171e-11
13475.000000  3.181880e-11
13525.000000  3.166105e-11
13575.000000  3.119475e-11
13625.000000  3.104249e-11
13675.000000  3.096901e-11
13725.000000  3.087307e-11
13775.000000  3.066130e-11
13825.000000  3.054401e-11
13875.000000  3.026562e-11
13925.000000  3.017569e-11
13975.000000  2.999004e-11
14025.000000  2.963889e-11
14075.000000  2.950224e-11
14125.000000  2.897195e-11
14175.000000  2.899781e-11
14225.000000  2.852788e-11
14275.000000  2.814320e-11
14325.000000  2.847985e-11
14375.000000  2.850290e-11
14425.000000  2.779514e-11
14475.000000  2.822399e-11
14525.000000  2.770151e-11
14570.000000  2.765296e-11
14620.000000  2.754936e-11
14675.000000  2.736965e-11
14725.000000  2.700555e-11
14775.000000  2.702733e-11
14825.000000  2.691831e-11
14875.000000  2.646388e-11
14925.000000  2.694806e-11
14975.000000  2.664608e-11
15025.000000  2.593970e-11
15075.000000  2.594156e-11
15125.000000  2.625526e-11
15175.000000  2.625275e-11
15225.000000  2.592361e-11
15275.000000  2.593854e-11
15325.000000  2.581910e-11
15375.000000  2.571850e-11
15425.000000  2.565325e-11
15475.000000  2.556735e-11
15525.000000  2.523403e-11
15575.000000  2.503854e-11
15625.000000  2.521055e-11
15675.000000  2.474113e-11
15725.000000  2.468260e-11
15775.000000  2.398419e-11
15825.000000  2.431378e-11
15875.000000  2.355470e-11
15925.000000  2.404535e-11
15975.000000  2.404444e-11
16050.000000  2.380421e-11
16150.000000  2.330951e-11
16250.000000  2.328061e-11
16350.000000  2.284081e-11
16450.000000  2.219957e-11
16550.000000  2.220167e-11
16650.000000  2.172846e-11
16750.000000  2.114903e-11
16850.000000  2.050860e-11
16950.000000  2.061557e-11
17050.000000  1.998510e-11
17150.000000  1.960727e-11
17250.000000  1.918490e-11
17350.000000  1.844821e-11
17450.000000  1.844920e-11
17550.000000  1.818069e-11
17650.000000  1.782962e-11
17750.000000  1.745452e-11
17850.000000  1.718643e-11
17950.000000  1.687187e-11
18050.000000  1.647869e-11
18150.000000  1.592553e-11
18250.000000  1.580050e-11
18350.000000  1.555597e-11
18450.000000  1.514953e-11
18550.000000  1.497030e-11
18650.000000  1.459350e-11
18750.000000  1.398849e-11
18850.000000  1.410733e-11
18950.000000  1.362805e-11
19050.000000  1.364226e-11
19150.000000  1.335035e-11
19250.000000  1.313959e-11
19350.000000  1.279633e-11
19450.000000  1.232950e-11
19550.000000  1.240262e-11
19650.000000  1.216468e-11
19750.000000  1.187480e-11
19850.000000  1.171734e-11
19950.000000  1.151313e-11
20050.000000  1.139152e-11
20150.000000  1.122762e-11
20250.000000  1.094448e-11
20350.000000  1.071317e-11
20450.000000  1.064254e-11
20550.000000  1.042237e-11
20650.000000  1.019145e-11
20750.000000  1.005313e-11
20850.000000  9.885354e-12
20950.000000  9.659285e-12
21050.000000  9.573398e-12
21150.000000  9.397914e-12
21250.000000  9.239958e-12
21350.000000  9.098563e-12
21450.000000  8.953874e-12
21550.000000  8.808299e-12
21650.000000  8.488669e-12
21750.000000  8.461956e-12
21850.000000  8.335827e-12
21950.000000  8.243105e-12
22050.000000  8.035068e-12
22150.000000  7.982663e-12
22250.000000  7.816670e-12
22350.000000  7.695946e-12
22450.000000  7.580451e-12
22550.000000  7.455080e-12
22650.000000  7.317313e-12
22750.000000  7.240528e-12
22850.000000  7.083719e-12
22950.000000  6.651645e-12
23050.000000  6.742825e-12
23150.000000  6.667489e-12
23250.000000  6.214147e-12
23350.000000  6.336893e-12
23450.000000  6.335831e-12
23550.000000  5.874433e-12
23650.000000  6.040529e-12
23750.000000  5.991326e-12
23850.000000  5.600093e-12
23950.000000  5.729545e-12
24050.000000  5.710245e-12
24150.000000  5.395915e-12
24250.000000  5.455706e-12
24350.000000  5.434572e-12
24450.000000  5.233573e-12
24550.000000  5.155103e-12
24650.000000  5.217076e-12
24750.000000  5.066281e-12
24850.000000  4.920947e-12
24950.000000  4.965599e-12
