2505.000000  2.594648e-14
2513.000000  1.605445e-14
2518.000000  1.156654e-14
2525.000000  1.292311e-14
2535.000000  3.910558e-14
2545.000000  4.785634e-14
2555.000000  1.014092e-13
2565.000000  5.971676e-14
2575.000000  9.492932e-14
2585.000000  7.903065e-14
2595.000000  8.177511e-14
2605.000000  9.830843e-14
2615.000000  8.945029e-14
2625.000000  1.316402e-13
2635.000000  2.896135e-13
2645.000000  3.275874e-13
2655.000000  6.959293e-13
2665.000000  3.694054e-13
2675.000000  3.327955e-13
2685.000000  5.061131e-13
2695.000000  2.587429e-13
2705.000000  4.743103e-13
2715.000000  2.905667e-13
2725.000000  1.649754e-13
2735.000000  2.382137e-13
2745.000000  2.129764e-13
2755.000000  2.669505e-13
2765.000000  3.852219e-13
2775.000000  4.427870e-13
2785.000000  2.583225e-13
2795.000000  1.142824e-13
2805.000000  1.442478e-13
2815.000000  3.672382e-13
2825.000000  4.486363e-13
2835.000000  3.230972e-13
2845.000000  1.619179e-13
2855.000000  5.247941e-14
2865.000000  2.510731e-13
2875.000000  4.668623e-13
2885.000000  7.041143e-13
2895.000000  1.108549e-12
2910.000000  1.708402e-12
2930.000000  1.687615e-12
2950.000000  1.463735e-12
2970.000000  1.478910e-12
2990.000000  1.447003e-12
3010.000000  1.188397e-12
3030.000000  1.801252e-12
3050.000000  1.901814e-12
3070.000000  2.732561e-12
3090.000000  2.842093e-12
3110.000000  4.137564e-12
3130.000000  3.358648e-12
3150.000000  4.145972e-12
3170.000000  5.015504e-12
3190.000000  4.011579e-12
3210.000000  4.356095e-12
3230.000000  3.368916e-12
3250.000000  5.729506e-12
3270.000000  7.393805e-12
3290.000000  7.606891e-12
3310.000000  6.303816e-12
3330.000000  6.616976e-12
3350.000000  5.972957e-12
3370.000000  3.935555e-12
3390.000000  4.587931e-12
3410.000000  5.211000e-12
3430.000000  5.912565e-12
3450.000000  5.972202e-12
3470.000000  6.366226e-12
3490.000000  7.792238e-12
3510.000000  8.482307e-12
3530.000000  6.904149e-12
3550.000000  8.017291e-12
3570.000000  4.098928e-12
3590.000000  5.140411e-12
3610.000000  7.894717e-12
3630.000000  9.248772e-12
3640.000000  9.641174e-12
3650.000000  1.116137e-11
3670.000000  1.235855e-11
3690.000000  1.104228e-11
3710.000000  1.141367e-11
3730.000000  5.550542e-12
3750.000000  6.660714e-12
3770.000000  9.660846e-12
3790.000000  9.462669e-12
3810.000000  8.006203e-12
3830.000000  3.811901e-12
3850.000000  4.511534e-12
3870.000000  5.184378e-12
3890.000000  9.659058e-12
3910.000000  1.251260e-11
3930.000000  4.716860e-12
3950.000000  9.970937e-12
3970.000000  6.318366e-12
3990.000000  1.791268e-11
4010.000000  2.067752e-11
4030.000000  1.947277e-11
4050.000000  1.817239e-11
4070.000000  1.684028e-11
4090.000000  2.201457e-11
4110.000000  2.086700e-11
4130.000000  1.803302e-11
4150.000000  1.613081e-11
4170.000000  1.666054e-11
4190.000000  1.730398e-11
4210.000000  1.934070e-11
4230.000000  2.028279e-11
4250.000000  2.214950e-11
4270.000000  2.046909e-11
4290.000000  1.852438e-11
4310.000000  1.607853e-11
4330.000000  2.515382e-11
4350.000000  2.495820e-11
4370.000000  2.716846e-11
4390.000000  2.373615e-11
4410.000000  2.597214e-11
4430.000000  2.814160e-11
4450.000000  2.876600e-11
4470.000000  3.135173e-11
4490.000000  3.233565e-11
4510.000000  3.781596e-11
4530.000000  3.256636e-11
4550.000000  3.406395e-11
4570.000000  3.721025e-11
4590.000000  3.599689e-11
4610.000000  3.723352e-11
4630.000000  3.594578e-11
4650.000000  3.671380e-11
4670.000000  3.841870e-11
4690.000000  3.768691e-11
4710.000000  3.650406e-11
4730.000000  3.823957e-11
4750.000000  4.014182e-11
4770.000000  4.051291e-11
4790.000000  4.047576e-11
4810.000000  4.021788e-11
4830.000000  4.193281e-11
4850.000000  3.946047e-11
4870.000000  3.659072e-11
4890.000000  4.027722e-11
4910.000000  4.009816e-11
4930.000000  3.920643e-11
4950.000000  4.211840e-11
4970.000000  4.094042e-11
4990.000000  3.757966e-11
5010.000000  3.527224e-11
5030.000000  3.764662e-11
5050.000000  3.766643e-11
5070.000000  3.949717e-11
5090.000000  3.639142e-11
5110.000000  3.758374e-11
5130.000000  3.585319e-11
5150.000000  3.456104e-11
5170.000000  3.043580e-11
5190.000000  3.273495e-11
5210.000000  3.642743e-11
5230.000000  3.951141e-11
5250.000000  4.127895e-11
5270.000000  3.592123e-11
5290.000000  4.207574e-11
5310.000000  4.543494e-11
5330.000000  3.896973e-11
5350.000000  4.350470e-11
5370.000000  4.393849e-11
5390.000000  4.206425e-11
5410.000000  4.145981e-11
5430.000000  4.223497e-11
5450.000000  4.498255e-11
5470.000000  4.315613e-11
5490.000000  4.249424e-11
5510.000000  4.231687e-11
5530.000000  4.397615e-11
5550.000000  4.513490e-11
5570.000000  4.400959e-11
5590.000000  4.246133e-11
5610.000000  4.527407e-11
5630.000000  4.432338e-11
5650.000000  4.463472e-11
5670.000000  4.344664e-11
5690.000000  4.505662e-11
5710.000000  4.316133e-11
5730.000000  4.779129e-11
5750.000000  4.551117e-11
5770.000000  4.649187e-11
5790.000000  4.366090e-11
5810.000000  4.645258e-11
5830.000000  4.822703e-11
5850.000000  4.644802e-11
5870.000000  4.669984e-11
5890.000000  3.980677e-11
5910.000000  4.590490e-11
5930.000000  4.613929e-11
5950.000000  4.617592e-11
5970.000000  4.716613e-11
5990.000000  4.610873e-11
6010.000000  4.516451e-11
6030.000000  4.643121e-11
6050.000000  4.736844e-11
6070.000000  4.710502e-11
6090.000000  4.466163e-11
6110.000000  4.494770e-11
6130.000000  4.217449e-11
6150.000000  4.387091e-11
6170.000000  4.181661e-11
6190.000000  4.509409e-11
6210.000000  4.485919e-11
6230.000000  4.318984e-11
6250.000000  4.152041e-11
6270.000000  4.376649e-11
6290.000000  4.462984e-11
6310.000000  4.289717e-11
6330.000000  4.349519e-11
6350.000000  4.328238e-11
6370.000000  4.296805e-11
6390.000000  4.426513e-11
6410.000000  4.330100e-11
6430.000000  4.376850e-11
6450.000000  4.345052e-11
6470.000000  4.337645e-11
6490.000000  4.228938e-11
6510.000000  4.365635e-11
6530.000000  4.379807e-11
6550.000000  4.319616e-11
6570.000000  4.187213e-11
6590.000000  4.344574e-11
6610.000000  4.377388e-11
6630.000000  4.331567e-11
6650.000000  4.332331e-11
6670.000000  4.244556e-11
6690.000000  4.376863e-11
6710.000000  4.204118e-11
6730.000000  4.374315e-11
6750.000000  4.280028e-11
6770.000000  4.308868e-11
6790.000000  4.262100e-11
6810.000000  4.250697e-11
6830.000000  4.313061e-11
6850.000000  4.162386e-11
6870.000000  4.234958e-11
6890.000000  4.273445e-11
6910.000000  4.229903e-11
6930.000000  4.167467e-11
6950.000000  4.110236e-11
6970.000000  4.130823e-11
6990.000000  4.083170e-11
7010.000000  3.952881e-11
7030.000000  4.057598e-11
7050.000000  4.118142e-11
7070.000000  4.032533e-11
7090.000000  4.006474e-11
7110.000000  3.994037e-11
7130.000000  3.896112e-11
7150.000000  3.878755e-11
7170.000000  3.926681e-11
7190.000000  3.780175e-11
7210.000000  3.896274e-11
7230.000000  3.956959e-11
7250.000000  3.949586e-11
7270.000000  3.920525e-11
7290.000000  3.779730e-11
7310.000000  3.864001e-11
7330.000000  3.850207e-11
7350.000000  3.839703e-11
7370.000000  3.911601e-11
7390.000000  3.807694e-11
7410.000000  3.786973e-11
7430.000000  3.831913e-11
7450.000000  3.829436e-11
7470.000000  3.848199e-11
7490.000000  3.804745e-11
7510.000000  3.851792e-11
7530.000000  3.872674e-11
7550.000000  3.889838e-11
7570.000000  3.842861e-11
7590.000000  3.823664e-11
7610.000000  3.816577e-11
7630.000000  3.847492e-11
7650.000000  3.848035e-11
7670.000000  3.701644e-11
7690.000000  3.832947e-11
7710.000000  3.754020e-11
7730.000000  3.751143e-11
7750.000000  3.722154e-11
7770.000000  3.818454e-11
7790.000000  3.805995e-11
7810.000000  3.780335e-11
7830.000000  3.739379e-11
7850.000000  3.713801e-11
7870.000000  3.722155e-11
7890.000000  3.602788e-11
7910.000000  3.494717e-11
7930.000000  3.475078e-11
7950.000000  3.421340e-11
7970.000000  3.556329e-11
7990.000000  3.544738e-11
8010.000000  3.525109e-11
8030.000000  3.531471e-11
8050.000000  3.490184e-11
8070.000000  3.468535e-11
8090.000000  3.362936e-11
8110.000000  3.356688e-11
8130.000000  3.410484e-11
8150.000000  3.398573e-11
8170.000000  3.409092e-11
8190.000000  3.325521e-11
8210.000000  3.325714e-11
8230.000000  3.357707e-11
8250.000000  3.392025e-11
8270.000000  3.426568e-11
8290.000000  3.394864e-11
8310.000000  3.249264e-11
8330.000000  3.268678e-11
8350.000000  3.270471e-11
8370.000000  3.310274e-11
8390.000000  3.194355e-11
8410.000000  3.319531e-11
8430.000000  3.219960e-11
8450.000000  3.289735e-11
8470.000000  3.271697e-11
8490.000000  3.258161e-11
8510.000000  3.086886e-11
8530.000000  3.193000e-11
8550.000000  2.703508e-11
8570.000000  3.285514e-11
8590.000000  3.226340e-11
8610.000000  3.235175e-11
8630.000000  3.264470e-11
8650.000000  3.233050e-11
8670.000000  2.738122e-11
8690.000000  3.110131e-11
8710.000000  3.197302e-11
8730.000000  3.210024e-11
8750.000000  3.178180e-11
8770.000000  3.221318e-11
8790.000000  3.186771e-11
8810.000000  3.087899e-11
8830.000000  3.156500e-11
8850.000000  3.191491e-11
8870.000000  3.121858e-11
8890.000000  3.180199e-11
8910.000000  3.210483e-11
8930.000000  3.112875e-11
8950.000000  3.108733e-11
8970.000000  3.113150e-11
8990.000000  3.124556e-11
9010.000000  2.993880e-11
9030.000000  3.082179e-11
9050.000000  3.153359e-11
9070.000000  3.113481e-11
9090.000000  2.995268e-11
9110.000000  2.980555e-11
9130.000000  3.075757e-11
9150.000000  2.877757e-11
9170.000000  2.804958e-11
9190.000000  2.838179e-11
9210.000000  2.753993e-11
9230.000000  2.801052e-11
9250.000000  2.779426e-11
9270.000000  2.826302e-11
9290.000000  2.787740e-11
9310.000000  2.862838e-11
9330.000000  2.857949e-11
9350.000000  2.827660e-11
9370.000000  2.808949e-11
9390.000000  2.759601e-11
9410.000000  2.678821e-11
9430.000000  2.723221e-11
9450.000000  2.657915e-11
9470.000000  2.742701e-11
9490.000000  2.731952e-11
9510.000000  2.767893e-11
9530.000000  2.738568e-11
9550.000000  2.717207e-11
9570.000000  2.720517e-11
9590.000000  2.761746e-11
9610.000000  2.725727e-11
9630.000000  2.705581e-11
9650.000000  2.656830e-11
9670.000000  2.643899e-11
9690.000000  2.700130e-11
9710.000000  2.674586e-11
9730.000000  2.673615e-11
9750.000000  2.652579e-11
9770.000000  2.661784e-11
9790.000000  2.608080e-11
9810.000000  2.686833e-11
9830.000000  2.664470e-11
9850.000000  2.687337e-11
9870.000000  2.674094e-11
9890.000000  2.685618e-11
9910.000000  2.649956e-11
9930.000000  2.681050e-11
9950.000000  2.659764e-11
9970.000000  2.671509e-11
9990.000000  2.664907e-11
10025.000000  2.641958e-11
10075.000000  2.613946e-11
10125.000000  2.616120e-11
10175.000000  2.571404e-11
10225.000000  2.573165e-11
10275.000000  2.577554e-11
10325.000000  2.526597e-11
10375.000000  2.509765e-11
10425.000000  2.515816e-11
10475.000000  2.485318e-11
10525.000000  2.482620e-11
10575.000000  2.454370e-11
10625.000000  2.437981e-11
10675.000000  2.388025e-11
10725.000000  2.385360e-11
10775.000000  2.360428e-11
10825.000000  2.312444e-11
10875.000000  2.286268e-11
10925.000000  2.250071e-11
10975.000000  2.096438e-11
11025.000000  2.089143e-11
11075.000000  2.118620e-11
11125.000000  2.111830e-11
11175.000000  2.131783e-11
11225.000000  2.123011e-11
11275.000000  2.085013e-11
11325.000000  2.106459e-11
11375.000000  2.057728e-11
11425.000000  2.064295e-11
11475.000000  2.090149e-11
11525.000000  2.082464e-11
11575.000000  2.054018e-11
11625.000000  2.026755e-11
11675.000000  2.028658e-11
11725.000000  2.053700e-11
11775.000000  2.012314e-11
11825.000000  1.993050e-11
11875.000000  1.971140e-11
11925.000000  2.008622e-11
11975.000000  1.918999e-11
12025.000000  1.955219e-11
12075.000000  1.929655e-11
12125.000000  1.935431e-11
12175.000000  1.942520e-11
12225.000000  1.930272e-11
12275.000000  1.915946e-11
12325.000000  1.897629e-11
12375.000000  1.889293e-11
12425.000000  1.868119e-11
12475.000000  1.873732e-11
12525.000000  1.850047e-11
12575.000000  1.845902e-11
12625.000000  1.837622e-11
12675.000000  1.810777e-11
12725.000000  1.813687e-11
12775.000000  1.815360e-11
12825.000000  1.740699e-11
12875.000000  1.772746e-11
12925.000000  1.748366e-11
12975.000000  1.765930e-11
13025.000000  1.737604e-11
13075.000000  1.747864e-11
13125.000000  1.710876e-11
13175.000000  1.704208e-11
13225.000000  1.709581e-11
13275.000000  1.675452e-11
13325.000000  1.687569e-11
13375.000000  1.672137e-11
13425.000000  1.679238e-11
13475.000000  1.665351e-11
13525.000000  1.660985e-11
13575.000000  1.625667e-11
13625.000000  1.620018e-11
13675.000000  1.619008e-11
13725.000000  1.620534e-11
13775.000000  1.607862e-11
13825.000000  1.605345e-11
13875.000000  1.590740e-11
13925.000000  1.586317e-11
13975.000000  1.573729e-11
14025.000000  1.549406e-11
14075.000000  1.525757e-11
14125.000000  1.472385e-11
14175.000000  1.477951e-11
14225.000000  1.455854e-11
14275.000000  1.427829e-11
14325.000000  1.459174e-11
14375.000000  1.468146e-11
14425.000000  1.415449e-11
14475.000000  1.459410e-11
14525.000000  1.417529e-11
14570.000000  1.416831e-11
14620.000000  1.400403e-11
14675.000000  1.388750e-11
14725.000000  1.365996e-11
14775.000000  1.375175e-11
14825.000000  1.371121e-11
14875.000000  1.357038e-11
14925.000000  1.389569e-11
14975.000000  1.371898e-11
15025.000000  1.333867e-11
15075.000000  1.329229e-11
15125.000000  1.339729e-11
15175.000000  1.349492e-11
15225.000000  1.332212e-11
15275.000000  1.339551e-11
15325.000000  1.333238e-11
15375.000000  1.336107e-11
15425.000000  1.328642e-11
15475.000000  1.324345e-11
15525.000000  1.298022e-11
15575.000000  1.285855e-11
15625.000000  1.313668e-11
15675.000000  1.271386e-11
15725.000000  1.285907e-11
15775.000000  1.227404e-11
15825.000000  1.252556e-11
15875.000000  1.200880e-11
15925.000000  1.229313e-11
15975.000000  1.245750e-11
16050.000000  1.231691e-11
16150.000000  1.209464e-11
16250.000000  1.211705e-11
16350.000000  1.197053e-11
16450.000000  1.157157e-11
16550.000000  1.165862e-11
16650.000000  1.138503e-11
16750.000000  1.115463e-11
16850.000000  1.077661e-11
16950.000000  1.094037e-11
17050.000000  1.051578e-11
17150.000000  1.042379e-11
17250.000000  1.010779e-11
17350.000000  9.753508e-12
17450.000000  9.774366e-12
17550.000000  9.606329e-12
17650.000000  9.464615e-12
17750.000000  9.208089e-12
17850.000000  9.126954e-12
17950.000000  8.957811e-12
18050.000000  8.717880e-12
18150.000000  8.509826e-12
18250.000000  8.380973e-12
18350.000000  8.229869e-12
18450.000000  8.005903e-12
18550.000000  7.943676e-12
18650.000000  7.686422e-12
18750.000000  7.457410e-12
18850.000000  7.481376e-12
18950.000000  7.129242e-12
19050.000000  7.265909e-12
19150.000000  7.088458e-12
19250.000000  6.995779e-12
19350.000000  6.767787e-12
19450.000000  6.571925e-12
19550.000000  6.614333e-12
19650.000000  6.447334e-12
19750.000000  6.271661e-12
19850.000000  6.208881e-12
19950.000000  6.099539e-12
20050.000000  6.064853e-12
20150.000000  5.995712e-12
20250.000000  5.794166e-12
20350.000000  5.679396e-12
20450.000000  5.675755e-12
20550.000000  5.525010e-12
20650.000000  5.412622e-12
20750.000000  5.337342e-12
20850.000000  5.239664e-12
20950.000000  5.115606e-12
21050.000000  5.102470e-12
21150.000000  5.001950e-12
21250.000000  4.905360e-12
21350.000000  4.859344e-12
21450.000000  4.770780e-12
21550.000000  4.695903e-12
21650.000000  4.542455e-12
21750.000000  4.490248e-12
21850.000000  4.444269e-12
21950.000000  4.399060e-12
22050.000000  4.268835e-12
22150.000000  4.272769e-12
22250.000000  4.158796e-12
22350.000000  4.097210e-12
22450.000000  4.036813e-12
22550.000000  3.977090e-12
22650.000000  3.889695e-12
22750.000000  3.875768e-12
22850.000000  3.770676e-12
22950.000000  3.385514e-12
23050.000000  3.528113e-12
23150.000000  3.492785e-12
23250.000000  3.139836e-12
23350.000000  3.275954e-12
23450.000000  3.291189e-12
23550.000000  2.931364e-12
23650.000000  3.105395e-12
23750.000000  3.072097e-12
23850.000000  2.778644e-12
23950.000000  2.918134e-12
24050.000000  2.931900e-12
24150.000000  2.685310e-12
24250.000000  2.767699e-12
24350.000000  2.787042e-12
24450.000000  2.626322e-12
24550.000000  2.591627e-12
24650.000000  2.681057e-12
24750.000000  2.574005e-12
24850.000000  2.462471e-12
24950.000000  2.533391e-12
