2505.000000  1.976413e-10
2513.000000  1.745278e-10
2518.000000  1.858537e-10
2525.000000  1.720709e-10
2535.000000  1.761874e-10
2545.000000  1.665484e-10
2555.000000  1.781650e-10
2565.000000  1.740630e-10
2575.000000  1.891363e-10
2585.000000  1.835164e-10
2595.000000  1.849930e-10
2605.000000  1.757108e-10
2615.000000  1.744077e-10
2625.000000  1.796854e-10
2635.000000  1.808319e-10
2645.000000  1.919767e-10
2655.000000  1.892997e-10
2665.000000  1.736277e-10
2675.000000  1.832054e-10
2685.000000  1.780841e-10
2695.000000  1.732828e-10
2705.000000  1.787756e-10
2715.000000  1.706155e-10
2725.000000  1.712975e-10
2735.000000  1.811124e-10
2745.000000  1.577986e-10
2755.000000  1.568329e-10
2765.000000  1.612112e-10
2775.000000  1.699186e-10
2785.000000  1.708915e-10
2795.000000  1.535083e-10
2805.000000  1.637656e-10
2815.000000  1.708351e-10
2825.000000  1.703460e-10
2835.000000  1.584580e-10
2845.000000  1.547715e-10
2855.000000  1.559596e-10
2865.000000  1.621418e-10
2875.000000  1.573749e-10
2885.000000  1.591326e-10
2895.000000  1.550649e-10
2910.000000  1.644298e-10
2930.000000  1.588854e-10
2950.000000  1.566852e-10
2970.000000  1.560666e-10
2990.000000  1.545630e-10
3010.000000  1.565064e-10
3030.000000  1.544138e-10
3050.000000  1.510256e-10
3070.000000  1.484123e-10
3090.000000  1.484268e-10
3110.000000  1.438823e-10
3130.000000  1.420708e-10
3150.000000  1.417945e-10
3170.000000  1.386825e-10
3190.000000  1.333655e-10
3210.000000  1.345999e-10
3230.000000  1.326393e-10
3250.000000  1.310967e-10
3270.000000  1.299551e-10
3290.000000  1.285689e-10
3310.000000  1.278281e-10
3330.000000  1.250609e-10
3350.000000  1.225673e-10
3370.000000  1.211201e-10
3390.000000  1.190128e-10
3410.000000  1.188000e-10
3430.000000  1.169568e-10
3450.000000  1.153165e-10
3470.000000  1.132825e-10
3490.000000  1.120284e-10
3510.000000  1.113854e-10
3530.000000  1.104882e-10
3550.000000  1.091705e-10
3570.000000  1.074960e-10
3590.000000  1.055012e-10
3610.000000  1.044182e-10
3630.000000  1.030345e-10
3640.000000  1.028780e-10
3650.000000  1.022619e-10
3670.000000  1.007585e-10
3690.000000  9.674683e-11
3710.000000  1.020076e-10
3730.000000  1.073931e-10
3750.000000  1.306170e-10
3770.000000  1.321865e-10
3790.000000  1.424491e-10
3810.000000  1.518022e-10
3830.000000  1.301403e-10
3850.000000  1.538607e-10
3870.000000  1.559509e-10
3890.000000  1.230924e-10
3910.000000  1.539439e-10
3930.000000  1.492258e-10
3950.000000  1.496437e-10
3970.000000  1.145460e-10
3990.000000  1.439062e-10
4010.000000  1.432657e-10
4030.000000  1.373692e-10
4050.000000  1.403321e-10
4070.000000  1.359783e-10
4090.000000  1.286369e-10
4110.000000  1.093071e-10
4130.000000  1.281994e-10
4150.000000  1.282214e-10
4170.000000  1.267473e-10
4190.000000  1.257083e-10
4210.000000  1.244028e-10
4230.000000  1.222075e-10
4250.000000  1.199879e-10
4270.000000  1.167145e-10
4290.000000  1.169540e-10
4310.000000  1.145167e-10
4330.000000  1.044448e-10
4350.000000  9.316523e-11
4370.000000  1.093194e-10
4390.000000  1.065741e-10
4410.000000  1.071046e-10
4430.000000  1.045304e-10
4450.000000  1.044790e-10
4470.000000  1.006482e-10
4490.000000  9.993446e-11
4510.000000  9.984642e-11
4530.000000  9.789562e-11
4550.000000  9.619172e-11
4570.000000  9.611099e-11
4590.000000  9.395487e-11
4610.000000  9.339499e-11
4630.000000  9.085998e-11
4650.000000  9.058123e-11
4670.000000  8.928802e-11
4690.000000  8.834682e-11
4710.000000  8.530329e-11
4730.000000  8.531304e-11
4750.000000  8.408094e-11
4770.000000  8.407112e-11
4790.000000  8.264102e-11
4810.000000  8.097135e-11
4830.000000  7.956814e-11
4850.000000  7.412389e-11
4870.000000  6.457026e-11
4890.000000  7.670299e-11
4910.000000  7.577161e-11
4930.000000  7.374256e-11
4950.000000  7.405058e-11
4970.000000  7.335385e-11
4990.000000  7.208509e-11
5010.000000  6.915159e-11
5030.000000  6.937648e-11
5050.000000  6.758701e-11
5070.000000  6.794636e-11
5090.000000  6.700517e-11
5110.000000  6.574132e-11
5130.000000  6.514726e-11
5150.000000  6.377585e-11
5170.000000  6.339690e-11
5190.000000  6.279306e-11
5210.000000  6.100363e-11
5230.000000  6.093760e-11
5250.000000  6.058310e-11
5270.000000  5.938769e-11
5290.000000  5.952699e-11
5310.000000  5.820203e-11
5330.000000  5.781576e-11
5350.000000  5.700902e-11
5370.000000  5.654698e-11
5390.000000  5.585026e-11
5410.000000  5.498731e-11
5430.000000  5.422213e-11
5450.000000  5.377475e-11
5470.000000  5.299492e-11
5490.000000  5.262577e-11
5510.000000  5.188749e-11
5530.000000  5.140344e-11
5550.000000  5.086807e-11
5570.000000  5.021291e-11
5590.000000  4.968242e-11
5610.000000  4.919837e-11
5630.000000  4.878277e-11
5650.000000  4.744070e-11
5670.000000  4.711799e-11
5690.000000  4.686863e-11
5710.000000  4.645744e-11
5730.000000  4.592646e-11
5750.000000  4.539402e-11
5770.000000  4.490167e-11
5790.000000  4.428367e-11
5810.000000  4.383336e-11
5830.000000  4.330728e-11
5850.000000  4.285551e-11
5870.000000  4.164443e-11
5890.000000  4.162929e-11
5910.000000  4.138286e-11
5930.000000  4.101860e-11
5950.000000  4.015884e-11
5970.000000  3.999357e-11
5990.000000  3.946162e-11
6010.000000  3.923792e-11
6030.000000  3.875731e-11
6050.000000  3.832901e-11
6070.000000  3.789533e-11
6090.000000  3.744332e-11
6110.000000  3.714336e-11
6130.000000  3.672068e-11
6150.000000  3.593891e-11
6170.000000  3.587826e-11
6190.000000  3.554701e-11
6210.000000  3.515073e-11
6230.000000  3.467868e-11
6250.000000  3.404944e-11
6270.000000  3.401398e-11
6290.000000  3.360890e-11
6310.000000  3.314834e-11
6330.000000  3.289874e-11
6350.000000  3.212233e-11
6370.000000  3.194387e-11
6390.000000  3.181039e-11
6410.000000  3.144491e-11
6430.000000  3.125618e-11
6450.000000  3.077191e-11
6470.000000  3.057999e-11
6490.000000  3.016857e-11
6510.000000  2.976961e-11
6530.000000  2.939948e-11
6550.000000  2.801876e-11
6570.000000  2.420488e-11
6590.000000  2.830893e-11
6610.000000  2.838642e-11
6630.000000  2.814416e-11
6650.000000  2.789700e-11
6670.000000  2.744083e-11
6690.000000  2.718708e-11
6710.000000  2.703331e-11
6730.000000  2.676611e-11
6750.000000  2.650771e-11
6770.000000  2.626691e-11
6790.000000  2.591367e-11
6810.000000  2.570221e-11
6830.000000  2.538196e-11
6850.000000  2.519739e-11
6870.000000  2.495977e-11
6890.000000  2.471897e-11
6910.000000  2.446840e-11
6930.000000  2.413348e-11
6950.000000  2.400611e-11
6970.000000  2.378096e-11
6990.000000  2.355263e-11
7010.000000  2.329326e-11
7030.000000  2.307788e-11
7050.000000  2.276546e-11
7070.000000  2.244057e-11
7090.000000  2.245034e-11
7110.000000  2.214453e-11
7130.000000  2.195164e-11
7150.000000  2.177954e-11
7170.000000  2.157785e-11
7190.000000  2.139377e-11
7210.000000  2.119722e-11
7230.000000  2.081733e-11
7250.000000  2.074692e-11
7270.000000  2.060293e-11
7290.000000  2.034795e-11
7310.000000  2.020934e-11
7330.000000  2.002160e-11
7350.000000  1.986245e-11
7370.000000  1.967421e-11
7390.000000  1.948964e-11
7410.000000  1.930458e-11
7430.000000  1.906648e-11
7450.000000  1.891564e-11
7470.000000  1.868487e-11
7490.000000  1.855481e-11
7510.000000  1.838589e-11
7530.000000  1.824850e-11
7550.000000  1.808837e-11
7570.000000  1.793290e-11
7590.000000  1.774833e-11
7610.000000  1.762560e-11
7630.000000  1.745350e-11
7650.000000  1.728458e-11
7670.000000  1.713741e-11
7690.000000  1.697362e-11
7710.000000  1.682547e-11
7730.000000  1.667513e-11
7750.000000  1.653114e-11
7770.000000  1.614807e-11
7790.000000  1.623998e-11
7810.000000  1.610993e-11
7830.000000  1.596594e-11
7850.000000  1.572368e-11
7870.000000  1.560829e-11
7890.000000  1.542788e-11
7910.000000  1.539243e-11
7930.000000  1.528168e-11
7950.000000  1.504774e-11
7970.000000  1.500349e-11
7990.000000  1.473483e-11
8010.000000  1.475340e-11
8030.000000  1.461821e-11
8050.000000  1.448669e-11
8070.000000  1.437228e-11
8090.000000  1.423709e-11
8110.000000  1.410973e-11
8130.000000  1.399532e-11
8150.000000  1.388091e-11
8170.000000  1.377799e-11
8190.000000  1.362935e-11
8210.000000  1.345310e-11
8230.000000  1.329298e-11
8250.000000  1.330226e-11
8270.000000  1.320545e-11
8290.000000  1.304753e-11
8310.000000  1.297150e-11
8330.000000  1.285563e-11
8350.000000  1.273388e-11
8370.000000  1.260285e-11
8390.000000  1.251093e-11
8410.000000  1.235863e-11
8430.000000  1.228211e-11
8450.000000  1.208092e-11
8470.000000  1.185137e-11
8490.000000  1.218824e-11
8510.000000  1.153015e-11
8530.000000  1.220046e-11
8550.000000  1.109451e-11
8570.000000  1.222637e-11
8590.000000  1.147122e-11
8610.000000  1.122089e-11
8630.000000  1.215230e-11
8650.000000  1.181542e-11
8670.000000  1.029951e-11
8690.000000  1.190221e-11
8710.000000  1.204546e-11
8730.000000  1.172888e-11
8750.000000  9.944305e-12
8770.000000  1.135216e-11
8790.000000  1.168928e-11
8810.000000  1.163208e-11
8830.000000  1.141549e-11
8850.000000  1.082192e-11
8870.000000  9.560496e-12
8890.000000  1.112017e-11
8910.000000  1.115073e-11
8930.000000  1.103999e-11
8950.000000  1.103583e-11
8970.000000  1.092509e-11
8990.000000  1.070311e-11
9010.000000  9.244158e-12
9030.000000  9.906161e-12
9050.000000  1.051757e-11
9070.000000  1.037358e-11
9090.000000  1.032053e-11
9110.000000  1.030855e-11
9130.000000  1.024304e-11
9150.000000  1.019830e-11
9170.000000  1.007044e-11
9190.000000  9.916679e-12
9210.000000  9.616232e-12
9230.000000  8.140164e-12
9250.000000  9.400124e-12
9270.000000  9.480557e-12
9290.000000  9.593741e-12
9310.000000  9.558291e-12
9330.000000  9.471020e-12
9350.000000  9.434592e-12
9370.000000  9.356609e-12
9390.000000  9.269825e-12
9410.000000  9.092104e-12
9430.000000  9.138303e-12
9450.000000  9.085741e-12
9470.000000  8.991624e-12
9490.000000  8.925129e-12
9510.000000  8.794096e-12
9530.000000  8.479225e-12
9550.000000  7.284293e-12
9570.000000  8.466269e-12
9590.000000  8.575790e-12
9610.000000  8.522742e-12
9630.000000  8.369467e-12
9650.000000  8.423978e-12
9670.000000  8.329373e-12
9690.000000  8.292457e-12
9710.000000  8.235740e-12
9730.000000  8.177559e-12
9750.000000  8.107887e-12
9770.000000  8.062660e-12
9790.000000  7.997144e-12
9810.000000  7.934807e-12
9830.000000  7.865135e-12
9850.000000  7.815753e-12
9870.000000  7.758548e-12
9890.000000  7.684232e-12
9910.000000  7.628005e-12
9930.000000  7.590112e-12
9950.000000  7.532419e-12
9970.000000  7.474726e-12
9990.000000  7.417032e-12
10025.000000  7.057426e-12
10075.000000  6.730582e-12
10125.000000  6.988737e-12
10175.000000  6.932017e-12
10225.000000  6.825919e-12
10275.000000  6.706865e-12
10325.000000  6.579499e-12
10375.000000  6.472424e-12
10425.000000  6.365349e-12
10475.000000  6.246295e-12
10525.000000  6.135065e-12
10575.000000  6.036790e-12
10625.000000  5.938026e-12
10675.000000  5.801861e-12
10725.000000  5.728521e-12
10775.000000  5.638069e-12
10825.000000  5.507525e-12
10875.000000  5.444698e-12
10925.000000  4.923503e-12
10975.000000  5.172366e-12
11025.000000  5.174321e-12
11075.000000  5.103671e-12
11125.000000  5.017864e-12
11175.000000  4.935236e-12
11225.000000  4.857251e-12
11275.000000  4.741378e-12
11325.000000  4.672194e-12
11375.000000  4.623300e-12
11425.000000  4.548983e-12
11475.000000  4.479359e-12
11525.000000  4.409345e-12
11575.000000  4.339429e-12
11625.000000  4.257094e-12
11675.000000  4.191187e-12
11725.000000  4.133933e-12
11775.000000  4.050058e-12
11825.000000  4.009500e-12
11875.000000  3.942860e-12
11925.000000  3.890862e-12
11975.000000  3.821703e-12
12025.000000  3.772859e-12
12075.000000  3.714897e-12
12125.000000  3.656935e-12
12175.000000  3.603079e-12
12225.000000  3.548393e-12
12275.000000  3.494488e-12
12325.000000  3.442711e-12
12375.000000  3.392547e-12
12425.000000  3.344045e-12
12475.000000  3.285985e-12
12525.000000  3.244231e-12
12575.000000  3.192258e-12
12625.000000  3.149159e-12
12675.000000  3.106011e-12
12725.000000  3.060785e-12
12775.000000  2.987690e-12
12825.000000  2.735258e-12
12875.000000  2.917847e-12
12925.000000  2.889660e-12
12975.000000  2.845926e-12
13025.000000  2.809134e-12
13075.000000  2.769262e-12
13125.000000  2.730588e-12
13175.000000  2.686927e-12
13225.000000  2.654535e-12
13275.000000  2.617939e-12
13325.000000  2.581342e-12
13375.000000  2.545944e-12
13425.000000  2.509348e-12
13475.000000  2.475196e-12
13525.000000  2.440629e-12
13575.000000  2.408189e-12
13625.000000  2.375284e-12
13675.000000  2.340717e-12
13725.000000  2.309475e-12
13775.000000  2.281508e-12
13825.000000  2.251096e-12
13875.000000  2.221101e-12
13925.000000  2.190640e-12
13975.000000  2.161892e-12
14025.000000  2.133876e-12
14075.000000  2.105127e-12
14125.000000  2.077160e-12
14175.000000  2.051223e-12
14225.000000  2.024503e-12
14275.000000  1.998198e-12
14325.000000  1.971894e-12
14375.000000  1.946372e-12
14425.000000  1.916230e-12
14475.000000  1.895377e-12
14525.000000  1.870222e-12
14570.000000  1.851349e-12
14620.000000  1.827074e-12
14675.000000  1.802847e-12
14725.000000  1.780186e-12
14775.000000  1.755959e-12
14825.000000  1.736256e-12
14875.000000  1.714425e-12
14925.000000  1.694257e-12
14975.000000  1.672011e-12
15025.000000  1.651476e-12
15075.000000  1.629278e-12
15125.000000  1.609061e-12
15175.000000  1.588893e-12
15225.000000  1.572147e-12
15275.000000  1.546112e-12
15325.000000  1.526726e-12
15375.000000  1.516214e-12
15425.000000  1.481353e-12
15475.000000  1.482111e-12
15525.000000  1.466514e-12
15575.000000  1.415813e-12
15625.000000  1.444048e-12
15675.000000  1.405496e-12
15725.000000  1.362837e-12
15775.000000  1.398040e-12
15825.000000  1.381563e-12
15875.000000  1.288936e-12
15925.000000  1.340762e-12
15975.000000  1.340542e-12
16050.000000  1.308737e-12
16150.000000  1.243368e-12
16250.000000  1.263242e-12
16350.000000  1.220730e-12
16450.000000  1.159468e-12
16550.000000  1.178927e-12
16650.000000  1.152525e-12
16750.000000  1.112873e-12
16850.000000  1.057795e-12
16950.000000  1.075543e-12
17050.000000  1.051366e-12
17150.000000  1.029853e-12
17250.000000  1.006409e-12
17350.000000  9.383991e-13
17450.000000  9.597895e-13
17550.000000  9.429948e-13
17650.000000  9.232421e-13
17750.000000  9.030739e-13
17850.000000  8.845679e-13
17950.000000  8.668442e-13
18050.000000  8.462605e-13
18150.000000  7.944587e-13
18250.000000  8.066574e-13
18350.000000  7.964632e-13
18450.000000  7.804508e-13
18550.000000  7.635584e-13
18650.000000  7.466659e-13
18750.000000  7.018802e-13
18850.000000  7.181859e-13
18950.000000  7.046670e-13
19050.000000  6.906836e-13
19150.000000  6.774826e-13
19250.000000  6.639149e-13
19350.000000  6.502493e-13
19450.000000  6.088373e-13
19550.000000  6.251429e-13
19650.000000  6.141176e-13
19750.000000  6.025300e-13
19850.000000  5.910402e-13
19950.000000  5.798682e-13
20050.000000  5.687940e-13
20150.000000  5.580865e-13
20250.000000  5.477945e-13
20350.000000  5.375026e-13
20450.000000  5.275774e-13
20550.000000  5.173344e-13
20650.000000  5.082403e-13
20750.000000  4.987796e-13
20850.000000  4.897344e-13
20950.000000  4.806893e-13
21050.000000  4.720597e-13
21150.000000  4.633812e-13
21250.000000  4.551673e-13
21350.000000  4.469044e-13
21450.000000  4.390913e-13
21550.000000  4.312342e-13
21650.000000  4.045731e-13
21750.000000  4.151974e-13
21850.000000  4.093547e-13
21950.000000  4.021504e-13
22050.000000  3.953518e-13
22150.000000  3.885166e-13
22250.000000  3.818892e-13
22350.000000  3.753816e-13
22450.000000  3.690402e-13
22550.000000  3.627770e-13
22650.000000  3.566850e-13
22750.000000  3.507127e-13
22850.000000  3.449067e-13
22950.000000  3.391838e-13
23050.000000  3.335856e-13
23150.000000  3.281072e-13
23250.000000  3.227583e-13
23350.000000  3.175243e-13
23450.000000  3.123368e-13
23550.000000  3.073106e-13
23650.000000  3.023309e-13
23750.000000  2.974710e-13
23850.000000  2.927308e-13
23950.000000  2.879955e-13
24050.000000  2.832138e-13
24150.000000  2.785617e-13
24250.000000  2.746111e-13
24350.000000  2.699541e-13
24450.000000  2.654633e-13
24550.000000  2.619699e-13
24650.000000  2.573080e-13
24750.000000  2.533159e-13
24850.000000  2.506121e-13
24950.000000  2.437696e-13
