2505.000000  1.886411e-09
2513.000000  1.858625e-09
2518.000000  1.857283e-09
2525.000000  1.841220e-09
2535.000000  1.819117e-09
2545.000000  1.793836e-09
2555.000000  1.775939e-09
2565.000000  1.755178e-09
2575.000000  1.735088e-09
2585.000000  1.714506e-09
2595.000000  1.694416e-09
2605.000000  1.687391e-09
2615.000000  1.667972e-09
2625.000000  1.648241e-09
2635.000000  1.626629e-09
2645.000000  1.608061e-09
2655.000000  1.587120e-09
2665.000000  1.564525e-09
2675.000000  1.544614e-09
2685.000000  1.538261e-09
2695.000000  1.506939e-09
2705.000000  1.503092e-09
2715.000000  1.485866e-09
2725.000000  1.455708e-09
2735.000000  1.452710e-09
2745.000000  1.434275e-09
2755.000000  1.418884e-09
2765.000000  1.390427e-09
2775.000000  1.388592e-09
2785.000000  1.373021e-09
2795.000000  1.347874e-09
2805.000000  1.339687e-09
2815.000000  1.328322e-09
2825.000000  1.297672e-09
2835.000000  1.286800e-09
2845.000000  1.284965e-09
2855.000000  1.271229e-09
2865.000000  1.257671e-09
2875.000000  1.244114e-09
2885.000000  1.230557e-09
2895.000000  1.217491e-09
2910.000000  1.197581e-09
2930.000000  1.172121e-09
2950.000000  1.137803e-09
2970.000000  1.123574e-09
2990.000000  1.100128e-09
3010.000000  1.077532e-09
3030.000000  1.055429e-09
3050.000000  1.033996e-09
3070.000000  1.012743e-09
3090.000000  9.919820e-10
3110.000000  9.723839e-10
3130.000000  9.543075e-10
3150.000000  9.348886e-10
3170.000000  9.161410e-10
3190.000000  8.895183e-10
3210.000000  8.803008e-10
3230.000000  8.628956e-10
3250.000000  8.459822e-10
3270.000000  8.309033e-10
3290.000000  8.139900e-10
3310.000000  7.997614e-10
3330.000000  7.843698e-10
3350.000000  7.679484e-10
3370.000000  7.550623e-10
3390.000000  7.413257e-10
3410.000000  7.276608e-10
3430.000000  7.102556e-10
3450.000000  6.945950e-10
3470.000000  6.841965e-10
3490.000000  6.718202e-10
3510.000000  6.613858e-10
3530.000000  6.508576e-10
3550.000000  6.394210e-10
3570.000000  6.320695e-10
3590.000000  6.162794e-10
3610.000000  6.074692e-10
3630.000000  5.948782e-10
3640.000000  5.944084e-10
3650.000000  5.837459e-10
3670.000000  5.763452e-10
3690.000000  5.654410e-10
3710.000000  5.457758e-10
3730.000000  5.225221e-10
3750.000000  5.361527e-10
3770.000000  5.329944e-10
3790.000000  5.650863e-10
3810.000000  5.924885e-10
3830.000000  5.113968e-10
3850.000000  6.140921e-10
3870.000000  6.256635e-10
3890.000000  4.817221e-10
3910.000000  6.163927e-10
3930.000000  6.124016e-10
3950.000000  5.972957e-10
3970.000000  4.481547e-10
3990.000000  5.712183e-10
4010.000000  5.725789e-10
4030.000000  5.339502e-10
4050.000000  5.610080e-10
4070.000000  5.480364e-10
4090.000000  4.931425e-10
4110.000000  4.253668e-10
4130.000000  5.122359e-10
4150.000000  5.094798e-10
4170.000000  5.064685e-10
4190.000000  4.996002e-10
4210.000000  4.913895e-10
4230.000000  4.831609e-10
4250.000000  4.750353e-10
4270.000000  4.661534e-10
4290.000000  4.581262e-10
4310.000000  4.470786e-10
4330.000000  3.952050e-10
4350.000000  3.584468e-10
4370.000000  4.239186e-10
4390.000000  4.073584e-10
4410.000000  4.159005e-10
4430.000000  4.076718e-10
4450.000000  4.032153e-10
4470.000000  3.747796e-10
4490.000000  3.899931e-10
4510.000000  3.846998e-10
4530.000000  3.786503e-10
4550.000000  3.726679e-10
4570.000000  3.668377e-10
4590.000000  3.612401e-10
4610.000000  3.556425e-10
4630.000000  3.501970e-10
4650.000000  3.445682e-10
4670.000000  3.395567e-10
4690.000000  3.343618e-10
4710.000000  3.245895e-10
4730.000000  3.242897e-10
4750.000000  3.193454e-10
4770.000000  3.148396e-10
4790.000000  3.100608e-10
4810.000000  3.044811e-10
4830.000000  2.976083e-10
4850.000000  2.689263e-10
4870.000000  2.384682e-10
4890.000000  2.830929e-10
4910.000000  2.820415e-10
4930.000000  2.707613e-10
4950.000000  2.755759e-10
4970.000000  2.716876e-10
4990.000000  2.677680e-10
5010.000000  2.600897e-10
5030.000000  2.601926e-10
5050.000000  2.546442e-10
5070.000000  2.528857e-10
5090.000000  2.493330e-10
5110.000000  2.458474e-10
5130.000000  2.423617e-10
5150.000000  2.390103e-10
5170.000000  2.357081e-10
5190.000000  2.324418e-10
5210.000000  2.292067e-10
5230.000000  2.260567e-10
5250.000000  2.229738e-10
5270.000000  2.199400e-10
5290.000000  2.169734e-10
5310.000000  2.140248e-10
5330.000000  2.111253e-10
5350.000000  2.082929e-10
5370.000000  2.055277e-10
5390.000000  2.027624e-10
5410.000000  2.000643e-10
5430.000000  1.974333e-10
5450.000000  1.948023e-10
5470.000000  1.922384e-10
5490.000000  1.897237e-10
5510.000000  1.872270e-10
5530.000000  1.847973e-10
5550.000000  1.823677e-10
5570.000000  1.800051e-10
5590.000000  1.776918e-10
5610.000000  1.753964e-10
5630.000000  1.731502e-10
5650.000000  1.709219e-10
5670.000000  1.687428e-10
5690.000000  1.665816e-10
5710.000000  1.645368e-10
5730.000000  1.624248e-10
5750.000000  1.603800e-10
5770.000000  1.584022e-10
5790.000000  1.564245e-10
5810.000000  1.544647e-10
5830.000000  1.525541e-10
5850.000000  1.506434e-10
5870.000000  1.435021e-10
5890.000000  1.466209e-10
5910.000000  1.451801e-10
5930.000000  1.434037e-10
5950.000000  1.416273e-10
5970.000000  1.399181e-10
5990.000000  1.382088e-10
6010.000000  1.365488e-10
6030.000000  1.349066e-10
6050.000000  1.332645e-10
6070.000000  1.316895e-10
6090.000000  1.301144e-10
6110.000000  1.285886e-10
6130.000000  1.270628e-10
6150.000000  1.255549e-10
6170.000000  1.240470e-10
6190.000000  1.226062e-10
6210.000000  1.211967e-10
6230.000000  1.197739e-10
6250.000000  1.183823e-10
6270.000000  1.170086e-10
6290.000000  1.156170e-10
6310.000000  1.143105e-10
6330.000000  1.129860e-10
6350.000000  1.117287e-10
6370.000000  1.104221e-10
6390.000000  1.091648e-10
6410.000000  1.079075e-10
6430.000000  1.067172e-10
6450.000000  1.054778e-10
6470.000000  1.042876e-10
6490.000000  1.031153e-10
6510.000000  1.017729e-10
6530.000000  1.000636e-10
6550.000000  9.451067e-11
6570.000000  8.339593e-11
6590.000000  9.595601e-11
6610.000000  9.605897e-11
6630.000000  9.532066e-11
6650.000000  9.439891e-11
6670.000000  9.221982e-11
6690.000000  9.123095e-11
6710.000000  9.131599e-11
6730.000000  9.032712e-11
6750.000000  8.933826e-11
6770.000000  8.841651e-11
6790.000000  8.742764e-11
6810.000000  8.650589e-11
6830.000000  8.558415e-11
6850.000000  8.466240e-11
6870.000000  8.374065e-11
6890.000000  8.286809e-11
6910.000000  8.201347e-11
6930.000000  8.110965e-11
6950.000000  8.025502e-11
6970.000000  7.944958e-11
6990.000000  7.859495e-11
7010.000000  7.778952e-11
7030.000000  7.695282e-11
7050.000000  7.616531e-11
7070.000000  7.403541e-11
7090.000000  7.457236e-11
7110.000000  7.383405e-11
7130.000000  7.306447e-11
7150.000000  7.232615e-11
7170.000000  7.153864e-11
7190.000000  7.081825e-11
7210.000000  7.009786e-11
7230.000000  6.930856e-11
7250.000000  6.870449e-11
7270.000000  6.798947e-11
7290.000000  6.672496e-11
7310.000000  6.660685e-11
7330.000000  6.597280e-11
7350.000000  6.531415e-11
7370.000000  6.466043e-11
7390.000000  6.401520e-11
7410.000000  6.338161e-11
7430.000000  6.274981e-11
7450.000000  6.214307e-11
7470.000000  6.152961e-11
7490.000000  6.092466e-11
7510.000000  6.030449e-11
7530.000000  5.973802e-11
7550.000000  5.915633e-11
7570.000000  5.857643e-11
7590.000000  5.800996e-11
7610.000000  5.744841e-11
7630.000000  5.689044e-11
7650.000000  5.634231e-11
7670.000000  5.580089e-11
7690.000000  5.526798e-11
7710.000000  5.473998e-11
7730.000000  5.421691e-11
7750.000000  5.369742e-11
7770.000000  5.318285e-11
7790.000000  5.268842e-11
7810.000000  5.215551e-11
7830.000000  5.169284e-11
7850.000000  5.126373e-11
7870.000000  5.078272e-11
7890.000000  5.026995e-11
7910.000000  4.984084e-11
7930.000000  4.937817e-11
7950.000000  4.887211e-11
7970.000000  4.833069e-11
7990.000000  4.789487e-11
8010.000000  4.743892e-11
8030.000000  4.699818e-11
8050.000000  4.656907e-11
8070.000000  4.614847e-11
8090.000000  4.567238e-11
8110.000000  4.531890e-11
8130.000000  4.493319e-11
8150.000000  4.447903e-11
8170.000000  4.414209e-11
8190.000000  4.368122e-11
8210.000000  4.317515e-11
8230.000000  4.291205e-11
8250.000000  4.254156e-11
8270.000000  4.194153e-11
8290.000000  4.175718e-11
8310.000000  4.140682e-11
8330.000000  4.101307e-11
8350.000000  4.043317e-11
8370.000000  4.022510e-11
8390.000000  3.993695e-11
8410.000000  3.957988e-11
8430.000000  3.919776e-11
8450.000000  3.856596e-11
8470.000000  3.849033e-11
8490.000000  3.806123e-11
8510.000000  3.774263e-11
8530.000000  3.739587e-11
8550.000000  3.678015e-11
8570.000000  3.709608e-11
8590.000000  3.570270e-11
8610.000000  3.569732e-11
8630.000000  3.642760e-11
8650.000000  3.532417e-11
8670.000000  3.353252e-11
8690.000000  3.548392e-11
8710.000000  3.569737e-11
8730.000000  3.445478e-11
8750.000000  3.143398e-11
8770.000000  3.335628e-11
8790.000000  3.469016e-11
8810.000000  3.461007e-11
8830.000000  3.405657e-11
8850.000000  3.161121e-11
8870.000000  2.942628e-11
8890.000000  3.268154e-11
8910.000000  3.321044e-11
8930.000000  3.306144e-11
8950.000000  3.289723e-11
8970.000000  3.248288e-11
8990.000000  3.127878e-11
9010.000000  2.769017e-11
9030.000000  2.899451e-11
9050.000000  3.102418e-11
9070.000000  3.087385e-11
9090.000000  3.096781e-11
9110.000000  3.087564e-11
9130.000000  3.064610e-11
9150.000000  3.036778e-11
9170.000000  2.995701e-11
9190.000000  2.954938e-11
9210.000000  2.789916e-11
9230.000000  2.459113e-11
9250.000000  2.742620e-11
9270.000000  2.853008e-11
9290.000000  2.859407e-11
9310.000000  2.829249e-11
9330.000000  2.828578e-11
9350.000000  2.803789e-11
9370.000000  2.784683e-11
9390.000000  2.762713e-11
9410.000000  2.740251e-11
9430.000000  2.718460e-11
9450.000000  2.693805e-11
9470.000000  2.646196e-11
9490.000000  2.636979e-11
9510.000000  2.567041e-11
9530.000000  2.422468e-11
9550.000000  2.157262e-11
9570.000000  2.443095e-11
9590.000000  2.514913e-11
9610.000000  2.508559e-11
9630.000000  2.488290e-11
9650.000000  2.490303e-11
9670.000000  2.471197e-11
9690.000000  2.448735e-11
9710.000000  2.423767e-11
9730.000000  2.413879e-11
9750.000000  2.395265e-11
9770.000000  2.376650e-11
9790.000000  2.358215e-11
9810.000000  2.339780e-11
9830.000000  2.321837e-11
9850.000000  2.304074e-11
9870.000000  2.286310e-11
9890.000000  2.269038e-11
9910.000000  2.250603e-11
9930.000000  2.234182e-11
9950.000000  2.216551e-11
9970.000000  2.194269e-11
9990.000000  2.171627e-11
10025.000000  2.034616e-11
10075.000000  1.965216e-11
10125.000000  2.061330e-11
10175.000000  2.036362e-11
10225.000000  1.997971e-11
10275.000000  1.962264e-11
10325.000000  1.917340e-11
10375.000000  1.891522e-11
10425.000000  1.857157e-11
10475.000000  1.823464e-11
10525.000000  1.790442e-11
10575.000000  1.758762e-11
10625.000000  1.727575e-11
10675.000000  1.692539e-11
10725.000000  1.666900e-11
10775.000000  1.637726e-11
10825.000000  1.588596e-11
10875.000000  1.570161e-11
10925.000000  1.406348e-11
10975.000000  1.475747e-11
11025.000000  1.485010e-11
11075.000000  1.472437e-11
11125.000000  1.449304e-11
11175.000000  1.424828e-11
11225.000000  1.399860e-11
11275.000000  1.377219e-11
11325.000000  1.354086e-11
11375.000000  1.331623e-11
11425.000000  1.309653e-11
11475.000000  1.287862e-11
11525.000000  1.266743e-11
11575.000000  1.245623e-11
11625.000000  1.225666e-11
11675.000000  1.205397e-11
11725.000000  1.186111e-11
11775.000000  1.167005e-11
11825.000000  1.148391e-11
11875.000000  1.129777e-11
11925.000000  1.112013e-11
11975.000000  1.080154e-11
12025.000000  1.076978e-11
12075.000000  1.059706e-11
12125.000000  1.043284e-11
12175.000000  1.026684e-11
12225.000000  1.010754e-11
12275.000000  9.950041e-12
12325.000000  9.797458e-12
12375.000000  9.646669e-12
12425.000000  9.499006e-12
12475.000000  9.354928e-12
12525.000000  9.188922e-12
12575.000000  9.069899e-12
12625.000000  8.937452e-12
12675.000000  8.798294e-12
12725.000000  8.647504e-12
12775.000000  8.333836e-12
12825.000000  7.624621e-12
12875.000000  8.189758e-12
12925.000000  8.149485e-12
12975.000000  7.971848e-12
13025.000000  7.926656e-12
13075.000000  7.812553e-12
13125.000000  7.700242e-12
13175.000000  7.587932e-12
13225.000000  7.475621e-12
13275.000000  7.370022e-12
13325.000000  7.264424e-12
13375.000000  7.158825e-12
13425.000000  7.051434e-12
13475.000000  6.959080e-12
13525.000000  6.860014e-12
13575.000000  6.761485e-12
13625.000000  6.668235e-12
13675.000000  6.575031e-12
13725.000000  6.483660e-12
13775.000000  6.393633e-12
13825.000000  6.304947e-12
13875.000000  6.218275e-12
13925.000000  6.132767e-12
13975.000000  6.048780e-12
14025.000000  5.966135e-12
14075.000000  5.884833e-12
14125.000000  5.805186e-12
14175.000000  5.726568e-12
14225.000000  5.649785e-12
14275.000000  5.573673e-12
14325.000000  5.498903e-12
14375.000000  5.426147e-12
14425.000000  5.353883e-12
14475.000000  5.283141e-12
14525.000000  5.213070e-12
14570.000000  5.151545e-12
14620.000000  5.082637e-12
14675.000000  5.010552e-12
14725.000000  4.945671e-12
14775.000000  4.881641e-12
14825.000000  4.819265e-12
14875.000000  4.757249e-12
14925.000000  4.696887e-12
14975.000000  4.636704e-12
15025.000000  4.577864e-12
15075.000000  4.508956e-12
15125.000000  4.462510e-12
15175.000000  4.406355e-12
15225.000000  4.350692e-12
15275.000000  4.295207e-12
15325.000000  4.240215e-12
15375.000000  4.188579e-12
15425.000000  4.131573e-12
15475.000000  4.083964e-12
15525.000000  4.031657e-12
15575.000000  3.971295e-12
15625.000000  3.941629e-12
15675.000000  3.874555e-12
15725.000000  3.816386e-12
15775.000000  3.803500e-12
15825.000000  3.752535e-12
15875.000000  3.643176e-12
15925.000000  3.646891e-12
15975.000000  3.631499e-12
16050.000000  3.545140e-12
16150.000000  3.419047e-12
16250.000000  3.410546e-12
16350.000000  3.290986e-12
16450.000000  3.161537e-12
16550.000000  3.185208e-12
16650.000000  3.114466e-12
16750.000000  2.989715e-12
16850.000000  2.864293e-12
16950.000000  2.902059e-12
17050.000000  2.822591e-12
17150.000000  2.778830e-12
17250.000000  2.707909e-12
17350.000000  2.520112e-12
17450.000000  2.574612e-12
17550.000000  2.541097e-12
17650.000000  2.485434e-12
17750.000000  2.431784e-12
17850.000000  2.378806e-12
17950.000000  2.327841e-12
18050.000000  2.272669e-12
18150.000000  2.116910e-12
18250.000000  2.151946e-12
18350.000000  2.135524e-12
18450.000000  2.091942e-12
18550.000000  2.047510e-12
18650.000000  1.983972e-12
18750.000000  1.860564e-12
18850.000000  1.918240e-12
18950.000000  1.885218e-12
19050.000000  1.837609e-12
19150.000000  1.809106e-12
19250.000000  1.773220e-12
19350.000000  1.728117e-12
19450.000000  1.602383e-12
19550.000000  1.657374e-12
19650.000000  1.636747e-12
19750.000000  1.604396e-12
19850.000000  1.573208e-12
19950.000000  1.542692e-12
20050.000000  1.512846e-12
20150.000000  1.483851e-12
20250.000000  1.455349e-12
20350.000000  1.428009e-12
20450.000000  1.400177e-12
20550.000000  1.371182e-12
20650.000000  1.348541e-12
20750.000000  1.323394e-12
20850.000000  1.298918e-12
20950.000000  1.274443e-12
21050.000000  1.251130e-12
21150.000000  1.223298e-12
21250.000000  1.205534e-12
21350.000000  1.183744e-12
21450.000000  1.161773e-12
21550.000000  1.135776e-12
21650.000000  1.053803e-12
21750.000000  1.091523e-12
21850.000000  1.080292e-12
21950.000000  1.062349e-12
22050.000000  1.043735e-12
22150.000000  1.025300e-12
22250.000000  1.007357e-12
22350.000000  9.900848e-13
22450.000000  9.728129e-13
22550.000000  9.562123e-13
22650.000000  9.396117e-13
22750.000000  9.236822e-13
22850.000000  9.079321e-13
22950.000000  8.926738e-13
23050.000000  8.774156e-13
23150.000000  8.628285e-13
23250.000000  8.482415e-13
23350.000000  8.343256e-13
23450.000000  8.204098e-13
23550.000000  8.066732e-13
23650.000000  7.932493e-13
23750.000000  7.806758e-13
23850.000000  7.681024e-13
23950.000000  7.555289e-13
24050.000000  7.429554e-13
24150.000000  7.310532e-13
24250.000000  7.196428e-13
24350.000000  7.077406e-13
24450.000000  6.965095e-13
24550.000000  6.857883e-13
24650.000000  6.745752e-13
24750.000000  6.626729e-13
24850.000000  6.537865e-13
24950.000000  6.425016e-13
