2505.000000  1.421400e-12
2513.000000  6.372149e-13
2518.000000  4.520732e-13
2525.000000  4.420335e-13
2535.000000  6.303563e-13
2545.000000  8.572800e-13
2555.000000  2.166218e-12
2565.000000  1.631281e-12
2575.000000  2.337311e-12
2585.000000  1.938222e-12
2595.000000  1.660414e-12
2605.000000  1.260416e-12
2615.000000  1.145586e-12
2625.000000  1.709439e-12
2635.000000  3.886923e-12
2645.000000  5.670230e-12
2655.000000  8.111031e-12
2665.000000  4.551752e-12
2675.000000  5.370509e-12
2685.000000  6.389476e-12
2695.000000  4.530976e-12
2705.000000  5.897605e-12
2715.000000  3.884745e-12
2725.000000  2.846560e-12
2735.000000  3.715566e-12
2745.000000  1.726529e-12
2755.000000  2.599595e-12
2765.000000  3.721894e-12
2775.000000  3.971195e-12
2785.000000  1.988065e-12
2795.000000  7.313086e-13
2805.000000  9.383820e-13
2815.000000  3.291832e-12
2825.000000  5.750354e-12
2835.000000  5.465575e-12
2845.000000  3.367251e-12
2855.000000  1.542156e-12
2865.000000  5.026553e-12
2875.000000  7.552606e-12
2885.000000  6.610618e-12
2895.000000  8.095776e-12
2910.000000  1.103966e-11
2930.000000  9.806211e-12
2950.000000  9.404089e-12
2970.000000  1.026327e-11
2990.000000  1.020038e-11
3010.000000  1.046256e-11
3030.000000  1.121316e-11
3050.000000  1.164856e-11
3070.000000  1.186325e-11
3090.000000  1.165702e-11
3110.000000  1.276596e-11
3130.000000  1.197512e-11
3150.000000  1.158756e-11
3170.000000  1.263436e-11
3190.000000  1.115676e-11
3210.000000  1.252442e-11
3230.000000  1.010121e-11
3250.000000  1.411282e-11
3270.000000  1.656980e-11
3290.000000  1.589168e-11
3310.000000  1.525485e-11
3330.000000  1.548311e-11
3350.000000  1.497769e-11
3370.000000  1.178585e-11
3390.000000  1.355713e-11
3410.000000  1.402006e-11
3430.000000  1.457798e-11
3450.000000  1.560589e-11
3470.000000  1.590869e-11
3490.000000  1.712438e-11
3510.000000  1.788889e-11
3530.000000  1.653858e-11
3550.000000  1.910085e-11
3570.000000  1.418755e-11
3590.000000  1.447982e-11
3610.000000  1.652891e-11
3630.000000  1.682060e-11
3640.000000  1.684653e-11
3650.000000  1.933010e-11
3670.000000  1.957261e-11
3690.000000  1.889821e-11
3710.000000  2.026604e-11
3730.000000  1.606282e-11
3750.000000  1.799497e-11
3770.000000  2.084701e-11
3790.000000  2.149722e-11
3810.000000  2.129718e-11
3830.000000  1.390080e-11
3850.000000  1.736042e-11
3870.000000  1.702399e-11
3890.000000  1.990832e-11
3910.000000  2.341892e-11
3930.000000  1.190433e-11
3950.000000  2.033700e-11
3970.000000  1.373235e-11
3990.000000  2.767609e-11
4010.000000  2.965940e-11
4030.000000  2.947205e-11
4050.000000  2.853998e-11
4070.000000  2.783833e-11
4090.000000  3.128098e-11
4110.000000  3.008560e-11
4130.000000  3.049554e-11
4150.000000  3.077389e-11
4170.000000  3.062104e-11
4190.000000  2.949901e-11
4210.000000  3.011746e-11
4230.000000  2.915760e-11
4250.000000  2.960961e-11
4270.000000  2.777136e-11
4290.000000  2.523619e-11
4310.000000  2.100385e-11
4330.000000  2.998319e-11
4350.000000  2.838512e-11
4370.000000  3.173629e-11
4390.000000  2.901128e-11
4410.000000  3.116931e-11
4430.000000  3.270441e-11
4450.000000  3.257791e-11
4470.000000  3.425846e-11
4490.000000  3.450549e-11
4510.000000  3.793199e-11
4530.000000  3.430096e-11
4550.000000  3.522692e-11
4570.000000  3.751043e-11
4590.000000  3.535212e-11
4610.000000  3.631347e-11
4630.000000  3.558732e-11
4650.000000  3.603378e-11
4670.000000  3.687987e-11
4690.000000  3.605503e-11
4710.000000  3.471123e-11
4730.000000  3.643201e-11
4750.000000  3.715386e-11
4770.000000  3.715667e-11
4790.000000  3.699524e-11
4810.000000  3.642587e-11
4830.000000  3.708140e-11
4850.000000  3.447345e-11
4870.000000  3.073984e-11
4890.000000  3.523573e-11
4910.000000  3.511779e-11
4930.000000  3.453068e-11
4950.000000  3.603374e-11
4970.000000  3.608017e-11
4990.000000  3.359842e-11
5010.000000  3.217998e-11
5030.000000  3.401570e-11
5050.000000  3.411693e-11
5070.000000  3.544573e-11
5090.000000  3.397692e-11
5110.000000  3.454587e-11
5130.000000  3.356362e-11
5150.000000  3.250625e-11
5170.000000  3.026894e-11
5190.000000  3.051050e-11
5210.000000  3.279127e-11
5230.000000  3.316392e-11
5250.000000  3.394997e-11
5270.000000  3.031579e-11
5290.000000  3.371128e-11
5310.000000  3.471690e-11
5330.000000  3.154798e-11
5350.000000  3.379048e-11
5370.000000  3.384015e-11
5390.000000  3.331704e-11
5410.000000  3.222233e-11
5430.000000  3.302706e-11
5450.000000  3.402948e-11
5470.000000  3.317477e-11
5490.000000  3.281194e-11
5510.000000  3.279518e-11
5530.000000  3.309975e-11
5550.000000  3.346102e-11
5570.000000  3.260477e-11
5590.000000  3.190731e-11
5610.000000  3.289321e-11
5630.000000  3.283841e-11
5650.000000  3.266370e-11
5670.000000  3.186667e-11
5690.000000  3.238790e-11
5710.000000  3.175308e-11
5730.000000  3.366409e-11
5750.000000  3.250581e-11
5770.000000  3.282156e-11
5790.000000  3.181696e-11
5810.000000  3.253002e-11
5830.000000  3.294008e-11
5850.000000  3.218719e-11
5870.000000  3.221882e-11
5890.000000  3.022556e-11
5910.000000  3.182498e-11
5930.000000  3.169713e-11
5950.000000  3.170236e-11
5970.000000  3.177069e-11
5990.000000  3.136622e-11
6010.000000  3.083621e-11
6030.000000  3.094682e-11
6050.000000  3.141401e-11
6070.000000  3.124697e-11
6090.000000  3.040896e-11
6110.000000  3.014036e-11
6130.000000  2.910261e-11
6150.000000  2.939350e-11
6170.000000  2.855477e-11
6190.000000  2.991094e-11
6210.000000  2.994611e-11
6230.000000  2.911427e-11
6250.000000  2.817497e-11
6270.000000  2.939241e-11
6290.000000  2.945247e-11
6310.000000  2.854526e-11
6330.000000  2.864270e-11
6350.000000  2.860725e-11
6370.000000  2.843930e-11
6390.000000  2.869107e-11
6410.000000  2.799772e-11
6430.000000  2.824656e-11
6450.000000  2.787785e-11
6470.000000  2.779619e-11
6490.000000  2.736719e-11
6510.000000  2.789953e-11
6530.000000  2.782398e-11
6550.000000  2.697367e-11
6570.000000  2.422414e-11
6590.000000  2.716926e-11
6610.000000  2.746193e-11
6630.000000  2.723771e-11
6650.000000  2.714917e-11
6670.000000  2.679461e-11
6690.000000  2.713743e-11
6710.000000  2.655297e-11
6730.000000  2.681012e-11
6750.000000  2.643841e-11
6770.000000  2.642308e-11
6790.000000  2.624949e-11
6810.000000  2.606609e-11
6830.000000  2.617189e-11
6850.000000  2.558809e-11
6870.000000  2.580541e-11
6890.000000  2.578365e-11
6910.000000  2.556489e-11
6930.000000  2.543476e-11
6950.000000  2.530500e-11
6970.000000  2.525575e-11
6990.000000  2.513872e-11
7010.000000  2.435245e-11
7030.000000  2.471860e-11
7050.000000  2.477878e-11
7070.000000  2.452323e-11
7090.000000  2.437967e-11
7110.000000  2.433197e-11
7130.000000  2.400666e-11
7150.000000  2.385593e-11
7170.000000  2.374326e-11
7190.000000  2.310744e-11
7210.000000  2.352283e-11
7230.000000  2.343894e-11
7250.000000  2.351818e-11
7270.000000  2.341615e-11
7290.000000  2.275978e-11
7310.000000  2.307867e-11
7330.000000  2.297956e-11
7350.000000  2.298746e-11
7370.000000  2.296928e-11
7390.000000  2.238945e-11
7410.000000  2.208779e-11
7430.000000  2.225913e-11
7450.000000  2.227590e-11
7470.000000  2.238207e-11
7490.000000  2.214684e-11
7510.000000  2.214388e-11
7530.000000  2.209925e-11
7550.000000  2.210821e-11
7570.000000  2.184931e-11
7590.000000  2.178410e-11
7610.000000  2.161887e-11
7630.000000  2.168192e-11
7650.000000  2.155006e-11
7670.000000  2.099964e-11
7690.000000  2.132801e-11
7710.000000  2.105405e-11
7730.000000  2.102144e-11
7750.000000  2.076590e-11
7770.000000  2.093882e-11
7790.000000  2.096354e-11
7810.000000  2.079471e-11
7830.000000  2.056375e-11
7850.000000  2.048576e-11
7870.000000  2.058842e-11
7890.000000  2.042937e-11
7910.000000  2.012378e-11
7930.000000  1.975781e-11
7950.000000  1.975265e-11
7970.000000  2.002128e-11
7990.000000  1.998024e-11
8010.000000  1.971120e-11
8030.000000  1.961939e-11
8050.000000  1.944956e-11
8070.000000  1.952611e-11
8090.000000  1.916387e-11
8110.000000  1.931290e-11
8130.000000  1.934266e-11
8150.000000  1.918566e-11
8170.000000  1.911016e-11
8190.000000  1.856081e-11
8210.000000  1.855324e-11
8230.000000  1.851764e-11
8250.000000  1.858769e-11
8270.000000  1.872328e-11
8290.000000  1.858757e-11
8310.000000  1.819716e-11
8330.000000  1.809672e-11
8350.000000  1.814684e-11
8370.000000  1.819039e-11
8390.000000  1.785885e-11
8410.000000  1.805571e-11
8430.000000  1.768697e-11
8450.000000  1.772931e-11
8470.000000  1.760349e-11
8490.000000  1.738602e-11
8510.000000  1.654292e-11
8530.000000  1.707255e-11
8550.000000  1.457882e-11
8570.000000  1.743923e-11
8590.000000  1.705284e-11
8610.000000  1.697724e-11
8630.000000  1.718412e-11
8650.000000  1.689640e-11
8670.000000  1.448939e-11
8690.000000  1.651362e-11
8710.000000  1.676987e-11
8730.000000  1.669756e-11
8750.000000  1.613543e-11
8770.000000  1.664495e-11
8790.000000  1.652375e-11
8810.000000  1.618163e-11
8830.000000  1.635437e-11
8850.000000  1.622930e-11
8870.000000  1.559689e-11
8890.000000  1.623336e-11
8910.000000  1.626760e-11
8930.000000  1.593330e-11
8950.000000  1.595154e-11
8970.000000  1.592010e-11
8990.000000  1.590428e-11
9010.000000  1.493807e-11
9030.000000  1.553109e-11
9050.000000  1.583319e-11
9070.000000  1.549244e-11
9090.000000  1.506274e-11
9110.000000  1.521829e-11
9130.000000  1.548211e-11
9150.000000  1.529886e-11
9170.000000  1.517772e-11
9190.000000  1.520123e-11
9210.000000  1.474603e-11
9230.000000  1.416945e-11
9250.000000  1.453327e-11
9270.000000  1.474448e-11
9290.000000  1.476980e-11
9310.000000  1.481063e-11
9330.000000  1.470574e-11
9350.000000  1.463252e-11
9370.000000  1.454870e-11
9390.000000  1.448708e-11
9410.000000  1.390083e-11
9430.000000  1.425602e-11
9450.000000  1.406684e-11
9470.000000  1.426286e-11
9490.000000  1.425723e-11
9510.000000  1.413369e-11
9530.000000  1.396453e-11
9550.000000  1.329977e-11
9570.000000  1.382047e-11
9590.000000  1.394265e-11
9610.000000  1.376491e-11
9630.000000  1.362918e-11
9650.000000  1.358094e-11
9670.000000  1.347761e-11
9690.000000  1.357428e-11
9710.000000  1.354266e-11
9730.000000  1.350209e-11
9750.000000  1.331918e-11
9770.000000  1.333869e-11
9790.000000  1.322674e-11
9810.000000  1.330741e-11
9830.000000  1.321247e-11
9850.000000  1.318654e-11
9870.000000  1.306710e-11
9890.000000  1.301160e-11
9910.000000  1.291601e-11
9930.000000  1.301147e-11
9950.000000  1.294657e-11
9970.000000  1.290528e-11
9990.000000  1.283525e-11
10025.000000  1.263236e-11
10075.000000  1.234470e-11
10125.000000  1.244066e-11
10175.000000  1.221818e-11
10225.000000  1.217095e-11
10275.000000  1.211725e-11
10325.000000  1.188070e-11
10375.000000  1.177616e-11
10425.000000  1.171835e-11
10475.000000  1.148608e-11
10525.000000  1.145788e-11
10575.000000  1.130877e-11
10625.000000  1.117894e-11
10675.000000  1.088451e-11
10725.000000  1.089356e-11
10775.000000  1.075786e-11
10825.000000  1.053639e-11
10875.000000  1.046922e-11
10925.000000  1.018155e-11
10975.000000  1.011475e-11
11025.000000  1.016514e-11
11075.000000  1.013858e-11
11125.000000  1.000497e-11
11175.000000  9.912573e-12
11225.000000  9.866384e-12
11275.000000  9.629895e-12
11325.000000  9.607374e-12
11375.000000  9.514245e-12
11425.000000  9.369943e-12
11475.000000  9.444268e-12
11525.000000  9.357912e-12
11575.000000  9.210195e-12
11625.000000  9.042127e-12
11675.000000  8.981548e-12
11725.000000  9.038949e-12
11775.000000  8.801330e-12
11825.000000  8.731843e-12
11875.000000  8.622391e-12
11925.000000  8.729878e-12
11975.000000  8.399158e-12
12025.000000  8.460241e-12
12075.000000  8.342623e-12
12125.000000  8.313672e-12
12175.000000  8.325398e-12
12225.000000  8.243456e-12
12275.000000  8.137163e-12
12325.000000  8.079370e-12
12375.000000  8.007761e-12
12425.000000  7.919897e-12
12475.000000  7.885573e-12
12525.000000  7.783539e-12
12575.000000  7.710211e-12
12625.000000  7.653000e-12
12675.000000  7.560673e-12
12725.000000  7.536760e-12
12775.000000  7.456666e-12
12825.000000  6.956660e-12
12875.000000  7.294028e-12
12925.000000  7.227506e-12
12975.000000  7.220300e-12
13025.000000  7.112766e-12
13075.000000  7.100327e-12
13125.000000  6.970313e-12
13175.000000  6.902703e-12
13225.000000  6.913258e-12
13275.000000  6.786132e-12
13325.000000  6.774552e-12
13375.000000  6.706542e-12
13425.000000  6.688863e-12
13475.000000  6.626208e-12
13525.000000  6.571384e-12
13575.000000  6.452466e-12
13625.000000  6.427414e-12
13675.000000  6.372879e-12
13725.000000  6.312203e-12
13775.000000  6.272093e-12
13825.000000  6.235028e-12
13875.000000  6.197922e-12
13925.000000  6.141487e-12
13975.000000  6.090815e-12
14025.000000  6.005528e-12
14075.000000  5.985316e-12
14125.000000  5.874268e-12
14175.000000  5.887077e-12
14225.000000  5.761717e-12
14275.000000  5.668595e-12
14325.000000  5.719466e-12
14375.000000  5.714197e-12
14425.000000  5.489380e-12
14475.000000  5.603090e-12
14525.000000  5.465231e-12
14570.000000  5.484985e-12
14620.000000  5.433583e-12
14675.000000  5.401195e-12
14725.000000  5.292639e-12
14775.000000  5.265153e-12
14825.000000  5.244436e-12
14875.000000  5.121718e-12
14925.000000  5.226665e-12
14975.000000  5.138303e-12
15025.000000  5.009572e-12
15075.000000  4.977883e-12
15125.000000  5.027447e-12
15175.000000  5.014633e-12
15225.000000  4.917735e-12
15275.000000  4.929907e-12
15325.000000  4.871389e-12
15375.000000  4.842538e-12
15425.000000  4.795881e-12
15475.000000  4.765259e-12
15525.000000  4.695708e-12
15575.000000  4.642484e-12
15625.000000  4.680032e-12
15675.000000  4.548372e-12
15725.000000  4.547612e-12
15775.000000  4.405589e-12
15825.000000  4.449547e-12
15875.000000  4.251932e-12
15925.000000  4.354342e-12
15975.000000  4.370084e-12
16050.000000  4.299106e-12
16150.000000  4.170167e-12
16250.000000  4.195966e-12
16350.000000  4.068404e-12
16450.000000  3.927797e-12
16550.000000  3.970695e-12
16650.000000  3.897187e-12
16750.000000  3.754822e-12
16850.000000  3.600149e-12
16950.000000  3.687627e-12
17050.000000  3.569339e-12
17150.000000  3.513500e-12
17250.000000  3.405782e-12
17350.000000  3.195418e-12
17450.000000  3.260647e-12
17550.000000  3.232958e-12
17650.000000  3.167862e-12
17750.000000  3.102444e-12
17850.000000  3.055258e-12
17950.000000  3.001182e-12
18050.000000  2.923608e-12
18150.000000  2.755030e-12
18250.000000  2.780812e-12
18350.000000  2.757070e-12
18450.000000  2.685905e-12
18550.000000  2.650890e-12
18650.000000  2.575177e-12
18750.000000  2.403602e-12
18850.000000  2.486995e-12
18950.000000  2.397383e-12
19050.000000  2.416215e-12
19150.000000  2.362130e-12
19250.000000  2.321429e-12
19350.000000  2.255265e-12
19450.000000  2.118166e-12
19550.000000  2.187987e-12
19650.000000  2.148609e-12
19750.000000  2.101916e-12
19850.000000  2.075946e-12
19950.000000  2.037967e-12
20050.000000  2.011732e-12
20150.000000  1.985000e-12
20250.000000  1.931751e-12
20350.000000  1.885779e-12
20450.000000  1.879712e-12
20550.000000  1.839196e-12
20650.000000  1.798521e-12
20750.000000  1.773095e-12
20850.000000  1.741101e-12
20950.000000  1.702228e-12
21050.000000  1.687368e-12
21150.000000  1.653489e-12
21250.000000  1.623844e-12
21350.000000  1.600868e-12
21450.000000  1.576496e-12
21550.000000  1.546482e-12
21650.000000  1.450335e-12
21750.000000  1.480174e-12
21850.000000  1.464265e-12
21950.000000  1.450282e-12
22050.000000  1.412807e-12
22150.000000  1.400315e-12
22250.000000  1.375911e-12
22350.000000  1.352998e-12
22450.000000  1.331703e-12
22550.000000  1.304761e-12
22650.000000  1.283859e-12
22750.000000  1.269700e-12
22850.000000  1.240892e-12
22950.000000  1.213235e-12
23050.000000  1.205172e-12
23150.000000  1.183888e-12
23250.000000  1.151479e-12
23350.000000  1.140491e-12
23450.000000  1.131051e-12
23550.000000  1.093875e-12
23650.000000  1.091901e-12
23750.000000  1.069339e-12
23850.000000  1.040336e-12
23950.000000  1.039614e-12
24050.000000  1.024557e-12
24150.000000  9.951291e-13
24250.000000  9.893182e-13
24350.000000  9.745909e-13
24450.000000  9.574922e-13
24550.000000  9.356252e-13
24650.000000  9.351414e-13
24750.000000  9.144658e-13
24850.000000  8.946168e-13
24950.000000  8.902151e-13
