2505.000000  3.849464e-14
2513.000000  2.708529e-14
2518.000000  2.414721e-14
2525.000000  2.714122e-14
2535.000000  5.887564e-14
2545.000000  7.054271e-14
2555.000000  9.595259e-14
2565.000000  6.375332e-14
2575.000000  9.520972e-14
2585.000000  8.220275e-14
2595.000000  9.292050e-14
2605.000000  1.178957e-13
2615.000000  1.078203e-13
2625.000000  1.540161e-13
2635.000000  2.748990e-13
2645.000000  2.462572e-13
2655.000000  4.660900e-13
2665.000000  2.903659e-13
2675.000000  2.614413e-13
2685.000000  3.754470e-13
2695.000000  2.063590e-13
2705.000000  3.555518e-13
2715.000000  2.616856e-13
2725.000000  1.967561e-13
2735.000000  2.352571e-13
2745.000000  2.692116e-13
2755.000000  2.894631e-13
2765.000000  3.898139e-13
2775.000000  4.638016e-13
2785.000000  3.132032e-13
2795.000000  2.421356e-13
2805.000000  2.741961e-13
2815.000000  4.093194e-13
2825.000000  4.207876e-13
2835.000000  3.480322e-13
2845.000000  2.347350e-13
2855.000000  1.083437e-13
2865.000000  3.280111e-13
2875.000000  4.321878e-13
2885.000000  5.906133e-13
2895.000000  7.939703e-13
2910.000000  1.166841e-12
2930.000000  1.230906e-12
2950.000000  1.098285e-12
2970.000000  1.095267e-12
2990.000000  1.119028e-12
3010.000000  1.028452e-12
3030.000000  1.463555e-12
3050.000000  1.571740e-12
3070.000000  2.397648e-12
3090.000000  2.080590e-12
3110.000000  3.666286e-12
3130.000000  3.138593e-12
3150.000000  4.259264e-12
3170.000000  5.377136e-12
3190.000000  4.146920e-12
3210.000000  4.408524e-12
3230.000000  3.734275e-12
3250.000000  6.464924e-12
3270.000000  8.871870e-12
3290.000000  9.651844e-12
3310.000000  7.474256e-12
3330.000000  7.820828e-12
3350.000000  6.906446e-12
3370.000000  4.069257e-12
3390.000000  4.971827e-12
3410.000000  5.467498e-12
3430.000000  6.344888e-12
3450.000000  5.985839e-12
3470.000000  6.145349e-12
3490.000000  8.467735e-12
3510.000000  1.026856e-11
3530.000000  9.016692e-12
3550.000000  1.161826e-11
3570.000000  5.389785e-12
3590.000000  5.748283e-12
3610.000000  8.646030e-12
3630.000000  1.033489e-11
3640.000000  1.108622e-11
3650.000000  1.389877e-11
3670.000000  1.629230e-11
3690.000000  1.297257e-11
3710.000000  1.158352e-11
3730.000000  5.047618e-12
3750.000000  6.251546e-12
3770.000000  1.209481e-11
3790.000000  1.261574e-11
3810.000000  1.054049e-11
3830.000000  4.856128e-12
3850.000000  6.982554e-12
3870.000000  6.971654e-12
3890.000000  9.884151e-12
3910.000000  1.417477e-11
3930.000000  5.471642e-12
3950.000000  1.131342e-11
3970.000000  7.662181e-12
3990.000000  2.220446e-11
4010.000000  2.684350e-11
4030.000000  2.294861e-11
4050.000000  2.226863e-11
4070.000000  2.017983e-11
4090.000000  2.914566e-11
4110.000000  2.387808e-11
4130.000000  2.339074e-11
4150.000000  2.141210e-11
4170.000000  2.212876e-11
4190.000000  2.226695e-11
4210.000000  2.231081e-11
4230.000000  1.818095e-11
4250.000000  2.439218e-11
4270.000000  2.226837e-11
4290.000000  2.076578e-11
4310.000000  2.021661e-11
4330.000000  3.078736e-11
4350.000000  3.186082e-11
4370.000000  3.447922e-11
4390.000000  2.866438e-11
4410.000000  3.102065e-11
4430.000000  3.373866e-11
4450.000000  3.479307e-11
4470.000000  3.885147e-11
4490.000000  4.035364e-11
4510.000000  4.804994e-11
4530.000000  3.952443e-11
4550.000000  4.330955e-11
4570.000000  4.708557e-11
4590.000000  4.495120e-11
4610.000000  4.655536e-11
4630.000000  4.596548e-11
4650.000000  4.539573e-11
4670.000000  4.892322e-11
4690.000000  4.763000e-11
4710.000000  4.476400e-11
4730.000000  4.600912e-11
4750.000000  4.632440e-11
4770.000000  4.417923e-11
4790.000000  4.564092e-11
4810.000000  4.865635e-11
4830.000000  4.957728e-11
4850.000000  4.873903e-11
4870.000000  4.473076e-11
4890.000000  4.778596e-11
4910.000000  4.801233e-11
4930.000000  4.513302e-11
4950.000000  4.695152e-11
4970.000000  4.578527e-11
4990.000000  4.088036e-11
5010.000000  3.664049e-11
5030.000000  3.995028e-11
5050.000000  3.797325e-11
5070.000000  3.828950e-11
5090.000000  3.583038e-11
5110.000000  3.679369e-11
5130.000000  3.509149e-11
5150.000000  3.298326e-11
5170.000000  2.747159e-11
5190.000000  2.999915e-11
5210.000000  3.616102e-11
5230.000000  4.705296e-11
5250.000000  5.074437e-11
5270.000000  4.187463e-11
5290.000000  5.142705e-11
5310.000000  5.622698e-11
5330.000000  4.732660e-11
5350.000000  5.260382e-11
5370.000000  5.253704e-11
5390.000000  5.072655e-11
5410.000000  4.969839e-11
5430.000000  5.042712e-11
5450.000000  5.246119e-11
5470.000000  5.259555e-11
5490.000000  5.256842e-11
5510.000000  5.140485e-11
5530.000000  5.431012e-11
5550.000000  5.575721e-11
5570.000000  5.357337e-11
5590.000000  5.045713e-11
5610.000000  5.447182e-11
5630.000000  5.531307e-11
5650.000000  5.605793e-11
5670.000000  5.451486e-11
5690.000000  5.572365e-11
5710.000000  5.328438e-11
5730.000000  5.855712e-11
5750.000000  5.703241e-11
5770.000000  5.784740e-11
5790.000000  5.443577e-11
5810.000000  5.760172e-11
5830.000000  5.957382e-11
5850.000000  5.702753e-11
5870.000000  5.696870e-11
5890.000000  3.914050e-11
5910.000000  5.506201e-11
5930.000000  5.685150e-11
5950.000000  5.702614e-11
5970.000000  5.807666e-11
5990.000000  5.721725e-11
6010.000000  5.623038e-11
6030.000000  5.750803e-11
6050.000000  5.868755e-11
6070.000000  5.811596e-11
6090.000000  5.595418e-11
6110.000000  5.597084e-11
6130.000000  5.196856e-11
6150.000000  5.490626e-11
6170.000000  4.972096e-11
6190.000000  5.593032e-11
6210.000000  5.554772e-11
6230.000000  5.373510e-11
6250.000000  5.191955e-11
6270.000000  5.428235e-11
6290.000000  5.551204e-11
6310.000000  5.351335e-11
6330.000000  5.423885e-11
6350.000000  5.438792e-11
6370.000000  5.412414e-11
6390.000000  5.560898e-11
6410.000000  5.419846e-11
6430.000000  5.440164e-11
6450.000000  5.313128e-11
6470.000000  5.305351e-11
6490.000000  5.243217e-11
6510.000000  5.464668e-11
6530.000000  5.538665e-11
6550.000000  5.437126e-11
6570.000000  5.321210e-11
6590.000000  5.457470e-11
6610.000000  5.498873e-11
6630.000000  5.462236e-11
6650.000000  5.453428e-11
6670.000000  5.356831e-11
6690.000000  5.454221e-11
6710.000000  5.276272e-11
6730.000000  5.450991e-11
6750.000000  5.345498e-11
6770.000000  5.390614e-11
6790.000000  5.328586e-11
6810.000000  5.329942e-11
6830.000000  5.410241e-11
6850.000000  5.262142e-11
6870.000000  5.317584e-11
6890.000000  5.336897e-11
6910.000000  5.318215e-11
6930.000000  5.269617e-11
6950.000000  5.252595e-11
6970.000000  5.289270e-11
6990.000000  5.207510e-11
7010.000000  5.123605e-11
7030.000000  5.210933e-11
7050.000000  5.238360e-11
7070.000000  5.121209e-11
7090.000000  5.088848e-11
7110.000000  5.118066e-11
7130.000000  4.997676e-11
7150.000000  4.893326e-11
7170.000000  5.026402e-11
7190.000000  4.868993e-11
7210.000000  4.937723e-11
7230.000000  5.065023e-11
7250.000000  5.033775e-11
7270.000000  5.048317e-11
7290.000000  4.940424e-11
7310.000000  5.000471e-11
7330.000000  4.935109e-11
7350.000000  4.947902e-11
7370.000000  5.013898e-11
7390.000000  4.916751e-11
7410.000000  4.874708e-11
7430.000000  4.939309e-11
7450.000000  4.911170e-11
7470.000000  4.950310e-11
7490.000000  4.909950e-11
7510.000000  4.941907e-11
7530.000000  4.968826e-11
7550.000000  4.974142e-11
7570.000000  4.924114e-11
7590.000000  4.895805e-11
7610.000000  4.872155e-11
7630.000000  4.913193e-11
7650.000000  4.897879e-11
7670.000000  4.677329e-11
7690.000000  4.864248e-11
7710.000000  4.763184e-11
7730.000000  4.803220e-11
7750.000000  4.745473e-11
7770.000000  4.861348e-11
7790.000000  4.833667e-11
7810.000000  4.811725e-11
7830.000000  4.741463e-11
7850.000000  4.744532e-11
7870.000000  4.792727e-11
7890.000000  4.722059e-11
7910.000000  4.634972e-11
7930.000000  4.575270e-11
7950.000000  4.519505e-11
7970.000000  4.666212e-11
7990.000000  4.631588e-11
8010.000000  4.602027e-11
8030.000000  4.606657e-11
8050.000000  4.558071e-11
8070.000000  4.557748e-11
8090.000000  4.479720e-11
8110.000000  4.493809e-11
8130.000000  4.545765e-11
8150.000000  4.528266e-11
8170.000000  4.516699e-11
8190.000000  4.271919e-11
8210.000000  4.384776e-11
8230.000000  4.415156e-11
8250.000000  4.446523e-11
8270.000000  4.495722e-11
8290.000000  4.461503e-11
8310.000000  4.332861e-11
8330.000000  4.283829e-11
8350.000000  4.326123e-11
8370.000000  4.354484e-11
8390.000000  4.137305e-11
8410.000000  4.347352e-11
8430.000000  4.200514e-11
8450.000000  4.308977e-11
8470.000000  4.271723e-11
8490.000000  4.250155e-11
8510.000000  4.049004e-11
8530.000000  4.178683e-11
8550.000000  3.591525e-11
8570.000000  4.294204e-11
8590.000000  4.235842e-11
8610.000000  4.225411e-11
8630.000000  4.248206e-11
8650.000000  4.212614e-11
8670.000000  3.601134e-11
8690.000000  4.008166e-11
8710.000000  4.173348e-11
8730.000000  4.163128e-11
8750.000000  4.160409e-11
8770.000000  4.161608e-11
8790.000000  4.154531e-11
8810.000000  3.982275e-11
8830.000000  4.064358e-11
8850.000000  4.132010e-11
8870.000000  4.064006e-11
8890.000000  4.136432e-11
8910.000000  4.143086e-11
8930.000000  4.051353e-11
8950.000000  4.035663e-11
8970.000000  4.044160e-11
8990.000000  4.058364e-11
9010.000000  3.880465e-11
9030.000000  4.000599e-11
9050.000000  4.075872e-11
9070.000000  4.045793e-11
9090.000000  3.908744e-11
9110.000000  3.911481e-11
9130.000000  3.992234e-11
9150.000000  3.882825e-11
9170.000000  3.834490e-11
9190.000000  3.858425e-11
9210.000000  3.768450e-11
9230.000000  3.804559e-11
9250.000000  3.748245e-11
9270.000000  3.793785e-11
9290.000000  3.758912e-11
9310.000000  3.822541e-11
9330.000000  3.811414e-11
9350.000000  3.781209e-11
9370.000000  3.748153e-11
9390.000000  3.745027e-11
9410.000000  3.632802e-11
9430.000000  3.702928e-11
9450.000000  3.622681e-11
9470.000000  3.708748e-11
9490.000000  3.711343e-11
9510.000000  3.709169e-11
9530.000000  3.675071e-11
9550.000000  3.633197e-11
9570.000000  3.642536e-11
9590.000000  3.690833e-11
9610.000000  3.637924e-11
9630.000000  3.636945e-11
9650.000000  3.536570e-11
9670.000000  3.539510e-11
9690.000000  3.609882e-11
9710.000000  3.570190e-11
9730.000000  3.547244e-11
9750.000000  3.540045e-11
9770.000000  3.555738e-11
9790.000000  3.475102e-11
9810.000000  3.580497e-11
9830.000000  3.534405e-11
9850.000000  3.576556e-11
9870.000000  3.551700e-11
9890.000000  3.553506e-11
9910.000000  3.528537e-11
9930.000000  3.543598e-11
9950.000000  3.527396e-11
9970.000000  3.528301e-11
9990.000000  3.518332e-11
10025.000000  3.491661e-11
10075.000000  3.456222e-11
10125.000000  3.452180e-11
10175.000000  3.404004e-11
10225.000000  3.390666e-11
10275.000000  3.393212e-11
10325.000000  3.329811e-11
10375.000000  3.309046e-11
10425.000000  3.317316e-11
10475.000000  3.276215e-11
10525.000000  3.274600e-11
10575.000000  3.228164e-11
10625.000000  3.211256e-11
10675.000000  3.156609e-11
10725.000000  3.151812e-11
10775.000000  3.116944e-11
10825.000000  3.036018e-11
10875.000000  3.045939e-11
10925.000000  3.036232e-11
10975.000000  2.906600e-11
11025.000000  2.900152e-11
11075.000000  2.918552e-11
11125.000000  2.896935e-11
11175.000000  2.895131e-11
11225.000000  2.888100e-11
11275.000000  2.828358e-11
11325.000000  2.851933e-11
11375.000000  2.797225e-11
11425.000000  2.779117e-11
11475.000000  2.819804e-11
11525.000000  2.815587e-11
11575.000000  2.776683e-11
11625.000000  2.726913e-11
11675.000000  2.735902e-11
11725.000000  2.763076e-11
11775.000000  2.703087e-11
11825.000000  2.659318e-11
11875.000000  2.645880e-11
11925.000000  2.701517e-11
11975.000000  2.568084e-11
12025.000000  2.628509e-11
12075.000000  2.588923e-11
12125.000000  2.615811e-11
12175.000000  2.622767e-11
12225.000000  2.606363e-11
12275.000000  2.580081e-11
12325.000000  2.565330e-11
12375.000000  2.556758e-11
12425.000000  2.523058e-11
12475.000000  2.532487e-11
12525.000000  2.502471e-11
12575.000000  2.501372e-11
12625.000000  2.484010e-11
12675.000000  2.451905e-11
12725.000000  2.458002e-11
12775.000000  2.456703e-11
12825.000000  2.367398e-11
12875.000000  2.404270e-11
12925.000000  2.368989e-11
12975.000000  2.395636e-11
13025.000000  2.364014e-11
13075.000000  2.374028e-11
13125.000000  2.300579e-11
13175.000000  2.305706e-11
13225.000000  2.328730e-11
13275.000000  2.286262e-11
13325.000000  2.292571e-11
13375.000000  2.282695e-11
13425.000000  2.289907e-11
13475.000000  2.274155e-11
13525.000000  2.267053e-11
13575.000000  2.227370e-11
13625.000000  2.216984e-11
13675.000000  2.222340e-11
13725.000000  2.226672e-11
13775.000000  2.207005e-11
13825.000000  2.205527e-11
13875.000000  2.181277e-11
13925.000000  2.167647e-11
13975.000000  2.162976e-11
14025.000000  2.132573e-11
14075.000000  2.131549e-11
14125.000000  2.080244e-11
14175.000000  2.094878e-11
14225.000000  2.055110e-11
14275.000000  1.994803e-11
14325.000000  2.058246e-11
14375.000000  2.065755e-11
14425.000000  2.003397e-11
14475.000000  2.052303e-11
14525.000000  2.006766e-11
14570.000000  2.005197e-11
14620.000000  1.992154e-11
14675.000000  1.981513e-11
14725.000000  1.949039e-11
14775.000000  1.957872e-11
14825.000000  1.959347e-11
14875.000000  1.889969e-11
14925.000000  1.978056e-11
14975.000000  1.954089e-11
15025.000000  1.820656e-11
15075.000000  1.873653e-11
15125.000000  1.925264e-11
15175.000000  1.932948e-11
15225.000000  1.908422e-11
15275.000000  1.918021e-11
15325.000000  1.913483e-11
15375.000000  1.910244e-11
15425.000000  1.904934e-11
15475.000000  1.910548e-11
15525.000000  1.871001e-11
15575.000000  1.865532e-11
15625.000000  1.890620e-11
15675.000000  1.837903e-11
15725.000000  1.843582e-11
15775.000000  1.731261e-11
15825.000000  1.811402e-11
15875.000000  1.748609e-11
15925.000000  1.788952e-11
15975.000000  1.798108e-11
16050.000000  1.790929e-11
16150.000000  1.758680e-11
16250.000000  1.752644e-11
16350.000000  1.731930e-11
16450.000000  1.697532e-11
16550.000000  1.694679e-11
16650.000000  1.654597e-11
16750.000000  1.602474e-11
16850.000000  1.578396e-11
16950.000000  1.581772e-11
17050.000000  1.523769e-11
17150.000000  1.487204e-11
17250.000000  1.459412e-11
17350.000000  1.421448e-11
17450.000000  1.408007e-11
17550.000000  1.388763e-11
17650.000000  1.366094e-11
17750.000000  1.330398e-11
17850.000000  1.318237e-11
17950.000000  1.294148e-11
18050.000000  1.257346e-11
18150.000000  1.235459e-11
18250.000000  1.207518e-11
18350.000000  1.183811e-11
18450.000000  1.143676e-11
18550.000000  1.142827e-11
18650.000000  1.108749e-11
18750.000000  1.076677e-11
18850.000000  1.076827e-11
18950.000000  1.024379e-11
19050.000000  1.042124e-11
19150.000000  1.018237e-11
19250.000000  1.003508e-11
19350.000000  9.685728e-12
19450.000000  9.422028e-12
19550.000000  9.475155e-12
19650.000000  9.284340e-12
19750.000000  8.928976e-12
19850.000000  8.878163e-12
19950.000000  8.756869e-12
20050.000000  8.748498e-12
20150.000000  8.638833e-12
20250.000000  8.352832e-12
20350.000000  8.197077e-12
20450.000000  8.183219e-12
20550.000000  7.975276e-12
20650.000000  7.778754e-12
20750.000000  7.716189e-12
20850.000000  7.561520e-12
20950.000000  7.354374e-12
21050.000000  7.345429e-12
21150.000000  7.192893e-12
21250.000000  7.077538e-12
21350.000000  7.001739e-12
21450.000000  6.885288e-12
21550.000000  6.776546e-12
21650.000000  6.593599e-12
21750.000000  6.476921e-12
21850.000000  6.402872e-12
21950.000000  6.340531e-12
22050.000000  6.103691e-12
22150.000000  6.164744e-12
22250.000000  5.980958e-12
22350.000000  5.904896e-12
22450.000000  5.822699e-12
22550.000000  5.749243e-12
22650.000000  5.593667e-12
22750.000000  5.587765e-12
22850.000000  5.417644e-12
22950.000000  4.988076e-12
23050.000000  5.134463e-12
23150.000000  5.080599e-12
23250.000000  4.638181e-12
23350.000000  4.761041e-12
23450.000000  4.803309e-12
23550.000000  4.362176e-12
23650.000000  4.561615e-12
23750.000000  4.494854e-12
23850.000000  4.139423e-12
23950.000000  4.306966e-12
24050.000000  4.311377e-12
24150.000000  3.996208e-12
24250.000000  4.088039e-12
24350.000000  4.098160e-12
24450.000000  3.900309e-12
24550.000000  3.817419e-12
24650.000000  3.925517e-12
24750.000000  3.784654e-12
24850.000000  3.630551e-12
24950.000000  3.729589e-12
