2505.000000  1.505036e-11
2513.000000  8.420817e-12
2518.000000  6.471745e-12
2525.000000  5.981547e-12
2535.000000  6.364967e-12
2545.000000  7.379656e-12
2555.000000  1.228763e-11
2565.000000  1.066511e-11
2575.000000  1.396718e-11
2585.000000  1.282577e-11
2595.000000  1.169158e-11
2605.000000  9.711264e-12
2615.000000  8.672149e-12
2625.000000  1.252793e-11
2635.000000  1.885152e-11
2645.000000  2.578245e-11
2655.000000  3.065459e-11
2665.000000  2.124844e-11
2675.000000  2.455992e-11
2685.000000  2.654817e-11
2695.000000  2.101472e-11
2705.000000  2.482798e-11
2715.000000  1.904628e-11
2725.000000  1.832380e-11
2735.000000  2.084530e-11
2745.000000  1.104704e-11
2755.000000  1.483657e-11
2765.000000  1.884343e-11
2775.000000  2.174222e-11
2785.000000  1.314762e-11
2795.000000  4.128670e-12
2805.000000  5.569151e-12
2815.000000  2.027575e-11
2825.000000  2.875890e-11
2835.000000  2.719161e-11
2845.000000  2.302707e-11
2855.000000  1.317898e-11
2865.000000  2.739776e-11
2875.000000  3.016699e-11
2885.000000  2.779889e-11
2895.000000  2.913777e-11
2910.000000  3.689496e-11
2930.000000  3.342872e-11
2950.000000  3.285912e-11
2970.000000  3.589723e-11
2990.000000  3.549886e-11
3010.000000  3.738332e-11
3030.000000  3.732948e-11
3050.000000  3.853661e-11
3070.000000  3.859017e-11
3090.000000  3.906116e-11
3110.000000  3.905288e-11
3130.000000  3.858566e-11
3150.000000  3.795669e-11
3170.000000  3.952984e-11
3190.000000  3.585620e-11
3210.000000  3.909692e-11
3230.000000  3.422724e-11
3250.000000  4.032481e-11
3270.000000  4.442443e-11
3290.000000  4.354686e-11
3310.000000  4.419930e-11
3330.000000  4.368730e-11
3350.000000  4.296348e-11
3370.000000  3.861942e-11
3390.000000  4.171736e-11
3410.000000  4.185225e-11
3430.000000  4.272465e-11
3450.000000  4.363197e-11
3470.000000  4.361295e-11
3490.000000  4.483540e-11
3510.000000  4.614634e-11
3530.000000  4.413718e-11
3550.000000  4.888085e-11
3570.000000  4.248419e-11
3590.000000  4.202116e-11
3610.000000  4.355883e-11
3630.000000  4.392235e-11
3640.000000  4.382562e-11
3650.000000  4.826634e-11
3670.000000  4.776148e-11
3690.000000  4.640728e-11
3710.000000  4.833788e-11
3730.000000  4.470817e-11
3750.000000  4.997903e-11
3770.000000  5.447355e-11
3790.000000  5.953817e-11
3810.000000  6.426714e-11
3830.000000  4.966360e-11
3850.000000  6.434615e-11
3870.000000  6.643448e-11
3890.000000  5.600947e-11
3910.000000  6.706497e-11
3930.000000  4.228023e-11
3950.000000  6.250727e-11
3970.000000  4.288635e-11
3990.000000  7.170540e-11
4010.000000  7.558077e-11
4030.000000  7.550701e-11
4050.000000  7.395448e-11
4070.000000  7.280046e-11
4090.000000  7.322795e-11
4110.000000  6.537961e-11
4130.000000  7.554186e-11
4150.000000  7.743993e-11
4170.000000  7.671567e-11
4190.000000  7.525428e-11
4210.000000  7.512289e-11
4230.000000  7.232434e-11
4250.000000  7.404170e-11
4270.000000  7.178714e-11
4290.000000  6.825179e-11
4310.000000  6.142760e-11
4330.000000  6.857894e-11
4350.000000  6.298715e-11
4370.000000  7.516108e-11
4390.000000  7.208299e-11
4410.000000  7.324574e-11
4430.000000  7.404072e-11
4450.000000  7.364189e-11
4470.000000  7.501320e-11
4490.000000  7.505456e-11
4510.000000  7.897179e-11
4530.000000  7.392286e-11
4550.000000  7.467793e-11
4570.000000  7.794567e-11
4590.000000  7.456844e-11
4610.000000  7.594436e-11
4630.000000  7.466789e-11
4650.000000  7.519171e-11
4670.000000  7.623248e-11
4690.000000  7.457013e-11
4710.000000  7.184782e-11
4730.000000  7.478692e-11
4750.000000  7.508197e-11
4770.000000  7.459386e-11
4790.000000  7.409781e-11
4810.000000  7.346090e-11
4830.000000  7.319213e-11
4850.000000  6.677956e-11
4870.000000  5.772828e-11
4890.000000  6.995636e-11
4910.000000  7.031662e-11
4930.000000  6.911454e-11
4950.000000  7.075188e-11
4970.000000  7.134866e-11
4990.000000  6.771950e-11
5010.000000  6.556220e-11
5030.000000  6.833115e-11
5050.000000  6.777240e-11
5070.000000  6.940850e-11
5090.000000  6.768885e-11
5110.000000  6.815659e-11
5130.000000  6.676302e-11
5150.000000  6.518276e-11
5170.000000  6.266055e-11
5190.000000  6.227470e-11
5210.000000  6.425729e-11
5230.000000  6.465468e-11
5250.000000  6.579904e-11
5270.000000  6.063991e-11
5290.000000  6.476152e-11
5310.000000  6.532607e-11
5330.000000  6.156030e-11
5350.000000  6.411664e-11
5370.000000  6.370511e-11
5390.000000  6.317216e-11
5410.000000  6.154983e-11
5430.000000  6.253127e-11
5450.000000  6.315598e-11
5470.000000  6.228696e-11
5490.000000  6.195804e-11
5510.000000  6.185650e-11
5530.000000  6.167089e-11
5550.000000  6.201236e-11
5570.000000  6.066006e-11
5590.000000  5.987760e-11
5610.000000  6.041117e-11
5630.000000  6.063771e-11
5650.000000  6.017241e-11
5670.000000  5.908004e-11
5690.000000  5.945129e-11
5710.000000  5.868551e-11
5730.000000  6.025883e-11
5750.000000  5.899541e-11
5770.000000  5.907693e-11
5790.000000  5.821866e-11
5810.000000  5.847259e-11
5830.000000  5.855000e-11
5850.000000  5.762208e-11
5870.000000  5.748486e-11
5890.000000  5.547960e-11
5910.000000  5.680952e-11
5930.000000  5.648571e-11
5950.000000  5.636003e-11
5970.000000  5.610264e-11
5990.000000  5.559606e-11
6010.000000  5.491820e-11
6030.000000  5.468874e-11
6050.000000  5.502408e-11
6070.000000  5.477227e-11
6090.000000  5.399556e-11
6110.000000  5.340441e-11
6130.000000  5.214565e-11
6150.000000  5.210459e-11
6170.000000  5.126071e-11
6190.000000  5.250559e-11
6210.000000  5.239748e-11
6230.000000  5.146254e-11
6250.000000  5.013789e-11
6270.000000  5.143226e-11
6290.000000  5.129912e-11
6310.000000  5.018732e-11
6330.000000  5.017153e-11
6350.000000  4.997957e-11
6370.000000  4.969575e-11
6390.000000  4.969087e-11
6410.000000  4.877064e-11
6430.000000  4.890805e-11
6450.000000  4.830968e-11
6470.000000  4.818380e-11
6490.000000  4.746070e-11
6510.000000  4.782804e-11
6530.000000  4.743824e-11
6550.000000  4.485064e-11
6570.000000  3.854658e-11
6590.000000  4.597715e-11
6610.000000  4.670478e-11
6630.000000  4.654480e-11
6650.000000  4.633977e-11
6670.000000  4.585703e-11
6690.000000  4.602455e-11
6710.000000  4.548013e-11
6730.000000  4.545978e-11
6750.000000  4.495357e-11
6770.000000  4.488754e-11
6790.000000  4.461192e-11
6810.000000  4.429677e-11
6830.000000  4.416830e-11
6850.000000  4.361167e-11
6870.000000  4.364404e-11
6890.000000  4.345881e-11
6910.000000  4.316339e-11
6930.000000  4.292281e-11
6950.000000  4.269834e-11
6970.000000  4.249690e-11
6990.000000  4.229043e-11
7010.000000  4.146264e-11
7030.000000  4.164112e-11
7050.000000  4.155628e-11
7070.000000  4.125221e-11
7090.000000  4.101391e-11
7110.000000  4.059995e-11
7130.000000  4.036454e-11
7150.000000  4.011482e-11
7170.000000  3.986378e-11
7190.000000  3.928002e-11
7210.000000  3.941936e-11
7230.000000  3.924133e-11
7250.000000  3.917266e-11
7270.000000  3.901780e-11
7290.000000  3.833022e-11
7310.000000  3.845764e-11
7330.000000  3.823306e-11
7350.000000  3.820043e-11
7370.000000  3.803905e-11
7390.000000  3.740280e-11
7410.000000  3.691834e-11
7430.000000  3.699308e-11
7450.000000  3.690746e-11
7470.000000  3.686438e-11
7490.000000  3.655143e-11
7510.000000  3.645380e-11
7530.000000  3.632138e-11
7550.000000  3.625633e-11
7570.000000  3.591768e-11
7590.000000  3.575154e-11
7610.000000  3.550866e-11
7630.000000  3.543831e-11
7650.000000  3.519018e-11
7670.000000  3.458547e-11
7690.000000  3.475162e-11
7710.000000  3.444339e-11
7730.000000  3.438377e-11
7750.000000  3.401130e-11
7770.000000  3.382250e-11
7790.000000  3.399135e-11
7810.000000  3.375154e-11
7830.000000  3.339668e-11
7850.000000  3.323204e-11
7870.000000  3.324125e-11
7890.000000  3.304683e-11
7910.000000  3.275877e-11
7930.000000  3.224586e-11
7950.000000  3.222035e-11
7970.000000  3.238535e-11
7990.000000  3.221702e-11
8010.000000  3.189690e-11
8030.000000  3.172769e-11
8050.000000  3.150886e-11
8070.000000  3.150443e-11
8090.000000  3.113402e-11
8110.000000  3.118883e-11
8130.000000  3.110502e-11
8150.000000  3.089204e-11
8170.000000  3.072300e-11
8190.000000  3.003517e-11
8210.000000  3.002988e-11
8230.000000  2.986385e-11
8250.000000  2.983105e-11
8270.000000  2.994400e-11
8290.000000  2.974593e-11
8310.000000  2.936959e-11
8330.000000  2.905016e-11
8350.000000  2.915159e-11
8370.000000  2.911683e-11
8390.000000  2.873766e-11
8410.000000  2.881547e-11
8430.000000  2.846193e-11
8450.000000  2.823171e-11
8470.000000  2.809539e-11
8490.000000  2.786685e-11
8510.000000  2.670400e-11
8530.000000  2.751263e-11
8550.000000  2.422523e-11
8570.000000  2.771743e-11
8590.000000  2.710271e-11
8610.000000  2.684119e-11
8630.000000  2.730996e-11
8650.000000  2.688480e-11
8670.000000  2.357613e-11
8690.000000  2.638345e-11
8710.000000  2.675403e-11
8730.000000  2.647754e-11
8750.000000  2.488173e-11
8770.000000  2.617955e-11
8790.000000  2.626433e-11
8810.000000  2.594401e-11
8830.000000  2.587767e-11
8850.000000  2.534049e-11
8870.000000  2.385750e-11
8890.000000  2.553508e-11
8910.000000  2.558436e-11
8930.000000  2.528991e-11
8950.000000  2.532820e-11
8970.000000  2.519473e-11
8990.000000  2.497720e-11
9010.000000  2.287982e-11
9030.000000  2.402669e-11
9050.000000  2.474746e-11
9070.000000  2.430099e-11
9090.000000  2.381156e-11
9110.000000  2.412798e-11
9130.000000  2.434162e-11
9150.000000  2.422579e-11
9170.000000  2.405767e-11
9190.000000  2.393156e-11
9210.000000  2.323118e-11
9230.000000  2.122904e-11
9250.000000  2.276848e-11
9270.000000  2.317833e-11
9290.000000  2.334738e-11
9310.000000  2.330746e-11
9330.000000  2.315191e-11
9350.000000  2.304787e-11
9370.000000  2.294247e-11
9390.000000  2.281969e-11
9410.000000  2.200548e-11
9430.000000  2.245156e-11
9450.000000  2.228988e-11
9470.000000  2.238718e-11
9490.000000  2.229285e-11
9510.000000  2.204528e-11
9530.000000  2.157203e-11
9550.000000  1.964468e-11
9570.000000  2.141678e-11
9590.000000  2.166310e-11
9610.000000  2.145928e-11
9630.000000  2.127008e-11
9650.000000  2.127734e-11
9670.000000  2.106305e-11
9690.000000  2.109764e-11
9710.000000  2.111454e-11
9730.000000  2.101787e-11
9750.000000  2.076544e-11
9770.000000  2.077280e-11
9790.000000  2.065692e-11
9810.000000  2.061820e-11
9830.000000  2.049194e-11
9850.000000  2.037605e-11
9870.000000  2.022777e-11
9890.000000  2.008298e-11
9910.000000  1.997972e-11
9930.000000  2.001929e-11
9950.000000  1.992567e-11
9970.000000  1.983386e-11
9990.000000  1.970676e-11
10025.000000  1.911365e-11
10075.000000  1.850866e-11
10125.000000  1.902282e-11
10175.000000  1.877371e-11
10225.000000  1.864136e-11
10275.000000  1.848113e-11
10325.000000  1.815408e-11
10375.000000  1.798087e-11
10425.000000  1.781949e-11
10475.000000  1.744760e-11
10525.000000  1.737095e-11
10575.000000  1.713923e-11
10625.000000  1.692345e-11
10675.000000  1.646916e-11
10725.000000  1.646528e-11
10775.000000  1.627879e-11
10825.000000  1.598753e-11
10875.000000  1.582520e-11
10925.000000  1.484542e-11
10975.000000  1.525708e-11
11025.000000  1.544684e-11
11075.000000  1.536190e-11
11125.000000  1.514622e-11
11175.000000  1.496180e-11
11225.000000  1.485611e-11
11275.000000  1.451050e-11
11325.000000  1.439377e-11
11375.000000  1.429907e-11
11425.000000  1.405377e-11
11475.000000  1.407707e-11
11525.000000  1.392882e-11
11575.000000  1.373433e-11
11625.000000  1.345994e-11
11675.000000  1.330620e-11
11725.000000  1.335311e-11
11775.000000  1.299225e-11
11825.000000  1.291702e-11
11875.000000  1.273415e-11
11925.000000  1.282162e-11
11975.000000  1.244226e-11
12025.000000  1.244724e-11
12075.000000  1.228317e-11
12125.000000  1.219953e-11
12175.000000  1.215564e-11
12225.000000  1.202344e-11
12275.000000  1.185999e-11
12325.000000  1.176365e-11
12375.000000  1.164504e-11
12425.000000  1.152885e-11
12475.000000  1.142869e-11
12525.000000  1.128440e-11
12575.000000  1.114683e-11
12625.000000  1.104788e-11
12675.000000  1.094104e-11
12725.000000  1.084275e-11
12775.000000  1.061751e-11
12825.000000  9.636124e-12
12875.000000  1.042099e-11
12925.000000  1.039075e-11
12975.000000  1.033720e-11
13025.000000  1.021339e-11
13075.000000  1.014890e-11
13125.000000  9.990489e-12
13175.000000  9.877139e-12
13225.000000  9.853958e-12
13275.000000  9.712052e-12
13325.000000  9.647382e-12
13375.000000  9.547309e-12
13425.000000  9.481591e-12
13475.000000  9.388132e-12
13525.000000  9.287397e-12
13575.000000  9.157162e-12
13625.000000  9.107629e-12
13675.000000  9.009452e-12
13725.000000  8.880735e-12
13775.000000  8.829370e-12
13825.000000  8.755494e-12
13875.000000  8.707627e-12
13925.000000  8.600105e-12
13975.000000  8.524220e-12
14025.000000  8.424906e-12
14075.000000  8.377643e-12
14125.000000  8.258147e-12
14175.000000  8.228212e-12
14225.000000  8.087995e-12
14275.000000  7.978999e-12
14325.000000  7.984812e-12
14375.000000  7.940335e-12
14425.000000  7.673763e-12
14475.000000  7.776623e-12
14525.000000  7.606625e-12
14570.000000  7.613349e-12
14620.000000  7.536007e-12
14675.000000  7.483347e-12
14725.000000  7.360725e-12
14775.000000  7.292699e-12
14825.000000  7.251768e-12
14875.000000  7.101335e-12
14925.000000  7.176502e-12
14975.000000  7.070028e-12
15025.000000  6.929329e-12
15075.000000  6.872584e-12
15125.000000  6.896513e-12
15175.000000  6.849998e-12
15225.000000  6.741487e-12
15275.000000  6.713250e-12
15325.000000  6.640085e-12
15375.000000  6.582631e-12
15425.000000  6.495831e-12
15475.000000  6.459122e-12
15525.000000  6.392189e-12
15575.000000  6.298723e-12
15625.000000  6.316951e-12
15675.000000  6.179721e-12
15725.000000  6.111758e-12
15775.000000  6.020548e-12
15825.000000  6.030821e-12
15875.000000  5.769683e-12
15925.000000  5.899394e-12
15975.000000  5.892869e-12
16050.000000  5.775345e-12
16150.000000  5.569918e-12
16250.000000  5.632042e-12
16350.000000  5.426140e-12
16450.000000  5.194201e-12
16550.000000  5.309142e-12
16650.000000  5.207362e-12
16750.000000  4.977686e-12
16850.000000  4.730192e-12
16950.000000  4.899817e-12
17050.000000  4.776494e-12
17150.000000  4.688394e-12
17250.000000  4.544956e-12
17350.000000  4.167522e-12
17450.000000  4.326570e-12
17550.000000  4.306471e-12
17650.000000  4.219374e-12
17750.000000  4.143036e-12
17850.000000  4.065932e-12
17950.000000  3.993831e-12
18050.000000  3.885215e-12
18150.000000  3.573669e-12
18250.000000  3.673272e-12
18350.000000  3.669435e-12
18450.000000  3.589890e-12
18550.000000  3.527140e-12
18650.000000  3.432049e-12
18750.000000  3.119654e-12
18850.000000  3.295447e-12
18950.000000  3.217818e-12
19050.000000  3.213519e-12
19150.000000  3.146713e-12
19250.000000  3.086316e-12
19350.000000  2.998198e-12
19450.000000  2.746874e-12
19550.000000  2.895689e-12
19650.000000  2.860518e-12
19750.000000  2.801481e-12
19850.000000  2.761918e-12
19950.000000  2.711364e-12
20050.000000  2.668915e-12
20150.000000  2.626735e-12
20250.000000  2.568396e-12
20350.000000  2.512144e-12
20450.000000  2.487407e-12
20550.000000  2.439656e-12
20650.000000  2.387262e-12
20750.000000  2.350966e-12
20850.000000  2.310488e-12
20950.000000  2.262510e-12
21050.000000  2.231793e-12
21150.000000  2.188686e-12
21250.000000  2.150324e-12
21350.000000  2.115834e-12
21450.000000  2.082852e-12
21550.000000  2.035893e-12
21650.000000  1.869529e-12
21750.000000  1.952071e-12
21850.000000  1.936791e-12
21950.000000  1.915633e-12
22050.000000  1.872585e-12
22150.000000  1.847723e-12
22250.000000  1.819994e-12
22350.000000  1.789798e-12
22450.000000  1.760418e-12
22550.000000  1.724143e-12
22650.000000  1.699559e-12
22750.000000  1.675295e-12
22850.000000  1.643713e-12
22950.000000  1.619099e-12
23050.000000  1.597325e-12
23150.000000  1.569433e-12
23250.000000  1.546053e-12
23350.000000  1.519281e-12
23450.000000  1.498785e-12
23550.000000  1.473378e-12
23650.000000  1.452499e-12
23750.000000  1.424239e-12
23850.000000  1.402375e-12
23950.000000  1.384689e-12
24050.000000  1.362053e-12
24150.000000  1.338422e-12
24250.000000  1.320513e-12
24350.000000  1.298110e-12
24450.000000  1.280611e-12
24550.000000  1.255363e-12
24650.000000  1.242380e-12
24750.000000  1.221013e-12
24850.000000  1.198514e-12
24950.000000  1.184019e-12
