2505.000000  9.217225e-11
2513.000000  6.157605e-11
2518.000000  6.114585e-11
2525.000000  4.903476e-11
2535.000000  4.402397e-11
2545.000000  4.694738e-11
2555.000000  6.790464e-11
2565.000000  5.944866e-11
2575.000000  7.463681e-11
2585.000000  7.086473e-11
2595.000000  6.551432e-11
2605.000000  5.683463e-11
2615.000000  5.129039e-11
2625.000000  7.185337e-11
2635.000000  9.180571e-11
2645.000000  1.257308e-10
2655.000000  1.400565e-10
2665.000000  1.003881e-10
2675.000000  1.169077e-10
2685.000000  1.176078e-10
2695.000000  1.020311e-10
2705.000000  1.162101e-10
2715.000000  9.621656e-11
2725.000000  9.667958e-11
2735.000000  1.076715e-10
2745.000000  5.974118e-11
2755.000000  7.389008e-11
2765.000000  8.827887e-11
2775.000000  1.080387e-10
2785.000000  7.704888e-11
2795.000000  2.593655e-11
2805.000000  3.509596e-11
2815.000000  1.049848e-10
2825.000000  1.376942e-10
2835.000000  1.288369e-10
2845.000000  1.215228e-10
2855.000000  9.454609e-11
2865.000000  1.325390e-10
2875.000000  1.325884e-10
2885.000000  1.304703e-10
2895.000000  1.249742e-10
2910.000000  1.574383e-10
2930.000000  1.439476e-10
2950.000000  1.418447e-10
2970.000000  1.562908e-10
2990.000000  1.558414e-10
3010.000000  1.642397e-10
3030.000000  1.615599e-10
3050.000000  1.629191e-10
3070.000000  1.663922e-10
3090.000000  1.729146e-10
3110.000000  1.670512e-10
3130.000000  1.647512e-10
3150.000000  1.704422e-10
3170.000000  1.703030e-10
3190.000000  1.548386e-10
3210.000000  1.652471e-10
3230.000000  1.491194e-10
3250.000000  1.653220e-10
3270.000000  1.753048e-10
3290.000000  1.736143e-10
3310.000000  1.793648e-10
3330.000000  1.755871e-10
3350.000000  1.731506e-10
3370.000000  1.667168e-10
3390.000000  1.718790e-10
3410.000000  1.718863e-10
3430.000000  1.730491e-10
3450.000000  1.751877e-10
3470.000000  1.724707e-10
3490.000000  1.735510e-10
3510.000000  1.786227e-10
3530.000000  1.747280e-10
3550.000000  1.876350e-10
3570.000000  1.707654e-10
3590.000000  1.694397e-10
3610.000000  1.720572e-10
3630.000000  1.736803e-10
3640.000000  1.713711e-10
3650.000000  1.859569e-10
3670.000000  1.823388e-10
3690.000000  1.759769e-10
3710.000000  1.868779e-10
3730.000000  1.881020e-10
3750.000000  2.246708e-10
3770.000000  2.432154e-10
3790.000000  2.845459e-10
3810.000000  3.234428e-10
3830.000000  2.576239e-10
3850.000000  3.450608e-10
3870.000000  3.768255e-10
3890.000000  2.577795e-10
3910.000000  3.668510e-10
3930.000000  2.550083e-10
3950.000000  3.477796e-10
3970.000000  2.118312e-10
3990.000000  3.742385e-10
4010.000000  4.064181e-10
4030.000000  4.048547e-10
4050.000000  3.981530e-10
4070.000000  3.890143e-10
4090.000000  3.487163e-10
4110.000000  2.858397e-10
4130.000000  3.861592e-10
4150.000000  4.068629e-10
4170.000000  4.011171e-10
4190.000000  3.992703e-10
4210.000000  3.985468e-10
4230.000000  3.852960e-10
4250.000000  3.937383e-10
4270.000000  3.774556e-10
4290.000000  3.769363e-10
4310.000000  3.474818e-10
4330.000000  3.126685e-10
4350.000000  2.736104e-10
4370.000000  3.748300e-10
4390.000000  3.730941e-10
4410.000000  3.689727e-10
4430.000000  3.630781e-10
4450.000000  3.679203e-10
4470.000000  3.707246e-10
4490.000000  3.670359e-10
4510.000000  3.849193e-10
4530.000000  3.612578e-10
4550.000000  3.607480e-10
4570.000000  3.764450e-10
4590.000000  3.575452e-10
4610.000000  3.659481e-10
4630.000000  3.557871e-10
4650.000000  3.590686e-10
4670.000000  3.617593e-10
4690.000000  3.472108e-10
4710.000000  3.329363e-10
4730.000000  3.509071e-10
4750.000000  3.514886e-10
4770.000000  3.458122e-10
4790.000000  3.434366e-10
4810.000000  3.369527e-10
4830.000000  3.291811e-10
4850.000000  2.738307e-10
4870.000000  2.245978e-10
4890.000000  3.096411e-10
4910.000000  3.184479e-10
4930.000000  3.138554e-10
4950.000000  3.223441e-10
4970.000000  3.244499e-10
4990.000000  3.070213e-10
5010.000000  2.950305e-10
5030.000000  3.072049e-10
5050.000000  3.026103e-10
5070.000000  3.104580e-10
5090.000000  3.036768e-10
5110.000000  3.049697e-10
5130.000000  2.969673e-10
5150.000000  2.895910e-10
5170.000000  2.845190e-10
5190.000000  2.809089e-10
5210.000000  2.838544e-10
5230.000000  2.838898e-10
5250.000000  2.876446e-10
5270.000000  2.641905e-10
5290.000000  2.813183e-10
5310.000000  2.800373e-10
5330.000000  2.654096e-10
5350.000000  2.761155e-10
5370.000000  2.744676e-10
5390.000000  2.711639e-10
5410.000000  2.637572e-10
5430.000000  2.673518e-10
5450.000000  2.700916e-10
5470.000000  2.656353e-10
5490.000000  2.633286e-10
5510.000000  2.619738e-10
5530.000000  2.606429e-10
5550.000000  2.608482e-10
5570.000000  2.559499e-10
5590.000000  2.527001e-10
5610.000000  2.539027e-10
5630.000000  2.540050e-10
5650.000000  2.508722e-10
5670.000000  2.458141e-10
5690.000000  2.470860e-10
5710.000000  2.444168e-10
5730.000000  2.496396e-10
5750.000000  2.437361e-10
5770.000000  2.435691e-10
5790.000000  2.399510e-10
5810.000000  2.399137e-10
5830.000000  2.395667e-10
5850.000000  2.358939e-10
5870.000000  2.347721e-10
5890.000000  2.280358e-10
5910.000000  2.311741e-10
5930.000000  2.293739e-10
5950.000000  2.280886e-10
5970.000000  2.267730e-10
5990.000000  2.238508e-10
6010.000000  2.201729e-10
6030.000000  2.197848e-10
6050.000000  2.196490e-10
6070.000000  2.193998e-10
6090.000000  2.158615e-10
6110.000000  2.129598e-10
6130.000000  2.081893e-10
6150.000000  2.056514e-10
6170.000000  2.037907e-10
6190.000000  2.083912e-10
6210.000000  2.073932e-10
6230.000000  2.035285e-10
6250.000000  1.969288e-10
6270.000000  2.031128e-10
6290.000000  2.019520e-10
6310.000000  1.970365e-10
6330.000000  1.967609e-10
6350.000000  1.943938e-10
6370.000000  1.933195e-10
6390.000000  1.934889e-10
6410.000000  1.895993e-10
6430.000000  1.899798e-10
6450.000000  1.862941e-10
6470.000000  1.865350e-10
6490.000000  1.827976e-10
6510.000000  1.830187e-10
6530.000000  1.790258e-10
6550.000000  1.607565e-10
6570.000000  1.312303e-10
6590.000000  1.705324e-10
6610.000000  1.766885e-10
6630.000000  1.771229e-10
6650.000000  1.763223e-10
6670.000000  1.743438e-10
6690.000000  1.747291e-10
6710.000000  1.729653e-10
6730.000000  1.722404e-10
6750.000000  1.692817e-10
6770.000000  1.700979e-10
6790.000000  1.685427e-10
6810.000000  1.672818e-10
6830.000000  1.659653e-10
6850.000000  1.641913e-10
6870.000000  1.640965e-10
6890.000000  1.631035e-10
6910.000000  1.617626e-10
6930.000000  1.605129e-10
6950.000000  1.595605e-10
6970.000000  1.583120e-10
6990.000000  1.575467e-10
7010.000000  1.538489e-10
7030.000000  1.545027e-10
7050.000000  1.540051e-10
7070.000000  1.529205e-10
7090.000000  1.518724e-10
7110.000000  1.479668e-10
7130.000000  1.485129e-10
7150.000000  1.477985e-10
7170.000000  1.464557e-10
7190.000000  1.445854e-10
7210.000000  1.447517e-10
7230.000000  1.435630e-10
7250.000000  1.425676e-10
7270.000000  1.425584e-10
7290.000000  1.399194e-10
7310.000000  1.399581e-10
7330.000000  1.391655e-10
7350.000000  1.388536e-10
7370.000000  1.381235e-10
7390.000000  1.357084e-10
7410.000000  1.338300e-10
7430.000000  1.331674e-10
7450.000000  1.328708e-10
7470.000000  1.318675e-10
7490.000000  1.312810e-10
7510.000000  1.310472e-10
7530.000000  1.303917e-10
7550.000000  1.302477e-10
7570.000000  1.288070e-10
7590.000000  1.282450e-10
7610.000000  1.271700e-10
7630.000000  1.266711e-10
7650.000000  1.254671e-10
7670.000000  1.232651e-10
7690.000000  1.233026e-10
7710.000000  1.225420e-10
7730.000000  1.222123e-10
7750.000000  1.208592e-10
7770.000000  1.185989e-10
7790.000000  1.204446e-10
7810.000000  1.192546e-10
7830.000000  1.176933e-10
7850.000000  1.166574e-10
7870.000000  1.165323e-10
7890.000000  1.155496e-10
7910.000000  1.144310e-10
7930.000000  1.128587e-10
7950.000000  1.125691e-10
7970.000000  1.134699e-10
7990.000000  1.119897e-10
8010.000000  1.115148e-10
8030.000000  1.104350e-10
8050.000000  1.099483e-10
8070.000000  1.094474e-10
8090.000000  1.083686e-10
8110.000000  1.084601e-10
8130.000000  1.080429e-10
8150.000000  1.071980e-10
8170.000000  1.065256e-10
8190.000000  1.036787e-10
8210.000000  1.033832e-10
8230.000000  1.028681e-10
8250.000000  1.025349e-10
8270.000000  1.033711e-10
8290.000000  1.025405e-10
8310.000000  1.012346e-10
8330.000000  9.977120e-11
8350.000000  1.002883e-10
8370.000000  1.000848e-10
8390.000000  9.879414e-11
8410.000000  9.867664e-11
8430.000000  9.749886e-11
8450.000000  9.565895e-11
8470.000000  9.533379e-11
8490.000000  9.556020e-11
8510.000000  9.014800e-11
8530.000000  9.462807e-11
8550.000000  8.144457e-11
8570.000000  9.550509e-11
8590.000000  9.084033e-11
8610.000000  8.896376e-11
8630.000000  9.449683e-11
8650.000000  9.191902e-11
8670.000000  7.631010e-11
8690.000000  9.030329e-11
8710.000000  9.354306e-11
8730.000000  9.121178e-11
8750.000000  7.790090e-11
8770.000000  8.880071e-11
8790.000000  9.217777e-11
8810.000000  9.179879e-11
8830.000000  8.963596e-11
8850.000000  8.412574e-11
8870.000000  7.439342e-11
8890.000000  8.744279e-11
8910.000000  8.950237e-11
8930.000000  8.892249e-11
8950.000000  8.947568e-11
8970.000000  8.812405e-11
8990.000000  8.572654e-11
9010.000000  7.224448e-11
9030.000000  7.838943e-11
9050.000000  8.539870e-11
9070.000000  8.427634e-11
9090.000000  8.273130e-11
9110.000000  8.450352e-11
9130.000000  8.527723e-11
9150.000000  8.508761e-11
9170.000000  8.399636e-11
9190.000000  8.254269e-11
9210.000000  7.798163e-11
9230.000000  6.484495e-11
9250.000000  7.536402e-11
9270.000000  7.874145e-11
9290.000000  8.117859e-11
9310.000000  8.125714e-11
9330.000000  8.070011e-11
9350.000000  8.046747e-11
9370.000000  8.020463e-11
9390.000000  7.924795e-11
9410.000000  7.576715e-11
9430.000000  7.764973e-11
9450.000000  7.717832e-11
9470.000000  7.744376e-11
9490.000000  7.682511e-11
9510.000000  7.505613e-11
9530.000000  7.085134e-11
9550.000000  5.965957e-11
9570.000000  7.080360e-11
9590.000000  7.362757e-11
9610.000000  7.328835e-11
9630.000000  7.237646e-11
9650.000000  7.303096e-11
9670.000000  7.189848e-11
9690.000000  7.165832e-11
9710.000000  7.266146e-11
9730.000000  7.219592e-11
9750.000000  7.093372e-11
9770.000000  7.138778e-11
9790.000000  7.090194e-11
9810.000000  7.065312e-11
9830.000000  7.007482e-11
9850.000000  6.930817e-11
9870.000000  6.884876e-11
9890.000000  6.811943e-11
9910.000000  6.767375e-11
9930.000000  6.793248e-11
9950.000000  6.743581e-11
9970.000000  6.708946e-11
9990.000000  6.644834e-11
10025.000000  6.198754e-11
10075.000000  5.916651e-11
10125.000000  6.352558e-11
10175.000000  6.313836e-11
10225.000000  6.277597e-11
10275.000000  6.215401e-11
10325.000000  6.089890e-11
10375.000000  6.021179e-11
10425.000000  5.943742e-11
10475.000000  5.773882e-11
10525.000000  5.744443e-11
10575.000000  5.678430e-11
10625.000000  5.607715e-11
10675.000000  5.413009e-11
10725.000000  5.411816e-11
10775.000000  5.347998e-11
10825.000000  5.246242e-11
10875.000000  5.148201e-11
10925.000000  4.534345e-11
10975.000000  4.831425e-11
11025.000000  5.021316e-11
11075.000000  5.000010e-11
11125.000000  4.918844e-11
11175.000000  4.857319e-11
11225.000000  4.814029e-11
11275.000000  4.652659e-11
11325.000000  4.605871e-11
11375.000000  4.594693e-11
11425.000000  4.493427e-11
11475.000000  4.518553e-11
11525.000000  4.465379e-11
11575.000000  4.394225e-11
11625.000000  4.273840e-11
11675.000000  4.199303e-11
11725.000000  4.245569e-11
11775.000000  4.094330e-11
11825.000000  4.083504e-11
11875.000000  4.001870e-11
11925.000000  4.051026e-11
11975.000000  3.926920e-11
12025.000000  3.919758e-11
12075.000000  3.856449e-11
12125.000000  3.816772e-11
12175.000000  3.796275e-11
12225.000000  3.741252e-11
12275.000000  3.689444e-11
12325.000000  3.647911e-11
12375.000000  3.610519e-11
12425.000000  3.575720e-11
12475.000000  3.527753e-11
12525.000000  3.472937e-11
12575.000000  3.413238e-11
12625.000000  3.388344e-11
12675.000000  3.352677e-11
12725.000000  3.308894e-11
12775.000000  3.185682e-11
12825.000000  2.762721e-11
12875.000000  3.127462e-11
12925.000000  3.147413e-11
12975.000000  3.130595e-11
13025.000000  3.095500e-11
13075.000000  3.072055e-11
13125.000000  3.021886e-11
13175.000000  2.976840e-11
13225.000000  2.965913e-11
13275.000000  2.922400e-11
13325.000000  2.896663e-11
13375.000000  2.860978e-11
13425.000000  2.832070e-11
13475.000000  2.799624e-11
13525.000000  2.759139e-11
13575.000000  2.718237e-11
13625.000000  2.702748e-11
13675.000000  2.665976e-11
13725.000000  2.609982e-11
13775.000000  2.599518e-11
13825.000000  2.575589e-11
13875.000000  2.562210e-11
13925.000000  2.515451e-11
13975.000000  2.493819e-11
14025.000000  2.465116e-11
14075.000000  2.446505e-11
14125.000000  2.407202e-11
14175.000000  2.390749e-11
14225.000000  2.351630e-11
14275.000000  2.318305e-11
14325.000000  2.309659e-11
14375.000000  2.293748e-11
14425.000000  2.201137e-11
14475.000000  2.235520e-11
14525.000000  2.177011e-11
14570.000000  2.185221e-11
14620.000000  2.154569e-11
14675.000000  2.139238e-11
14725.000000  2.101330e-11
14775.000000  2.073022e-11
14825.000000  2.060521e-11
14875.000000  2.023219e-11
14925.000000  2.036341e-11
14975.000000  2.002033e-11
15025.000000  1.970744e-11
15075.000000  1.943429e-11
15125.000000  1.944252e-11
15175.000000  1.927324e-11
15225.000000  1.897761e-11
15275.000000  1.882559e-11
15325.000000  1.858241e-11
15375.000000  1.842930e-11
15425.000000  1.801944e-11
15475.000000  1.798639e-11
15525.000000  1.781924e-11
15575.000000  1.738340e-11
15625.000000  1.762500e-11
15675.000000  1.709593e-11
15725.000000  1.671293e-11
15775.000000  1.684569e-11
15825.000000  1.679942e-11
15875.000000  1.555934e-11
15925.000000  1.629802e-11
15975.000000  1.643562e-11
16050.000000  1.594780e-11
16150.000000  1.509559e-11
16250.000000  1.569004e-11
16350.000000  1.491410e-11
16450.000000  1.398820e-11
16550.000000  1.475223e-11
16650.000000  1.448832e-11
16750.000000  1.364961e-11
16850.000000  1.275902e-11
16950.000000  1.359612e-11
17050.000000  1.326063e-11
17150.000000  1.305404e-11
17250.000000  1.257153e-11
17350.000000  1.117067e-11
17450.000000  1.188893e-11
17550.000000  1.191616e-11
17650.000000  1.168564e-11
17750.000000  1.149192e-11
17850.000000  1.124839e-11
17950.000000  1.107918e-11
18050.000000  1.071052e-11
18150.000000  9.614375e-12
18250.000000  1.006037e-11
18350.000000  1.015788e-11
18450.000000  9.964066e-12
18550.000000  9.741463e-12
18650.000000  9.475828e-12
18750.000000  8.428312e-12
18850.000000  9.066351e-12
18950.000000  8.904368e-12
19050.000000  8.902429e-12
19150.000000  8.717839e-12
19250.000000  8.533842e-12
19350.000000  8.262494e-12
19450.000000  7.384731e-12
19550.000000  7.973836e-12
19650.000000  7.911221e-12
19750.000000  7.755250e-12
19850.000000  7.645228e-12
19950.000000  7.505319e-12
20050.000000  7.381045e-12
20150.000000  7.259808e-12
20250.000000  7.102601e-12
20350.000000  6.950958e-12
20450.000000  6.873197e-12
20550.000000  6.740363e-12
20650.000000  6.597563e-12
20750.000000  6.488697e-12
20850.000000  6.378201e-12
20950.000000  6.254734e-12
21050.000000  6.156100e-12
21150.000000  6.028072e-12
21250.000000  5.924424e-12
21350.000000  5.824953e-12
21450.000000  5.734543e-12
21550.000000  5.586326e-12
21650.000000  5.010910e-12
21750.000000  5.344319e-12
21850.000000  5.334692e-12
21950.000000  5.278876e-12
22050.000000  5.162039e-12
22150.000000  5.082071e-12
22250.000000  5.017212e-12
22350.000000  4.932596e-12
22450.000000  4.851714e-12
22550.000000  4.741587e-12
22650.000000  4.680589e-12
22750.000000  4.612342e-12
22850.000000  4.530609e-12
22950.000000  4.453592e-12
23050.000000  4.398623e-12
23150.000000  4.321742e-12
23250.000000  4.260564e-12
23350.000000  4.187039e-12
23450.000000  4.126372e-12
23550.000000  4.060719e-12
23650.000000  4.000260e-12
23750.000000  3.923583e-12
23850.000000  3.865784e-12
23950.000000  3.811246e-12
24050.000000  3.748147e-12
24150.000000  3.686365e-12
24250.000000  3.635920e-12
24350.000000  3.571715e-12
24450.000000  3.522913e-12
24550.000000  3.458861e-12
24650.000000  3.414527e-12
24750.000000  3.358083e-12
24850.000000  3.303922e-12
24950.000000  3.240377e-12
