2505.000000  8.435146e-11
2513.000000  7.186211e-11
2518.000000  7.450322e-11
2525.000000  6.748573e-11
2535.000000  6.714483e-11
2545.000000  6.593630e-11
2555.000000  7.221538e-11
2565.000000  7.066658e-11
2575.000000  7.779063e-11
2585.000000  7.721874e-11
2595.000000  7.417127e-11
2605.000000  7.027177e-11
2615.000000  6.907791e-11
2625.000000  7.617358e-11
2635.000000  7.653796e-11
2645.000000  8.857771e-11
2655.000000  8.713743e-11
2665.000000  7.632124e-11
2675.000000  8.168995e-11
2685.000000  7.927301e-11
2695.000000  7.662319e-11
2705.000000  7.947589e-11
2715.000000  7.446432e-11
2725.000000  7.571640e-11
2735.000000  8.262388e-11
2745.000000  6.590660e-11
2755.000000  6.718917e-11
2765.000000  6.956551e-11
2775.000000  7.729788e-11
2785.000000  7.432347e-11
2795.000000  4.973469e-11
2805.000000  5.882832e-11
2815.000000  7.865377e-11
2825.000000  8.197630e-11
2835.000000  7.730664e-11
2845.000000  7.397083e-11
2855.000000  7.088366e-11
2865.000000  7.780887e-11
2875.000000  7.465803e-11
2885.000000  7.610827e-11
2895.000000  7.176167e-11
2910.000000  8.185564e-11
2930.000000  7.767069e-11
2950.000000  7.743007e-11
2970.000000  7.933488e-11
2990.000000  7.981775e-11
3010.000000  8.132941e-11
3030.000000  7.969030e-11
3050.000000  7.846298e-11
3070.000000  7.759221e-11
3090.000000  7.888748e-11
3110.000000  7.613317e-11
3130.000000  7.561576e-11
3150.000000  7.707742e-11
3170.000000  7.627024e-11
3190.000000  7.274679e-11
3210.000000  7.440592e-11
3230.000000  7.243797e-11
3250.000000  7.328101e-11
3270.000000  7.321868e-11
3290.000000  7.370159e-11
3310.000000  7.393905e-11
3330.000000  7.195564e-11
3350.000000  7.072532e-11
3370.000000  7.039295e-11
3390.000000  6.985884e-11
3410.000000  7.099242e-11
3430.000000  7.063618e-11
3450.000000  6.988536e-11
3470.000000  6.874517e-11
3490.000000  6.816503e-11
3510.000000  6.896481e-11
3530.000000  6.894580e-11
3550.000000  6.889289e-11
3570.000000  6.721245e-11
3590.000000  6.673300e-11
3610.000000  6.639515e-11
3630.000000  6.607204e-11
3640.000000  6.551628e-11
3650.000000  6.704925e-11
3670.000000  6.661010e-11
3690.000000  6.403635e-11
3710.000000  6.472681e-11
3730.000000  6.565260e-11
3750.000000  8.333275e-11
3770.000000  8.978869e-11
3790.000000  1.141753e-10
3810.000000  1.336486e-10
3830.000000  1.037801e-10
3850.000000  1.452223e-10
3870.000000  1.650270e-10
3890.000000  9.017746e-11
3910.000000  1.624313e-10
3930.000000  1.633640e-10
3950.000000  1.619451e-10
3970.000000  8.515808e-11
3990.000000  1.555325e-10
4010.000000  1.683798e-10
4030.000000  1.663886e-10
4050.000000  1.652744e-10
4070.000000  1.581218e-10
4090.000000  1.245150e-10
4110.000000  9.330226e-11
4130.000000  1.480889e-10
4150.000000  1.545479e-10
4170.000000  1.522486e-10
4190.000000  1.504412e-10
4210.000000  1.489417e-10
4230.000000  1.458188e-10
4250.000000  1.434305e-10
4270.000000  1.393836e-10
4290.000000  1.397028e-10
4310.000000  1.313298e-10
4330.000000  9.918673e-11
4350.000000  8.377040e-11
4370.000000  1.276315e-10
4390.000000  1.282772e-10
4410.000000  1.278626e-10
4430.000000  1.260612e-10
4450.000000  1.267777e-10
4470.000000  1.246739e-10
4490.000000  1.213672e-10
4510.000000  1.221845e-10
4530.000000  1.195655e-10
4550.000000  1.165492e-10
4570.000000  1.177695e-10
4590.000000  1.145520e-10
4610.000000  1.157605e-10
4630.000000  1.117429e-10
4650.000000  1.125486e-10
4670.000000  1.106405e-10
4690.000000  1.078141e-10
4710.000000  1.041975e-10
4730.000000  1.065236e-10
4750.000000  1.051244e-10
4770.000000  1.039125e-10
4790.000000  1.024067e-10
4810.000000  9.983133e-11
4830.000000  9.560732e-11
4850.000000  7.399469e-11
4870.000000  5.917001e-11
4890.000000  9.009144e-11
4910.000000  9.345719e-11
4930.000000  9.220739e-11
4950.000000  9.223396e-11
4970.000000  9.180889e-11
4990.000000  9.003427e-11
5010.000000  8.724982e-11
5030.000000  8.715781e-11
5050.000000  8.545170e-11
5070.000000  8.572825e-11
5090.000000  8.470423e-11
5110.000000  8.352372e-11
5130.000000  8.263310e-11
5150.000000  8.088682e-11
5170.000000  7.919377e-11
5190.000000  7.854244e-11
5210.000000  7.814771e-11
5230.000000  7.645826e-11
5250.000000  7.683611e-11
5270.000000  7.424264e-11
5290.000000  7.520703e-11
5310.000000  7.329895e-11
5330.000000  7.233440e-11
5350.000000  7.281876e-11
5370.000000  7.168278e-11
5390.000000  7.084959e-11
5410.000000  6.954122e-11
5430.000000  6.910259e-11
5450.000000  6.878424e-11
5470.000000  6.789177e-11
5490.000000  6.723987e-11
5510.000000  6.640668e-11
5530.000000  6.563097e-11
5550.000000  6.511179e-11
5570.000000  6.432778e-11
5590.000000  6.371559e-11
5610.000000  6.321419e-11
5630.000000  6.252260e-11
5650.000000  6.158987e-11
5670.000000  6.094571e-11
5690.000000  6.044491e-11
5710.000000  5.984222e-11
5730.000000  5.927150e-11
5750.000000  5.849700e-11
5770.000000  5.791563e-11
5790.000000  5.718318e-11
5810.000000  5.664151e-11
5830.000000  5.605897e-11
5850.000000  5.549717e-11
5870.000000  5.479550e-11
5890.000000  5.381720e-11
5910.000000  5.369979e-11
5930.000000  5.318718e-11
5950.000000  5.236526e-11
5970.000000  5.197352e-11
5990.000000  5.126953e-11
6010.000000  5.081562e-11
6030.000000  5.042621e-11
6050.000000  4.981348e-11
6070.000000  4.938262e-11
6090.000000  4.886054e-11
6110.000000  4.835742e-11
6130.000000  4.779446e-11
6150.000000  4.650744e-11
6170.000000  4.677993e-11
6190.000000  4.644090e-11
6210.000000  4.596860e-11
6230.000000  4.542637e-11
6250.000000  4.451030e-11
6270.000000  4.460380e-11
6290.000000  4.415223e-11
6310.000000  4.355848e-11
6330.000000  4.323726e-11
6350.000000  4.222337e-11
6370.000000  4.202303e-11
6390.000000  4.192226e-11
6410.000000  4.139902e-11
6430.000000  4.108847e-11
6450.000000  4.019195e-11
6470.000000  4.023451e-11
6490.000000  3.951988e-11
6510.000000  3.901674e-11
6530.000000  3.784696e-11
6550.000000  3.261317e-11
6570.000000  2.614429e-11
6590.000000  3.565199e-11
6610.000000  3.702793e-11
6630.000000  3.703087e-11
6650.000000  3.682048e-11
6670.000000  3.648922e-11
6690.000000  3.621898e-11
6710.000000  3.591793e-11
6730.000000  3.548593e-11
6750.000000  3.520385e-11
6770.000000  3.493419e-11
6790.000000  3.458277e-11
6810.000000  3.427165e-11
6830.000000  3.389951e-11
6850.000000  3.360853e-11
6870.000000  3.331755e-11
6890.000000  3.302599e-11
6910.000000  3.269472e-11
6930.000000  3.236346e-11
6950.000000  3.210211e-11
6970.000000  3.180048e-11
6990.000000  3.153972e-11
7010.000000  3.107694e-11
7030.000000  3.093646e-11
7050.000000  3.062534e-11
7070.000000  3.038532e-11
7090.000000  3.013405e-11
7110.000000  2.953739e-11
7130.000000  2.950058e-11
7150.000000  2.924931e-11
7170.000000  2.902885e-11
7190.000000  2.876692e-11
7210.000000  2.852631e-11
7230.000000  2.823535e-11
7250.000000  2.793314e-11
7270.000000  2.777370e-11
7290.000000  2.749163e-11
7310.000000  2.725044e-11
7330.000000  2.704005e-11
7350.000000  2.681959e-11
7370.000000  2.659855e-11
7390.000000  2.633722e-11
7410.000000  2.607530e-11
7430.000000  2.570376e-11
7450.000000  2.556329e-11
7470.000000  2.523087e-11
7490.000000  2.512121e-11
7510.000000  2.494046e-11
7530.000000  2.478043e-11
7550.000000  2.459019e-11
7570.000000  2.437864e-11
7590.000000  2.416826e-11
7610.000000  2.397743e-11
7630.000000  2.376588e-11
7650.000000  2.353477e-11
7670.000000  2.332322e-11
7690.000000  2.314247e-11
7710.000000  2.293209e-11
7730.000000  2.277207e-11
7750.000000  2.258067e-11
7770.000000  2.187669e-11
7790.000000  2.220969e-11
7810.000000  2.203843e-11
7830.000000  2.181681e-11
7850.000000  2.157563e-11
7870.000000  2.133502e-11
7890.000000  2.109384e-11
7910.000000  2.105295e-11
7930.000000  2.093264e-11
7950.000000  2.058125e-11
7970.000000  2.062209e-11
7990.000000  2.011960e-11
8010.000000  2.027068e-11
8030.000000  2.009884e-11
8050.000000  1.994890e-11
8070.000000  1.977764e-11
8090.000000  1.961763e-11
8110.000000  1.945703e-11
8130.000000  1.932606e-11
8150.000000  1.917554e-11
8170.000000  1.902501e-11
8190.000000  1.870208e-11
8210.000000  1.860077e-11
8230.000000  1.840047e-11
8250.000000  1.839986e-11
8270.000000  1.842057e-11
8290.000000  1.823035e-11
8310.000000  1.812960e-11
8330.000000  1.789791e-11
8350.000000  1.785819e-11
8370.000000  1.773788e-11
8390.000000  1.756721e-11
8410.000000  1.739654e-11
8430.000000  1.722587e-11
8450.000000  1.683359e-11
8470.000000  1.671385e-11
8490.000000  1.686380e-11
8510.000000  1.606972e-11
8530.000000  1.679268e-11
8550.000000  1.515359e-11
8570.000000  1.688276e-11
8590.000000  1.560688e-11
8610.000000  1.522525e-11
8630.000000  1.696219e-11
8650.000000  1.614853e-11
8670.000000  1.336509e-11
8690.000000  1.637851e-11
8710.000000  1.717374e-11
8730.000000  1.632870e-11
8750.000000  1.273275e-11
8770.000000  1.544393e-11
8790.000000  1.709431e-11
8810.000000  1.721638e-11
8830.000000  1.657108e-11
8850.000000  1.448926e-11
8870.000000  1.220891e-11
8890.000000  1.569637e-11
8910.000000  1.654317e-11
8930.000000  1.661488e-11
8950.000000  1.665574e-11
8970.000000  1.630257e-11
8990.000000  1.532538e-11
9010.000000  1.192800e-11
9030.000000  1.308357e-11
9050.000000  1.531590e-11
9070.000000  1.548836e-11
9090.000000  1.544807e-11
9110.000000  1.564122e-11
9130.000000  1.560150e-11
9150.000000  1.553156e-11
9170.000000  1.526906e-11
9190.000000  1.475470e-11
9210.000000  1.347588e-11
9230.000000  1.036080e-11
9250.000000  1.288269e-11
9270.000000  1.391026e-11
9290.000000  1.458578e-11
9310.000000  1.462666e-11
9330.000000  1.451702e-11
9350.000000  1.446665e-11
9370.000000  1.438664e-11
9390.000000  1.415495e-11
9410.000000  1.383202e-11
9430.000000  1.399318e-11
9450.000000  1.390367e-11
9470.000000  1.375256e-11
9490.000000  1.355049e-11
9510.000000  1.311672e-11
9530.000000  1.175848e-11
9550.000000  9.360465e-12
9570.000000  1.187879e-11
9590.000000  1.282574e-11
9610.000000  1.292767e-11
9630.000000  1.273687e-11
9650.000000  1.291876e-11
9670.000000  1.274752e-11
9690.000000  1.272678e-11
9710.000000  1.272794e-11
9730.000000  1.262720e-11
9750.000000  1.251698e-11
9770.000000  1.245711e-11
9790.000000  1.235638e-11
9810.000000  1.225564e-11
9830.000000  1.211520e-11
9850.000000  1.204409e-11
9870.000000  1.194394e-11
9890.000000  1.179283e-11
9910.000000  1.178274e-11
9930.000000  1.168259e-11
9950.000000  1.159193e-11
9970.000000  1.150125e-11
9990.000000  1.134006e-11
10025.000000  1.013195e-11
10075.000000  9.573842e-12
10125.000000  1.071726e-11
10175.000000  1.072732e-11
10225.000000  1.059752e-11
10275.000000  1.041678e-11
10325.000000  1.022549e-11
10375.000000  1.005464e-11
10425.000000  9.891734e-12
10475.000000  9.663006e-12
10525.000000  9.505487e-12
10575.000000  9.372916e-12
10625.000000  9.235250e-12
10675.000000  8.951056e-12
10725.000000  8.885262e-12
10775.000000  8.753293e-12
10825.000000  8.591567e-12
10875.000000  8.340604e-12
10925.000000  6.949958e-12
10975.000000  7.608806e-12
11025.000000  8.033684e-12
11075.000000  7.963752e-12
11125.000000  7.851101e-12
11175.000000  7.731571e-12
11225.000000  7.612041e-12
11275.000000  7.370338e-12
11325.000000  7.275756e-12
11375.000000  7.240781e-12
11425.000000  7.116991e-12
11475.000000  7.037037e-12
11525.000000  6.932501e-12
11575.000000  6.820915e-12
11625.000000  6.666673e-12
11675.000000  6.542821e-12
11725.000000  6.515250e-12
11775.000000  6.332801e-12
11825.000000  6.284734e-12
11875.000000  6.171908e-12
11925.000000  6.136337e-12
11975.000000  6.014386e-12
12025.000000  5.942145e-12
12075.000000  5.844545e-12
12125.000000  5.761048e-12
12175.000000  5.687799e-12
12225.000000  5.599266e-12
12275.000000  5.508718e-12
12325.000000  5.434345e-12
12375.000000  5.360030e-12
12425.000000  5.292767e-12
12475.000000  5.190133e-12
12525.000000  5.136796e-12
12575.000000  5.034104e-12
12625.000000  4.977921e-12
12675.000000  4.910598e-12
12725.000000  4.819931e-12
12775.000000  4.595162e-12
12825.000000  3.924049e-12
12875.000000  4.514863e-12
12925.000000  4.560608e-12
12975.000000  4.517407e-12
13025.000000  4.465256e-12
13075.000000  4.404988e-12
13125.000000  4.343654e-12
13175.000000  4.267151e-12
13225.000000  4.227029e-12
13275.000000  4.169724e-12
13325.000000  4.114375e-12
13375.000000  4.058137e-12
13425.000000  4.001723e-12
13475.000000  3.946492e-12
13525.000000  3.886107e-12
13575.000000  3.837810e-12
13625.000000  3.789630e-12
13675.000000  3.735289e-12
13725.000000  3.676803e-12
13775.000000  3.643732e-12
13825.000000  3.596501e-12
13875.000000  3.553358e-12
13925.000000  3.500915e-12
13975.000000  3.459787e-12
14025.000000  3.416527e-12
14075.000000  3.373326e-12
14125.000000  3.328052e-12
14175.000000  3.286806e-12
14225.000000  3.244613e-12
14275.000000  3.203368e-12
14325.000000  3.163130e-12
14375.000000  3.123958e-12
14425.000000  3.053268e-12
14475.000000  3.044491e-12
14525.000000  2.992049e-12
14570.000000  2.973083e-12
14620.000000  2.935751e-12
14675.000000  2.902623e-12
14725.000000  2.866357e-12
14775.000000  2.822091e-12
14825.000000  2.796014e-12
14875.000000  2.753705e-12
14925.000000  2.735745e-12
14975.000000  2.697465e-12
15025.000000  2.663213e-12
15075.000000  2.630086e-12
15125.000000  2.604958e-12
15175.000000  2.572780e-12
15225.000000  2.542675e-12
15275.000000  2.508482e-12
15325.000000  2.476304e-12
15375.000000  2.452126e-12
15425.000000  2.402823e-12
15475.000000  2.391799e-12
15525.000000  2.361636e-12
15575.000000  2.298345e-12
15625.000000  2.332421e-12
15675.000000  2.257041e-12
15725.000000  2.198730e-12
15775.000000  2.257933e-12
15825.000000  2.229841e-12
15875.000000  2.053840e-12
15925.000000  2.146344e-12
15975.000000  2.180596e-12
16050.000000  2.104092e-12
16150.000000  1.981364e-12
16250.000000  2.073038e-12
16350.000000  1.961275e-12
16450.000000  1.838489e-12
16550.000000  1.946339e-12
16650.000000  1.906161e-12
16750.000000  1.789301e-12
16850.000000  1.673568e-12
16950.000000  1.781418e-12
17050.000000  1.749182e-12
17150.000000  1.712083e-12
17250.000000  1.658633e-12
17350.000000  1.465329e-12
17450.000000  1.565061e-12
17550.000000  1.564171e-12
17650.000000  1.535015e-12
17750.000000  1.505858e-12
17850.000000  1.473680e-12
17950.000000  1.445531e-12
18050.000000  1.401206e-12
18150.000000  1.253176e-12
18250.000000  1.311605e-12
18350.000000  1.325826e-12
18450.000000  1.303721e-12
18550.000000  1.272493e-12
18650.000000  1.238240e-12
18750.000000  1.104256e-12
18850.000000  1.184906e-12
18950.000000  1.174891e-12
19050.000000  1.157823e-12
19150.000000  1.134712e-12
19250.000000  1.109586e-12
19350.000000  1.075334e-12
19450.000000  9.585045e-13
19550.000000  1.035037e-12
19650.000000  1.028097e-12
19750.000000  1.009981e-12
19850.000000  9.916992e-13
19950.000000  9.730915e-13
20050.000000  9.550883e-13
20150.000000  9.373872e-13
20250.000000  9.199767e-13
20350.000000  9.028743e-13
20450.000000  8.866844e-13
20550.000000  8.704944e-13
20650.000000  8.540914e-13
20750.000000  8.389030e-13
20850.000000  8.240168e-13
20950.000000  8.092256e-13
21050.000000  7.946358e-13
21150.000000  7.791338e-13
21250.000000  7.655630e-13
21350.000000  7.518799e-13
21450.000000  7.383032e-13
21550.000000  7.184572e-13
21650.000000  6.445377e-13
21750.000000  6.879622e-13
21850.000000  6.879025e-13
21950.000000  6.785571e-13
22050.000000  6.665808e-13
22150.000000  6.548059e-13
22250.000000  6.446603e-13
22350.000000  6.337920e-13
22450.000000  6.232319e-13
22550.000000  6.123578e-13
22650.000000  6.025086e-13
22750.000000  5.925529e-13
22850.000000  5.831899e-13
22950.000000  5.735306e-13
23050.000000  5.644815e-13
23150.000000  5.553258e-13
23250.000000  5.464782e-13
23350.000000  5.377196e-13
23450.000000  5.291684e-13
23550.000000  5.207238e-13
23650.000000  5.125697e-13
23750.000000  5.044214e-13
23850.000000  4.963798e-13
23950.000000  4.886345e-13
24050.000000  4.806819e-13
24150.000000  4.732388e-13
24250.000000  4.659972e-13
24350.000000  4.586548e-13
24450.000000  4.512176e-13
24550.000000  4.445688e-13
24650.000000  4.371316e-13
24750.000000  4.304886e-13
24850.000000  4.247464e-13
24950.000000  4.149921e-13
