2505.000000  2.339114e-11
2513.000000  1.639328e-11
2518.000000  1.691290e-11
2525.000000  1.351411e-11
2535.000000  1.214599e-11
2545.000000  1.271584e-11
2555.000000  1.745264e-11
2565.000000  1.512264e-11
2575.000000  1.858609e-11
2585.000000  1.769187e-11
2595.000000  1.627783e-11
2605.000000  1.424232e-11
2615.000000  1.297056e-11
2625.000000  1.781872e-11
2635.000000  2.192652e-11
2645.000000  3.017467e-11
2655.000000  3.282577e-11
2665.000000  2.409829e-11
2675.000000  2.787969e-11
2685.000000  2.753873e-11
2695.000000  2.456836e-11
2705.000000  2.750817e-11
2715.000000  2.318014e-11
2725.000000  2.338606e-11
2735.000000  2.595604e-11
2745.000000  1.472049e-11
2755.000000  1.778906e-11
2765.000000  2.088649e-11
2775.000000  2.573562e-11
2785.000000  1.935425e-11
2795.000000  6.792172e-12
2805.000000  9.150151e-12
2815.000000  2.518993e-11
2825.000000  3.217687e-11
2835.000000  3.008408e-11
2845.000000  2.854926e-11
2855.000000  2.366041e-11
2865.000000  3.094734e-11
2875.000000  3.046733e-11
2885.000000  3.055142e-11
2895.000000  2.876445e-11
2910.000000  3.601089e-11
2930.000000  3.311335e-11
2950.000000  3.263284e-11
2970.000000  3.580665e-11
2990.000000  3.585113e-11
3010.000000  3.768219e-11
3030.000000  3.703128e-11
3050.000000  3.713768e-11
3070.000000  3.790979e-11
3090.000000  3.944149e-11
3110.000000  3.791709e-11
3130.000000  3.741234e-11
3150.000000  3.906252e-11
3170.000000  3.878634e-11
3190.000000  3.539667e-11
3210.000000  3.764306e-11
3230.000000  3.446494e-11
3250.000000  3.765348e-11
3270.000000  3.949362e-11
3290.000000  3.931702e-11
3310.000000  4.060614e-11
3330.000000  3.963975e-11
3350.000000  3.911339e-11
3370.000000  3.794617e-11
3390.000000  3.892406e-11
3410.000000  3.913107e-11
3430.000000  3.944211e-11
3450.000000  3.966817e-11
3470.000000  3.902422e-11
3490.000000  3.906312e-11
3510.000000  4.028670e-11
3530.000000  3.970651e-11
3550.000000  4.217351e-11
3570.000000  3.883557e-11
3590.000000  3.862921e-11
3610.000000  3.907195e-11
3630.000000  3.951490e-11
3640.000000  3.888965e-11
3650.000000  4.181496e-11
3670.000000  4.104043e-11
3690.000000  3.948585e-11
3710.000000  4.282639e-11
3730.000000  4.441969e-11
3750.000000  5.488770e-11
3770.000000  5.967188e-11
3790.000000  7.163136e-11
3810.000000  8.258150e-11
3830.000000  6.551105e-11
3850.000000  8.925954e-11
3870.000000  9.899975e-11
3890.000000  6.332296e-11
3910.000000  9.615433e-11
3930.000000  6.899392e-11
3950.000000  9.173200e-11
3970.000000  5.283070e-11
3990.000000  9.712306e-11
4010.000000  1.067690e-10
4030.000000  1.061182e-10
4050.000000  1.045503e-10
4070.000000  1.015130e-10
4090.000000  8.772299e-11
4110.000000  6.993598e-11
4130.000000  9.939602e-11
4150.000000  1.054102e-10
4170.000000  1.038963e-10
4190.000000  1.035155e-10
4210.000000  1.032143e-10
4230.000000  9.991732e-11
4250.000000  1.016267e-10
4270.000000  9.683102e-11
4290.000000  9.773438e-11
4310.000000  8.971642e-11
4330.000000  7.677657e-11
4350.000000  6.627930e-11
4370.000000  9.460368e-11
4390.000000  9.510343e-11
4410.000000  9.368339e-11
4430.000000  9.204018e-11
4450.000000  9.368719e-11
4470.000000  9.402001e-11
4490.000000  9.289863e-11
4510.000000  9.707722e-11
4530.000000  9.135005e-11
4550.000000  9.076003e-11
4570.000000  9.463707e-11
4590.000000  8.977337e-11
4610.000000  9.208425e-11
4630.000000  8.919538e-11
4650.000000  9.007281e-11
4670.000000  9.043822e-11
4690.000000  8.648164e-11
4710.000000  8.298976e-11
4730.000000  8.741470e-11
4750.000000  8.750726e-11
4770.000000  8.579671e-11
4790.000000  8.522833e-11
4810.000000  8.334918e-11
4830.000000  8.090178e-11
4850.000000  6.538119e-11
4870.000000  5.281041e-11
4890.000000  7.579695e-11
4910.000000  7.852771e-11
4930.000000  7.733062e-11
4950.000000  7.944758e-11
4970.000000  7.993773e-11
4990.000000  7.566847e-11
5010.000000  7.250298e-11
5030.000000  7.533549e-11
5050.000000  7.405112e-11
5070.000000  7.594310e-11
5090.000000  7.439737e-11
5110.000000  7.458767e-11
5130.000000  7.253800e-11
5150.000000  7.066732e-11
5170.000000  6.965136e-11
5190.000000  6.873902e-11
5210.000000  6.911693e-11
5230.000000  6.890623e-11
5250.000000  6.981349e-11
5270.000000  6.421658e-11
5290.000000  6.816017e-11
5310.000000  6.741775e-11
5330.000000  6.423206e-11
5350.000000  6.673055e-11
5370.000000  6.629051e-11
5390.000000  6.537962e-11
5410.000000  6.363424e-11
5430.000000  6.430682e-11
5450.000000  6.501517e-11
5470.000000  6.389680e-11
5490.000000  6.334345e-11
5510.000000  6.286976e-11
5530.000000  6.251943e-11
5550.000000  6.243887e-11
5570.000000  6.137146e-11
5590.000000  6.060455e-11
5610.000000  6.079866e-11
5630.000000  6.072414e-11
5650.000000  5.990520e-11
5670.000000  5.869776e-11
5690.000000  5.895945e-11
5710.000000  5.836157e-11
5730.000000  5.938634e-11
5750.000000  5.798637e-11
5770.000000  5.788936e-11
5790.000000  5.703207e-11
5810.000000  5.691877e-11
5830.000000  5.674751e-11
5850.000000  5.592222e-11
5870.000000  5.561393e-11
5890.000000  5.406726e-11
5910.000000  5.468992e-11
5930.000000  5.422457e-11
5950.000000  5.383116e-11
5970.000000  5.352229e-11
5990.000000  5.276168e-11
6010.000000  5.180624e-11
6030.000000  5.181204e-11
6050.000000  5.162131e-11
6070.000000  5.158543e-11
6090.000000  5.075551e-11
6110.000000  5.004374e-11
6130.000000  4.896568e-11
6150.000000  4.815827e-11
6170.000000  4.789467e-11
6190.000000  4.887105e-11
6210.000000  4.857403e-11
6230.000000  4.768954e-11
6250.000000  4.604391e-11
6270.000000  4.751766e-11
6290.000000  4.720148e-11
6310.000000  4.603726e-11
6330.000000  4.597310e-11
6350.000000  4.528680e-11
6370.000000  4.505328e-11
6390.000000  4.506070e-11
6410.000000  4.415147e-11
6430.000000  4.421686e-11
6450.000000  4.323947e-11
6470.000000  4.339962e-11
6490.000000  4.243437e-11
6510.000000  4.242415e-11
6530.000000  4.139127e-11
6550.000000  3.662306e-11
6570.000000  2.946933e-11
6590.000000  3.922826e-11
6610.000000  4.082409e-11
6630.000000  4.097565e-11
6650.000000  4.077176e-11
6670.000000  4.030258e-11
6690.000000  4.034096e-11
6710.000000  3.995816e-11
6730.000000  3.973172e-11
6750.000000  3.902291e-11
6770.000000  3.924007e-11
6790.000000  3.886210e-11
6810.000000  3.857036e-11
6830.000000  3.820066e-11
6850.000000  3.783006e-11
6870.000000  3.776606e-11
6890.000000  3.751131e-11
6910.000000  3.718646e-11
6930.000000  3.686250e-11
6950.000000  3.663907e-11
6970.000000  3.631649e-11
6990.000000  3.614427e-11
7010.000000  3.529500e-11
7030.000000  3.541205e-11
7050.000000  3.526607e-11
7070.000000  3.502671e-11
7090.000000  3.477273e-11
7110.000000  3.373760e-11
7130.000000  3.394228e-11
7150.000000  3.378245e-11
7170.000000  3.347611e-11
7190.000000  3.308537e-11
7210.000000  3.304899e-11
7230.000000  3.275760e-11
7250.000000  3.246798e-11
7270.000000  3.250323e-11
7290.000000  3.190980e-11
7310.000000  3.186122e-11
7330.000000  3.168672e-11
7350.000000  3.159189e-11
7370.000000  3.142914e-11
7390.000000  3.089689e-11
7410.000000  3.046475e-11
7430.000000  3.020875e-11
7450.000000  3.015349e-11
7470.000000  2.984515e-11
7490.000000  2.976633e-11
7510.000000  2.970713e-11
7530.000000  2.955132e-11
7550.000000  2.951869e-11
7570.000000  2.918210e-11
7590.000000  2.905271e-11
7610.000000  2.880434e-11
7630.000000  2.866839e-11
7650.000000  2.836715e-11
7670.000000  2.788062e-11
7690.000000  2.786091e-11
7710.000000  2.769107e-11
7730.000000  2.761861e-11
7750.000000  2.732157e-11
7770.000000  2.668826e-11
7790.000000  2.717643e-11
7810.000000  2.690019e-11
7830.000000  2.652844e-11
7850.000000  2.624533e-11
7870.000000  2.621468e-11
7890.000000  2.595913e-11
7910.000000  2.569588e-11
7930.000000  2.540900e-11
7950.000000  2.528297e-11
7970.000000  2.550263e-11
7990.000000  2.507407e-11
8010.000000  2.504502e-11
8030.000000  2.477846e-11
8050.000000  2.469658e-11
8070.000000  2.453907e-11
8090.000000  2.431267e-11
8110.000000  2.432117e-11
8130.000000  2.421368e-11
8150.000000  2.402781e-11
8170.000000  2.386984e-11
8190.000000  2.320801e-11
8210.000000  2.310966e-11
8230.000000  2.300174e-11
8250.000000  2.292462e-11
8270.000000  2.312916e-11
8290.000000  2.293618e-11
8310.000000  2.266282e-11
8330.000000  2.230201e-11
8350.000000  2.243150e-11
8370.000000  2.235193e-11
8390.000000  2.206126e-11
8410.000000  2.199659e-11
8430.000000  2.174827e-11
8450.000000  2.128863e-11
8470.000000  2.113851e-11
8490.000000  2.137166e-11
8510.000000  1.994414e-11
8530.000000  2.123436e-11
8550.000000  1.799005e-11
8570.000000  2.149007e-11
8590.000000  2.014426e-11
8610.000000  1.961879e-11
8630.000000  2.136917e-11
8650.000000  2.066585e-11
8670.000000  1.670772e-11
8690.000000  2.038895e-11
8710.000000  2.131275e-11
8730.000000  2.064997e-11
8750.000000  1.698033e-11
8770.000000  1.997516e-11
8790.000000  2.106907e-11
8810.000000  2.104599e-11
8830.000000  2.038011e-11
8850.000000  1.881863e-11
8870.000000  1.628753e-11
8890.000000  1.980581e-11
8910.000000  2.044229e-11
8930.000000  2.036057e-11
8950.000000  2.050685e-11
8970.000000  2.012224e-11
8990.000000  1.943155e-11
9010.000000  1.593034e-11
9030.000000  1.744721e-11
9050.000000  1.939429e-11
9070.000000  1.919395e-11
9090.000000  1.887932e-11
9110.000000  1.931925e-11
9130.000000  1.946695e-11
9150.000000  1.945026e-11
9170.000000  1.915769e-11
9190.000000  1.872751e-11
9210.000000  1.754181e-11
9230.000000  1.416810e-11
9250.000000  1.687751e-11
9270.000000  1.779217e-11
9290.000000  1.848400e-11
9310.000000  1.851972e-11
9330.000000  1.838490e-11
9350.000000  1.834726e-11
9370.000000  1.828423e-11
9390.000000  1.801952e-11
9410.000000  1.721999e-11
9430.000000  1.765981e-11
9450.000000  1.755612e-11
9470.000000  1.759509e-11
9490.000000  1.743310e-11
9510.000000  1.696986e-11
9530.000000  1.582471e-11
9550.000000  1.302424e-11
9570.000000  1.584927e-11
9590.000000  1.663451e-11
9610.000000  1.659263e-11
9630.000000  1.635162e-11
9650.000000  1.655461e-11
9670.000000  1.626837e-11
9690.000000  1.618401e-11
9710.000000  1.647576e-11
9730.000000  1.634813e-11
9750.000000  1.605082e-11
9770.000000  1.617687e-11
9790.000000  1.605994e-11
9810.000000  1.598737e-11
9830.000000  1.584337e-11
9850.000000  1.564313e-11
9870.000000  1.554564e-11
9890.000000  1.536490e-11
9910.000000  1.527105e-11
9930.000000  1.532775e-11
9950.000000  1.519815e-11
9970.000000  1.512742e-11
9990.000000  1.496523e-11
10025.000000  1.379674e-11
10075.000000  1.311456e-11
10125.000000  1.424632e-11
10175.000000  1.420371e-11
10225.000000  1.411761e-11
10275.000000  1.396624e-11
10325.000000  1.367187e-11
10375.000000  1.350765e-11
10425.000000  1.331882e-11
10475.000000  1.290909e-11
10525.000000  1.282848e-11
10575.000000  1.269167e-11
10625.000000  1.253560e-11
10675.000000  1.208191e-11
10725.000000  1.207419e-11
10775.000000  1.192035e-11
10825.000000  1.170204e-11
10875.000000  1.145460e-11
10925.000000  9.920303e-12
10975.000000  1.067114e-11
11025.000000  1.115831e-11
11075.000000  1.110560e-11
11125.000000  1.091712e-11
11175.000000  1.077892e-11
11225.000000  1.067363e-11
11275.000000  1.028474e-11
11325.000000  1.017703e-11
11375.000000  1.015989e-11
11425.000000  9.926923e-12
11475.000000  9.983924e-12
11525.000000  9.862946e-12
11575.000000  9.697745e-12
11625.000000  9.416900e-12
11675.000000  9.239986e-12
11725.000000  9.349074e-12
11775.000000  9.004580e-12
11825.000000  8.977702e-12
11875.000000  8.789323e-12
11925.000000  8.901706e-12
11975.000000  8.630735e-12
12025.000000  8.603122e-12
12075.000000  8.456468e-12
12125.000000  8.362761e-12
12175.000000  8.306087e-12
12225.000000  8.177650e-12
12275.000000  8.065825e-12
12325.000000  7.968010e-12
12375.000000  7.883934e-12
12425.000000  7.810444e-12
12475.000000  7.689581e-12
12525.000000  7.570996e-12
12575.000000  7.428951e-12
12625.000000  7.379485e-12
12675.000000  7.300329e-12
12725.000000  7.200419e-12
12775.000000  6.915290e-12
12825.000000  5.947480e-12
12875.000000  6.786559e-12
12925.000000  6.832045e-12
12975.000000  6.787695e-12
13025.000000  6.716770e-12
13075.000000  6.658719e-12
13125.000000  6.550170e-12
13175.000000  6.442648e-12
13225.000000  6.415727e-12
13275.000000  6.324421e-12
13325.000000  6.262823e-12
13375.000000  6.182196e-12
13425.000000  6.112274e-12
13475.000000  6.040185e-12
13525.000000  5.947714e-12
13575.000000  5.858877e-12
13625.000000  5.821892e-12
13675.000000  5.737638e-12
13725.000000  5.611484e-12
13775.000000  5.590759e-12
13825.000000  5.537443e-12
13875.000000  5.505195e-12
13925.000000  5.398832e-12
13975.000000  5.352766e-12
14025.000000  5.290929e-12
14075.000000  5.247377e-12
14125.000000  5.162616e-12
14175.000000  5.120857e-12
14225.000000  5.041321e-12
14275.000000  4.969560e-12
14325.000000  4.940840e-12
14375.000000  4.904242e-12
14425.000000  4.706677e-12
14475.000000  4.774864e-12
14525.000000  4.648659e-12
14570.000000  4.665950e-12
14620.000000  4.597799e-12
14675.000000  4.563476e-12
14725.000000  4.484812e-12
14775.000000  4.419365e-12
14825.000000  4.391286e-12
14875.000000  4.315356e-12
14925.000000  4.335916e-12
14975.000000  4.261839e-12
15025.000000  4.199458e-12
15075.000000  4.137856e-12
15125.000000  4.133445e-12
15175.000000  4.093733e-12
15225.000000  4.036408e-12
15275.000000  3.993934e-12
15325.000000  3.941257e-12
15375.000000  3.912032e-12
15425.000000  3.811689e-12
15475.000000  3.815205e-12
15525.000000  3.781147e-12
15575.000000  3.663561e-12
15625.000000  3.746099e-12
15675.000000  3.617928e-12
15725.000000  3.513975e-12
15775.000000  3.589220e-12
15825.000000  3.575099e-12
15875.000000  3.258352e-12
15925.000000  3.458771e-12
15975.000000  3.501938e-12
16050.000000  3.387702e-12
16150.000000  3.184128e-12
16250.000000  3.344046e-12
16350.000000  3.169156e-12
16450.000000  2.957566e-12
16550.000000  3.141101e-12
16650.000000  3.085701e-12
16750.000000  2.904113e-12
16850.000000  2.703878e-12
16950.000000  2.892445e-12
17050.000000  2.820497e-12
17150.000000  2.777402e-12
17250.000000  2.675173e-12
17350.000000  2.368345e-12
17450.000000  2.529339e-12
17550.000000  2.533111e-12
17650.000000  2.484232e-12
17750.000000  2.442354e-12
17850.000000  2.390393e-12
17950.000000  2.355808e-12
18050.000000  2.276848e-12
18150.000000  2.040069e-12
18250.000000  2.139621e-12
18350.000000  2.160093e-12
18450.000000  2.119904e-12
18550.000000  2.069783e-12
18650.000000  2.016555e-12
18750.000000  1.791093e-12
18850.000000  1.928391e-12
18950.000000  1.895409e-12
19050.000000  1.892956e-12
19150.000000  1.853694e-12
19250.000000  1.814130e-12
19350.000000  1.758153e-12
19450.000000  1.567870e-12
19550.000000  1.696126e-12
19650.000000  1.682139e-12
19750.000000  1.648520e-12
19850.000000  1.624510e-12
19950.000000  1.594762e-12
20050.000000  1.567925e-12
20150.000000  1.541687e-12
20250.000000  1.509101e-12
20350.000000  1.477670e-12
20450.000000  1.459574e-12
20550.000000  1.431674e-12
20650.000000  1.401317e-12
20750.000000  1.377882e-12
20850.000000  1.354656e-12
20950.000000  1.329025e-12
21050.000000  1.306919e-12
21150.000000  1.279610e-12
21250.000000  1.258125e-12
21350.000000  1.236252e-12
21450.000000  1.217770e-12
21550.000000  1.186590e-12
21650.000000  1.062688e-12
21750.000000  1.135428e-12
21850.000000  1.133177e-12
21950.000000  1.120805e-12
22050.000000  1.096091e-12
22150.000000  1.078447e-12
22250.000000  1.065210e-12
22350.000000  1.047197e-12
22450.000000  1.029937e-12
22550.000000  1.006680e-12
22650.000000  9.938823e-13
22750.000000  9.791042e-13
22850.000000  9.622657e-13
22950.000000  9.453259e-13
23050.000000  9.335098e-13
23150.000000  9.173624e-13
23250.000000  9.044133e-13
23350.000000  8.891659e-13
23450.000000  8.758907e-13
23550.000000  8.621147e-13
23650.000000  8.492001e-13
23750.000000  8.333742e-13
23850.000000  8.209784e-13
23950.000000  8.090380e-13
24050.000000  7.955574e-13
24150.000000  7.826536e-13
24250.000000  7.718977e-13
24350.000000  7.582050e-13
24450.000000  7.474506e-13
24550.000000  7.347413e-13
24650.000000  7.244395e-13
24750.000000  7.126267e-13
24850.000000  7.020590e-13
24950.000000  6.857171e-13
