2505.000000  1.046468e-12
2513.000000  5.347995e-13
2518.000000  3.054899e-13
2525.000000  3.598397e-13
2535.000000  8.220485e-13
2545.000000  1.129722e-12
2555.000000  3.003852e-12
2565.000000  1.584759e-12
2575.000000  2.078487e-12
2585.000000  1.388877e-12
2595.000000  1.115241e-12
2605.000000  8.649350e-13
2615.000000  8.387316e-13
2625.000000  1.184471e-12
2635.000000  3.089696e-12
2645.000000  6.359476e-12
2655.000000  1.031563e-11
2665.000000  5.822602e-12
2675.000000  6.412969e-12
2685.000000  8.256309e-12
2695.000000  5.848599e-12
2705.000000  7.901424e-12
2715.000000  4.231182e-12
2725.000000  2.816782e-12
2735.000000  3.782615e-12
2745.000000  1.850709e-12
2755.000000  2.691639e-12
2765.000000  3.810805e-12
2775.000000  3.874783e-12
2785.000000  2.205695e-12
2795.000000  5.701589e-13
2805.000000  7.804688e-13
2815.000000  3.235179e-12
2825.000000  5.520773e-12
2835.000000  6.179775e-12
2845.000000  4.158020e-12
2855.000000  1.628355e-12
2865.000000  6.531500e-12
2875.000000  1.108591e-11
2885.000000  1.064138e-11
2895.000000  1.365131e-11
2910.000000  1.973514e-11
2930.000000  1.832357e-11
2950.000000  1.693808e-11
2970.000000  1.954716e-11
2990.000000  1.987597e-11
3010.000000  1.972948e-11
3030.000000  2.282050e-11
3050.000000  2.452869e-11
3070.000000  2.440621e-11
3090.000000  2.746846e-11
3110.000000  3.139625e-11
3130.000000  2.771083e-11
3150.000000  2.887895e-11
3170.000000  3.225725e-11
3190.000000  2.860759e-11
3210.000000  3.271609e-11
3230.000000  2.365574e-11
3250.000000  3.806114e-11
3270.000000  4.782408e-11
3290.000000  4.655081e-11
3310.000000  4.390831e-11
3330.000000  4.405666e-11
3350.000000  4.078683e-11
3370.000000  3.280362e-11
3390.000000  3.781025e-11
3410.000000  4.342957e-11
3430.000000  4.821184e-11
3450.000000  5.212085e-11
3470.000000  5.292814e-11
3490.000000  5.695596e-11
3510.000000  6.053247e-11
3530.000000  5.355252e-11
3550.000000  6.096801e-11
3570.000000  4.076555e-11
3590.000000  4.564774e-11
3610.000000  5.822217e-11
3630.000000  6.332505e-11
3640.000000  6.405011e-11
3650.000000  7.083557e-11
3670.000000  7.414342e-11
3690.000000  7.519314e-11
3710.000000  8.650761e-11
3730.000000  6.787712e-11
3750.000000  7.399155e-11
3770.000000  8.188888e-11
3790.000000  8.204627e-11
3810.000000  7.678885e-11
3830.000000  4.857364e-11
3850.000000  4.879023e-11
3870.000000  5.069873e-11
3890.000000  8.069075e-11
3910.000000  8.548847e-11
3930.000000  2.944745e-11
3950.000000  5.936286e-11
3970.000000  3.642184e-11
3990.000000  1.096544e-10
4010.000000  1.341479e-10
4030.000000  1.368010e-10
4050.000000  1.308977e-10
4070.000000  1.262692e-10
4090.000000  1.528916e-10
4110.000000  1.541297e-10
4130.000000  1.394736e-10
4150.000000  1.362032e-10
4170.000000  1.336660e-10
4190.000000  1.331671e-10
4210.000000  1.444718e-10
4230.000000  1.515083e-10
4250.000000  1.520631e-10
4270.000000  1.436161e-10
4290.000000  1.292597e-10
4310.000000  1.027006e-10
4330.000000  1.624282e-10
4350.000000  1.566150e-10
4370.000000  1.696765e-10
4390.000000  1.546883e-10
4410.000000  1.691674e-10
4430.000000  1.822048e-10
4450.000000  1.847095e-10
4470.000000  1.986838e-10
4490.000000  2.032984e-10
4510.000000  2.296488e-10
4530.000000  2.045960e-10
4550.000000  2.086181e-10
4570.000000  2.265667e-10
4590.000000  2.148705e-10
4610.000000  2.254260e-10
4630.000000  2.194582e-10
4650.000000  2.240347e-10
4670.000000  2.286246e-10
4690.000000  2.243685e-10
4710.000000  2.184165e-10
4730.000000  2.304541e-10
4750.000000  2.427615e-10
4770.000000  2.452850e-10
4790.000000  2.439608e-10
4810.000000  2.388076e-10
4830.000000  2.456243e-10
4850.000000  2.317268e-10
4870.000000  2.131280e-10
4890.000000  2.397506e-10
4910.000000  2.377806e-10
4930.000000  2.339725e-10
4950.000000  2.496794e-10
4970.000000  2.452375e-10
4990.000000  2.263114e-10
5010.000000  2.164184e-10
5030.000000  2.303872e-10
5050.000000  2.344798e-10
5070.000000  2.436465e-10
5090.000000  2.295844e-10
5110.000000  2.345889e-10
5130.000000  2.240370e-10
5150.000000  2.201541e-10
5170.000000  2.155433e-10
5190.000000  2.215507e-10
5210.000000  2.303951e-10
5230.000000  2.329463e-10
5250.000000  2.375514e-10
5270.000000  2.151260e-10
5290.000000  2.401492e-10
5310.000000  2.492521e-10
5330.000000  2.267592e-10
5350.000000  2.465024e-10
5370.000000  2.499994e-10
5390.000000  2.419280e-10
5410.000000  2.362361e-10
5430.000000  2.400716e-10
5450.000000  2.539892e-10
5470.000000  2.434664e-10
5490.000000  2.397573e-10
5510.000000  2.399533e-10
5530.000000  2.454087e-10
5550.000000  2.497516e-10
5570.000000  2.458320e-10
5590.000000  2.391341e-10
5610.000000  2.503327e-10
5630.000000  2.464707e-10
5650.000000  2.469470e-10
5670.000000  2.401579e-10
5690.000000  2.475406e-10
5710.000000  2.396157e-10
5730.000000  2.604619e-10
5750.000000  2.493194e-10
5770.000000  2.539203e-10
5790.000000  2.430356e-10
5810.000000  2.521806e-10
5830.000000  2.583884e-10
5850.000000  2.517150e-10
5870.000000  2.530096e-10
5890.000000  2.377720e-10
5910.000000  2.497883e-10
5930.000000  2.494553e-10
5950.000000  2.497333e-10
5970.000000  2.532064e-10
5990.000000  2.483939e-10
6010.000000  2.439795e-10
6030.000000  2.477252e-10
6050.000000  2.518496e-10
6070.000000  2.515186e-10
6090.000000  2.409639e-10
6110.000000  2.398782e-10
6130.000000  2.309066e-10
6150.000000  2.350110e-10
6170.000000  2.285157e-10
6190.000000  2.409928e-10
6210.000000  2.415431e-10
6230.000000  2.326285e-10
6250.000000  2.232650e-10
6270.000000  2.361352e-10
6290.000000  2.379601e-10
6310.000000  2.294684e-10
6330.000000  2.323858e-10
6350.000000  2.328345e-10
6370.000000  2.307978e-10
6390.000000  2.339957e-10
6410.000000  2.291714e-10
6430.000000  2.313623e-10
6450.000000  2.301701e-10
6470.000000  2.299149e-10
6490.000000  2.242184e-10
6510.000000  2.300841e-10
6530.000000  2.307747e-10
6550.000000  2.272562e-10
6570.000000  2.114072e-10
6590.000000  2.271676e-10
6610.000000  2.281532e-10
6630.000000  2.274751e-10
6650.000000  2.265409e-10
6670.000000  2.234251e-10
6690.000000  2.285838e-10
6710.000000  2.217871e-10
6730.000000  2.269198e-10
6750.000000  2.226951e-10
6770.000000  2.236844e-10
6790.000000  2.215798e-10
6810.000000  2.210580e-10
6830.000000  2.225757e-10
6850.000000  2.166127e-10
6870.000000  2.196283e-10
6890.000000  2.211022e-10
6910.000000  2.187040e-10
6930.000000  2.168948e-10
6950.000000  2.142011e-10
6970.000000  2.150071e-10
6990.000000  2.135199e-10
7010.000000  2.060508e-10
7030.000000  2.105150e-10
7050.000000  2.127807e-10
7070.000000  2.094847e-10
7090.000000  2.088618e-10
7110.000000  2.076044e-10
7130.000000  2.042172e-10
7150.000000  2.038276e-10
7170.000000  2.039753e-10
7190.000000  1.967073e-10
7210.000000  2.020528e-10
7230.000000  2.025247e-10
7250.000000  2.037663e-10
7270.000000  2.023027e-10
7290.000000  1.955260e-10
7310.000000  1.987139e-10
7330.000000  1.991194e-10
7350.000000  1.985825e-10
7370.000000  2.006820e-10
7390.000000  1.953338e-10
7410.000000  1.929546e-10
7430.000000  1.946948e-10
7450.000000  1.954747e-10
7470.000000  1.965918e-10
7490.000000  1.943633e-10
7510.000000  1.954430e-10
7530.000000  1.957218e-10
7550.000000  1.967795e-10
7570.000000  1.944337e-10
7590.000000  1.938858e-10
7610.000000  1.934674e-10
7630.000000  1.940314e-10
7650.000000  1.933521e-10
7670.000000  1.877949e-10
7690.000000  1.923256e-10
7710.000000  1.885369e-10
7730.000000  1.885503e-10
7750.000000  1.870226e-10
7770.000000  1.898256e-10
7790.000000  1.899082e-10
7810.000000  1.889432e-10
7830.000000  1.868783e-10
7850.000000  1.855884e-10
7870.000000  1.862137e-10
7890.000000  1.821947e-10
7910.000000  1.775632e-10
7930.000000  1.760475e-10
7950.000000  1.747314e-10
7970.000000  1.794490e-10
7990.000000  1.790879e-10
8010.000000  1.774737e-10
8030.000000  1.771282e-10
8050.000000  1.755055e-10
8070.000000  1.751914e-10
8090.000000  1.707278e-10
8110.000000  1.716725e-10
8130.000000  1.729004e-10
8150.000000  1.719006e-10
8170.000000  1.719937e-10
8190.000000  1.680711e-10
8210.000000  1.676614e-10
8230.000000  1.680854e-10
8250.000000  1.693196e-10
8270.000000  1.709222e-10
8290.000000  1.695861e-10
8310.000000  1.643853e-10
8330.000000  1.643481e-10
8350.000000  1.650148e-10
8370.000000  1.656546e-10
8390.000000  1.620781e-10
8410.000000  1.653539e-10
8430.000000  1.615535e-10
8450.000000  1.635025e-10
8470.000000  1.621753e-10
8490.000000  1.586185e-10
8510.000000  1.489502e-10
8530.000000  1.541380e-10
8550.000000  1.235785e-10
8570.000000  1.616356e-10
8590.000000  1.591356e-10
8610.000000  1.587992e-10
8630.000000  1.608109e-10
8650.000000  1.564509e-10
8670.000000  1.263619e-10
8690.000000  1.543569e-10
8710.000000  1.578196e-10
8730.000000  1.580436e-10
8750.000000  1.544325e-10
8770.000000  1.583529e-10
8790.000000  1.564365e-10
8810.000000  1.533345e-10
8830.000000  1.552658e-10
8850.000000  1.555603e-10
8870.000000  1.510925e-10
8890.000000  1.549597e-10
8910.000000  1.558529e-10
8930.000000  1.520655e-10
8950.000000  1.518811e-10
8970.000000  1.520104e-10
8990.000000  1.522294e-10
9010.000000  1.455706e-10
9030.000000  1.500023e-10
9050.000000  1.527145e-10
9070.000000  1.495023e-10
9090.000000  1.446309e-10
9110.000000  1.454249e-10
9130.000000  1.490775e-10
9150.000000  1.426184e-10
9170.000000  1.398758e-10
9190.000000  1.405817e-10
9210.000000  1.366570e-10
9230.000000  1.361703e-10
9250.000000  1.363962e-10
9270.000000  1.388475e-10
9290.000000  1.378657e-10
9310.000000  1.398712e-10
9330.000000  1.395212e-10
9350.000000  1.383598e-10
9370.000000  1.375804e-10
9390.000000  1.359258e-10
9410.000000  1.315540e-10
9430.000000  1.338449e-10
9450.000000  1.318320e-10
9470.000000  1.346494e-10
9490.000000  1.343743e-10
9510.000000  1.350280e-10
9530.000000  1.336273e-10
9550.000000  1.317354e-10
9570.000000  1.328634e-10
9590.000000  1.339198e-10
9610.000000  1.324833e-10
9630.000000  1.311324e-10
9650.000000  1.301723e-10
9670.000000  1.291689e-10
9690.000000  1.308168e-10
9710.000000  1.304719e-10
9730.000000  1.304443e-10
9750.000000  1.285927e-10
9770.000000  1.292167e-10
9790.000000  1.275040e-10
9810.000000  1.296945e-10
9830.000000  1.291844e-10
9850.000000  1.290568e-10
9870.000000  1.282813e-10
9890.000000  1.282296e-10
9910.000000  1.270413e-10
9930.000000  1.282827e-10
9950.000000  1.275383e-10
9970.000000  1.276349e-10
9990.000000  1.272953e-10
10025.000000  1.258842e-10
10075.000000  1.242294e-10
10125.000000  1.239605e-10
10175.000000  1.218544e-10
10225.000000  1.217979e-10
10275.000000  1.216777e-10
10325.000000  1.192038e-10
10375.000000  1.185147e-10
10425.000000  1.183314e-10
10475.000000  1.162776e-10
10525.000000  1.161860e-10
10575.000000  1.150207e-10
10625.000000  1.139676e-10
10675.000000  1.113364e-10
10725.000000  1.113918e-10
10775.000000  1.101864e-10
10825.000000  1.083964e-10
10875.000000  1.071799e-10
10925.000000  1.051014e-10
10975.000000  1.000935e-10
11025.000000  9.977780e-11
11075.000000  1.004707e-10
11125.000000  9.970947e-11
11175.000000  1.000824e-10
11225.000000  9.973991e-11
11275.000000  9.784668e-11
11325.000000  9.833875e-11
11375.000000  9.666109e-11
11425.000000  9.624696e-11
11475.000000  9.722552e-11
11525.000000  9.668663e-11
11575.000000  9.528390e-11
11625.000000  9.374625e-11
11675.000000  9.350491e-11
11725.000000  9.457474e-11
11775.000000  9.234296e-11
11825.000000  9.189965e-11
11875.000000  9.052189e-11
11925.000000  9.204719e-11
11975.000000  8.870822e-11
12025.000000  8.973281e-11
12075.000000  8.851687e-11
12125.000000  8.818272e-11
12175.000000  8.838060e-11
12225.000000  8.773478e-11
12275.000000  8.688847e-11
12325.000000  8.628078e-11
12375.000000  8.557828e-11
12425.000000  8.492414e-11
12475.000000  8.471589e-11
12525.000000  8.366228e-11
12575.000000  8.309236e-11
12625.000000  8.265608e-11
12675.000000  8.177327e-11
12725.000000  8.166558e-11
12775.000000  8.139582e-11
12825.000000  7.784570e-11
12875.000000  7.964265e-11
12925.000000  7.863558e-11
12975.000000  7.887765e-11
13025.000000  7.785356e-11
13075.000000  7.785958e-11
13125.000000  7.662476e-11
13175.000000  7.598504e-11
13225.000000  7.603851e-11
13275.000000  7.464895e-11
13325.000000  7.483466e-11
13375.000000  7.418054e-11
13425.000000  7.417346e-11
13475.000000  7.361475e-11
13525.000000  7.314735e-11
13575.000000  7.178860e-11
13625.000000  7.153201e-11
13675.000000  7.118888e-11
13725.000000  7.062853e-11
13775.000000  7.035145e-11
13825.000000  7.008683e-11
13875.000000  6.959614e-11
13925.000000  6.919761e-11
13975.000000  6.872189e-11
14025.000000  6.770873e-11
14075.000000  6.703358e-11
14125.000000  6.533435e-11
14175.000000  6.532699e-11
14225.000000  6.423178e-11
14275.000000  6.338290e-11
14325.000000  6.409975e-11
14375.000000  6.429696e-11
14425.000000  6.189292e-11
14475.000000  6.355818e-11
14525.000000  6.184866e-11
14570.000000  6.196624e-11
14620.000000  6.133293e-11
14675.000000  6.099020e-11
14725.000000  5.994947e-11
14775.000000  5.996218e-11
14825.000000  5.969662e-11
14875.000000  5.919716e-11
14925.000000  5.999215e-11
14975.000000  5.911225e-11
15025.000000  5.832647e-11
15075.000000  5.753302e-11
15125.000000  5.784112e-11
15175.000000  5.791991e-11
15225.000000  5.720428e-11
15275.000000  5.717985e-11
15325.000000  5.667438e-11
15375.000000  5.679222e-11
15425.000000  5.591750e-11
15475.000000  5.608811e-11
15525.000000  5.536440e-11
15575.000000  5.411825e-11
15625.000000  5.559575e-11
15675.000000  5.402179e-11
15725.000000  5.353817e-11
15775.000000  5.278382e-11
15825.000000  5.321333e-11
15875.000000  5.021252e-11
15925.000000  5.231853e-11
15975.000000  5.269524e-11
16050.000000  5.188776e-11
16150.000000  5.037816e-11
16250.000000  5.085218e-11
16350.000000  4.985923e-11
16450.000000  4.786190e-11
16550.000000  4.838986e-11
16650.000000  4.741308e-11
16750.000000  4.630617e-11
16850.000000  4.439146e-11
16950.000000  4.518631e-11
17050.000000  4.356542e-11
17150.000000  4.315960e-11
17250.000000  4.184370e-11
17350.000000  3.998930e-11
17450.000000  4.027913e-11
17550.000000  3.965495e-11
17650.000000  3.892074e-11
17750.000000  3.805059e-11
17850.000000  3.750800e-11
17950.000000  3.691036e-11
18050.000000  3.596963e-11
18150.000000  3.468883e-11
18250.000000  3.451650e-11
18350.000000  3.402095e-11
18450.000000  3.315730e-11
18550.000000  3.271794e-11
18650.000000  3.183327e-11
18750.000000  3.047885e-11
18850.000000  3.083000e-11
18950.000000  2.957846e-11
19050.000000  2.991189e-11
19150.000000  2.924109e-11
19250.000000  2.879879e-11
19350.000000  2.799699e-11
19450.000000  2.691713e-11
19550.000000  2.720203e-11
19650.000000  2.662182e-11
19750.000000  2.601262e-11
19850.000000  2.568084e-11
19950.000000  2.520491e-11
20050.000000  2.494759e-11
20150.000000  2.463483e-11
20250.000000  2.393742e-11
20350.000000  2.339635e-11
20450.000000  2.334060e-11
20550.000000  2.282593e-11
20650.000000  2.234116e-11
20750.000000  2.199513e-11
20850.000000  2.162468e-11
20950.000000  2.115037e-11
21050.000000  2.098341e-11
21150.000000  2.056767e-11
21250.000000  2.021311e-11
21350.000000  1.993694e-11
21450.000000  1.962492e-11
21550.000000  1.931101e-11
21650.000000  1.852155e-11
21750.000000  1.852343e-11
21850.000000  1.828011e-11
21950.000000  1.808526e-11
22050.000000  1.762969e-11
22150.000000  1.748114e-11
22250.000000  1.714589e-11
22350.000000  1.686891e-11
22450.000000  1.662053e-11
22550.000000  1.628215e-11
22650.000000  1.601803e-11
22750.000000  1.587650e-11
22850.000000  1.552842e-11
22950.000000  1.418694e-11
23050.000000  1.461235e-11
23150.000000  1.447327e-11
23250.000000  1.318773e-11
23350.000000  1.367322e-11
23450.000000  1.370639e-11
23550.000000  1.240031e-11
23650.000000  1.296698e-11
23750.000000  1.291658e-11
23850.000000  1.179350e-11
23950.000000  1.223483e-11
24050.000000  1.225880e-11
24150.000000  1.138878e-11
24250.000000  1.163437e-11
24350.000000  1.165045e-11
24450.000000  1.108272e-11
24550.000000  1.097417e-11
24650.000000  1.121279e-11
24750.000000  1.082958e-11
24850.000000  1.046256e-11
24950.000000  1.059411e-11
