2505.000000  3.187623e-11
2513.000000  2.286113e-11
2518.000000  2.299508e-11
2525.000000  1.895741e-11
2535.000000  1.704104e-11
2545.000000  1.776626e-11
2555.000000  2.380876e-11
2565.000000  2.146195e-11
2575.000000  2.624521e-11
2585.000000  2.536883e-11
2595.000000  2.384971e-11
2605.000000  2.108461e-11
2615.000000  1.912568e-11
2625.000000  2.599982e-11
2635.000000  3.092940e-11
2645.000000  4.104050e-11
2655.000000  4.449870e-11
2665.000000  3.365837e-11
2675.000000  3.843499e-11
2685.000000  3.854535e-11
2695.000000  3.380385e-11
2705.000000  3.761726e-11
2715.000000  3.200803e-11
2725.000000  3.249918e-11
2735.000000  3.603836e-11
2745.000000  2.176682e-11
2755.000000  2.603677e-11
2765.000000  2.999086e-11
2775.000000  3.618652e-11
2785.000000  2.810948e-11
2795.000000  1.000624e-11
2805.000000  1.352472e-11
2815.000000  3.619859e-11
2825.000000  4.421786e-11
2835.000000  4.139835e-11
2845.000000  3.904240e-11
2855.000000  3.207517e-11
2865.000000  4.212880e-11
2875.000000  4.168442e-11
2885.000000  4.152849e-11
2895.000000  3.945076e-11
2910.000000  4.864378e-11
2930.000000  4.509143e-11
2950.000000  4.447735e-11
2970.000000  4.814640e-11
2990.000000  4.818800e-11
3010.000000  5.017479e-11
3030.000000  4.949629e-11
3050.000000  4.986838e-11
3070.000000  5.086406e-11
3090.000000  5.244262e-11
3110.000000  5.065535e-11
3130.000000  5.012285e-11
3150.000000  5.202792e-11
3170.000000  5.197693e-11
3190.000000  4.766741e-11
3210.000000  5.031472e-11
3230.000000  4.636080e-11
3250.000000  5.030353e-11
3270.000000  5.279802e-11
3290.000000  5.270243e-11
3310.000000  5.423883e-11
3330.000000  5.302839e-11
3350.000000  5.234895e-11
3370.000000  5.084166e-11
3390.000000  5.200341e-11
3410.000000  5.209823e-11
3430.000000  5.273595e-11
3450.000000  5.288761e-11
3470.000000  5.212500e-11
3490.000000  5.232194e-11
3510.000000  5.375311e-11
3530.000000  5.283243e-11
3550.000000  5.596570e-11
3570.000000  5.177331e-11
3590.000000  5.139614e-11
3610.000000  5.204021e-11
3630.000000  5.258950e-11
3640.000000  5.187029e-11
3650.000000  5.563405e-11
3670.000000  5.463540e-11
3690.000000  5.258013e-11
3710.000000  5.647944e-11
3730.000000  5.790647e-11
3750.000000  7.034924e-11
3770.000000  7.587842e-11
3790.000000  8.934912e-11
3810.000000  1.016713e-10
3830.000000  8.158324e-11
3850.000000  1.091440e-10
3870.000000  1.190425e-10
3890.000000  7.983100e-11
3910.000000  1.165285e-10
3930.000000  8.708317e-11
3950.000000  1.126986e-10
3970.000000  6.838412e-11
3990.000000  1.178560e-10
4010.000000  1.279235e-10
4030.000000  1.274042e-10
4050.000000  1.255591e-10
4070.000000  1.220954e-10
4090.000000  1.077449e-10
4110.000000  8.727489e-11
4130.000000  1.201775e-10
4150.000000  1.260344e-10
4170.000000  1.245705e-10
4190.000000  1.237161e-10
4210.000000  1.235606e-10
4230.000000  1.199078e-10
4250.000000  1.217453e-10
4270.000000  1.175308e-10
4290.000000  1.173859e-10
4310.000000  1.086450e-10
4330.000000  9.550193e-11
4350.000000  8.337616e-11
4370.000000  1.148937e-10
4390.000000  1.150377e-10
4410.000000  1.134952e-10
4430.000000  1.122569e-10
4450.000000  1.133849e-10
4470.000000  1.136156e-10
4490.000000  1.127567e-10
4510.000000  1.169129e-10
4530.000000  1.108077e-10
4550.000000  1.101423e-10
4570.000000  1.142873e-10
4590.000000  1.093104e-10
4610.000000  1.115859e-10
4630.000000  1.086782e-10
4650.000000  1.094130e-10
4670.000000  1.098613e-10
4690.000000  1.059723e-10
4710.000000  1.019897e-10
4730.000000  1.066781e-10
4750.000000  1.066702e-10
4770.000000  1.050318e-10
4790.000000  1.041264e-10
4810.000000  1.023710e-10
4830.000000  9.949905e-11
4850.000000  8.276783e-11
4870.000000  6.784499e-11
4890.000000  9.397430e-11
4910.000000  9.683224e-11
4930.000000  9.542874e-11
4950.000000  9.751536e-11
4970.000000  9.807480e-11
4990.000000  9.359074e-11
5010.000000  9.038072e-11
5030.000000  9.354409e-11
5050.000000  9.202086e-11
5070.000000  9.383602e-11
5090.000000  9.203901e-11
5110.000000  9.217748e-11
5130.000000  9.007186e-11
5150.000000  8.801947e-11
5170.000000  8.643841e-11
5190.000000  8.549500e-11
5210.000000  8.599145e-11
5230.000000  8.581480e-11
5250.000000  8.705325e-11
5270.000000  8.089413e-11
5290.000000  8.511213e-11
5310.000000  8.454241e-11
5330.000000  8.083330e-11
5350.000000  8.347131e-11
5370.000000  8.266953e-11
5390.000000  8.181548e-11
5410.000000  7.986527e-11
5430.000000  8.057364e-11
5450.000000  8.109560e-11
5470.000000  7.994521e-11
5490.000000  7.946220e-11
5510.000000  7.899086e-11
5530.000000  7.837627e-11
5550.000000  7.847353e-11
5570.000000  7.702211e-11
5590.000000  7.612797e-11
5610.000000  7.620891e-11
5630.000000  7.624212e-11
5650.000000  7.537428e-11
5670.000000  7.405941e-11
5690.000000  7.425441e-11
5710.000000  7.347256e-11
5730.000000  7.444752e-11
5750.000000  7.302930e-11
5770.000000  7.283031e-11
5790.000000  7.195356e-11
5810.000000  7.174450e-11
5830.000000  7.148907e-11
5850.000000  7.048751e-11
5870.000000  7.010729e-11
5890.000000  6.833137e-11
5910.000000  6.905816e-11
5930.000000  6.851370e-11
5950.000000  6.809569e-11
5970.000000  6.768206e-11
5990.000000  6.687705e-11
6010.000000  6.594132e-11
6030.000000  6.569961e-11
6050.000000  6.555700e-11
6070.000000  6.536561e-11
6090.000000  6.448989e-11
6110.000000  6.371140e-11
6130.000000  6.243493e-11
6150.000000  6.168580e-11
6170.000000  6.122257e-11
6190.000000  6.217606e-11
6210.000000  6.183782e-11
6230.000000  6.083103e-11
6250.000000  5.912482e-11
6270.000000  6.049997e-11
6290.000000  6.011268e-11
6310.000000  5.889068e-11
6330.000000  5.874018e-11
6350.000000  5.808852e-11
6370.000000  5.772805e-11
6390.000000  5.765214e-11
6410.000000  5.661294e-11
6430.000000  5.659892e-11
6450.000000  5.562055e-11
6470.000000  5.559379e-11
6490.000000  5.456273e-11
6510.000000  5.448903e-11
6530.000000  5.332117e-11
6550.000000  4.784091e-11
6570.000000  3.904329e-11
6590.000000  5.080502e-11
6610.000000  5.255782e-11
6630.000000  5.269457e-11
6650.000000  5.244926e-11
6670.000000  5.194439e-11
6690.000000  5.195229e-11
6710.000000  5.147043e-11
6730.000000  5.120253e-11
6750.000000  5.046706e-11
6770.000000  5.054644e-11
6790.000000  5.011802e-11
6810.000000  4.975431e-11
6830.000000  4.934789e-11
6850.000000  4.887905e-11
6870.000000  4.875046e-11
6890.000000  4.844740e-11
6910.000000  4.807772e-11
6930.000000  4.770580e-11
6950.000000  4.739107e-11
6970.000000  4.703307e-11
6990.000000  4.678890e-11
7010.000000  4.593357e-11
7030.000000  4.593444e-11
7050.000000  4.575354e-11
7070.000000  4.543695e-11
7090.000000  4.512914e-11
7110.000000  4.406791e-11
7130.000000  4.419266e-11
7150.000000  4.395896e-11
7170.000000  4.360024e-11
7190.000000  4.312149e-11
7210.000000  4.303956e-11
7230.000000  4.272030e-11
7250.000000  4.243898e-11
7270.000000  4.236103e-11
7290.000000  4.169432e-11
7310.000000  4.161271e-11
7330.000000  4.134361e-11
7350.000000  4.123065e-11
7370.000000  4.099718e-11
7390.000000  4.041071e-11
7410.000000  3.987640e-11
7430.000000  3.967811e-11
7450.000000  3.953927e-11
7470.000000  3.920621e-11
7490.000000  3.903014e-11
7510.000000  3.891558e-11
7530.000000  3.872561e-11
7550.000000  3.862488e-11
7570.000000  3.825202e-11
7590.000000  3.804707e-11
7610.000000  3.775478e-11
7630.000000  3.756070e-11
7650.000000  3.722730e-11
7670.000000  3.668614e-11
7690.000000  3.664361e-11
7710.000000  3.637848e-11
7730.000000  3.628234e-11
7750.000000  3.591196e-11
7770.000000  3.520707e-11
7790.000000  3.569905e-11
7810.000000  3.538248e-11
7830.000000  3.496206e-11
7850.000000  3.465677e-11
7870.000000  3.457065e-11
7890.000000  3.429323e-11
7910.000000  3.402173e-11
7930.000000  3.359861e-11
7950.000000  3.346508e-11
7970.000000  3.362305e-11
7990.000000  3.320434e-11
8010.000000  3.306707e-11
8030.000000  3.279694e-11
8050.000000  3.263004e-11
8070.000000  3.246755e-11
8090.000000  3.216838e-11
8110.000000  3.213430e-11
8130.000000  3.198059e-11
8150.000000  3.175100e-11
8170.000000  3.154653e-11
8190.000000  3.081610e-11
8210.000000  3.076167e-11
8230.000000  3.056488e-11
8250.000000  3.044630e-11
8270.000000  3.060983e-11
8290.000000  3.038273e-11
8310.000000  3.005925e-11
8330.000000  2.961132e-11
8350.000000  2.974678e-11
8370.000000  2.962972e-11
8390.000000  2.926740e-11
8410.000000  2.919885e-11
8430.000000  2.891565e-11
8450.000000  2.840450e-11
8470.000000  2.820706e-11
8490.000000  2.843147e-11
8510.000000  2.680552e-11
8530.000000  2.820581e-11
8550.000000  2.454478e-11
8570.000000  2.838661e-11
8590.000000  2.694856e-11
8610.000000  2.633664e-11
8630.000000  2.815059e-11
8650.000000  2.738676e-11
8670.000000  2.287971e-11
8690.000000  2.703420e-11
8710.000000  2.793370e-11
8730.000000  2.721636e-11
8750.000000  2.306982e-11
8770.000000  2.643053e-11
8790.000000  2.750672e-11
8810.000000  2.741445e-11
8830.000000  2.679387e-11
8850.000000  2.509606e-11
8870.000000  2.210231e-11
8890.000000  2.609739e-11
8910.000000  2.669233e-11
8930.000000  2.658313e-11
8950.000000  2.669520e-11
8970.000000  2.631627e-11
8990.000000  2.555949e-11
9010.000000  2.150146e-11
9030.000000  2.334751e-11
9050.000000  2.543852e-11
9070.000000  2.517539e-11
9090.000000  2.477641e-11
9110.000000  2.526819e-11
9130.000000  2.543001e-11
9150.000000  2.534649e-11
9170.000000  2.504047e-11
9190.000000  2.459767e-11
9210.000000  2.327188e-11
9230.000000  1.930090e-11
9250.000000  2.251365e-11
9270.000000  2.352439e-11
9290.000000  2.418553e-11
9310.000000  2.419118e-11
9330.000000  2.404562e-11
9350.000000  2.396080e-11
9370.000000  2.387284e-11
9390.000000  2.362038e-11
9410.000000  2.271817e-11
9430.000000  2.317135e-11
9450.000000  2.305333e-11
9470.000000  2.305827e-11
9490.000000  2.285079e-11
9510.000000  2.235048e-11
9530.000000  2.108957e-11
9550.000000  1.773694e-11
9570.000000  2.109337e-11
9590.000000  2.191950e-11
9610.000000  2.185627e-11
9630.000000  2.162935e-11
9650.000000  2.178404e-11
9670.000000  2.147338e-11
9690.000000  2.142833e-11
9710.000000  2.162959e-11
9730.000000  2.149201e-11
9750.000000  2.117742e-11
9770.000000  2.125141e-11
9790.000000  2.111596e-11
9810.000000  2.102083e-11
9830.000000  2.087117e-11
9850.000000  2.065549e-11
9870.000000  2.052629e-11
9890.000000  2.031897e-11
9910.000000  2.021390e-11
9930.000000  2.021277e-11
9950.000000  2.007882e-11
9970.000000  1.996858e-11
9990.000000  1.977262e-11
10025.000000  1.844203e-11
10075.000000  1.760923e-11
10125.000000  1.892483e-11
10175.000000  1.882133e-11
10225.000000  1.868131e-11
10275.000000  1.847362e-11
10325.000000  1.811997e-11
10375.000000  1.791480e-11
10425.000000  1.768321e-11
10475.000000  1.722145e-11
10525.000000  1.711513e-11
10575.000000  1.690190e-11
10625.000000  1.667920e-11
10675.000000  1.614588e-11
10725.000000  1.612285e-11
10775.000000  1.593210e-11
10825.000000  1.564431e-11
10875.000000  1.533528e-11
10925.000000  1.348599e-11
10975.000000  1.439777e-11
11025.000000  1.493056e-11
11075.000000  1.485718e-11
11125.000000  1.463015e-11
11175.000000  1.444441e-11
11225.000000  1.430689e-11
11275.000000  1.387247e-11
11325.000000  1.372253e-11
11375.000000  1.367265e-11
11425.000000  1.339501e-11
11475.000000  1.341828e-11
11525.000000  1.326040e-11
11575.000000  1.306009e-11
11625.000000  1.272573e-11
11675.000000  1.250793e-11
11725.000000  1.260586e-11
11775.000000  1.218951e-11
11825.000000  1.214713e-11
11875.000000  1.191462e-11
11925.000000  1.201413e-11
11975.000000  1.168254e-11
12025.000000  1.164123e-11
12075.000000  1.146188e-11
12125.000000  1.134066e-11
12175.000000  1.126500e-11
12225.000000  1.110979e-11
12275.000000  1.095188e-11
12325.000000  1.083134e-11
12375.000000  1.071363e-11
12425.000000  1.060856e-11
12475.000000  1.046747e-11
12525.000000  1.031391e-11
12575.000000  1.014001e-11
12625.000000  1.005698e-11
12675.000000  9.951644e-12
12725.000000  9.812202e-12
12775.000000  9.450483e-12
12825.000000  8.207583e-12
12875.000000  9.284435e-12
12925.000000  9.342944e-12
12975.000000  9.283277e-12
13025.000000  9.188051e-12
13075.000000  9.105668e-12
13125.000000  8.964706e-12
13175.000000  8.834837e-12
13225.000000  8.788976e-12
13275.000000  8.670736e-12
13325.000000  8.585920e-12
13375.000000  8.482921e-12
13425.000000  8.393283e-12
13475.000000  8.296602e-12
13525.000000  8.179750e-12
13575.000000  8.066534e-12
13625.000000  8.012958e-12
13675.000000  7.906519e-12
13725.000000  7.746414e-12
13775.000000  7.711452e-12
13825.000000  7.634720e-12
13875.000000  7.586010e-12
13925.000000  7.460545e-12
13975.000000  7.392566e-12
14025.000000  7.308475e-12
14075.000000  7.247932e-12
14125.000000  7.139094e-12
14175.000000  7.082829e-12
14225.000000  6.975215e-12
14275.000000  6.882781e-12
14325.000000  6.845615e-12
14375.000000  6.788617e-12
14425.000000  6.547292e-12
14475.000000  6.624339e-12
14525.000000  6.468073e-12
14570.000000  6.475669e-12
14620.000000  6.388236e-12
14675.000000  6.338947e-12
14725.000000  6.239583e-12
14775.000000  6.154261e-12
14825.000000  6.111790e-12
14875.000000  6.007477e-12
14925.000000  6.028761e-12
14975.000000  5.936502e-12
15025.000000  5.845207e-12
15075.000000  5.771658e-12
15125.000000  5.761556e-12
15175.000000  5.706107e-12
15225.000000  5.628124e-12
15275.000000  5.570972e-12
15325.000000  5.503226e-12
15375.000000  5.458456e-12
15425.000000  5.335648e-12
15475.000000  5.330084e-12
15525.000000  5.282168e-12
15575.000000  5.138876e-12
15625.000000  5.225013e-12
15675.000000  5.067381e-12
15725.000000  4.935844e-12
15775.000000  5.014179e-12
15825.000000  4.990722e-12
15875.000000  4.598913e-12
15925.000000  4.838102e-12
15975.000000  4.882991e-12
16050.000000  4.733912e-12
16150.000000  4.468392e-12
16250.000000  4.661123e-12
16350.000000  4.428881e-12
16450.000000  4.147183e-12
16550.000000  4.383760e-12
16650.000000  4.300697e-12
16750.000000  4.054282e-12
16850.000000  3.784949e-12
16950.000000  4.034431e-12
17050.000000  3.940788e-12
17150.000000  3.874723e-12
17250.000000  3.737030e-12
17350.000000  3.317167e-12
17450.000000  3.535208e-12
17550.000000  3.539520e-12
17650.000000  3.470692e-12
17750.000000  3.412313e-12
17850.000000  3.341263e-12
17950.000000  3.286882e-12
18050.000000  3.182146e-12
18150.000000  2.853938e-12
18250.000000  2.989629e-12
18350.000000  3.015112e-12
18450.000000  2.959083e-12
18550.000000  2.893620e-12
18650.000000  2.816008e-12
18750.000000  2.503917e-12
18850.000000  2.693042e-12
18950.000000  2.650845e-12
19050.000000  2.641681e-12
19150.000000  2.588027e-12
19250.000000  2.533247e-12
19350.000000  2.454923e-12
19450.000000  2.194190e-12
19550.000000  2.366980e-12
19650.000000  2.348851e-12
19750.000000  2.302662e-12
19850.000000  2.268593e-12
19950.000000  2.226798e-12
20050.000000  2.189061e-12
20150.000000  2.151816e-12
20250.000000  2.107597e-12
20350.000000  2.064147e-12
20450.000000  2.037100e-12
20550.000000  1.999003e-12
20650.000000  1.957471e-12
20750.000000  1.925236e-12
20850.000000  1.892480e-12
20950.000000  1.855999e-12
21050.000000  1.825561e-12
21150.000000  1.788884e-12
21250.000000  1.758027e-12
21350.000000  1.728075e-12
21450.000000  1.700755e-12
21550.000000  1.657041e-12
21650.000000  1.488320e-12
21750.000000  1.587020e-12
21850.000000  1.582736e-12
21950.000000  1.565049e-12
22050.000000  1.532167e-12
22150.000000  1.507360e-12
22250.000000  1.487473e-12
22350.000000  1.462651e-12
22450.000000  1.438541e-12
22550.000000  1.407292e-12
22650.000000  1.388945e-12
22750.000000  1.367681e-12
22850.000000  1.344277e-12
22950.000000  1.321822e-12
23050.000000  1.304172e-12
23150.000000  1.281916e-12
23250.000000  1.263193e-12
23350.000000  1.241988e-12
23450.000000  1.223529e-12
23550.000000  1.204157e-12
23650.000000  1.185846e-12
23750.000000  1.164688e-12
23850.000000  1.146938e-12
23950.000000  1.130182e-12
24050.000000  1.111772e-12
24150.000000  1.093957e-12
24250.000000  1.078531e-12
24350.000000  1.059926e-12
24450.000000  1.044752e-12
24550.000000  1.027213e-12
24650.000000  1.012731e-12
24750.000000  9.964026e-13
24850.000000  9.812360e-13
24950.000000  9.609712e-13
