2505.000000  2.747518e-11
2513.000000  1.466888e-11
2518.000000  1.153295e-11
2525.000000  1.035670e-11
2535.000000  1.066747e-11
2545.000000  1.249592e-11
2555.000000  2.176580e-11
2565.000000  1.881089e-11
2575.000000  2.501004e-11
2585.000000  2.280945e-11
2595.000000  2.058235e-11
2605.000000  1.698232e-11
2615.000000  1.518640e-11
2625.000000  2.222668e-11
2635.000000  3.457490e-11
2645.000000  4.800419e-11
2655.000000  5.755469e-11
2665.000000  3.850857e-11
2675.000000  4.509431e-11
2685.000000  4.856559e-11
2695.000000  3.860712e-11
2705.000000  4.612337e-11
2715.000000  3.506363e-11
2725.000000  3.357714e-11
2735.000000  3.830468e-11
2745.000000  1.931993e-11
2755.000000  2.624594e-11
2765.000000  3.380500e-11
2775.000000  3.951881e-11
2785.000000  2.289596e-11
2795.000000  7.490862e-12
2805.000000  9.923009e-12
2815.000000  3.621590e-11
2825.000000  5.364562e-11
2835.000000  5.067130e-11
2845.000000  4.336619e-11
2855.000000  2.513970e-11
2865.000000  5.163622e-11
2875.000000  5.665616e-11
2885.000000  5.205207e-11
2895.000000  5.436486e-11
2910.000000  6.974004e-11
2930.000000  6.264031e-11
2950.000000  6.159179e-11
2970.000000  6.806137e-11
2990.000000  6.722079e-11
3010.000000  7.128582e-11
3030.000000  7.089829e-11
3050.000000  7.296175e-11
3070.000000  7.332957e-11
3090.000000  7.485380e-11
3110.000000  7.446567e-11
3130.000000  7.352590e-11
3150.000000  7.257923e-11
3170.000000  7.517712e-11
3190.000000  6.784653e-11
3210.000000  7.422727e-11
3230.000000  6.426764e-11
3250.000000  7.609235e-11
3270.000000  8.385635e-11
3290.000000  8.191030e-11
3310.000000  8.346978e-11
3330.000000  8.249825e-11
3350.000000  8.110085e-11
3370.000000  7.337750e-11
3390.000000  7.890857e-11
3410.000000  7.912537e-11
3430.000000  8.008613e-11
3450.000000  8.235491e-11
3470.000000  8.206394e-11
3490.000000  8.425454e-11
3510.000000  8.680612e-11
3530.000000  8.309333e-11
3550.000000  9.217594e-11
3570.000000  7.986350e-11
3590.000000  7.902532e-11
3610.000000  8.177595e-11
3630.000000  8.236047e-11
3640.000000  8.200225e-11
3650.000000  9.084668e-11
3670.000000  8.968785e-11
3690.000000  8.722987e-11
3710.000000  9.073611e-11
3730.000000  8.423178e-11
3750.000000  9.443536e-11
3770.000000  1.030783e-10
3790.000000  1.137406e-10
3810.000000  1.238042e-10
3830.000000  9.487511e-11
3850.000000  1.247455e-10
3870.000000  1.302305e-10
3890.000000  1.068293e-10
3910.000000  1.305816e-10
3930.000000  8.053495e-11
3950.000000  1.203852e-10
3970.000000  8.067516e-11
3990.000000  1.391348e-10
4010.000000  1.475647e-10
4030.000000  1.475456e-10
4050.000000  1.442644e-10
4070.000000  1.421096e-10
4090.000000  1.412417e-10
4110.000000  1.248225e-10
4130.000000  1.471904e-10
4150.000000  1.519540e-10
4170.000000  1.501069e-10
4190.000000  1.476637e-10
4210.000000  1.473581e-10
4230.000000  1.415710e-10
4250.000000  1.454593e-10
4270.000000  1.404087e-10
4290.000000  1.340392e-10
4310.000000  1.207960e-10
4330.000000  1.319392e-10
4350.000000  1.202528e-10
4370.000000  1.469422e-10
4390.000000  1.409851e-10
4410.000000  1.428812e-10
4430.000000  1.434707e-10
4450.000000  1.431876e-10
4470.000000  1.461036e-10
4490.000000  1.457189e-10
4510.000000  1.541870e-10
4530.000000  1.435815e-10
4550.000000  1.450944e-10
4570.000000  1.519238e-10
4590.000000  1.445925e-10
4610.000000  1.475601e-10
4630.000000  1.446784e-10
4650.000000  1.459365e-10
4670.000000  1.480076e-10
4690.000000  1.440248e-10
4710.000000  1.382593e-10
4730.000000  1.448793e-10
4750.000000  1.455230e-10
4770.000000  1.443544e-10
4790.000000  1.434395e-10
4810.000000  1.418379e-10
4830.000000  1.412244e-10
4850.000000  1.266956e-10
4870.000000  1.083753e-10
4890.000000  1.342352e-10
4910.000000  1.352723e-10
4930.000000  1.330453e-10
4950.000000  1.365637e-10
4970.000000  1.376773e-10
4990.000000  1.300820e-10
5010.000000  1.255465e-10
5030.000000  1.312088e-10
5050.000000  1.301676e-10
5070.000000  1.336444e-10
5090.000000  1.301393e-10
5110.000000  1.311681e-10
5130.000000  1.281498e-10
5150.000000  1.249690e-10
5170.000000  1.202721e-10
5190.000000  1.192273e-10
5210.000000  1.232328e-10
5230.000000  1.239544e-10
5250.000000  1.260353e-10
5270.000000  1.153211e-10
5290.000000  1.239181e-10
5310.000000  1.250140e-10
5330.000000  1.172082e-10
5350.000000  1.225632e-10
5370.000000  1.219216e-10
5390.000000  1.207399e-10
5410.000000  1.173367e-10
5430.000000  1.194935e-10
5450.000000  1.209086e-10
5470.000000  1.190106e-10
5490.000000  1.181548e-10
5510.000000  1.180232e-10
5530.000000  1.176717e-10
5550.000000  1.182980e-10
5570.000000  1.156461e-10
5590.000000  1.140537e-10
5610.000000  1.152406e-10
5630.000000  1.156029e-10
5650.000000  1.145794e-10
5670.000000  1.122976e-10
5690.000000  1.130969e-10
5710.000000  1.116573e-10
5730.000000  1.150122e-10
5750.000000  1.122718e-10
5770.000000  1.125425e-10
5790.000000  1.107143e-10
5810.000000  1.112817e-10
5830.000000  1.115027e-10
5850.000000  1.096247e-10
5870.000000  1.093524e-10
5890.000000  1.054029e-10
5910.000000  1.079745e-10
5930.000000  1.073063e-10
5950.000000  1.070757e-10
5970.000000  1.065739e-10
5990.000000  1.054887e-10
6010.000000  1.040560e-10
6030.000000  1.036710e-10
6050.000000  1.043589e-10
6070.000000  1.039619e-10
6090.000000  1.022730e-10
6110.000000  1.010831e-10
6130.000000  9.854381e-11
6150.000000  9.831308e-11
6170.000000  9.669932e-11
6190.000000  9.938990e-11
6210.000000  9.915928e-11
6230.000000  9.726103e-11
6250.000000  9.443068e-11
6270.000000  9.724617e-11
6290.000000  9.699406e-11
6310.000000  9.465736e-11
6330.000000  9.467055e-11
6350.000000  9.417557e-11
6370.000000  9.360529e-11
6390.000000  9.373663e-11
6410.000000  9.185863e-11
6430.000000  9.221148e-11
6450.000000  9.092371e-11
6470.000000  9.072900e-11
6490.000000  8.926815e-11
6510.000000  8.998186e-11
6530.000000  8.906024e-11
6550.000000  8.347690e-11
6570.000000  7.109050e-11
6590.000000  8.604456e-11
6610.000000  8.775342e-11
6630.000000  8.748260e-11
6650.000000  8.708672e-11
6670.000000  8.614770e-11
6690.000000  8.652873e-11
6710.000000  8.543803e-11
6730.000000  8.541530e-11
6750.000000  8.430299e-11
6770.000000  8.430977e-11
6790.000000  8.373159e-11
6810.000000  8.309842e-11
6830.000000  8.285422e-11
6850.000000  8.173414e-11
6870.000000  8.186552e-11
6890.000000  8.148989e-11
6910.000000  8.090501e-11
6930.000000  8.041120e-11
6950.000000  8.000738e-11
6970.000000  7.959003e-11
6990.000000  7.922389e-11
7010.000000  7.741695e-11
7030.000000  7.789374e-11
7050.000000  7.776021e-11
7070.000000  7.716645e-11
7090.000000  7.669720e-11
7110.000000  7.571826e-11
7130.000000  7.538395e-11
7150.000000  7.492708e-11
7170.000000  7.438601e-11
7190.000000  7.322956e-11
7210.000000  7.358485e-11
7230.000000  7.317530e-11
7250.000000  7.305036e-11
7270.000000  7.281427e-11
7290.000000  7.139049e-11
7310.000000  7.168701e-11
7330.000000  7.129356e-11
7350.000000  7.123217e-11
7370.000000  7.091120e-11
7390.000000  6.960648e-11
7410.000000  6.866180e-11
7430.000000  6.879806e-11
7450.000000  6.864942e-11
7470.000000  6.855904e-11
7490.000000  6.799134e-11
7510.000000  6.784776e-11
7530.000000  6.758186e-11
7550.000000  6.749236e-11
7570.000000  6.679975e-11
7590.000000  6.651078e-11
7610.000000  6.600694e-11
7630.000000  6.591244e-11
7650.000000  6.539755e-11
7670.000000  6.418761e-11
7690.000000  6.450922e-11
7710.000000  6.396849e-11
7730.000000  6.385082e-11
7750.000000  6.311316e-11
7770.000000  6.265459e-11
7790.000000  6.314216e-11
7810.000000  6.263617e-11
7830.000000  6.192945e-11
7850.000000  6.158429e-11
7870.000000  6.163362e-11
7890.000000  6.125291e-11
7910.000000  6.067604e-11
7930.000000  5.965052e-11
7950.000000  5.965787e-11
7970.000000  6.003518e-11
7990.000000  5.967586e-11
8010.000000  5.908338e-11
8030.000000  5.871663e-11
8050.000000  5.832357e-11
8070.000000  5.832232e-11
8090.000000  5.760075e-11
8110.000000  5.774397e-11
8130.000000  5.760804e-11
8150.000000  5.718520e-11
8170.000000  5.685935e-11
8190.000000  5.545795e-11
8210.000000  5.542161e-11
8230.000000  5.515003e-11
8250.000000  5.506904e-11
8270.000000  5.537830e-11
8290.000000  5.498728e-11
8310.000000  5.421262e-11
8330.000000  5.361547e-11
8350.000000  5.381980e-11
8370.000000  5.380027e-11
8390.000000  5.308189e-11
8410.000000  5.322473e-11
8430.000000  5.251219e-11
8450.000000  5.198391e-11
8470.000000  5.180794e-11
8490.000000  5.134514e-11
8510.000000  4.907042e-11
8530.000000  5.065151e-11
8550.000000  4.413522e-11
8570.000000  5.114107e-11
8590.000000  4.983268e-11
8610.000000  4.932386e-11
8630.000000  5.036923e-11
8650.000000  4.947668e-11
8670.000000  4.282982e-11
8690.000000  4.847830e-11
8710.000000  4.934563e-11
8730.000000  4.874442e-11
8750.000000  4.532373e-11
8770.000000  4.814198e-11
8790.000000  4.846024e-11
8810.000000  4.788396e-11
8830.000000  4.766951e-11
8850.000000  4.641332e-11
8870.000000  4.333811e-11
8890.000000  4.696597e-11
8910.000000  4.719047e-11
8930.000000  4.660551e-11
8950.000000  4.673990e-11
8970.000000  4.645065e-11
8990.000000  4.596162e-11
9010.000000  4.154533e-11
9030.000000  4.388334e-11
9050.000000  4.559212e-11
9070.000000  4.470454e-11
9090.000000  4.373737e-11
9110.000000  4.441587e-11
9130.000000  4.489885e-11
9150.000000  4.469373e-11
9170.000000  4.434642e-11
9190.000000  4.407700e-11
9210.000000  4.255777e-11
9230.000000  3.832745e-11
9250.000000  4.159442e-11
9270.000000  4.252465e-11
9290.000000  4.300970e-11
9310.000000  4.295939e-11
9330.000000  4.266547e-11
9350.000000  4.249092e-11
9370.000000  4.230525e-11
9390.000000  4.203855e-11
9410.000000  4.034099e-11
9430.000000  4.128493e-11
9450.000000  4.097774e-11
9470.000000  4.121148e-11
9490.000000  4.102810e-11
9510.000000  4.049392e-11
9530.000000  3.942042e-11
9550.000000  3.541888e-11
9570.000000  3.915735e-11
9590.000000  3.978972e-11
9610.000000  3.938557e-11
9630.000000  3.900727e-11
9650.000000  3.907997e-11
9670.000000  3.864572e-11
9690.000000  3.869842e-11
9710.000000  3.882727e-11
9730.000000  3.864901e-11
9750.000000  3.810935e-11
9770.000000  3.817870e-11
9790.000000  3.795210e-11
9810.000000  3.789117e-11
9830.000000  3.764005e-11
9850.000000  3.740059e-11
9870.000000  3.711258e-11
9890.000000  3.682295e-11
9910.000000  3.660940e-11
9930.000000  3.673866e-11
9950.000000  3.655487e-11
9970.000000  3.637859e-11
9990.000000  3.612171e-11
10025.000000  3.483799e-11
10075.000000  3.364631e-11
10125.000000  3.481291e-11
10175.000000  3.436460e-11
10225.000000  3.415245e-11
10275.000000  3.386977e-11
10325.000000  3.323620e-11
10375.000000  3.291046e-11
10425.000000  3.260619e-11
10475.000000  3.185978e-11
10525.000000  3.173783e-11
10575.000000  3.131551e-11
10625.000000  3.092165e-11
10675.000000  3.001145e-11
10725.000000  3.002415e-11
10775.000000  2.968609e-11
10825.000000  2.911905e-11
10875.000000  2.880057e-11
10925.000000  2.675486e-11
10975.000000  2.764727e-11
11025.000000  2.813058e-11
11075.000000  2.800002e-11
11125.000000  2.758549e-11
11175.000000  2.724169e-11
11225.000000  2.705586e-11
11275.000000  2.634499e-11
11325.000000  2.613119e-11
11375.000000  2.598587e-11
11425.000000  2.550105e-11
11475.000000  2.560163e-11
11525.000000  2.532462e-11
11575.000000  2.495261e-11
11625.000000  2.440233e-11
11675.000000  2.409808e-11
11725.000000  2.425031e-11
11775.000000  2.352189e-11
11825.000000  2.341010e-11
11875.000000  2.304337e-11
11925.000000  2.326641e-11
11975.000000  2.252873e-11
12025.000000  2.255554e-11
12075.000000  2.223975e-11
12125.000000  2.207891e-11
12175.000000  2.201409e-11
12225.000000  2.176228e-11
12275.000000  2.145402e-11
12325.000000  2.127181e-11
12375.000000  2.106026e-11
12425.000000  2.084669e-11
12475.000000  2.065807e-11
12525.000000  2.037703e-11
12575.000000  2.010778e-11
12625.000000  1.993941e-11
12675.000000  1.974034e-11
12725.000000  1.955787e-11
12775.000000  1.909294e-11
12825.000000  1.714936e-11
12875.000000  1.873287e-11
12925.000000  1.870857e-11
12975.000000  1.862218e-11
13025.000000  1.839076e-11
13075.000000  1.828354e-11
13125.000000  1.798305e-11
13175.000000  1.776600e-11
13225.000000  1.773392e-11
13275.000000  1.746416e-11
13325.000000  1.735065e-11
13375.000000  1.716149e-11
13425.000000  1.704101e-11
13475.000000  1.686770e-11
13525.000000  1.667371e-11
13575.000000  1.642473e-11
13625.000000  1.634532e-11
13675.000000  1.615615e-11
13725.000000  1.589939e-11
13775.000000  1.581729e-11
13825.000000  1.568638e-11
13875.000000  1.560920e-11
13925.000000  1.539215e-11
13975.000000  1.525720e-11
14025.000000  1.507232e-11
14075.000000  1.499279e-11
14125.000000  1.476270e-11
14175.000000  1.471522e-11
14225.000000  1.444825e-11
14275.000000  1.424101e-11
14325.000000  1.426177e-11
14375.000000  1.418650e-11
14425.000000  1.365248e-11
14475.000000  1.387623e-11
14525.000000  1.354315e-11
14570.000000  1.357719e-11
14620.000000  1.342200e-11
14675.000000  1.333438e-11
14725.000000  1.309453e-11
14775.000000  1.296641e-11
14825.000000  1.289961e-11
14875.000000  1.262352e-11
14925.000000  1.277428e-11
14975.000000  1.256784e-11
15025.000000  1.231951e-11
15075.000000  1.220200e-11
15125.000000  1.225405e-11
15175.000000  1.217328e-11
15225.000000  1.196537e-11
15275.000000  1.192215e-11
15325.000000  1.178237e-11
15375.000000  1.168002e-11
15425.000000  1.150898e-11
15475.000000  1.144565e-11
15525.000000  1.132466e-11
15575.000000  1.115305e-11
15625.000000  1.119787e-11
15675.000000  1.093173e-11
15725.000000  1.081699e-11
15775.000000  1.064449e-11
15825.000000  1.066798e-11
15875.000000  1.016917e-11
15925.000000  1.042316e-11
15975.000000  1.042583e-11
16050.000000  1.019979e-11
16150.000000  9.823745e-12
16250.000000  9.960466e-12
16350.000000  9.572353e-12
16450.000000  9.146135e-12
16550.000000  9.386021e-12
16650.000000  9.212824e-12
16750.000000  8.778696e-12
16850.000000  8.323143e-12
16950.000000  8.667607e-12
17050.000000  8.441599e-12
17150.000000  8.295604e-12
17250.000000  8.022893e-12
17350.000000  7.314795e-12
17450.000000  7.627046e-12
17550.000000  7.607251e-12
17650.000000  7.455966e-12
17750.000000  7.323697e-12
17850.000000  7.186740e-12
17950.000000  7.064163e-12
18050.000000  6.860325e-12
18150.000000  6.278609e-12
18250.000000  6.472588e-12
18350.000000  6.483459e-12
18450.000000  6.343456e-12
18550.000000  6.229238e-12
18650.000000  6.056698e-12
18750.000000  5.478075e-12
18850.000000  5.812955e-12
18950.000000  5.673118e-12
19050.000000  5.680834e-12
19150.000000  5.560753e-12
19250.000000  5.451809e-12
19350.000000  5.288873e-12
19450.000000  4.819386e-12
19550.000000  5.110325e-12
19650.000000  5.051964e-12
19750.000000  4.949430e-12
19850.000000  4.881403e-12
19950.000000  4.791773e-12
20050.000000  4.717489e-12
20150.000000  4.644172e-12
20250.000000  4.538144e-12
20350.000000  4.436564e-12
20450.000000  4.397653e-12
20550.000000  4.311705e-12
20650.000000  4.217757e-12
20750.000000  4.153635e-12
20850.000000  4.082088e-12
20950.000000  3.996554e-12
21050.000000  3.942985e-12
21150.000000  3.864817e-12
21250.000000  3.796803e-12
21350.000000  3.736646e-12
21450.000000  3.678625e-12
21550.000000  3.592394e-12
21650.000000  3.278952e-12
21750.000000  3.440227e-12
21850.000000  3.418824e-12
21950.000000  3.384626e-12
22050.000000  3.306416e-12
22150.000000  3.262589e-12
22250.000000  3.215165e-12
22350.000000  3.161758e-12
22450.000000  3.109814e-12
22550.000000  3.042701e-12
22650.000000  3.000709e-12
22750.000000  2.958557e-12
22850.000000  2.901892e-12
22950.000000  2.858292e-12
23050.000000  2.821560e-12
23150.000000  2.771428e-12
23250.000000  2.731033e-12
23350.000000  2.682913e-12
23450.000000  2.647081e-12
23550.000000  2.602528e-12
23650.000000  2.565650e-12
23750.000000  2.513373e-12
23850.000000  2.475957e-12
23950.000000  2.445074e-12
24050.000000  2.404600e-12
24150.000000  2.362465e-12
24250.000000  2.331312e-12
24350.000000  2.291120e-12
24450.000000  2.261071e-12
24550.000000  2.214909e-12
24650.000000  2.192987e-12
24750.000000  2.154754e-12
24850.000000  2.115179e-12
24950.000000  2.088831e-12
