2505.000000  3.164896e-10
2513.000000  3.061744e-10
2518.000000  3.105171e-10
2525.000000  2.991250e-10
2535.000000  2.961187e-10
2545.000000  2.918234e-10
2555.000000  2.978417e-10
2565.000000  2.933664e-10
2575.000000  2.977403e-10
2585.000000  2.966619e-10
2595.000000  2.943286e-10
2605.000000  2.883439e-10
2615.000000  2.860121e-10
2625.000000  2.837727e-10
2635.000000  2.825099e-10
2645.000000  2.881197e-10
2655.000000  2.849514e-10
2665.000000  2.779663e-10
2675.000000  2.793369e-10
2685.000000  2.766049e-10
2695.000000  2.718665e-10
2705.000000  2.705754e-10
2715.000000  2.653928e-10
2725.000000  2.621268e-10
2735.000000  2.644758e-10
2745.000000  2.531652e-10
2755.000000  2.514309e-10
2765.000000  2.526465e-10
2775.000000  2.548645e-10
2785.000000  2.523645e-10
2795.000000  2.422212e-10
2805.000000  2.467118e-10
2815.000000  2.478230e-10
2825.000000  2.440087e-10
2835.000000  2.377536e-10
2845.000000  2.353540e-10
2855.000000  2.354769e-10
2865.000000  2.366519e-10
2875.000000  2.329585e-10
2885.000000  2.319881e-10
2895.000000  2.306130e-10
2910.000000  2.291094e-10
2930.000000  2.233714e-10
2950.000000  2.189914e-10
2970.000000  2.166903e-10
2990.000000  2.125715e-10
3010.000000  2.104738e-10
3030.000000  2.074757e-10
3050.000000  2.036605e-10
3070.000000  2.002041e-10
3090.000000  1.972179e-10
3110.000000  1.935760e-10
3130.000000  1.906523e-10
3150.000000  1.875202e-10
3170.000000  1.844842e-10
3190.000000  1.799128e-10
3210.000000  1.783800e-10
3230.000000  1.757316e-10
3250.000000  1.730396e-10
3270.000000  1.705413e-10
3290.000000  1.678543e-10
3310.000000  1.654475e-10
3330.000000  1.628014e-10
3350.000000  1.600299e-10
3370.000000  1.577009e-10
3390.000000  1.553093e-10
3410.000000  1.530154e-10
3430.000000  1.504963e-10
3450.000000  1.480880e-10
3470.000000  1.459941e-10
3490.000000  1.438703e-10
3510.000000  1.418666e-10
3530.000000  1.397991e-10
3550.000000  1.377367e-10
3570.000000  1.358949e-10
3590.000000  1.335443e-10
3610.000000  1.317616e-10
3630.000000  1.297220e-10
3640.000000  1.291103e-10
3650.000000  1.279951e-10
3670.000000  1.265377e-10
3690.000000  1.236031e-10
3710.000000  1.204896e-10
3730.000000  1.166679e-10
3750.000000  1.289066e-10
3770.000000  1.317739e-10
3790.000000  1.448735e-10
3810.000000  1.558188e-10
3830.000000  1.319756e-10
3850.000000  1.631363e-10
3870.000000  1.701355e-10
3890.000000  1.221647e-10
3910.000000  1.682057e-10
3930.000000  1.678390e-10
3950.000000  1.636440e-10
3970.000000  1.147533e-10
3990.000000  1.562804e-10
4010.000000  1.593723e-10
4030.000000  1.506639e-10
4050.000000  1.563433e-10
4070.000000  1.522374e-10
4090.000000  1.334943e-10
4110.000000  1.119647e-10
4130.000000  1.421223e-10
4150.000000  1.429020e-10
4170.000000  1.419972e-10
4190.000000  1.404694e-10
4210.000000  1.384462e-10
4230.000000  1.362056e-10
4250.000000  1.340264e-10
4270.000000  1.309649e-10
4290.000000  1.294467e-10
4310.000000  1.260464e-10
4330.000000  1.078477e-10
4350.000000  9.644896e-11
4370.000000  1.197376e-10
4390.000000  1.168239e-10
4410.000000  1.183798e-10
4430.000000  1.162848e-10
4450.000000  1.151739e-10
4470.000000  1.087835e-10
4490.000000  1.108272e-10
4510.000000  1.102110e-10
4530.000000  1.084384e-10
4550.000000  1.068321e-10
4570.000000  1.054283e-10
4590.000000  1.038838e-10
4610.000000  1.023975e-10
4630.000000  1.007913e-10
4650.000000  9.938655e-11
4670.000000  9.804340e-11
4690.000000  9.669658e-11
4710.000000  9.404788e-11
4730.000000  9.367903e-11
4750.000000  9.225840e-11
4770.000000  9.139391e-11
4790.000000  8.994144e-11
4810.000000  8.824931e-11
4830.000000  8.611320e-11
4850.000000  7.577012e-11
4870.000000  6.595432e-11
4890.000000  8.199632e-11
4910.000000  8.225961e-11
4930.000000  7.978378e-11
4950.000000  8.059304e-11
4970.000000  7.958980e-11
4990.000000  7.847938e-11
5010.000000  7.630659e-11
5030.000000  7.624981e-11
5050.000000  7.442708e-11
5070.000000  7.436093e-11
5090.000000  7.334652e-11
5110.000000  7.230898e-11
5130.000000  7.140403e-11
5150.000000  7.039361e-11
5170.000000  6.956142e-11
5190.000000  6.867057e-11
5210.000000  6.749843e-11
5230.000000  6.688275e-11
5250.000000  6.605866e-11
5270.000000  6.514394e-11
5290.000000  6.441753e-11
5310.000000  6.356558e-11
5330.000000  6.274455e-11
5350.000000  6.189765e-11
5370.000000  6.121214e-11
5390.000000  6.044211e-11
5410.000000  5.964389e-11
5430.000000  5.883190e-11
5450.000000  5.814241e-11
5470.000000  5.740728e-11
5490.000000  5.675270e-11
5510.000000  5.603733e-11
5530.000000  5.537509e-11
5550.000000  5.469769e-11
5570.000000  5.402030e-11
5590.000000  5.336571e-11
5610.000000  5.270041e-11
5630.000000  5.211565e-11
5650.000000  5.131881e-11
5670.000000  5.074109e-11
5690.000000  5.020334e-11
5710.000000  4.965349e-11
5730.000000  4.906200e-11
5750.000000  4.847723e-11
5770.000000  4.790763e-11
5790.000000  4.733496e-11
5810.000000  4.676934e-11
5830.000000  4.623159e-11
5850.000000  4.569383e-11
5870.000000  4.407856e-11
5890.000000  4.453273e-11
5910.000000  4.410676e-11
5930.000000  4.361096e-11
5950.000000  4.303829e-11
5970.000000  4.261232e-11
5990.000000  4.207762e-11
6010.000000  4.164859e-11
6030.000000  4.117162e-11
6050.000000  4.070767e-11
6070.000000  4.022703e-11
6090.000000  3.979401e-11
6110.000000  3.933711e-11
6130.000000  3.890715e-11
6150.000000  3.841135e-11
6170.000000  3.803605e-11
6190.000000  3.762217e-11
6210.000000  3.719620e-11
6230.000000  3.677022e-11
6250.000000  3.634118e-11
6270.000000  3.598104e-11
6290.000000  3.558756e-11
6310.000000  3.517626e-11
6330.000000  3.480748e-11
6350.000000  3.426720e-11
6370.000000  3.394717e-11
6390.000000  3.368461e-11
6410.000000  3.330868e-11
6430.000000  3.297509e-11
6450.000000  3.260468e-11
6470.000000  3.226088e-11
6490.000000  3.188259e-11
6510.000000  3.144982e-11
6530.000000  3.089142e-11
6550.000000  2.873149e-11
6570.000000  2.495566e-11
6590.000000  2.952484e-11
6610.000000  2.978372e-11
6630.000000  2.958696e-11
6650.000000  2.933168e-11
6670.000000  2.882811e-11
6690.000000  2.854430e-11
6710.000000  2.843853e-11
6730.000000  2.814663e-11
6750.000000  2.785973e-11
6770.000000  2.757511e-11
6790.000000  2.727745e-11
6810.000000  2.701027e-11
6830.000000  2.672915e-11
6850.000000  2.646436e-11
6870.000000  2.619841e-11
6890.000000  2.593356e-11
6910.000000  2.567028e-11
6930.000000  2.539963e-11
6950.000000  2.516080e-11
6970.000000  2.491022e-11
6990.000000  2.466051e-11
7010.000000  2.441191e-11
7030.000000  2.417110e-11
7050.000000  2.391202e-11
7070.000000  2.345209e-11
7090.000000  2.346648e-11
7110.000000  2.323144e-11
7130.000000  2.300530e-11
7150.000000  2.278113e-11
7170.000000  2.256046e-11
7190.000000  2.234327e-11
7210.000000  2.212760e-11
7230.000000  2.184396e-11
7250.000000  2.169743e-11
7270.000000  2.149452e-11
7290.000000  2.119828e-11
7310.000000  2.108301e-11
7330.000000  2.088081e-11
7350.000000  2.068457e-11
7370.000000  2.048585e-11
7390.000000  2.029350e-11
7410.000000  2.010106e-11
7430.000000  1.990395e-11
7450.000000  1.972239e-11
7470.000000  1.953065e-11
7490.000000  1.935069e-11
7510.000000  1.916903e-11
7530.000000  1.899484e-11
7550.000000  1.882026e-11
7570.000000  1.864598e-11
7590.000000  1.847170e-11
7610.000000  1.830409e-11
7630.000000  1.813522e-11
7650.000000  1.796801e-11
7670.000000  1.780300e-11
7690.000000  1.764080e-11
7710.000000  1.747930e-11
7730.000000  1.731899e-11
7750.000000  1.716256e-11
7770.000000  1.691456e-11
7790.000000  1.685320e-11
7810.000000  1.669987e-11
7830.000000  1.655234e-11
7850.000000  1.638812e-11
7870.000000  1.623898e-11
7890.000000  1.607678e-11
7910.000000  1.597151e-11
7930.000000  1.583097e-11
7950.000000  1.567414e-11
7970.000000  1.554944e-11
7990.000000  1.538364e-11
8010.000000  1.527761e-11
8030.000000  1.514283e-11
8050.000000  1.500766e-11
8070.000000  1.487916e-11
8090.000000  1.474480e-11
8110.000000  1.461543e-11
8130.000000  1.449001e-11
8150.000000  1.436263e-11
8170.000000  1.424329e-11
8190.000000  1.411403e-11
8210.000000  1.396879e-11
8230.000000  1.385495e-11
8250.000000  1.376010e-11
8270.000000  1.362863e-11
8290.000000  1.352657e-11
8310.000000  1.341973e-11
8330.000000  1.330869e-11
8350.000000  1.317665e-11
8370.000000  1.307631e-11
8390.000000  1.297594e-11
8410.000000  1.285340e-11
8430.000000  1.273143e-11
8450.000000  1.257001e-11
8470.000000  1.245434e-11
8490.000000  1.240565e-11
8510.000000  1.217123e-11
8530.000000  1.224598e-11
8550.000000  1.175588e-11
8570.000000  1.218043e-11
8590.000000  1.163119e-11
8610.000000  1.148362e-11
8630.000000  1.205021e-11
8650.000000  1.164977e-11
8670.000000  1.061422e-11
8690.000000  1.174030e-11
8710.000000  1.191759e-11
8730.000000  1.151885e-11
8750.000000  1.001600e-11
8770.000000  1.105379e-11
8790.000000  1.163989e-11
8810.000000  1.164968e-11
8830.000000  1.142730e-11
8850.000000  1.050550e-11
8870.000000  9.500641e-12
8890.000000  1.091903e-11
8910.000000  1.118717e-11
8930.000000  1.116247e-11
8950.000000  1.109812e-11
8970.000000  1.094540e-11
8990.000000  1.053560e-11
9010.000000  9.086760e-12
9030.000000  9.569637e-12
9050.000000  1.043612e-11
9070.000000  1.048598e-11
9090.000000  1.047826e-11
9110.000000  1.043940e-11
9130.000000  1.035998e-11
9150.000000  1.027327e-11
9170.000000  1.014639e-11
9190.000000  9.971722e-12
9210.000000  9.423320e-12
9230.000000  8.057454e-12
9250.000000  9.157850e-12
9270.000000  9.581960e-12
9290.000000  9.679323e-12
9310.000000  9.625758e-12
9330.000000  9.586240e-12
9350.000000  9.518653e-12
9370.000000  9.453577e-12
9390.000000  9.379161e-12
9410.000000  9.270326e-12
9430.000000  9.226641e-12
9450.000000  9.150496e-12
9470.000000  9.032823e-12
9490.000000  8.952286e-12
9510.000000  8.742057e-12
9530.000000  8.200365e-12
9550.000000  7.151374e-12
9570.000000  8.227009e-12
9590.000000  8.536191e-12
9610.000000  8.548313e-12
9630.000000  8.481169e-12
9650.000000  8.476562e-12
9670.000000  8.415497e-12
9690.000000  8.353973e-12
9710.000000  8.285835e-12
9730.000000  8.232352e-12
9750.000000  8.170018e-12
9770.000000  8.109566e-12
9790.000000  8.049513e-12
9810.000000  7.988756e-12
9830.000000  7.927493e-12
9850.000000  7.868650e-12
9870.000000  7.810174e-12
9890.000000  7.750121e-12
9910.000000  7.689363e-12
9930.000000  7.635482e-12
9950.000000  7.570975e-12
9970.000000  7.499651e-12
9990.000000  7.419571e-12
10025.000000  6.921577e-12
10075.000000  6.649840e-12
10125.000000  7.058900e-12
10175.000000  6.976277e-12
10225.000000  6.855007e-12
10275.000000  6.734196e-12
10325.000000  6.600937e-12
10375.000000  6.497077e-12
10425.000000  6.383648e-12
10475.000000  6.270524e-12
10525.000000  6.160493e-12
10575.000000  6.054352e-12
10625.000000  5.949420e-12
10675.000000  5.835897e-12
10725.000000  5.746002e-12
10775.000000  5.648451e-12
10825.000000  5.500584e-12
10875.000000  5.411900e-12
10925.000000  4.823840e-12
10975.000000  5.067894e-12
11025.000000  5.153986e-12
11075.000000  5.097669e-12
11125.000000  5.017481e-12
11175.000000  4.934200e-12
11225.000000  4.852802e-12
11275.000000  4.766796e-12
11325.000000  4.692074e-12
11375.000000  4.619267e-12
11425.000000  4.544851e-12
11475.000000  4.472411e-12
11525.000000  4.399603e-12
11575.000000  4.330654e-12
11625.000000  4.261031e-12
11675.000000  4.193598e-12
11725.000000  4.126563e-12
11775.000000  4.059528e-12
11825.000000  3.999076e-12
11875.000000  3.935532e-12
11925.000000  3.875174e-12
11975.000000  3.800863e-12
12025.000000  3.756584e-12
12075.000000  3.698506e-12
12125.000000  3.641546e-12
12175.000000  3.586592e-12
12225.000000  3.532518e-12
12275.000000  3.479326e-12
12325.000000  3.426776e-12
12375.000000  3.375404e-12
12425.000000  3.325084e-12
12475.000000  3.274379e-12
12525.000000  3.224660e-12
12575.000000  3.178463e-12
12625.000000  3.132177e-12
12675.000000  3.085468e-12
12725.000000  3.031594e-12
12775.000000  2.930407e-12
12825.000000  2.659279e-12
12875.000000  2.869833e-12
12925.000000  2.861884e-12
12975.000000  2.820599e-12
13025.000000  2.787451e-12
13075.000000  2.747787e-12
13125.000000  2.708853e-12
13175.000000  2.669957e-12
13225.000000  2.632889e-12
13275.000000  2.596089e-12
13325.000000  2.559637e-12
13375.000000  2.524036e-12
13425.000000  2.488364e-12
13475.000000  2.454427e-12
13525.000000  2.420490e-12
13575.000000  2.387332e-12
13625.000000  2.354600e-12
13675.000000  2.322211e-12
13725.000000  2.290718e-12
13775.000000  2.259922e-12
13825.000000  2.229279e-12
13875.000000  2.199213e-12
13925.000000  2.169814e-12
13975.000000  2.140637e-12
14025.000000  2.112286e-12
14075.000000  2.084005e-12
14125.000000  2.056543e-12
14175.000000  2.029467e-12
14225.000000  2.002735e-12
14275.000000  1.976508e-12
14325.000000  1.950671e-12
14375.000000  1.925254e-12
14425.000000  1.899766e-12
14475.000000  1.875477e-12
14525.000000  1.851416e-12
14570.000000  1.830187e-12
14620.000000  1.806636e-12
14675.000000  1.781807e-12
14725.000000  1.759212e-12
14775.000000  1.737058e-12
14825.000000  1.715480e-12
14875.000000  1.694024e-12
14925.000000  1.673024e-12
14975.000000  1.652266e-12
15025.000000  1.631766e-12
15075.000000  1.610391e-12
15125.000000  1.591358e-12
15175.000000  1.571718e-12
15225.000000  1.552114e-12
15275.000000  1.532267e-12
15325.000000  1.512778e-12
15375.000000  1.495633e-12
15425.000000  1.473163e-12
15475.000000  1.458864e-12
15525.000000  1.440317e-12
15575.000000  1.414172e-12
15625.000000  1.412418e-12
15675.000000  1.382646e-12
15725.000000  1.358141e-12
15775.000000  1.365359e-12
15825.000000  1.346882e-12
15875.000000  1.289930e-12
15925.000000  1.305871e-12
15975.000000  1.307229e-12
16050.000000  1.273282e-12
16150.000000  1.220470e-12
16250.000000  1.231721e-12
16350.000000  1.184104e-12
16450.000000  1.131946e-12
16550.000000  1.152069e-12
16650.000000  1.127081e-12
16750.000000  1.078428e-12
16850.000000  1.029616e-12
16950.000000  1.052069e-12
17050.000000  1.028548e-12
17150.000000  1.008306e-12
17250.000000  9.822974e-13
17350.000000  9.085244e-13
17450.000000  9.335984e-13
17550.000000  9.231141e-13
17650.000000  9.037370e-13
17750.000000  8.843247e-13
17850.000000  8.656106e-13
17950.000000  8.475243e-13
18050.000000  8.266959e-13
18150.000000  7.682437e-13
18250.000000  7.822781e-13
18350.000000  7.783304e-13
18450.000000  7.629037e-13
18550.000000  7.469825e-13
18650.000000  7.271721e-13
18750.000000  6.783266e-13
18850.000000  6.993003e-13
18950.000000  6.886354e-13
19050.000000  6.740340e-13
19150.000000  6.615932e-13
19250.000000  6.483838e-13
19350.000000  6.315838e-13
19450.000000  5.860669e-13
19550.000000  6.066669e-13
19650.000000  5.992544e-13
19750.000000  5.877445e-13
19850.000000  5.765837e-13
19950.000000  5.656204e-13
20050.000000  5.546971e-13
20150.000000  5.443922e-13
20250.000000  5.341271e-13
20350.000000  5.239326e-13
20450.000000  5.142081e-13
20550.000000  5.042523e-13
20650.000000  4.954542e-13
20750.000000  4.862763e-13
20850.000000  4.774383e-13
20950.000000  4.686402e-13
21050.000000  4.601207e-13
21150.000000  4.514036e-13
21250.000000  4.438504e-13
21350.000000  4.357505e-13
21450.000000  4.278481e-13
21550.000000  4.182063e-13
21650.000000  3.895459e-13
21750.000000  4.018549e-13
21850.000000  3.984800e-13
21950.000000  3.917704e-13
22050.000000  3.849964e-13
22150.000000  3.782929e-13
22250.000000  3.718176e-13
22350.000000  3.655842e-13
22450.000000  3.592298e-13
22550.000000  3.531483e-13
22650.000000  3.471793e-13
22750.000000  3.413281e-13
22850.000000  3.356441e-13
22950.000000  3.300440e-13
23050.000000  3.245654e-13
23150.000000  3.192335e-13
23250.000000  3.139876e-13
23350.000000  3.088581e-13
23450.000000  3.038247e-13
23550.000000  2.988960e-13
23650.000000  2.940720e-13
23750.000000  2.893376e-13
23850.000000  2.846881e-13
23950.000000  2.801156e-13
24050.000000  2.756286e-13
24150.000000  2.712585e-13
24250.000000  2.670001e-13
24350.000000  2.627418e-13
24450.000000  2.585563e-13
24550.000000  2.545858e-13
24650.000000  2.504701e-13
24750.000000  2.465143e-13
24850.000000  2.430367e-13
24950.000000  2.385134e-13
