2505.000000  7.057826e-11
2513.000000  6.901001e-11
2518.000000  6.908273e-11
2525.000000  6.663502e-11
2535.000000  6.596352e-11
2545.000000  6.583790e-11
2555.000000  6.754343e-11
2565.000000  6.683915e-11
2575.000000  6.807526e-11
2585.000000  6.815901e-11
2595.000000  6.756562e-11
2605.000000  6.625541e-11
2615.000000  6.579025e-11
2625.000000  6.574993e-11
2635.000000  6.595432e-11
2645.000000  6.829218e-11
2655.000000  6.773211e-11
2665.000000  6.604767e-11
2675.000000  6.652709e-11
2685.000000  6.658079e-11
2695.000000  6.553518e-11
2705.000000  6.533515e-11
2715.000000  6.419062e-11
2725.000000  6.396704e-11
2735.000000  6.488874e-11
2745.000000  6.161254e-11
2755.000000  6.144122e-11
2765.000000  6.241348e-11
2775.000000  6.358772e-11
2785.000000  6.315667e-11
2795.000000  5.928329e-11
2805.000000  6.130669e-11
2815.000000  6.311774e-11
2825.000000  6.261091e-11
2835.000000  6.155781e-11
2845.000000  6.075048e-11
2855.000000  6.009805e-11
2865.000000  6.060071e-11
2875.000000  6.015555e-11
2885.000000  6.050337e-11
2895.000000  6.035861e-11
2910.000000  6.081747e-11
2930.000000  5.945463e-11
2950.000000  5.900993e-11
2970.000000  5.874985e-11
2990.000000  5.822825e-11
3010.000000  5.823390e-11
3030.000000  5.780594e-11
3050.000000  5.719756e-11
3070.000000  5.661094e-11
3090.000000  5.631867e-11
3110.000000  5.573733e-11
3130.000000  5.511656e-11
3150.000000  5.476322e-11
3170.000000  5.437340e-11
3190.000000  5.345509e-11
3210.000000  5.335449e-11
3230.000000  5.278299e-11
3250.000000  5.256089e-11
3270.000000  5.227140e-11
3290.000000  5.189288e-11
3310.000000  5.152664e-11
3330.000000  5.099625e-11
3350.000000  5.039865e-11
3370.000000  5.003569e-11
3390.000000  4.966929e-11
3410.000000  4.943332e-11
3430.000000  4.901151e-11
3450.000000  4.868335e-11
3470.000000  4.825727e-11
3490.000000  4.788380e-11
3510.000000  4.755602e-11
3530.000000  4.720803e-11
3550.000000  4.683697e-11
3570.000000  4.644594e-11
3590.000000  4.608226e-11
3610.000000  4.572334e-11
3630.000000  4.535844e-11
3640.000000  4.518148e-11
3650.000000  4.573055e-11
3670.000000  4.541617e-11
3690.000000  4.374332e-11
3710.000000  4.508119e-11
3730.000000  4.685607e-11
3750.000000  6.080921e-11
3770.000000  6.525823e-11
3790.000000  7.915427e-11
3810.000000  9.136211e-11
3830.000000  7.325559e-11
3850.000000  9.946114e-11
3870.000000  1.103242e-10
3890.000000  6.305687e-11
3910.000000  1.085600e-10
3930.000000  1.125868e-10
3950.000000  1.066073e-10
3970.000000  6.005746e-11
3990.000000  1.013692e-10
4010.000000  1.085568e-10
4030.000000  1.073673e-10
4050.000000  1.063144e-10
4070.000000  1.029631e-10
4090.000000  8.243282e-11
4110.000000  6.344035e-11
4130.000000  9.702876e-11
4150.000000  9.894028e-11
4170.000000  9.813541e-11
4190.000000  9.699719e-11
4210.000000  9.570119e-11
4230.000000  9.433118e-11
4250.000000  9.299233e-11
4270.000000  9.153550e-11
4290.000000  8.988012e-11
4310.000000  8.665679e-11
4330.000000  6.680572e-11
4350.000000  5.697584e-11
4370.000000  8.253810e-11
4390.000000  8.364039e-11
4410.000000  8.320847e-11
4430.000000  8.228695e-11
4450.000000  8.135386e-11
4470.000000  7.995225e-11
4490.000000  7.867669e-11
4510.000000  7.815378e-11
4530.000000  7.712531e-11
4550.000000  7.597945e-11
4570.000000  7.516775e-11
4590.000000  7.412206e-11
4610.000000  7.326226e-11
4630.000000  7.225595e-11
4650.000000  7.139208e-11
4670.000000  7.048131e-11
4690.000000  6.954320e-11
4710.000000  6.849454e-11
4730.000000  6.782132e-11
4750.000000  6.693282e-11
4770.000000  6.599375e-11
4790.000000  6.499485e-11
4810.000000  6.382062e-11
4830.000000  6.156928e-11
4850.000000  4.938258e-11
4870.000000  4.028337e-11
4890.000000  5.830519e-11
4910.000000  5.981233e-11
4930.000000  5.940437e-11
4950.000000  5.897602e-11
4970.000000  5.836865e-11
4990.000000  5.768284e-11
5010.000000  5.686755e-11
5030.000000  5.629144e-11
5050.000000  5.552639e-11
5070.000000  5.496567e-11
5090.000000  5.431074e-11
5110.000000  5.365760e-11
5130.000000  5.303051e-11
5150.000000  5.239392e-11
5170.000000  5.167704e-11
5190.000000  5.112709e-11
5210.000000  5.056669e-11
5230.000000  4.995033e-11
5250.000000  4.940120e-11
5270.000000  4.878976e-11
5290.000000  4.826734e-11
5310.000000  4.768178e-11
5330.000000  4.715709e-11
5350.000000  4.662663e-11
5370.000000  4.609370e-11
5390.000000  4.556956e-11
5410.000000  4.504607e-11
5430.000000  4.453995e-11
5450.000000  4.404272e-11
5470.000000  4.354327e-11
5490.000000  4.305666e-11
5510.000000  4.257454e-11
5530.000000  4.210211e-11
5550.000000  4.163855e-11
5570.000000  4.117871e-11
5590.000000  4.072226e-11
5610.000000  4.027579e-11
5630.000000  3.983375e-11
5650.000000  3.939747e-11
5670.000000  3.896698e-11
5690.000000  3.854541e-11
5710.000000  3.812727e-11
5730.000000  3.771700e-11
5750.000000  3.730910e-11
5770.000000  3.691030e-11
5790.000000  3.651351e-11
5810.000000  3.612370e-11
5830.000000  3.573862e-11
5850.000000  3.535850e-11
5870.000000  3.491256e-11
5890.000000  3.460238e-11
5910.000000  3.425067e-11
5930.000000  3.389151e-11
5950.000000  3.353195e-11
5970.000000  3.318514e-11
5990.000000  3.283420e-11
6010.000000  3.249702e-11
6030.000000  3.216150e-11
6050.000000  3.182986e-11
6070.000000  3.150177e-11
6090.000000  3.118018e-11
6110.000000  3.086033e-11
6130.000000  3.054774e-11
6150.000000  3.021790e-11
6170.000000  2.992648e-11
6190.000000  2.962584e-11
6210.000000  2.932521e-11
6230.000000  2.902969e-11
6250.000000  2.873198e-11
6270.000000  2.845328e-11
6290.000000  2.816927e-11
6310.000000  2.788703e-11
6330.000000  2.761178e-11
6350.000000  2.729741e-11
6370.000000  2.704822e-11
6390.000000  2.679953e-11
6410.000000  2.653618e-11
6430.000000  2.627539e-11
6450.000000  2.600250e-11
6470.000000  2.571745e-11
6490.000000  2.540928e-11
6510.000000  2.504920e-11
6530.000000  2.439500e-11
6550.000000  2.149643e-11
6570.000000  1.755526e-11
6590.000000  2.312126e-11
6610.000000  2.376095e-11
6630.000000  2.371664e-11
6650.000000  2.355795e-11
6670.000000  2.336983e-11
6690.000000  2.316822e-11
6710.000000  2.295643e-11
6730.000000  2.273812e-11
6750.000000  2.252703e-11
6770.000000  2.231591e-11
6790.000000  2.210603e-11
6810.000000  2.189979e-11
6830.000000  2.169635e-11
6850.000000  2.149582e-11
6870.000000  2.129593e-11
6890.000000  2.109928e-11
6910.000000  2.090243e-11
6930.000000  2.071138e-11
6950.000000  2.052364e-11
6970.000000  2.033618e-11
6990.000000  2.015115e-11
7010.000000  1.996547e-11
7030.000000  1.978549e-11
7050.000000  1.960292e-11
7070.000000  1.942241e-11
7090.000000  1.925436e-11
7110.000000  1.907780e-11
7130.000000  1.890933e-11
7150.000000  1.873811e-11
7170.000000  1.857197e-11
7190.000000  1.840616e-11
7210.000000  1.824432e-11
7230.000000  1.808338e-11
7250.000000  1.792362e-11
7270.000000  1.776455e-11
7290.000000  1.760584e-11
7310.000000  1.745213e-11
7330.000000  1.729866e-11
7350.000000  1.714942e-11
7370.000000  1.699932e-11
7390.000000  1.685062e-11
7410.000000  1.670767e-11
7430.000000  1.656042e-11
7450.000000  1.641665e-11
7470.000000  1.627460e-11
7490.000000  1.613757e-11
7510.000000  1.599790e-11
7530.000000  1.586212e-11
7550.000000  1.572514e-11
7570.000000  1.559144e-11
7590.000000  1.546021e-11
7610.000000  1.532834e-11
7630.000000  1.519919e-11
7650.000000  1.507094e-11
7670.000000  1.494379e-11
7690.000000  1.481709e-11
7710.000000  1.469320e-11
7730.000000  1.457130e-11
7750.000000  1.444956e-11
7770.000000  1.425729e-11
7790.000000  1.420812e-11
7810.000000  1.409194e-11
7830.000000  1.397634e-11
7850.000000  1.386052e-11
7870.000000  1.373946e-11
7890.000000  1.362254e-11
7910.000000  1.352175e-11
7930.000000  1.340946e-11
7950.000000  1.329925e-11
7970.000000  1.319162e-11
7990.000000  1.307347e-11
8010.000000  1.297889e-11
8030.000000  1.287160e-11
8050.000000  1.276876e-11
8070.000000  1.266586e-11
8090.000000  1.256435e-11
8110.000000  1.246307e-11
8130.000000  1.236479e-11
8150.000000  1.226493e-11
8170.000000  1.216788e-11
8190.000000  1.206991e-11
8210.000000  1.204780e-11
8230.000000  1.195713e-11
8250.000000  1.187500e-11
8270.000000  1.179231e-11
8290.000000  1.170339e-11
8310.000000  1.161893e-11
8330.000000  1.152843e-11
8350.000000  1.143872e-11
8370.000000  1.134360e-11
8390.000000  1.123762e-11
8410.000000  1.111477e-11
8430.000000  1.102085e-11
8450.000000  1.092692e-11
8470.000000  1.065421e-11
8490.000000  1.084417e-11
8510.000000  1.034297e-11
8530.000000  1.081620e-11
8550.000000  9.808840e-12
8570.000000  1.089615e-11
8590.000000  1.006237e-11
8610.000000  9.809050e-12
8630.000000  1.098617e-11
8650.000000  1.047404e-11
8670.000000  8.739875e-12
8690.000000  1.075371e-11
8710.000000  1.113034e-11
8730.000000  1.063823e-11
8750.000000  8.324970e-12
8770.000000  1.004420e-11
8790.000000  1.098771e-11
8810.000000  1.106364e-11
8830.000000  1.078787e-11
8850.000000  9.500408e-12
8870.000000  8.017059e-12
8890.000000  1.017097e-11
8910.000000  1.065000e-11
8930.000000  1.068434e-11
8950.000000  1.061130e-11
8970.000000  1.043384e-11
8990.000000  9.908470e-12
9010.000000  7.845641e-12
9030.000000  8.552657e-12
9050.000000  9.878404e-12
9070.000000  1.008335e-11
9090.000000  1.007542e-11
9110.000000  1.004053e-11
9130.000000  9.970355e-12
9150.000000  9.881997e-12
9170.000000  9.757371e-12
9190.000000  9.527779e-12
9210.000000  8.807694e-12
9230.000000  6.869914e-12
9250.000000  8.455569e-12
9270.000000  9.166611e-12
9290.000000  9.319348e-12
9310.000000  9.307619e-12
9330.000000  9.260313e-12
9350.000000  9.203122e-12
9370.000000  9.138052e-12
9390.000000  9.068056e-12
9410.000000  8.989842e-12
9430.000000  8.930909e-12
9450.000000  8.853139e-12
9470.000000  8.765296e-12
9490.000000  8.646965e-12
9510.000000  8.411770e-12
9530.000000  7.640880e-12
9550.000000  6.172224e-12
9570.000000  7.706492e-12
9590.000000  8.211937e-12
9610.000000  8.287414e-12
9630.000000  8.264036e-12
9650.000000  8.232498e-12
9670.000000  8.176923e-12
9690.000000  8.135237e-12
9710.000000  8.079939e-12
9730.000000  8.023191e-12
9750.000000  7.964450e-12
9770.000000  7.907751e-12
9790.000000  7.851085e-12
9810.000000  7.794172e-12
9830.000000  7.737014e-12
9850.000000  7.681720e-12
9870.000000  7.627707e-12
9890.000000  7.570467e-12
9910.000000  7.516353e-12
9930.000000  7.451355e-12
9950.000000  7.391489e-12
9970.000000  7.318793e-12
9990.000000  7.227763e-12
10025.000000  6.554331e-12
10075.000000  6.236283e-12
10125.000000  6.911792e-12
10175.000000  6.842182e-12
10225.000000  6.735156e-12
10275.000000  6.620159e-12
10325.000000  6.507264e-12
10375.000000  6.398072e-12
10425.000000  6.289655e-12
10475.000000  6.183828e-12
10525.000000  6.079913e-12
10575.000000  5.979226e-12
10625.000000  5.880034e-12
10675.000000  5.774831e-12
10725.000000  5.685929e-12
10775.000000  5.592449e-12
10825.000000  5.483458e-12
10875.000000  5.338370e-12
10925.000000  4.538015e-12
10975.000000  4.911203e-12
11025.000000  5.118959e-12
11075.000000  5.066377e-12
11125.000000  4.994345e-12
11175.000000  4.915355e-12
11225.000000  4.837756e-12
11275.000000  4.757544e-12
11325.000000  4.684495e-12
11375.000000  4.614248e-12
11425.000000  4.542499e-12
11475.000000  4.472464e-12
11525.000000  4.403734e-12
11575.000000  4.336121e-12
11625.000000  4.269270e-12
11675.000000  4.203510e-12
11725.000000  4.141211e-12
11775.000000  4.075444e-12
11825.000000  4.016535e-12
11875.000000  3.956147e-12
11925.000000  3.898268e-12
11975.000000  3.839583e-12
12025.000000  3.783027e-12
12075.000000  3.727092e-12
12125.000000  3.672354e-12
12175.000000  3.618833e-12
12225.000000  3.566055e-12
12275.000000  3.514010e-12
12325.000000  3.463028e-12
12375.000000  3.413162e-12
12425.000000  3.364235e-12
12475.000000  3.315333e-12
12525.000000  3.268402e-12
12575.000000  3.221613e-12
12625.000000  3.176097e-12
12675.000000  3.127015e-12
12725.000000  3.069259e-12
12775.000000  2.945626e-12
12825.000000  2.557201e-12
12875.000000  2.889773e-12
12925.000000  2.905010e-12
12975.000000  2.875640e-12
13025.000000  2.838936e-12
13075.000000  2.800010e-12
13125.000000  2.761839e-12
13175.000000  2.723566e-12
13225.000000  2.686991e-12
13275.000000  2.650626e-12
13325.000000  2.614897e-12
13375.000000  2.579830e-12
13425.000000  2.545045e-12
13475.000000  2.511207e-12
13525.000000  2.477569e-12
13575.000000  2.444963e-12
13625.000000  2.412609e-12
13675.000000  2.380786e-12
13725.000000  2.349288e-12
13775.000000  2.318628e-12
13825.000000  2.288610e-12
13875.000000  2.258886e-12
13925.000000  2.229437e-12
13975.000000  2.200868e-12
14025.000000  2.172325e-12
14075.000000  2.144416e-12
14125.000000  2.117107e-12
14175.000000  2.090132e-12
14225.000000  2.063565e-12
14275.000000  2.037507e-12
14325.000000  2.011570e-12
14375.000000  1.986174e-12
14425.000000  1.960916e-12
14475.000000  1.936958e-12
14525.000000  1.912466e-12
14570.000000  1.891337e-12
14620.000000  1.872329e-12
14675.000000  1.847554e-12
14725.000000  1.825326e-12
14775.000000  1.803167e-12
14825.000000  1.781964e-12
14875.000000  1.760479e-12
14925.000000  1.739523e-12
14975.000000  1.718635e-12
15025.000000  1.697965e-12
15075.000000  1.677425e-12
15125.000000  1.656865e-12
15175.000000  1.636616e-12
15225.000000  1.617269e-12
15275.000000  1.594503e-12
15325.000000  1.573805e-12
15375.000000  1.559565e-12
15425.000000  1.528505e-12
15475.000000  1.522644e-12
15525.000000  1.503807e-12
15575.000000  1.459621e-12
15625.000000  1.486096e-12
15675.000000  1.437650e-12
15725.000000  1.398545e-12
15775.000000  1.442934e-12
15825.000000  1.422312e-12
15875.000000  1.309421e-12
15925.000000  1.369872e-12
15975.000000  1.389994e-12
16050.000000  1.344721e-12
16150.000000  1.266745e-12
16250.000000  1.319275e-12
16350.000000  1.253787e-12
16450.000000  1.179287e-12
16550.000000  1.237793e-12
16650.000000  1.212114e-12
16750.000000  1.144875e-12
16850.000000  1.076724e-12
16950.000000  1.133399e-12
17050.000000  1.112930e-12
17150.000000  1.088409e-12
17250.000000  1.058134e-12
17350.000000  9.464917e-13
17450.000000  1.002794e-12
17550.000000  9.980999e-13
17650.000000  9.783528e-13
17750.000000  9.579449e-13
17850.000000  9.380413e-13
17950.000000  9.184901e-13
18050.000000  8.946170e-13
18150.000000  8.080127e-13
18250.000000  8.404631e-13
18350.000000  8.439343e-13
18450.000000  8.288654e-13
18550.000000  8.114068e-13
18650.000000  7.893676e-13
18750.000000  7.133910e-13
18850.000000  7.564960e-13
18950.000000  7.490224e-13
19050.000000  7.350302e-13
19150.000000  7.209022e-13
19250.000000  7.060967e-13
19350.000000  6.854784e-13
19450.000000  6.190317e-13
19550.000000  6.593794e-13
19650.000000  6.537699e-13
19750.000000  6.420984e-13
19850.000000  6.299024e-13
19950.000000  6.181589e-13
20050.000000  6.066698e-13
20150.000000  5.954040e-13
20250.000000  5.844169e-13
20350.000000  5.736718e-13
20450.000000  5.631897e-13
20550.000000  5.529239e-13
20650.000000  5.428958e-13
20750.000000  5.331203e-13
20850.000000  5.235416e-13
20950.000000  5.142052e-13
21050.000000  5.050631e-13
21150.000000  4.961004e-13
21250.000000  4.873402e-13
21350.000000  4.787810e-13
21450.000000  4.698568e-13
21550.000000  4.578238e-13
21650.000000  4.166314e-13
21750.000000  4.391989e-13
21850.000000  4.378928e-13
21950.000000  4.312399e-13
22050.000000  4.238908e-13
22150.000000  4.166981e-13
22250.000000  4.096727e-13
22350.000000  4.027740e-13
22450.000000  3.960346e-13
22550.000000  3.894204e-13
22650.000000  3.829616e-13
22750.000000  3.766528e-13
22850.000000  3.707684e-13
22950.000000  3.647419e-13
23050.000000  3.588505e-13
23150.000000  3.530706e-13
23250.000000  3.473707e-13
23350.000000  3.418385e-13
23450.000000  3.363808e-13
23550.000000  3.310408e-13
23650.000000  3.257860e-13
23750.000000  3.206515e-13
23850.000000  3.156017e-13
23950.000000  3.106391e-13
24050.000000  3.057327e-13
24150.000000  3.008949e-13
24250.000000  2.962597e-13
24350.000000  2.915668e-13
24450.000000  2.868477e-13
24550.000000  2.827285e-13
24650.000000  2.779280e-13
24750.000000  2.737299e-13
24850.000000  2.703933e-13
24950.000000  2.637725e-13
