2505.000000  3.306977e-11
2513.000000  2.063703e-11
2518.000000  1.862103e-11
2525.000000  1.520944e-11
2535.000000  1.534950e-11
2545.000000  1.786767e-11
2555.000000  2.720105e-11
2565.000000  2.284678e-11
2575.000000  2.854250e-11
2585.000000  2.594794e-11
2595.000000  2.365389e-11
2605.000000  1.980833e-11
2615.000000  1.779278e-11
2625.000000  2.550765e-11
2635.000000  3.642091e-11
2645.000000  5.082453e-11
2655.000000  5.824996e-11
2665.000000  4.154761e-11
2675.000000  4.791287e-11
2685.000000  4.998520e-11
2695.000000  4.135510e-11
2705.000000  4.796339e-11
2715.000000  3.810885e-11
2725.000000  3.778178e-11
2735.000000  4.222692e-11
2745.000000  2.234443e-11
2755.000000  2.923235e-11
2765.000000  3.613456e-11
2775.000000  4.339754e-11
2785.000000  2.862783e-11
2795.000000  8.622150e-12
2805.000000  1.177613e-11
2815.000000  4.097308e-11
2825.000000  5.625743e-11
2835.000000  5.344716e-11
2845.000000  4.947058e-11
2855.000000  3.384292e-11
2865.000000  5.507768e-11
2875.000000  5.724011e-11
2885.000000  5.490804e-11
2895.000000  5.448002e-11
2910.000000  6.881491e-11
2930.000000  6.310338e-11
2950.000000  6.194198e-11
2970.000000  6.836964e-11
2990.000000  6.792810e-11
3010.000000  7.185496e-11
3030.000000  7.108252e-11
3050.000000  7.279595e-11
3070.000000  7.318585e-11
3090.000000  7.589528e-11
3110.000000  7.421023e-11
3130.000000  7.329958e-11
3150.000000  7.421632e-11
3170.000000  7.594065e-11
3190.000000  6.895588e-11
3210.000000  7.460762e-11
3230.000000  6.609806e-11
3250.000000  7.575159e-11
3270.000000  8.195313e-11
3290.000000  8.088950e-11
3310.000000  8.305399e-11
3330.000000  8.167054e-11
3350.000000  8.056790e-11
3370.000000  7.537285e-11
3390.000000  7.955031e-11
3410.000000  7.991203e-11
3430.000000  8.140046e-11
3450.000000  8.288469e-11
3470.000000  8.186475e-11
3490.000000  8.311615e-11
3510.000000  8.571930e-11
3530.000000  8.290273e-11
3550.000000  9.069858e-11
3570.000000  8.098151e-11
3590.000000  8.036970e-11
3610.000000  8.241089e-11
3630.000000  8.332822e-11
3640.000000  8.255593e-11
3650.000000  9.021805e-11
3670.000000  8.852734e-11
3690.000000  8.592512e-11
3710.000000  9.335245e-11
3730.000000  9.279231e-11
3750.000000  1.075945e-10
3770.000000  1.161325e-10
3790.000000  1.292576e-10
3810.000000  1.424837e-10
3830.000000  1.148863e-10
3850.000000  1.461166e-10
3870.000000  1.537801e-10
3890.000000  1.215693e-10
3910.000000  1.509361e-10
3930.000000  9.840244e-11
3950.000000  1.414359e-10
3970.000000  9.442227e-11
3990.000000  1.576079e-10
4010.000000  1.666329e-10
4030.000000  1.660715e-10
4050.000000  1.634893e-10
4070.000000  1.610469e-10
4090.000000  1.572739e-10
4110.000000  1.372236e-10
4130.000000  1.642325e-10
4150.000000  1.697173e-10
4170.000000  1.671359e-10
4190.000000  1.656782e-10
4210.000000  1.651384e-10
4230.000000  1.601944e-10
4250.000000  1.636136e-10
4270.000000  1.595568e-10
4290.000000  1.542277e-10
4310.000000  1.419281e-10
4330.000000  1.464821e-10
4350.000000  1.328210e-10
4370.000000  1.633155e-10
4390.000000  1.585685e-10
4410.000000  1.585996e-10
4430.000000  1.586378e-10
4450.000000  1.585013e-10
4470.000000  1.604768e-10
4490.000000  1.602072e-10
4510.000000  1.679327e-10
4530.000000  1.575235e-10
4550.000000  1.582704e-10
4570.000000  1.652510e-10
4590.000000  1.579262e-10
4610.000000  1.613659e-10
4630.000000  1.581249e-10
4650.000000  1.593497e-10
4670.000000  1.611022e-10
4690.000000  1.570988e-10
4710.000000  1.515028e-10
4730.000000  1.578040e-10
4750.000000  1.583878e-10
4770.000000  1.567925e-10
4790.000000  1.558416e-10
4810.000000  1.543550e-10
4830.000000  1.531178e-10
4850.000000  1.374348e-10
4870.000000  1.174982e-10
4890.000000  1.462641e-10
4910.000000  1.474505e-10
4930.000000  1.449561e-10
4950.000000  1.483825e-10
4970.000000  1.493805e-10
4990.000000  1.418636e-10
5010.000000  1.372048e-10
5030.000000  1.428723e-10
5050.000000  1.415009e-10
5070.000000  1.447041e-10
5090.000000  1.413559e-10
5110.000000  1.420469e-10
5130.000000  1.388517e-10
5150.000000  1.358941e-10
5170.000000  1.329287e-10
5190.000000  1.317165e-10
5210.000000  1.336177e-10
5230.000000  1.342060e-10
5250.000000  1.362946e-10
5270.000000  1.263580e-10
5290.000000  1.340111e-10
5310.000000  1.344158e-10
5330.000000  1.277384e-10
5350.000000  1.325307e-10
5370.000000  1.316243e-10
5390.000000  1.303427e-10
5410.000000  1.273163e-10
5430.000000  1.288631e-10
5450.000000  1.302018e-10
5470.000000  1.283505e-10
5490.000000  1.276189e-10
5510.000000  1.271967e-10
5530.000000  1.267723e-10
5550.000000  1.273081e-10
5570.000000  1.247905e-10
5590.000000  1.232759e-10
5610.000000  1.240319e-10
5630.000000  1.243549e-10
5650.000000  1.231510e-10
5670.000000  1.209900e-10
5690.000000  1.217400e-10
5710.000000  1.202594e-10
5730.000000  1.230196e-10
5750.000000  1.206162e-10
5770.000000  1.206166e-10
5790.000000  1.189472e-10
5810.000000  1.192312e-10
5830.000000  1.192222e-10
5850.000000  1.174275e-10
5870.000000  1.171024e-10
5890.000000  1.137600e-10
5910.000000  1.156444e-10
5930.000000  1.149288e-10
5950.000000  1.145621e-10
5970.000000  1.140221e-10
5990.000000  1.128718e-10
6010.000000  1.114573e-10
6030.000000  1.110759e-10
6050.000000  1.114271e-10
6070.000000  1.110597e-10
6090.000000  1.094402e-10
6110.000000  1.082742e-10
6130.000000  1.059276e-10
6150.000000  1.054385e-10
6170.000000  1.041230e-10
6190.000000  1.062713e-10
6210.000000  1.060076e-10
6230.000000  1.041764e-10
6250.000000  1.013318e-10
6270.000000  1.040066e-10
6290.000000  1.036012e-10
6310.000000  1.014028e-10
6330.000000  1.013491e-10
6350.000000  1.007900e-10
6370.000000  1.001784e-10
6390.000000  1.001382e-10
6410.000000  9.838624e-11
6430.000000  9.852623e-11
6450.000000  9.730131e-11
6470.000000  9.714555e-11
6490.000000  9.548883e-11
6510.000000  9.613625e-11
6530.000000  9.521811e-11
6550.000000  8.949355e-11
6570.000000  7.612397e-11
6590.000000  9.212752e-11
6610.000000  9.364276e-11
6630.000000  9.345841e-11
6650.000000  9.297834e-11
6670.000000  9.204273e-11
6690.000000  9.228641e-11
6710.000000  9.125569e-11
6730.000000  9.110976e-11
6750.000000  8.994646e-11
6770.000000  8.996923e-11
6790.000000  8.935670e-11
6810.000000  8.875479e-11
6830.000000  8.833890e-11
6850.000000  8.735378e-11
6870.000000  8.734235e-11
6890.000000  8.695432e-11
6910.000000  8.633797e-11
6930.000000  8.582159e-11
6950.000000  8.532543e-11
6970.000000  8.488097e-11
6990.000000  8.445493e-11
7010.000000  8.287948e-11
7030.000000  8.313054e-11
7050.000000  8.292267e-11
7070.000000  8.234188e-11
7090.000000  8.185131e-11
7110.000000  8.069761e-11
7130.000000  8.046357e-11
7150.000000  8.002700e-11
7170.000000  7.946422e-11
7190.000000  7.842114e-11
7210.000000  7.853048e-11
7230.000000  7.811359e-11
7250.000000  7.789787e-11
7270.000000  7.764848e-11
7290.000000  7.636104e-11
7310.000000  7.643936e-11
7330.000000  7.604255e-11
7350.000000  7.590712e-11
7370.000000  7.561312e-11
7390.000000  7.441234e-11
7410.000000  7.344960e-11
7430.000000  7.345671e-11
7450.000000  7.324947e-11
7470.000000  7.301596e-11
7490.000000  7.249094e-11
7510.000000  7.229937e-11
7530.000000  7.201181e-11
7550.000000  7.189635e-11
7570.000000  7.121582e-11
7590.000000  7.088528e-11
7610.000000  7.041401e-11
7630.000000  7.020625e-11
7650.000000  6.968186e-11
7670.000000  6.857227e-11
7690.000000  6.877871e-11
7710.000000  6.817176e-11
7730.000000  6.804209e-11
7750.000000  6.736154e-11
7770.000000  6.669031e-11
7790.000000  6.721394e-11
7810.000000  6.673170e-11
7830.000000  6.602092e-11
7850.000000  6.561388e-11
7870.000000  6.558940e-11
7890.000000  6.516287e-11
7910.000000  6.463102e-11
7930.000000  6.372903e-11
7950.000000  6.362795e-11
7970.000000  6.391158e-11
7990.000000  6.347165e-11
8010.000000  6.294506e-11
8030.000000  6.255515e-11
8050.000000  6.217695e-11
8070.000000  6.206365e-11
8090.000000  6.140544e-11
8110.000000  6.148263e-11
8130.000000  6.126488e-11
8150.000000  6.083980e-11
8170.000000  6.049919e-11
8190.000000  5.918396e-11
8210.000000  5.915857e-11
8230.000000  5.881321e-11
8250.000000  5.865483e-11
8270.000000  5.891261e-11
8290.000000  5.852410e-11
8310.000000  5.783790e-11
8330.000000  5.712335e-11
8350.000000  5.737021e-11
8370.000000  5.721739e-11
8390.000000  5.649838e-11
8410.000000  5.655134e-11
8430.000000  5.593717e-11
8450.000000  5.532626e-11
8470.000000  5.497235e-11
8490.000000  5.491276e-11
8510.000000  5.221045e-11
8530.000000  5.433681e-11
8550.000000  4.747854e-11
8570.000000  5.472374e-11
8590.000000  5.302523e-11
8610.000000  5.217435e-11
8630.000000  5.403077e-11
8650.000000  5.309056e-11
8670.000000  4.570067e-11
8690.000000  5.215274e-11
8710.000000  5.312546e-11
8730.000000  5.245114e-11
8750.000000  4.774227e-11
8770.000000  5.165136e-11
8790.000000  5.217984e-11
8810.000000  5.169028e-11
8830.000000  5.126878e-11
8850.000000  4.981145e-11
8870.000000  4.594369e-11
8890.000000  5.048515e-11
8910.000000  5.073193e-11
8930.000000  5.021450e-11
8950.000000  5.032357e-11
8970.000000  4.998687e-11
8990.000000  4.941216e-11
9010.000000  4.438246e-11
9030.000000  4.710292e-11
9050.000000  4.898717e-11
9070.000000  4.808851e-11
9090.000000  4.716641e-11
9110.000000  4.786851e-11
9130.000000  4.826737e-11
9150.000000  4.806776e-11
9170.000000  4.769343e-11
9190.000000  4.735616e-11
9210.000000  4.584155e-11
9230.000000  4.098658e-11
9250.000000  4.481606e-11
9270.000000  4.575373e-11
9290.000000  4.625282e-11
9310.000000  4.617403e-11
9330.000000  4.587286e-11
9350.000000  4.567674e-11
9370.000000  4.547057e-11
9390.000000  4.517889e-11
9410.000000  4.360282e-11
9430.000000  4.442639e-11
9450.000000  4.415022e-11
9470.000000  4.429334e-11
9490.000000  4.407465e-11
9510.000000  4.353851e-11
9530.000000  4.239068e-11
9550.000000  3.798781e-11
9570.000000  4.212866e-11
9590.000000  4.275278e-11
9610.000000  4.236046e-11
9630.000000  4.196718e-11
9650.000000  4.205025e-11
9670.000000  4.155771e-11
9690.000000  4.157835e-11
9710.000000  4.171503e-11
9730.000000  4.151162e-11
9750.000000  4.096570e-11
9770.000000  4.103887e-11
9790.000000  4.079996e-11
9810.000000  4.070239e-11
9830.000000  4.045533e-11
9850.000000  4.016418e-11
9870.000000  3.989964e-11
9890.000000  3.958563e-11
9910.000000  3.939797e-11
9930.000000  3.944255e-11
9950.000000  3.925369e-11
9970.000000  3.906725e-11
9990.000000  3.881043e-11
10025.000000  3.743142e-11
10075.000000  3.614484e-11
10125.000000  3.738726e-11
10175.000000  3.697544e-11
10225.000000  3.668050e-11
10275.000000  3.635046e-11
10325.000000  3.569176e-11
10375.000000  3.535351e-11
10425.000000  3.500137e-11
10475.000000  3.421778e-11
10525.000000  3.406552e-11
10575.000000  3.363725e-11
10625.000000  3.321142e-11
10675.000000  3.230154e-11
10725.000000  3.227005e-11
10775.000000  3.191220e-11
10825.000000  3.138061e-11
10875.000000  3.101442e-11
10925.000000  2.876322e-11
10975.000000  2.979564e-11
11025.000000  3.024708e-11
11075.000000  3.005987e-11
11125.000000  2.961537e-11
11175.000000  2.925523e-11
11225.000000  2.903075e-11
11275.000000  2.831863e-11
11325.000000  2.806140e-11
11375.000000  2.790613e-11
11425.000000  2.740350e-11
11475.000000  2.745546e-11
11525.000000  2.716062e-11
11575.000000  2.677778e-11
11625.000000  2.620302e-11
11675.000000  2.585698e-11
11725.000000  2.599410e-11
11775.000000  2.525680e-11
11825.000000  2.514489e-11
11875.000000  2.473795e-11
11925.000000  2.491946e-11
11975.000000  2.423270e-11
12025.000000  2.421105e-11
12075.000000  2.388222e-11
12125.000000  2.368625e-11
12175.000000  2.357245e-11
12225.000000  2.330111e-11
12275.000000  2.299175e-11
12325.000000  2.278465e-11
12375.000000  2.255023e-11
12425.000000  2.233215e-11
12475.000000  2.211270e-11
12525.000000  2.181571e-11
12575.000000  2.152505e-11
12625.000000  2.134978e-11
12675.000000  2.115398e-11
12725.000000  2.094306e-11
12775.000000  2.047396e-11
12825.000000  1.846520e-11
12875.000000  2.008992e-11
12925.000000  2.004635e-11
12975.000000  1.992218e-11
13025.000000  1.969703e-11
13075.000000  1.954927e-11
13125.000000  1.925904e-11
13175.000000  1.902912e-11
13225.000000  1.895756e-11
13275.000000  1.869691e-11
13325.000000  1.855946e-11
13375.000000  1.835871e-11
13425.000000  1.821208e-11
13475.000000  1.802699e-11
13525.000000  1.781959e-11
13575.000000  1.757572e-11
13625.000000  1.747583e-11
13675.000000  1.727749e-11
13725.000000  1.699075e-11
13775.000000  1.690513e-11
13825.000000  1.676110e-11
13875.000000  1.666744e-11
13925.000000  1.644186e-11
13975.000000  1.630245e-11
14025.000000  1.611200e-11
14075.000000  1.601340e-11
14125.000000  1.578730e-11
14175.000000  1.570740e-11
14225.000000  1.545518e-11
14275.000000  1.525398e-11
14325.000000  1.523108e-11
14375.000000  1.513283e-11
14425.000000  1.462135e-11
14475.000000  1.480798e-11
14525.000000  1.448242e-11
14570.000000  1.449476e-11
14620.000000  1.433246e-11
14675.000000  1.423641e-11
14725.000000  1.400749e-11
14775.000000  1.385943e-11
14825.000000  1.377491e-11
14875.000000  1.353404e-11
14925.000000  1.362322e-11
14975.000000  1.342100e-11
15025.000000  1.320474e-11
15075.000000  1.305817e-11
15125.000000  1.306960e-11
15175.000000  1.296851e-11
15225.000000  1.278067e-11
15275.000000  1.269599e-11
15325.000000  1.255093e-11
15375.000000  1.245418e-11
15425.000000  1.223252e-11
15475.000000  1.220053e-11
15525.000000  1.209102e-11
15575.000000  1.182544e-11
15625.000000  1.196226e-11
15675.000000  1.165283e-11
15725.000000  1.142660e-11
15775.000000  1.145704e-11
15825.000000  1.143714e-11
15875.000000  1.071636e-11
15925.000000  1.114861e-11
15975.000000  1.119286e-11
16050.000000  1.092187e-11
16150.000000  1.041087e-11
16250.000000  1.069599e-11
16350.000000  1.026253e-11
16450.000000  9.706022e-12
16550.000000  1.007045e-11
16650.000000  9.878911e-12
16750.000000  9.418760e-12
16850.000000  8.873318e-12
16950.000000  9.285401e-12
17050.000000  9.056861e-12
17150.000000  8.900132e-12
17250.000000  8.618930e-12
17350.000000  7.828517e-12
17450.000000  8.196718e-12
17550.000000  8.156708e-12
17650.000000  7.990827e-12
17750.000000  7.848295e-12
17850.000000  7.695597e-12
17950.000000  7.567163e-12
18050.000000  7.357279e-12
18150.000000  6.732362e-12
18250.000000  6.957610e-12
18350.000000  6.954651e-12
18450.000000  6.810724e-12
18550.000000  6.680350e-12
18650.000000  6.508555e-12
18750.000000  5.907323e-12
18850.000000  6.243438e-12
18950.000000  6.103632e-12
19050.000000  6.088226e-12
19150.000000  5.964204e-12
19250.000000  5.848174e-12
19350.000000  5.685125e-12
19450.000000  5.191002e-12
19550.000000  5.487599e-12
19650.000000  5.421964e-12
19750.000000  5.309233e-12
19850.000000  5.231752e-12
19950.000000  5.136026e-12
20050.000000  5.053312e-12
20150.000000  4.971112e-12
20250.000000  4.864472e-12
20350.000000  4.761090e-12
20450.000000  4.707648e-12
20550.000000  4.618575e-12
20650.000000  4.522338e-12
20750.000000  4.450323e-12
20850.000000  4.374074e-12
20950.000000  4.286939e-12
21050.000000  4.223290e-12
21150.000000  4.140826e-12
21250.000000  4.069213e-12
21350.000000  4.003189e-12
21450.000000  3.942303e-12
21550.000000  3.853906e-12
21650.000000  3.533574e-12
21750.000000  3.698158e-12
21850.000000  3.669273e-12
21950.000000  3.625103e-12
22050.000000  3.546727e-12
22150.000000  3.494186e-12
22250.000000  3.444375e-12
22350.000000  3.387211e-12
22450.000000  3.332165e-12
22550.000000  3.260863e-12
22650.000000  3.216401e-12
22750.000000  3.169840e-12
22850.000000  3.113229e-12
22950.000000  3.063913e-12
23050.000000  3.023068e-12
23150.000000  2.970951e-12
23250.000000  2.927426e-12
23350.000000  2.877189e-12
23450.000000  2.836790e-12
23550.000000  2.790698e-12
23650.000000  2.749588e-12
23750.000000  2.698214e-12
23850.000000  2.657290e-12
23950.000000  2.621173e-12
24050.000000  2.578344e-12
24150.000000  2.535517e-12
24250.000000  2.500423e-12
24350.000000  2.457148e-12
24450.000000  2.423678e-12
24550.000000  2.379574e-12
24650.000000  2.351041e-12
24750.000000  2.311573e-12
24850.000000  2.273480e-12
24950.000000  2.236254e-12
