2505.000000  7.124227e-16
2513.000000  4.666619e-16
2518.000000  5.339015e-16
2525.000000  6.971120e-16
2535.000000  1.890250e-15
2545.000000  2.389717e-15
2555.000000  2.505219e-15
2565.000000  1.177891e-15
2575.000000  2.320044e-15
2585.000000  1.381078e-15
2595.000000  1.938714e-15
2605.000000  2.834471e-15
2615.000000  2.469281e-15
2625.000000  4.542319e-15
2635.000000  7.548537e-15
2645.000000  5.413001e-15
2655.000000  8.170299e-15
2665.000000  6.530403e-15
2675.000000  6.085217e-15
2685.000000  8.555498e-15
2695.000000  5.359043e-15
2705.000000  1.068218e-14
2715.000000  9.957449e-15
2725.000000  8.035360e-15
2735.000000  8.553882e-15
2745.000000  1.278542e-14
2755.000000  1.188836e-14
2765.000000  1.880821e-14
2775.000000  2.588803e-14
2785.000000  1.618965e-14
2795.000000  1.932396e-14
2805.000000  1.947073e-14
2815.000000  2.773387e-14
2825.000000  2.676696e-14
2835.000000  2.280965e-14
2845.000000  1.446896e-14
2855.000000  5.820172e-15
2865.000000  2.473115e-14
2875.000000  3.041616e-14
2885.000000  5.361570e-14
2895.000000  6.349892e-14
2910.000000  7.330140e-14
2930.000000  7.830889e-14
2950.000000  8.059873e-14
2970.000000  8.341192e-14
2990.000000  9.650672e-14
3010.000000  1.031413e-13
3030.000000  1.267904e-13
3050.000000  1.549257e-13
3070.000000  1.980588e-13
3090.000000  2.333013e-13
3110.000000  2.951650e-13
3130.000000  3.254641e-13
3150.000000  4.768295e-13
3170.000000  6.304146e-13
3190.000000  5.261161e-13
3210.000000  6.600664e-13
3230.000000  6.133268e-13
3250.000000  8.547885e-13
3270.000000  1.230272e-12
3290.000000  1.574593e-12
3310.000000  1.388960e-12
3330.000000  1.565721e-12
3350.000000  1.599869e-12
3370.000000  1.275241e-12
3390.000000  1.491640e-12
3410.000000  1.830890e-12
3430.000000  2.112848e-12
3450.000000  1.945980e-12
3470.000000  2.237594e-12
3490.000000  2.702752e-12
3510.000000  3.449814e-12
3530.000000  2.853155e-12
3550.000000  4.210366e-12
3570.000000  2.093140e-12
3590.000000  1.803445e-12
3610.000000  2.889858e-12
3630.000000  4.800386e-12
3640.000000  5.288543e-12
3650.000000  5.693860e-12
3670.000000  8.052479e-12
3690.000000  6.814648e-12
3710.000000  6.060760e-12
3730.000000  2.609174e-12
3750.000000  3.218212e-12
3770.000000  6.383379e-12
3790.000000  7.399365e-12
3810.000000  6.052478e-12
3830.000000  2.826018e-12
3850.000000  4.511074e-12
3870.000000  4.554338e-12
3890.000000  6.328883e-12
3910.000000  7.278139e-12
3930.000000  2.553945e-12
3950.000000  4.764339e-12
3970.000000  3.132228e-12
3990.000000  1.214650e-11
4010.000000  1.943438e-11
4030.000000  1.718475e-11
4050.000000  1.720298e-11
4070.000000  1.606790e-11
4090.000000  2.328812e-11
4110.000000  1.929949e-11
4130.000000  1.800273e-11
4150.000000  1.769878e-11
4170.000000  1.750944e-11
4190.000000  1.983019e-11
4210.000000  1.888322e-11
4230.000000  1.231931e-11
4250.000000  2.406554e-11
4270.000000  2.354353e-11
4290.000000  2.282785e-11
4310.000000  2.452091e-11
4330.000000  3.606415e-11
4350.000000  3.885534e-11
4370.000000  4.116835e-11
4390.000000  3.448472e-11
4410.000000  3.588991e-11
4430.000000  3.785452e-11
4450.000000  3.984059e-11
4470.000000  4.355339e-11
4490.000000  4.709728e-11
4510.000000  5.810261e-11
4530.000000  4.517564e-11
4550.000000  4.952563e-11
4570.000000  5.840918e-11
4590.000000  5.540393e-11
4610.000000  5.848068e-11
4630.000000  5.638321e-11
4650.000000  5.721722e-11
4670.000000  6.257793e-11
4690.000000  6.206552e-11
4710.000000  6.059760e-11
4730.000000  6.297201e-11
4750.000000  6.808599e-11
4770.000000  5.905163e-11
4790.000000  6.223169e-11
4810.000000  6.310485e-11
4830.000000  6.918797e-11
4850.000000  6.778852e-11
4870.000000  6.687175e-11
4890.000000  7.525441e-11
4910.000000  7.749889e-11
4930.000000  7.712806e-11
4950.000000  7.902859e-11
4970.000000  6.432734e-11
4990.000000  6.215301e-11
5010.000000  5.355419e-11
5030.000000  6.237161e-11
5050.000000  6.338223e-11
5070.000000  6.797442e-11
5090.000000  6.206139e-11
5110.000000  6.843641e-11
5130.000000  6.464915e-11
5150.000000  6.393739e-11
5170.000000  5.229039e-11
5190.000000  5.326659e-11
5210.000000  5.986598e-11
5230.000000  8.196858e-11
5250.000000  8.275203e-11
5270.000000  7.632620e-11
5290.000000  9.332395e-11
5310.000000  1.065327e-10
5330.000000  8.823172e-11
5350.000000  1.017505e-10
5370.000000  1.020112e-10
5390.000000  9.653587e-11
5410.000000  9.873443e-11
5430.000000  9.969435e-11
5450.000000  9.870756e-11
5470.000000  9.095537e-11
5490.000000  9.321832e-11
5510.000000  8.941354e-11
5530.000000  1.013431e-10
5550.000000  1.072848e-10
5570.000000  1.069161e-10
5590.000000  1.025688e-10
5610.000000  9.772204e-11
5630.000000  9.539790e-11
5650.000000  1.009850e-10
5670.000000  9.875771e-11
5690.000000  1.096044e-10
5710.000000  1.018651e-10
5730.000000  1.195755e-10
5750.000000  1.151561e-10
5770.000000  1.159491e-10
5790.000000  1.087714e-10
5810.000000  1.209180e-10
5830.000000  1.287229e-10
5850.000000  1.186432e-10
5870.000000  1.135945e-10
5890.000000  7.620845e-11
5910.000000  1.030081e-10
5930.000000  1.071971e-10
5950.000000  1.082988e-10
5970.000000  1.143793e-10
5990.000000  1.129500e-10
6010.000000  1.118295e-10
6030.000000  1.231590e-10
6050.000000  1.292950e-10
6070.000000  1.320055e-10
6090.000000  1.267243e-10
6110.000000  1.281441e-10
6130.000000  1.186105e-10
6150.000000  1.260269e-10
6170.000000  1.026759e-10
6190.000000  1.098559e-10
6210.000000  1.062755e-10
6230.000000  9.606280e-11
6250.000000  9.565972e-11
6270.000000  1.064039e-10
6290.000000  1.146043e-10
6310.000000  1.123594e-10
6330.000000  1.188264e-10
6350.000000  1.184237e-10
6370.000000  1.174290e-10
6390.000000  1.255604e-10
6410.000000  1.259116e-10
6430.000000  1.231153e-10
6450.000000  1.258799e-10
6470.000000  1.302676e-10
6490.000000  1.212526e-10
6510.000000  1.284914e-10
6530.000000  1.332796e-10
6550.000000  1.301173e-10
6570.000000  1.315393e-10
6590.000000  1.335847e-10
6610.000000  1.332403e-10
6630.000000  1.306525e-10
6650.000000  1.260960e-10
6670.000000  1.206948e-10
6690.000000  1.166876e-10
6710.000000  1.131111e-10
6730.000000  1.115559e-10
6750.000000  1.100385e-10
6770.000000  1.181207e-10
6790.000000  1.110419e-10
6810.000000  1.163044e-10
6830.000000  1.214780e-10
6850.000000  1.204933e-10
6870.000000  1.237914e-10
6890.000000  1.308004e-10
6910.000000  1.345279e-10
6930.000000  1.304616e-10
6950.000000  1.321225e-10
6970.000000  1.400543e-10
6990.000000  1.374510e-10
7010.000000  1.373419e-10
7030.000000  1.436724e-10
7050.000000  1.420536e-10
7070.000000  1.196533e-10
7090.000000  1.126499e-10
7110.000000  1.099561e-10
7130.000000  9.854878e-11
7150.000000  1.000219e-10
7170.000000  1.071994e-10
7190.000000  1.114025e-10
7210.000000  1.120251e-10
7230.000000  1.233411e-10
7250.000000  1.273403e-10
7270.000000  1.309870e-10
7290.000000  1.317586e-10
7310.000000  1.373288e-10
7330.000000  1.398209e-10
7350.000000  1.414677e-10
7370.000000  1.503489e-10
7390.000000  1.487664e-10
7410.000000  1.498301e-10
7430.000000  1.521088e-10
7450.000000  1.532103e-10
7470.000000  1.532020e-10
7490.000000  1.527557e-10
7510.000000  1.579183e-10
7530.000000  1.603727e-10
7550.000000  1.611254e-10
7570.000000  1.600373e-10
7590.000000  1.535505e-10
7610.000000  1.518144e-10
7630.000000  1.506078e-10
7650.000000  1.509367e-10
7670.000000  1.384151e-10
7690.000000  1.443501e-10
7710.000000  1.390392e-10
7730.000000  1.420042e-10
7750.000000  1.397491e-10
7770.000000  1.437730e-10
7790.000000  1.444961e-10
7810.000000  1.480362e-10
7830.000000  1.444515e-10
7850.000000  1.428651e-10
7870.000000  1.468518e-10
7890.000000  1.417400e-10
7910.000000  1.372258e-10
7930.000000  1.403692e-10
7950.000000  1.362479e-10
7970.000000  1.468725e-10
7990.000000  1.457091e-10
8010.000000  1.478145e-10
8030.000000  1.492701e-10
8050.000000  1.483976e-10
8070.000000  1.447436e-10
8090.000000  1.424005e-10
8110.000000  1.415162e-10
8130.000000  1.463270e-10
8150.000000  1.472497e-10
8170.000000  1.490234e-10
8190.000000  1.444616e-10
8210.000000  1.403908e-10
8230.000000  1.470859e-10
8250.000000  1.465849e-10
8270.000000  1.491832e-10
8290.000000  1.450990e-10
8310.000000  1.369748e-10
8330.000000  1.404255e-10
8350.000000  1.386246e-10
8370.000000  1.410157e-10
8390.000000  1.353411e-10
8410.000000  1.433753e-10
8430.000000  1.373085e-10
8450.000000  1.387912e-10
8470.000000  1.390698e-10
8490.000000  1.374134e-10
8510.000000  1.301429e-10
8530.000000  1.343814e-10
8550.000000  1.091029e-10
8570.000000  1.431117e-10
8590.000000  1.427791e-10
8610.000000  1.442072e-10
8630.000000  1.463301e-10
8650.000000  1.450418e-10
8670.000000  1.166961e-10
8690.000000  1.398757e-10
8710.000000  1.475895e-10
8730.000000  1.484997e-10
8750.000000  1.489246e-10
8770.000000  1.495818e-10
8790.000000  1.497970e-10
8810.000000  1.445002e-10
8830.000000  1.478147e-10
8850.000000  1.512553e-10
8870.000000  1.380117e-10
8890.000000  1.411524e-10
8910.000000  1.449141e-10
8930.000000  1.402801e-10
8950.000000  1.391518e-10
8970.000000  1.405833e-10
8990.000000  1.434883e-10
9010.000000  1.381120e-10
9030.000000  1.421260e-10
9050.000000  1.478701e-10
9070.000000  1.490913e-10
9090.000000  1.419637e-10
9110.000000  1.409237e-10
9130.000000  1.471646e-10
9150.000000  1.361917e-10
9170.000000  1.328041e-10
9190.000000  1.363759e-10
9210.000000  1.319214e-10
9230.000000  1.354931e-10
9250.000000  1.332328e-10
9270.000000  1.360844e-10
9290.000000  1.336202e-10
9310.000000  1.391908e-10
9330.000000  1.394440e-10
9350.000000  1.373797e-10
9370.000000  1.353164e-10
9390.000000  1.334186e-10
9410.000000  1.300274e-10
9430.000000  1.329468e-10
9450.000000  1.285144e-10
9470.000000  1.345478e-10
9490.000000  1.341421e-10
9510.000000  1.367273e-10
9530.000000  1.361284e-10
9550.000000  1.336437e-10
9570.000000  1.346387e-10
9590.000000  1.384216e-10
9610.000000  1.354886e-10
9630.000000  1.362279e-10
9650.000000  1.306158e-10
9670.000000  1.296500e-10
9690.000000  1.342918e-10
9710.000000  1.328777e-10
9730.000000  1.320403e-10
9750.000000  1.312337e-10
9770.000000  1.323487e-10
9790.000000  1.289980e-10
9810.000000  1.350081e-10
9830.000000  1.323062e-10
9850.000000  1.358245e-10
9870.000000  1.360270e-10
9890.000000  1.368317e-10
9910.000000  1.342219e-10
9930.000000  1.357213e-10
9950.000000  1.345637e-10
9970.000000  1.366250e-10
9990.000000  1.369996e-10
10025.000000  1.346532e-10
10075.000000  1.336527e-10
10125.000000  1.359376e-10
10175.000000  1.340494e-10
10225.000000  1.354899e-10
10275.000000  1.363208e-10
10325.000000  1.338506e-10
10375.000000  1.332680e-10
10425.000000  1.343255e-10
10475.000000  1.336101e-10
10525.000000  1.341128e-10
10575.000000  1.321200e-10
10625.000000  1.324986e-10
10675.000000  1.293223e-10
10725.000000  1.296165e-10
10775.000000  1.288075e-10
10825.000000  1.262384e-10
10875.000000  1.245063e-10
10925.000000  1.228408e-10
10975.000000  1.142896e-10
11025.000000  1.138705e-10
11075.000000  1.158344e-10
11125.000000  1.161918e-10
11175.000000  1.179684e-10
11225.000000  1.177474e-10
11275.000000  1.155651e-10
11325.000000  1.168563e-10
11375.000000  1.142337e-10
11425.000000  1.158204e-10
11475.000000  1.180047e-10
11525.000000  1.181456e-10
11575.000000  1.169276e-10
11625.000000  1.154387e-10
11675.000000  1.157141e-10
11725.000000  1.181340e-10
11775.000000  1.156437e-10
11825.000000  1.155114e-10
11875.000000  1.138350e-10
11925.000000  1.166416e-10
11975.000000  1.110443e-10
12025.000000  1.141197e-10
12075.000000  1.130328e-10
12125.000000  1.137828e-10
12175.000000  1.144300e-10
12225.000000  1.140587e-10
12275.000000  1.133645e-10
12325.000000  1.120098e-10
12375.000000  1.121936e-10
12425.000000  1.110361e-10
12475.000000  1.116943e-10
12525.000000  1.105512e-10
12575.000000  1.107819e-10
12625.000000  1.106890e-10
12675.000000  1.089861e-10
12725.000000  1.094471e-10
12775.000000  1.102988e-10
12825.000000  1.055563e-10
12875.000000  1.079649e-10
12925.000000  1.057784e-10
12975.000000  1.084065e-10
13025.000000  1.063664e-10
13075.000000  1.078538e-10
13125.000000  1.050151e-10
13175.000000  1.055412e-10
13225.000000  1.060363e-10
13275.000000  1.039265e-10
13325.000000  1.056470e-10
13375.000000  1.047766e-10
13425.000000  1.056741e-10
13475.000000  1.052210e-10
13525.000000  1.051428e-10
13575.000000  1.033295e-10
13625.000000  1.027915e-10
13675.000000  1.036659e-10
13725.000000  1.044211e-10
13775.000000  1.036550e-10
13825.000000  1.042712e-10
13875.000000  1.027402e-10
13925.000000  1.002499e-10
13975.000000  1.006009e-10
14025.000000  9.972965e-11
14075.000000  9.733242e-11
14125.000000  9.327158e-11
14175.000000  9.362094e-11
14225.000000  9.393561e-11
14275.000000  9.189932e-11
14325.000000  9.463526e-11
14375.000000  9.527296e-11
14425.000000  9.222710e-11
14475.000000  9.625003e-11
14525.000000  9.238880e-11
14570.000000  9.233846e-11
14620.000000  8.944437e-11
14675.000000  8.926376e-11
14725.000000  8.890123e-11
14775.000000  9.018567e-11
14825.000000  9.103362e-11
14875.000000  9.097562e-11
14925.000000  9.339084e-11
14975.000000  9.312552e-11
15025.000000  9.043623e-11
15075.000000  8.970960e-11
15125.000000  8.949768e-11
15175.000000  9.106152e-11
15225.000000  9.130736e-11
15275.000000  9.091068e-11
15325.000000  9.211917e-11
15375.000000  9.256924e-11
15425.000000  9.128594e-11
15475.000000  9.288864e-11
15525.000000  9.048571e-11
15575.000000  8.738514e-11
15625.000000  9.055931e-11
15675.000000  8.965143e-11
15725.000000  9.141780e-11
15775.000000  8.362244e-11
15825.000000  8.658697e-11
15875.000000  8.535992e-11
15925.000000  8.732692e-11
15975.000000  8.671505e-11
16050.000000  8.607375e-11
16150.000000  8.716025e-11
16250.000000  8.529146e-11
16350.000000  8.807754e-11
16450.000000  8.228441e-11
16550.000000  8.614013e-11
16650.000000  8.103228e-11
16750.000000  8.300225e-11
16850.000000  7.916386e-11
16950.000000  8.149025e-11
17050.000000  7.824031e-11
17150.000000  7.826788e-11
17250.000000  7.655176e-11
17350.000000  7.386360e-11
17450.000000  7.483551e-11
17550.000000  7.244451e-11
17650.000000  7.241241e-11
17750.000000  7.018469e-11
17850.000000  6.990006e-11
17950.000000  6.912100e-11
18050.000000  6.634617e-11
18150.000000  6.669733e-11
18250.000000  6.467449e-11
18350.000000  6.346134e-11
18450.000000  6.208542e-11
18550.000000  6.166833e-11
18650.000000  5.980170e-11
18750.000000  5.912927e-11
18850.000000  5.826639e-11
18950.000000  5.551993e-11
19050.000000  5.710689e-11
19150.000000  5.559319e-11
19250.000000  5.543240e-11
19350.000000  5.312020e-11
19450.000000  5.229395e-11
19550.000000  5.231806e-11
19650.000000  5.056403e-11
19750.000000  4.841650e-11
19850.000000  4.833598e-11
19950.000000  4.753129e-11
20050.000000  4.777144e-11
20150.000000  4.706206e-11
20250.000000  4.520518e-11
20350.000000  4.492447e-11
20450.000000  4.472642e-11
20550.000000  4.320810e-11
20650.000000  4.252413e-11
20750.000000  4.188368e-11
20850.000000  4.119178e-11
20950.000000  4.026461e-11
21050.000000  4.027791e-11
21150.000000  3.961847e-11
21250.000000  3.875900e-11
21350.000000  3.859050e-11
21450.000000  3.771194e-11
21550.000000  3.710973e-11
21650.000000  3.651730e-11
21750.000000  3.555234e-11
21850.000000  3.534964e-11
21950.000000  3.501346e-11
22050.000000  3.372785e-11
22150.000000  3.434173e-11
22250.000000  3.289351e-11
22350.000000  3.259259e-11
22450.000000  3.211074e-11
22550.000000  3.187404e-11
22650.000000  3.087497e-11
22750.000000  3.118386e-11
22850.000000  3.027196e-11
22950.000000  2.524793e-11
23050.000000  2.740903e-11
23150.000000  2.710600e-11
23250.000000  2.298280e-11
23350.000000  2.487154e-11
23450.000000  2.394149e-11
23550.000000  2.038311e-11
23650.000000  2.294336e-11
23750.000000  2.189145e-11
23850.000000  1.920228e-11
23950.000000  2.119523e-11
24050.000000  2.080459e-11
24150.000000  1.855518e-11
24250.000000  2.004647e-11
24350.000000  1.985009e-11
24450.000000  1.838403e-11
24550.000000  1.853303e-11
24650.000000  1.929674e-11
24750.000000  1.842779e-11
24850.000000  1.732262e-11
24950.000000  1.809465e-11
