2505.000000  2.708468e-13
2513.000000  1.529295e-13
2518.000000  9.806834e-14
2525.000000  1.056173e-13
2535.000000  2.366485e-13
2545.000000  3.232014e-13
2555.000000  1.120374e-12
2565.000000  6.456101e-13
2575.000000  9.655194e-13
2585.000000  7.490760e-13
2595.000000  6.283359e-13
2605.000000  5.321938e-13
2615.000000  4.916701e-13
2625.000000  7.128589e-13
2635.000000  1.948738e-12
2645.000000  2.881151e-12
2655.000000  5.045848e-12
2665.000000  2.735374e-12
2675.000000  2.808157e-12
2685.000000  3.806137e-12
2695.000000  2.380388e-12
2705.000000  3.466300e-12
2715.000000  2.063742e-12
2725.000000  1.093639e-12
2735.000000  1.714811e-12
2745.000000  9.421506e-13
2755.000000  1.428099e-12
2765.000000  2.118059e-12
2775.000000  2.177530e-12
2785.000000  1.120824e-12
2795.000000  3.727742e-13
2805.000000  4.902767e-13
2815.000000  1.695498e-12
2825.000000  2.776072e-12
2835.000000  2.314139e-12
2845.000000  1.074070e-12
2855.000000  3.810484e-13
2865.000000  1.808436e-12
2875.000000  3.835818e-12
2885.000000  4.092242e-12
2895.000000  5.845513e-12
2910.000000  8.497459e-12
2930.000000  7.881550e-12
2950.000000  7.066408e-12
2970.000000  7.292324e-12
2990.000000  7.464556e-12
3010.000000  6.655762e-12
3030.000000  8.392297e-12
3050.000000  8.859161e-12
3070.000000  1.030887e-11
3090.000000  1.020394e-11
3110.000000  1.287639e-11
3130.000000  1.080554e-11
3150.000000  1.153042e-11
3170.000000  1.343295e-11
3190.000000  1.145513e-11
3210.000000  1.248461e-11
3230.000000  9.880340e-12
3250.000000  1.594655e-11
3270.000000  1.968808e-11
3290.000000  1.942415e-11
3310.000000  1.694618e-11
3330.000000  1.766163e-11
3350.000000  1.622794e-11
3370.000000  1.123666e-11
3390.000000  1.331558e-11
3410.000000  1.465436e-11
3430.000000  1.644778e-11
3450.000000  1.737043e-11
3470.000000  1.821783e-11
3490.000000  2.095761e-11
3510.000000  2.243484e-11
3530.000000  1.927353e-11
3550.000000  2.222140e-11
3570.000000  1.336569e-11
3590.000000  1.530441e-11
3610.000000  2.123279e-11
3630.000000  2.265568e-11
3640.000000  2.336969e-11
3650.000000  2.664391e-11
3670.000000  2.822865e-11
3690.000000  2.660262e-11
3710.000000  2.908896e-11
3730.000000  1.780459e-11
3750.000000  2.066463e-11
3770.000000  2.607815e-11
3790.000000  2.546216e-11
3810.000000  2.277630e-11
3830.000000  1.249134e-11
3850.000000  1.396810e-11
3870.000000  1.480077e-11
3890.000000  2.497808e-11
3910.000000  3.083174e-11
3930.000000  1.310990e-11
3950.000000  2.580577e-11
3970.000000  1.677307e-11
3990.000000  4.081617e-11
4010.000000  4.559621e-11
4030.000000  4.416796e-11
4050.000000  4.212741e-11
4070.000000  4.013773e-11
4090.000000  4.927820e-11
4110.000000  4.833225e-11
4130.000000  4.367615e-11
4150.000000  4.087102e-11
4170.000000  4.165145e-11
4190.000000  4.105032e-11
4210.000000  4.452942e-11
4230.000000  4.646677e-11
4250.000000  4.699078e-11
4270.000000  4.354555e-11
4290.000000  3.900070e-11
4310.000000  3.216010e-11
4330.000000  5.099835e-11
4350.000000  4.919687e-11
4370.000000  5.330613e-11
4390.000000  4.770967e-11
4410.000000  5.272218e-11
4430.000000  5.793368e-11
4450.000000  5.835491e-11
4470.000000  6.291668e-11
4490.000000  6.450806e-11
4510.000000  7.318978e-11
4530.000000  6.485054e-11
4550.000000  6.728465e-11
4570.000000  7.260509e-11
4590.000000  6.924111e-11
4610.000000  7.174456e-11
4630.000000  7.012856e-11
4650.000000  7.125394e-11
4670.000000  7.362195e-11
4690.000000  7.229915e-11
4710.000000  7.048014e-11
4730.000000  7.346074e-11
4750.000000  7.644624e-11
4770.000000  7.698987e-11
4790.000000  7.673633e-11
4810.000000  7.570588e-11
4830.000000  7.775430e-11
4850.000000  7.372861e-11
4870.000000  6.839620e-11
4890.000000  7.514293e-11
4910.000000  7.472996e-11
4930.000000  7.359678e-11
4950.000000  7.815784e-11
4970.000000  7.707234e-11
4990.000000  7.153032e-11
5010.000000  6.810456e-11
5030.000000  7.225229e-11
5050.000000  7.262572e-11
5070.000000  7.596200e-11
5090.000000  7.144163e-11
5110.000000  7.314943e-11
5130.000000  7.063417e-11
5150.000000  6.825189e-11
5170.000000  6.289352e-11
5190.000000  6.575278e-11
5210.000000  7.098323e-11
5230.000000  7.342044e-11
5250.000000  7.578487e-11
5270.000000  6.752481e-11
5290.000000  7.652901e-11
5310.000000  8.075255e-11
5330.000000  7.184040e-11
5350.000000  7.844136e-11
5370.000000  7.889358e-11
5390.000000  7.659891e-11
5410.000000  7.495545e-11
5430.000000  7.624741e-11
5450.000000  8.015944e-11
5470.000000  7.750921e-11
5490.000000  7.671890e-11
5510.000000  7.655406e-11
5530.000000  7.842856e-11
5550.000000  7.990112e-11
5570.000000  7.799289e-11
5590.000000  7.589516e-11
5610.000000  7.953281e-11
5630.000000  7.867188e-11
5650.000000  7.886115e-11
5670.000000  7.688997e-11
5690.000000  7.898691e-11
5710.000000  7.642053e-11
5730.000000  8.288721e-11
5750.000000  7.972064e-11
5770.000000  8.094967e-11
5790.000000  7.741302e-11
5810.000000  8.063654e-11
5830.000000  8.264692e-11
5850.000000  8.031461e-11
5870.000000  8.065759e-11
5890.000000  7.345893e-11
5910.000000  7.961124e-11
5930.000000  7.963879e-11
5950.000000  7.974658e-11
5970.000000  8.079468e-11
5990.000000  7.945985e-11
6010.000000  7.800236e-11
6030.000000  7.932355e-11
6050.000000  8.074189e-11
6070.000000  8.025714e-11
6090.000000  7.719507e-11
6110.000000  7.723078e-11
6130.000000  7.377309e-11
6150.000000  7.572719e-11
6170.000000  7.290820e-11
6190.000000  7.718751e-11
6210.000000  7.715711e-11
6230.000000  7.470020e-11
6250.000000  7.222463e-11
6270.000000  7.559288e-11
6290.000000  7.630823e-11
6310.000000  7.394804e-11
6330.000000  7.461109e-11
6350.000000  7.476693e-11
6370.000000  7.431528e-11
6390.000000  7.533223e-11
6410.000000  7.368579e-11
6430.000000  7.445183e-11
6450.000000  7.396186e-11
6470.000000  7.367384e-11
6490.000000  7.214606e-11
6510.000000  7.410556e-11
6530.000000  7.432648e-11
6550.000000  7.320794e-11
6570.000000  6.958784e-11
6590.000000  7.319941e-11
6610.000000  7.375138e-11
6630.000000  7.321595e-11
6650.000000  7.305601e-11
6670.000000  7.195932e-11
6690.000000  7.364217e-11
6710.000000  7.135953e-11
6730.000000  7.318331e-11
6750.000000  7.198939e-11
6770.000000  7.218734e-11
6790.000000  7.171327e-11
6810.000000  7.133788e-11
6830.000000  7.204827e-11
6850.000000  6.999556e-11
6870.000000  7.091724e-11
6890.000000  7.134632e-11
6910.000000  7.069395e-11
6930.000000  7.006471e-11
6950.000000  6.934110e-11
6970.000000  6.954045e-11
6990.000000  6.897946e-11
7010.000000  6.695649e-11
7030.000000  6.826766e-11
7050.000000  6.889176e-11
7070.000000  6.788731e-11
7090.000000  6.760188e-11
7110.000000  6.750994e-11
7130.000000  6.617915e-11
7150.000000  6.588828e-11
7170.000000  6.621300e-11
7190.000000  6.400456e-11
7210.000000  6.555792e-11
7230.000000  6.607829e-11
7250.000000  6.615874e-11
7270.000000  6.576139e-11
7290.000000  6.372538e-11
7310.000000  6.484754e-11
7330.000000  6.469252e-11
7350.000000  6.459672e-11
7370.000000  6.525352e-11
7390.000000  6.360695e-11
7410.000000  6.297428e-11
7430.000000  6.368797e-11
7450.000000  6.375335e-11
7470.000000  6.405201e-11
7490.000000  6.340413e-11
7510.000000  6.376309e-11
7530.000000  6.385691e-11
7550.000000  6.407756e-11
7570.000000  6.338679e-11
7590.000000  6.314819e-11
7610.000000  6.298543e-11
7630.000000  6.320145e-11
7650.000000  6.311958e-11
7670.000000  6.119682e-11
7690.000000  6.280470e-11
7710.000000  6.163828e-11
7730.000000  6.164874e-11
7750.000000  6.106503e-11
7770.000000  6.229859e-11
7790.000000  6.201624e-11
7810.000000  6.172986e-11
7830.000000  6.106107e-11
7850.000000  6.081817e-11
7870.000000  6.096143e-11
7890.000000  5.974747e-11
7910.000000  5.828010e-11
7930.000000  5.774272e-11
7950.000000  5.721868e-11
7970.000000  5.879216e-11
7990.000000  5.862851e-11
8010.000000  5.812635e-11
8030.000000  5.811740e-11
8050.000000  5.751201e-11
8070.000000  5.744886e-11
8090.000000  5.600639e-11
8110.000000  5.622256e-11
8130.000000  5.670442e-11
8150.000000  5.642448e-11
8170.000000  5.643485e-11
8190.000000  5.510620e-11
8210.000000  5.508631e-11
8230.000000  5.522683e-11
8250.000000  5.573174e-11
8270.000000  5.615309e-11
8290.000000  5.572845e-11
8310.000000  5.407576e-11
8330.000000  5.406482e-11
8350.000000  5.419817e-11
8370.000000  5.449300e-11
8390.000000  5.304160e-11
8410.000000  5.442649e-11
8430.000000  5.311458e-11
8450.000000  5.393983e-11
8470.000000  5.352901e-11
8490.000000  5.316930e-11
8510.000000  5.049825e-11
8530.000000  5.227030e-11
8550.000000  4.465715e-11
8570.000000  5.349791e-11
8590.000000  5.255607e-11
8610.000000  5.251122e-11
8630.000000  5.296572e-11
8650.000000  5.242173e-11
8670.000000  4.499334e-11
8690.000000  5.093363e-11
8710.000000  5.188920e-11
8730.000000  5.199835e-11
8750.000000  5.120289e-11
8770.000000  5.201961e-11
8790.000000  5.147162e-11
8810.000000  5.023444e-11
8830.000000  5.105731e-11
8850.000000  5.128559e-11
8870.000000  5.009233e-11
8890.000000  5.113503e-11
8910.000000  5.138481e-11
8930.000000  5.018298e-11
8950.000000  5.002798e-11
8970.000000  5.009840e-11
8990.000000  5.024296e-11
9010.000000  4.816673e-11
9030.000000  4.953848e-11
9050.000000  5.033989e-11
9070.000000  4.960882e-11
9090.000000  4.806459e-11
9110.000000  4.813294e-11
9130.000000  4.918095e-11
9150.000000  4.710513e-11
9170.000000  4.624109e-11
9190.000000  4.648461e-11
9210.000000  4.530865e-11
9230.000000  4.547228e-11
9250.000000  4.535098e-11
9270.000000  4.597411e-11
9290.000000  4.554655e-11
9310.000000  4.628094e-11
9330.000000  4.616196e-11
9350.000000  4.576209e-11
9370.000000  4.546711e-11
9390.000000  4.502478e-11
9410.000000  4.376204e-11
9430.000000  4.444159e-11
9450.000000  4.365128e-11
9470.000000  4.459551e-11
9490.000000  4.449591e-11
9510.000000  4.474144e-11
9530.000000  4.429649e-11
9550.000000  4.385779e-11
9570.000000  4.401952e-11
9590.000000  4.441234e-11
9610.000000  4.398867e-11
9630.000000  4.361641e-11
9650.000000  4.310189e-11
9670.000000  4.293462e-11
9690.000000  4.353382e-11
9710.000000  4.323322e-11
9730.000000  4.316398e-11
9750.000000  4.276159e-11
9770.000000  4.285676e-11
9790.000000  4.225542e-11
9810.000000  4.303368e-11
9830.000000  4.281691e-11
9850.000000  4.292561e-11
9870.000000  4.263225e-11
9890.000000  4.268089e-11
9910.000000  4.228745e-11
9930.000000  4.264721e-11
9950.000000  4.240864e-11
9970.000000  4.244496e-11
9990.000000  4.230231e-11
10025.000000  4.193902e-11
10075.000000  4.144103e-11
10125.000000  4.133388e-11
10175.000000  4.066818e-11
10225.000000  4.060769e-11
10275.000000  4.055757e-11
10325.000000  3.980260e-11
10375.000000  3.952377e-11
10425.000000  3.952323e-11
10475.000000  3.899087e-11
10525.000000  3.890502e-11
10575.000000  3.845383e-11
10625.000000  3.813527e-11
10675.000000  3.739002e-11
10725.000000  3.737102e-11
10775.000000  3.692354e-11
10825.000000  3.628065e-11
10875.000000  3.593506e-11
10925.000000  3.542204e-11
10975.000000  3.364939e-11
11025.000000  3.350797e-11
11075.000000  3.376471e-11
11125.000000  3.353976e-11
11175.000000  3.365341e-11
11225.000000  3.352541e-11
11275.000000  3.293533e-11
11325.000000  3.314399e-11
11375.000000  3.252799e-11
11425.000000  3.244438e-11
11475.000000  3.271860e-11
11525.000000  3.257222e-11
11575.000000  3.211703e-11
11625.000000  3.167634e-11
11675.000000  3.165648e-11
11725.000000  3.191621e-11
11775.000000  3.127772e-11
11825.000000  3.100368e-11
11875.000000  3.066265e-11
11925.000000  3.109423e-11
11975.000000  2.992865e-11
12025.000000  3.029924e-11
12075.000000  2.993664e-11
12125.000000  2.991677e-11
12175.000000  2.997329e-11
12225.000000  2.976452e-11
12275.000000  2.948671e-11
12325.000000  2.928878e-11
12375.000000  2.909226e-11
12425.000000  2.881589e-11
12475.000000  2.879037e-11
12525.000000  2.847416e-11
12575.000000  2.833801e-11
12625.000000  2.817151e-11
12675.000000  2.783100e-11
12725.000000  2.781670e-11
12775.000000  2.773637e-11
12825.000000  2.667628e-11
12875.000000  2.715220e-11
12925.000000  2.683731e-11
12975.000000  2.694947e-11
13025.000000  2.660277e-11
13075.000000  2.663638e-11
13125.000000  2.617104e-11
13175.000000  2.599937e-11
13225.000000  2.605471e-11
13275.000000  2.557754e-11
13325.000000  2.566096e-11
13375.000000  2.545626e-11
13425.000000  2.548973e-11
13475.000000  2.528658e-11
13525.000000  2.517321e-11
13575.000000  2.471444e-11
13625.000000  2.461128e-11
13675.000000  2.454669e-11
13725.000000  2.447808e-11
13775.000000  2.430663e-11
13825.000000  2.423064e-11
13875.000000  2.402581e-11
13925.000000  2.395718e-11
13975.000000  2.377433e-11
14025.000000  2.343798e-11
14075.000000  2.321221e-11
14125.000000  2.262580e-11
14175.000000  2.266988e-11
14225.000000  2.227269e-11
14275.000000  2.194044e-11
14325.000000  2.226464e-11
14375.000000  2.234733e-11
14425.000000  2.162098e-11
14475.000000  2.212926e-11
14525.000000  2.159990e-11
14570.000000  2.159989e-11
14620.000000  2.142658e-11
14675.000000  2.128306e-11
14725.000000  2.094043e-11
14775.000000  2.098837e-11
14825.000000  2.091063e-11
14875.000000  2.065035e-11
14925.000000  2.103702e-11
14975.000000  2.075566e-11
15025.000000  2.030599e-11
15075.000000  2.018157e-11
15125.000000  2.035879e-11
15175.000000  2.041588e-11
15225.000000  2.014084e-11
15275.000000  2.020275e-11
15325.000000  2.006883e-11
15375.000000  2.004798e-11
15425.000000  1.994174e-11
15475.000000  1.986518e-11
15525.000000  1.955032e-11
15575.000000  1.934175e-11
15625.000000  1.965564e-11
15675.000000  1.911835e-11
15725.000000  1.917494e-11
15775.000000  1.856964e-11
15825.000000  1.882035e-11
15875.000000  1.802887e-11
15925.000000  1.851475e-11
15975.000000  1.865708e-11
16050.000000  1.842332e-11
16150.000000  1.799198e-11
16250.000000  1.806603e-11
16350.000000  1.773778e-11
16450.000000  1.714850e-11
16550.000000  1.725793e-11
16650.000000  1.689595e-11
16750.000000  1.647275e-11
16850.000000  1.588294e-11
16950.000000  1.610892e-11
17050.000000  1.554262e-11
17150.000000  1.534547e-11
17250.000000  1.492046e-11
17350.000000  1.430409e-11
17450.000000  1.437475e-11
17550.000000  1.415785e-11
17650.000000  1.390531e-11
17750.000000  1.357824e-11
17850.000000  1.340476e-11
17950.000000  1.316213e-11
18050.000000  1.283491e-11
18150.000000  1.240419e-11
18250.000000  1.230793e-11
18350.000000  1.211768e-11
18450.000000  1.179568e-11
18550.000000  1.166810e-11
18650.000000  1.133350e-11
18750.000000  1.088443e-11
18850.000000  1.098908e-11
18950.000000  1.054485e-11
19050.000000  1.065103e-11
19150.000000  1.040858e-11
19250.000000  1.025364e-11
19350.000000  9.956741e-12
19450.000000  9.594142e-12
19550.000000  9.682972e-12
19650.000000  9.472006e-12
19750.000000  9.245846e-12
19850.000000  9.133354e-12
19950.000000  8.968494e-12
20050.000000  8.886645e-12
20150.000000  8.775592e-12
20250.000000  8.518417e-12
20350.000000  8.334458e-12
20450.000000  8.311584e-12
20550.000000  8.119630e-12
20650.000000  7.946140e-12
20750.000000  7.832361e-12
20850.000000  7.696750e-12
20950.000000  7.519196e-12
21050.000000  7.471717e-12
21150.000000  7.327814e-12
21250.000000  7.197199e-12
21350.000000  7.104012e-12
21450.000000  6.986109e-12
21550.000000  6.873690e-12
21650.000000  6.608822e-12
21750.000000  6.586778e-12
21850.000000  6.504201e-12
21950.000000  6.435253e-12
22050.000000  6.265126e-12
22150.000000  6.234598e-12
22250.000000  6.096713e-12
22350.000000  6.000036e-12
22450.000000  5.910903e-12
22550.000000  5.810810e-12
22650.000000  5.700727e-12
22750.000000  5.654932e-12
22850.000000  5.520147e-12
22950.000000  5.078663e-12
23050.000000  5.213474e-12
23150.000000  5.159472e-12
23250.000000  4.726944e-12
23350.000000  4.877390e-12
23450.000000  4.890148e-12
23550.000000  4.445980e-12
23650.000000  4.636308e-12
23750.000000  4.601007e-12
23850.000000  4.226522e-12
23950.000000  4.377608e-12
24050.000000  4.381895e-12
24150.000000  4.078100e-12
24250.000000  4.159404e-12
24350.000000  4.165271e-12
24450.000000  3.967856e-12
24550.000000  3.913901e-12
24650.000000  4.003632e-12
24750.000000  3.865820e-12
24850.000000  3.731610e-12
24950.000000  3.794676e-12
