2505.000000  1.247053e-10
2513.000000  1.040648e-10
2518.000000  1.077659e-10
2525.000000  9.659121e-11
2535.000000  9.287074e-11
2545.000000  9.131470e-11
2555.000000  1.025688e-10
2565.000000  1.003855e-10
2575.000000  1.125145e-10
2585.000000  1.123362e-10
2595.000000  1.073526e-10
2605.000000  1.009267e-10
2615.000000  9.690407e-11
2625.000000  1.128592e-10
2635.000000  1.153775e-10
2645.000000  1.388484e-10
2655.000000  1.385276e-10
2665.000000  1.194051e-10
2675.000000  1.283418e-10
2685.000000  1.265167e-10
2695.000000  1.192995e-10
2705.000000  1.241148e-10
2715.000000  1.142984e-10
2725.000000  1.164970e-10
2735.000000  1.280070e-10
2745.000000  9.709094e-11
2755.000000  1.032371e-10
2765.000000  1.086562e-10
2775.000000  1.233065e-10
2785.000000  1.157510e-10
2795.000000  6.635129e-11
2805.000000  8.080845e-11
2815.000000  1.271073e-10
2825.000000  1.340748e-10
2835.000000  1.272100e-10
2845.000000  1.214139e-10
2855.000000  1.141886e-10
2865.000000  1.277778e-10
2875.000000  1.234032e-10
2885.000000  1.260898e-10
2895.000000  1.188251e-10
2910.000000  1.375114e-10
2930.000000  1.309048e-10
2950.000000  1.299966e-10
2970.000000  1.346234e-10
2990.000000  1.358183e-10
3010.000000  1.382649e-10
3030.000000  1.365226e-10
3050.000000  1.355803e-10
3070.000000  1.356907e-10
3090.000000  1.383000e-10
3110.000000  1.338224e-10
3130.000000  1.332184e-10
3150.000000  1.372800e-10
3170.000000  1.365676e-10
3190.000000  1.291408e-10
3210.000000  1.331303e-10
3230.000000  1.287385e-10
3250.000000  1.323662e-10
3270.000000  1.336973e-10
3290.000000  1.351502e-10
3310.000000  1.366287e-10
3330.000000  1.332918e-10
3350.000000  1.313742e-10
3370.000000  1.305692e-10
3390.000000  1.306464e-10
3410.000000  1.328531e-10
3430.000000  1.333688e-10
3450.000000  1.321610e-10
3470.000000  1.302797e-10
3490.000000  1.296086e-10
3510.000000  1.322381e-10
3530.000000  1.323311e-10
3550.000000  1.337602e-10
3570.000000  1.294355e-10
3590.000000  1.287620e-10
3610.000000  1.288495e-10
3630.000000  1.295020e-10
3640.000000  1.279460e-10
3650.000000  1.316953e-10
3670.000000  1.306914e-10
3690.000000  1.250606e-10
3710.000000  1.345306e-10
3730.000000  1.435600e-10
3750.000000  1.878525e-10
3770.000000  2.029479e-10
3790.000000  2.570028e-10
3810.000000  3.045986e-10
3830.000000  2.358891e-10
3850.000000  3.378284e-10
3870.000000  3.852350e-10
3890.000000  2.081416e-10
3910.000000  3.814296e-10
3930.000000  3.607352e-10
3950.000000  3.804618e-10
3970.000000  1.945241e-10
3990.000000  3.694255e-10
4010.000000  4.124946e-10
4030.000000  4.099281e-10
4050.000000  4.053993e-10
4070.000000  3.853527e-10
4090.000000  2.983834e-10
4110.000000  2.226821e-10
4130.000000  3.639801e-10
4150.000000  3.830788e-10
4170.000000  3.790773e-10
4190.000000  3.744350e-10
4210.000000  3.724317e-10
4230.000000  3.628041e-10
4250.000000  3.605477e-10
4270.000000  3.482981e-10
4290.000000  3.488355e-10
4310.000000  3.218660e-10
4330.000000  2.428066e-10
4350.000000  2.048815e-10
4370.000000  3.191366e-10
4390.000000  3.260575e-10
4410.000000  3.217506e-10
4430.000000  3.196293e-10
4450.000000  3.217293e-10
4470.000000  3.180000e-10
4490.000000  3.125903e-10
4510.000000  3.153792e-10
4530.000000  3.065055e-10
4550.000000  2.991661e-10
4570.000000  3.045072e-10
4590.000000  2.956690e-10
4610.000000  2.994055e-10
4630.000000  2.902416e-10
4650.000000  2.916869e-10
4670.000000  2.882516e-10
4690.000000  2.790965e-10
4710.000000  2.695459e-10
4730.000000  2.776610e-10
4750.000000  2.755679e-10
4770.000000  2.709593e-10
4790.000000  2.672383e-10
4810.000000  2.608051e-10
4830.000000  2.481668e-10
4850.000000  1.904270e-10
4870.000000  1.512177e-10
4890.000000  2.325266e-10
4910.000000  2.447206e-10
4930.000000  2.417577e-10
4950.000000  2.432565e-10
4970.000000  2.433231e-10
4990.000000  2.373678e-10
5010.000000  2.303563e-10
5030.000000  2.324510e-10
5050.000000  2.283144e-10
5070.000000  2.293721e-10
5090.000000  2.265801e-10
5110.000000  2.245412e-10
5130.000000  2.206861e-10
5150.000000  2.167225e-10
5170.000000  2.111616e-10
5190.000000  2.093758e-10
5210.000000  2.095409e-10
5230.000000  2.055665e-10
5250.000000  2.076382e-10
5270.000000  1.987775e-10
5290.000000  2.026347e-10
5310.000000  1.985442e-10
5330.000000  1.943231e-10
5350.000000  1.969109e-10
5370.000000  1.937524e-10
5390.000000  1.917577e-10
5410.000000  1.881811e-10
5430.000000  1.874196e-10
5450.000000  1.868493e-10
5470.000000  1.847874e-10
5490.000000  1.834736e-10
5510.000000  1.815381e-10
5530.000000  1.789268e-10
5550.000000  1.782995e-10
5570.000000  1.758637e-10
5590.000000  1.739258e-10
5610.000000  1.727618e-10
5630.000000  1.715590e-10
5650.000000  1.693733e-10
5670.000000  1.673374e-10
5690.000000  1.662714e-10
5710.000000  1.646638e-10
5730.000000  1.637088e-10
5750.000000  1.615489e-10
5770.000000  1.601632e-10
5790.000000  1.584187e-10
5810.000000  1.570046e-10
5830.000000  1.555645e-10
5850.000000  1.539698e-10
5870.000000  1.524601e-10
5890.000000  1.492966e-10
5910.000000  1.495079e-10
5930.000000  1.481067e-10
5950.000000  1.464318e-10
5970.000000  1.452371e-10
5990.000000  1.434229e-10
6010.000000  1.418128e-10
6030.000000  1.409354e-10
6050.000000  1.395908e-10
6070.000000  1.385354e-10
6090.000000  1.370645e-10
6110.000000  1.356066e-10
6130.000000  1.338442e-10
6150.000000  1.311111e-10
6170.000000  1.311372e-10
6190.000000  1.308015e-10
6210.000000  1.296351e-10
6230.000000  1.281075e-10
6250.000000  1.254367e-10
6270.000000  1.261462e-10
6290.000000  1.249514e-10
6310.000000  1.232586e-10
6330.000000  1.224225e-10
6350.000000  1.203347e-10
6370.000000  1.195245e-10
6390.000000  1.190858e-10
6410.000000  1.174602e-10
6430.000000  1.167763e-10
6450.000000  1.143971e-10
6470.000000  1.143714e-10
6490.000000  1.123896e-10
6510.000000  1.111148e-10
6530.000000  1.076648e-10
6550.000000  9.293287e-11
6570.000000  7.373419e-11
6590.000000  1.013839e-10
6610.000000  1.057860e-10
6630.000000  1.061316e-10
6650.000000  1.056103e-10
6670.000000  1.047304e-10
6690.000000  1.041549e-10
6710.000000  1.033033e-10
6730.000000  1.023149e-10
6750.000000  1.013240e-10
6770.000000  1.007769e-10
6790.000000  9.985570e-11
6810.000000  9.900413e-11
6830.000000  9.798737e-11
6850.000000  9.721837e-11
6870.000000  9.649066e-11
6890.000000  9.568038e-11
6910.000000  9.482881e-11
6930.000000  9.397720e-11
6950.000000  9.322115e-11
6970.000000  9.238250e-11
6990.000000  9.168313e-11
7010.000000  9.048579e-11
7030.000000  8.996456e-11
7050.000000  8.930646e-11
7070.000000  8.863299e-11
7090.000000  8.787695e-11
7110.000000  8.586679e-11
7130.000000  8.611703e-11
7150.000000  8.547189e-11
7170.000000  8.483969e-11
7190.000000  8.407066e-11
7210.000000  8.343849e-11
7230.000000  8.271074e-11
7250.000000  8.191336e-11
7270.000000  8.150301e-11
7290.000000  8.060769e-11
7310.000000  8.000381e-11
7330.000000  7.941289e-11
7350.000000  7.887868e-11
7370.000000  7.828776e-11
7390.000000  7.753165e-11
7410.000000  7.670594e-11
7430.000000  7.589560e-11
7450.000000  7.546984e-11
7470.000000  7.450732e-11
7490.000000  7.416416e-11
7510.000000  7.376671e-11
7530.000000  7.328673e-11
7550.000000  7.284802e-11
7570.000000  7.218745e-11
7590.000000  7.166616e-11
7610.000000  7.108820e-11
7630.000000  7.052560e-11
7650.000000  6.989337e-11
7670.000000  6.920445e-11
7690.000000  6.876574e-11
7710.000000  6.816185e-11
7730.000000  6.781867e-11
7750.000000  6.722773e-11
7770.000000  6.534401e-11
7790.000000  6.628067e-11
7810.000000  6.574396e-11
7830.000000  6.508337e-11
7850.000000  6.442280e-11
7870.000000  6.386024e-11
7890.000000  6.325635e-11
7910.000000  6.293901e-11
7930.000000  6.251323e-11
7950.000000  6.182676e-11
7970.000000  6.181390e-11
7990.000000  6.071453e-11
8010.000000  6.079718e-11
8030.000000  6.026047e-11
8050.000000  5.990430e-11
8070.000000  5.940889e-11
8090.000000  5.898309e-11
8110.000000  5.859863e-11
8130.000000  5.820119e-11
8150.000000  5.774706e-11
8170.000000  5.733422e-11
8190.000000  5.630203e-11
8210.000000  5.608264e-11
8230.000000  5.565684e-11
8250.000000  5.536790e-11
8270.000000  5.547887e-11
8290.000000  5.504012e-11
8310.000000  5.464023e-11
8330.000000  5.384285e-11
8350.000000  5.387122e-11
8370.000000  5.344544e-11
8390.000000  5.286747e-11
8410.000000  5.238745e-11
8430.000000  5.200292e-11
8450.000000  5.095783e-11
8470.000000  5.006503e-11
8490.000000  5.145325e-11
8510.000000  4.790524e-11
8530.000000  5.142494e-11
8550.000000  4.464369e-11
8570.000000  5.194625e-11
8590.000000  4.774258e-11
8610.000000  4.631302e-11
8630.000000  5.236955e-11
8650.000000  5.006254e-11
8670.000000  4.032472e-11
8690.000000  5.064849e-11
8710.000000  5.308189e-11
8730.000000  5.073358e-11
8750.000000  3.926512e-11
8770.000000  4.816593e-11
8790.000000  5.269500e-11
8810.000000  5.291438e-11
8830.000000  5.111315e-11
8850.000000  4.531970e-11
8870.000000  3.789213e-11
8890.000000  4.873903e-11
8910.000000  5.103313e-11
8930.000000  5.128082e-11
8950.000000  5.143304e-11
8970.000000  5.034669e-11
8990.000000  4.766809e-11
9010.000000  3.727621e-11
9030.000000  4.121446e-11
9050.000000  4.763977e-11
9070.000000  4.794164e-11
9090.000000  4.762430e-11
9110.000000  4.850671e-11
9130.000000  4.849376e-11
9150.000000  4.824610e-11
9170.000000  4.749002e-11
9190.000000  4.606044e-11
9210.000000  4.233682e-11
9230.000000  3.255244e-11
9250.000000  4.058100e-11
9270.000000  4.365541e-11
9290.000000  4.552622e-11
9310.000000  4.560881e-11
9330.000000  4.536108e-11
9350.000000  4.518302e-11
9370.000000  4.492239e-11
9390.000000  4.433140e-11
9410.000000  4.313164e-11
9430.000000  4.368379e-11
9450.000000  4.342316e-11
9470.000000  4.306702e-11
9490.000000  4.244776e-11
9510.000000  4.113072e-11
9530.000000  3.732677e-11
9550.000000  2.961719e-11
9570.000000  3.763826e-11
9590.000000  4.025931e-11
9610.000000  4.051549e-11
9630.000000  4.011109e-11
9650.000000  4.053249e-11
9670.000000  3.995448e-11
9690.000000  3.990468e-11
9710.000000  4.003550e-11
9730.000000  3.972117e-11
9750.000000  3.932975e-11
9770.000000  3.922804e-11
9790.000000  3.895039e-11
9810.000000  3.867014e-11
9830.000000  3.834293e-11
9850.000000  3.795330e-11
9870.000000  3.771976e-11
9890.000000  3.726175e-11
9910.000000  3.715312e-11
9930.000000  3.689274e-11
9950.000000  3.663548e-11
9970.000000  3.636634e-11
9990.000000  3.586317e-11
10025.000000  3.231169e-11
10075.000000  3.057557e-11
10125.000000  3.410791e-11
10175.000000  3.406997e-11
10225.000000  3.368290e-11
10275.000000  3.316370e-11
10325.000000  3.256119e-11
10375.000000  3.206546e-11
10425.000000  3.155686e-11
10475.000000  3.078352e-11
10525.000000  3.041035e-11
10575.000000  2.998847e-11
10625.000000  2.953355e-11
10675.000000  2.859945e-11
10725.000000  2.845029e-11
10775.000000  2.805290e-11
10825.000000  2.754715e-11
10875.000000  2.678000e-11
10925.000000  2.247457e-11
10975.000000  2.460134e-11
11025.000000  2.589282e-11
11075.000000  2.569952e-11
11125.000000  2.532949e-11
11175.000000  2.497082e-11
11225.000000  2.462477e-11
11275.000000  2.387748e-11
11325.000000  2.355467e-11
11375.000000  2.343804e-11
11425.000000  2.301976e-11
11475.000000  2.284479e-11
11525.000000  2.252456e-11
11575.000000  2.217672e-11
11625.000000  2.165214e-11
11675.000000  2.122457e-11
11725.000000  2.123513e-11
11775.000000  2.058824e-11
11825.000000  2.046489e-11
11875.000000  2.007964e-11
11925.000000  2.005871e-11
11975.000000  1.961955e-11
12025.000000  1.943013e-11
12075.000000  1.911249e-11
12125.000000  1.885960e-11
12175.000000  1.864955e-11
12225.000000  1.836622e-11
12275.000000  1.808161e-11
12325.000000  1.784524e-11
12375.000000  1.762126e-11
12425.000000  1.741379e-11
12475.000000  1.712091e-11
12525.000000  1.690082e-11
12575.000000  1.657207e-11
12625.000000  1.640177e-11
12675.000000  1.620256e-11
12725.000000  1.591382e-11
12775.000000  1.521507e-11
12825.000000  1.297043e-11
12875.000000  1.494980e-11
12925.000000  1.508757e-11
12975.000000  1.494875e-11
13025.000000  1.478799e-11
13075.000000  1.460246e-11
13125.000000  1.439887e-11
13175.000000  1.416379e-11
13225.000000  1.403193e-11
13275.000000  1.384769e-11
13325.000000  1.367171e-11
13375.000000  1.349443e-11
13425.000000  1.331562e-11
13475.000000  1.314247e-11
13525.000000  1.294301e-11
13575.000000  1.278070e-11
13625.000000  1.264059e-11
13675.000000  1.246873e-11
13725.000000  1.223187e-11
13775.000000  1.214542e-11
13825.000000  1.199834e-11
13875.000000  1.187344e-11
13925.000000  1.168895e-11
13975.000000  1.156405e-11
14025.000000  1.142652e-11
14075.000000  1.129053e-11
14125.000000  1.113778e-11
14175.000000  1.100721e-11
14225.000000  1.086555e-11
14275.000000  1.072931e-11
14325.000000  1.060570e-11
14375.000000  1.048339e-11
14425.000000  1.019957e-11
14475.000000  1.022071e-11
14525.000000  1.002383e-11
14570.000000  9.986932e-12
14620.000000  9.846565e-12
14675.000000  9.749024e-12
14725.000000  9.621042e-12
14775.000000  9.475251e-12
14825.000000  9.390096e-12
14875.000000  9.246895e-12
14925.000000  9.208696e-12
14975.000000  9.083545e-12
15025.000000  8.951438e-12
15075.000000  8.846929e-12
15125.000000  8.772867e-12
15175.000000  8.665532e-12
15225.000000  8.573409e-12
15275.000000  8.442842e-12
15325.000000  8.335504e-12
15375.000000  8.276412e-12
15425.000000  8.064566e-12
15475.000000  8.076953e-12
15525.000000  7.995924e-12
15575.000000  7.700220e-12
15625.000000  7.925742e-12
15675.000000  7.632869e-12
15725.000000  7.371487e-12
15775.000000  7.669777e-12
15825.000000  7.592879e-12
15875.000000  6.847422e-12
15925.000000  7.306971e-12
15975.000000  7.437540e-12
16050.000000  7.176155e-12
16150.000000  6.709893e-12
16250.000000  7.086873e-12
16350.000000  6.704470e-12
16450.000000  6.247758e-12
16550.000000  6.656469e-12
16650.000000  6.523068e-12
16750.000000  6.132408e-12
16850.000000  5.707182e-12
16950.000000  6.105050e-12
17050.000000  5.985323e-12
17150.000000  5.868437e-12
17250.000000  5.678528e-12
17350.000000  5.005844e-12
17450.000000  5.366309e-12
17550.000000  5.360888e-12
17650.000000  5.260510e-12
17750.000000  5.164264e-12
17850.000000  5.055630e-12
17950.000000  4.963515e-12
18050.000000  4.813595e-12
18150.000000  4.296252e-12
18250.000000  4.515057e-12
18350.000000  4.555049e-12
18450.000000  4.479441e-12
18550.000000  4.372104e-12
18650.000000  4.259343e-12
18750.000000  3.780214e-12
18850.000000  4.071703e-12
18950.000000  4.032636e-12
19050.000000  3.984225e-12
19150.000000  3.906223e-12
19250.000000  3.823136e-12
19350.000000  3.708003e-12
19450.000000  3.298798e-12
19550.000000  3.569104e-12
19650.000000  3.543557e-12
19750.000000  3.477243e-12
19850.000000  3.418411e-12
19950.000000  3.355296e-12
20050.000000  3.293961e-12
20150.000000  3.234278e-12
20250.000000  3.173332e-12
20350.000000  3.113907e-12
20450.000000  3.060571e-12
20550.000000  3.005145e-12
20650.000000  2.947631e-12
20750.000000  2.896204e-12
20850.000000  2.845733e-12
20950.000000  2.794566e-12
21050.000000  2.744224e-12
21150.000000  2.690708e-12
21250.000000  2.644236e-12
21350.000000  2.598435e-12
21450.000000  2.554157e-12
21550.000000  2.487302e-12
21650.000000  2.228061e-12
21750.000000  2.383444e-12
21850.000000  2.380166e-12
21950.000000  2.348143e-12
22050.000000  2.305208e-12
22150.000000  2.264232e-12
22250.000000  2.231513e-12
22350.000000  2.194252e-12
22450.000000  2.157664e-12
22550.000000  2.118160e-12
22650.000000  2.086421e-12
22750.000000  2.052309e-12
22850.000000  2.019153e-12
22950.000000  1.985453e-12
23050.000000  1.955624e-12
23150.000000  1.923706e-12
23250.000000  1.893877e-12
23350.000000  1.863610e-12
23450.000000  1.834323e-12
23550.000000  1.805578e-12
23650.000000  1.777246e-12
23750.000000  1.748631e-12
23850.000000  1.721125e-12
23950.000000  1.694444e-12
24050.000000  1.667351e-12
24150.000000  1.640800e-12
24250.000000  1.616879e-12
24350.000000  1.590328e-12
24450.000000  1.564474e-12
24550.000000  1.542593e-12
24650.000000  1.516066e-12
24750.000000  1.493230e-12
24850.000000  1.475478e-12
24950.000000  1.434219e-12
