2505.000000  2.168552e-13
2513.000000  1.377601e-13
2518.000000  9.357681e-14
2525.000000  1.005714e-13
2535.000000  2.240601e-13
2545.000000  2.954143e-13
2555.000000  1.115777e-12
2565.000000  6.269829e-13
2575.000000  9.882577e-13
2585.000000  7.656230e-13
2595.000000  6.365116e-13
2605.000000  5.404201e-13
2615.000000  4.949155e-13
2625.000000  7.250703e-13
2635.000000  2.092296e-12
2645.000000  2.945804e-12
2655.000000  5.207597e-12
2665.000000  3.024643e-12
2675.000000  2.925240e-12
2685.000000  4.035124e-12
2695.000000  2.427767e-12
2705.000000  3.586492e-12
2715.000000  2.116684e-12
2725.000000  1.048201e-12
2735.000000  1.747543e-12
2745.000000  9.835408e-13
2755.000000  1.518228e-12
2765.000000  2.287365e-12
2775.000000  2.283292e-12
2785.000000  1.124339e-12
2795.000000  4.020360e-13
2805.000000  5.189650e-13
2815.000000  1.661332e-12
2825.000000  2.637663e-12
2835.000000  1.972431e-12
2845.000000  8.767944e-13
2855.000000  3.391724e-13
2865.000000  1.445264e-12
2875.000000  3.334696e-12
2885.000000  3.966135e-12
2895.000000  5.988717e-12
2910.000000  8.726455e-12
2930.000000  8.084433e-12
2950.000000  7.071750e-12
2970.000000  7.054108e-12
2990.000000  7.381689e-12
3010.000000  6.441801e-12
3030.000000  8.232496e-12
3050.000000  8.855751e-12
3070.000000  1.059567e-11
3090.000000  1.003154e-11
3110.000000  1.311906e-11
3130.000000  1.080766e-11
3150.000000  1.138635e-11
3170.000000  1.354371e-11
3190.000000  1.163948e-11
3210.000000  1.253510e-11
3230.000000  1.035318e-11
3250.000000  1.682592e-11
3270.000000  2.075390e-11
3290.000000  2.072370e-11
3310.000000  1.757636e-11
3330.000000  1.835432e-11
3350.000000  1.659436e-11
3370.000000  1.072416e-11
3390.000000  1.310028e-11
3410.000000  1.451548e-11
3430.000000  1.708137e-11
3450.000000  1.751269e-11
3470.000000  1.857723e-11
3490.000000  2.193048e-11
3510.000000  2.416585e-11
3530.000000  2.102142e-11
3550.000000  2.501426e-11
3570.000000  1.504443e-11
3590.000000  1.653126e-11
3610.000000  2.303515e-11
3630.000000  2.415276e-11
3640.000000  2.550070e-11
3650.000000  2.851823e-11
3670.000000  3.062780e-11
3690.000000  2.867650e-11
3710.000000  3.078990e-11
3730.000000  1.792056e-11
3750.000000  2.144970e-11
3770.000000  2.845102e-11
3790.000000  2.806827e-11
3810.000000  2.518255e-11
3830.000000  1.354290e-11
3850.000000  1.597350e-11
3870.000000  1.609105e-11
3890.000000  2.574204e-11
3910.000000  3.252979e-11
3930.000000  1.402040e-11
3950.000000  2.845737e-11
3970.000000  1.859432e-11
3990.000000  4.394751e-11
4010.000000  4.911712e-11
4030.000000  4.670063e-11
4050.000000  4.535335e-11
4070.000000  4.339286e-11
4090.000000  5.313142e-11
4110.000000  5.081882e-11
4130.000000  4.756226e-11
4150.000000  4.417214e-11
4170.000000  4.562279e-11
4190.000000  4.422925e-11
4210.000000  4.683430e-11
4230.000000  4.848322e-11
4250.000000  4.846915e-11
4270.000000  4.489522e-11
4290.000000  4.023170e-11
4310.000000  3.333100e-11
4330.000000  5.340847e-11
4350.000000  5.148946e-11
4370.000000  5.513734e-11
4390.000000  4.967383e-11
4410.000000  5.513680e-11
4430.000000  6.225482e-11
4450.000000  6.241979e-11
4470.000000  6.721799e-11
4490.000000  6.948198e-11
4510.000000  7.784805e-11
4530.000000  6.958917e-11
4550.000000  7.273687e-11
4570.000000  7.781909e-11
4590.000000  7.448356e-11
4610.000000  7.735840e-11
4630.000000  7.670092e-11
4650.000000  7.739398e-11
4670.000000  8.020128e-11
4690.000000  7.911346e-11
4710.000000  7.747627e-11
4730.000000  7.984902e-11
4750.000000  8.193329e-11
4770.000000  8.205196e-11
4790.000000  8.192866e-11
4810.000000  8.176412e-11
4830.000000  8.268991e-11
4850.000000  8.009052e-11
4870.000000  7.533398e-11
4890.000000  8.103976e-11
4910.000000  8.091746e-11
4930.000000  7.959795e-11
4950.000000  8.374591e-11
4970.000000  8.361214e-11
4990.000000  7.816797e-11
5010.000000  7.464200e-11
5030.000000  7.892950e-11
5050.000000  7.858151e-11
5070.000000  8.182640e-11
5090.000000  7.776800e-11
5110.000000  7.914410e-11
5130.000000  7.703880e-11
5150.000000  7.418430e-11
5170.000000  6.835875e-11
5190.000000  7.166976e-11
5210.000000  7.676826e-11
5230.000000  8.072808e-11
5250.000000  8.336333e-11
5270.000000  7.514479e-11
5290.000000  8.414554e-11
5310.000000  8.837913e-11
5330.000000  7.992727e-11
5350.000000  8.632663e-11
5370.000000  8.627287e-11
5390.000000  8.435470e-11
5410.000000  8.297382e-11
5430.000000  8.377464e-11
5450.000000  8.726426e-11
5470.000000  8.566053e-11
5490.000000  8.551172e-11
5510.000000  8.507469e-11
5530.000000  8.703321e-11
5550.000000  8.843364e-11
5570.000000  8.621364e-11
5590.000000  8.439985e-11
5610.000000  8.756297e-11
5630.000000  8.753241e-11
5650.000000  8.774332e-11
5670.000000  8.582145e-11
5690.000000  8.768782e-11
5710.000000  8.481129e-11
5730.000000  9.075890e-11
5750.000000  8.845947e-11
5770.000000  8.944808e-11
5790.000000  8.642604e-11
5810.000000  8.917545e-11
5830.000000  9.088156e-11
5850.000000  8.874199e-11
5870.000000  8.910566e-11
5890.000000  8.163646e-11
5910.000000  8.818268e-11
5930.000000  8.823661e-11
5950.000000  8.832542e-11
5970.000000  8.931686e-11
5990.000000  8.829007e-11
6010.000000  8.683720e-11
6030.000000  8.801128e-11
6050.000000  8.942445e-11
6070.000000  8.870861e-11
6090.000000  8.641508e-11
6110.000000  8.644276e-11
6130.000000  8.309454e-11
6150.000000  8.524071e-11
6170.000000  8.212613e-11
6190.000000  8.619397e-11
6210.000000  8.608438e-11
6230.000000  8.395059e-11
6250.000000  8.166548e-11
6270.000000  8.478181e-11
6290.000000  8.538825e-11
6310.000000  8.342445e-11
6330.000000  8.410566e-11
6350.000000  8.472029e-11
6370.000000  8.441930e-11
6390.000000  8.475970e-11
6410.000000  8.311853e-11
6430.000000  8.388449e-11
6450.000000  8.349952e-11
6470.000000  8.307239e-11
6490.000000  8.157167e-11
6510.000000  8.368759e-11
6530.000000  8.415076e-11
6550.000000  8.294110e-11
6570.000000  7.948421e-11
6590.000000  8.279432e-11
6610.000000  8.332632e-11
6630.000000  8.308254e-11
6650.000000  8.279749e-11
6670.000000  8.187148e-11
6690.000000  8.344189e-11
6710.000000  8.133209e-11
6730.000000  8.297821e-11
6750.000000  8.183401e-11
6770.000000  8.202102e-11
6790.000000  8.178658e-11
6810.000000  8.132124e-11
6830.000000  8.198602e-11
6850.000000  8.014956e-11
6870.000000  8.082358e-11
6890.000000  8.131296e-11
6910.000000  8.069859e-11
6930.000000  8.019080e-11
6950.000000  7.943126e-11
6970.000000  7.976273e-11
6990.000000  7.906515e-11
7010.000000  7.756929e-11
7030.000000  7.859560e-11
7050.000000  7.901142e-11
7070.000000  7.814302e-11
7090.000000  7.792300e-11
7110.000000  7.784298e-11
7130.000000  7.661013e-11
7150.000000  7.624540e-11
7170.000000  7.672765e-11
7190.000000  7.458471e-11
7210.000000  7.573403e-11
7230.000000  7.651387e-11
7250.000000  7.642411e-11
7270.000000  7.614470e-11
7290.000000  7.443807e-11
7310.000000  7.531921e-11
7330.000000  7.508267e-11
7350.000000  7.500908e-11
7370.000000  7.566754e-11
7390.000000  7.412634e-11
7410.000000  7.334009e-11
7430.000000  7.416372e-11
7450.000000  7.419243e-11
7470.000000  7.435832e-11
7490.000000  7.382292e-11
7510.000000  7.405304e-11
7530.000000  7.407799e-11
7550.000000  7.428665e-11
7570.000000  7.367568e-11
7590.000000  7.338010e-11
7610.000000  7.331309e-11
7630.000000  7.334543e-11
7650.000000  7.329283e-11
7670.000000  7.142188e-11
7690.000000  7.302020e-11
7710.000000  7.173355e-11
7730.000000  7.190110e-11
7750.000000  7.125733e-11
7770.000000  7.250777e-11
7790.000000  7.197423e-11
7810.000000  7.192162e-11
7830.000000  7.116456e-11
7850.000000  7.101704e-11
7870.000000  7.113328e-11
7890.000000  7.005915e-11
7910.000000  6.865076e-11
7930.000000  6.813236e-11
7950.000000  6.760113e-11
7970.000000  6.910502e-11
7990.000000  6.884714e-11
8010.000000  6.835603e-11
8030.000000  6.835955e-11
8050.000000  6.773416e-11
8070.000000  6.769524e-11
8090.000000  6.637652e-11
8110.000000  6.665851e-11
8130.000000  6.703074e-11
8150.000000  6.681576e-11
8170.000000  6.674523e-11
8190.000000  6.533087e-11
8210.000000  6.541794e-11
8230.000000  6.546038e-11
8250.000000  6.594318e-11
8270.000000  6.633965e-11
8290.000000  6.590897e-11
8310.000000  6.456562e-11
8330.000000  6.421131e-11
8350.000000  6.452146e-11
8370.000000  6.462186e-11
8390.000000  6.291186e-11
8410.000000  6.451164e-11
8430.000000  6.313133e-11
8450.000000  6.415758e-11
8470.000000  6.365637e-11
8490.000000  6.330982e-11
8510.000000  6.050559e-11
8530.000000  6.260499e-11
8550.000000  5.474257e-11
8570.000000  6.354732e-11
8590.000000  6.270543e-11
8610.000000  6.255195e-11
8630.000000  6.286734e-11
8650.000000  6.249935e-11
8670.000000  5.494212e-11
8690.000000  6.082873e-11
8710.000000  6.186845e-11
8730.000000  6.193652e-11
8750.000000  6.122093e-11
8770.000000  6.181925e-11
8790.000000  6.136141e-11
8810.000000  6.009245e-11
8830.000000  6.073224e-11
8850.000000  6.101122e-11
8870.000000  5.998562e-11
8890.000000  6.095019e-11
8910.000000  6.105950e-11
8930.000000  6.005604e-11
8950.000000  5.967399e-11
8970.000000  5.983250e-11
8990.000000  5.998551e-11
9010.000000  5.788719e-11
9030.000000  5.925725e-11
9050.000000  5.986438e-11
9070.000000  5.928338e-11
9090.000000  5.775375e-11
9110.000000  5.793101e-11
9130.000000  5.862249e-11
9150.000000  5.680204e-11
9170.000000  5.595251e-11
9190.000000  5.608174e-11
9210.000000  5.502369e-11
9230.000000  5.521173e-11
9250.000000  5.497566e-11
9270.000000  5.548882e-11
9290.000000  5.507641e-11
9310.000000  5.574224e-11
9330.000000  5.564641e-11
9350.000000  5.518691e-11
9370.000000  5.480134e-11
9390.000000  5.457334e-11
9410.000000  5.341360e-11
9430.000000  5.398029e-11
9450.000000  5.323059e-11
9470.000000  5.404838e-11
9490.000000  5.393859e-11
9510.000000  5.416272e-11
9530.000000  5.367440e-11
9550.000000  5.333863e-11
9570.000000  5.339075e-11
9590.000000  5.370780e-11
9610.000000  5.330781e-11
9630.000000  5.298855e-11
9650.000000  5.231310e-11
9670.000000  5.227890e-11
9690.000000  5.280660e-11
9710.000000  5.245337e-11
9730.000000  5.229086e-11
9750.000000  5.197161e-11
9770.000000  5.207049e-11
9790.000000  5.140606e-11
9810.000000  5.217843e-11
9830.000000  5.198909e-11
9850.000000  5.205378e-11
9870.000000  5.171998e-11
9890.000000  5.171062e-11
9910.000000  5.137729e-11
9930.000000  5.163306e-11
9950.000000  5.142440e-11
9970.000000  5.140062e-11
9990.000000  5.126154e-11
10025.000000  5.087059e-11
10075.000000  5.037090e-11
10125.000000  5.015088e-11
10175.000000  4.949667e-11
10225.000000  4.935561e-11
10275.000000  4.922945e-11
10325.000000  4.843263e-11
10375.000000  4.811172e-11
10425.000000  4.810084e-11
10475.000000  4.753109e-11
10525.000000  4.740492e-11
10575.000000  4.687138e-11
10625.000000  4.651228e-11
10675.000000  4.580394e-11
10725.000000  4.574630e-11
10775.000000  4.521627e-11
10825.000000  4.455304e-11
10875.000000  4.421080e-11
10925.000000  4.368370e-11
10975.000000  4.185283e-11
11025.000000  4.162425e-11
11075.000000  4.185388e-11
11125.000000  4.157424e-11
11175.000000  4.163446e-11
11225.000000  4.152118e-11
11275.000000  4.090620e-11
11325.000000  4.109155e-11
11375.000000  4.040147e-11
11425.000000  4.028925e-11
11475.000000  4.049252e-11
11525.000000  4.035545e-11
11575.000000  3.985424e-11
11625.000000  3.934248e-11
11675.000000  3.933312e-11
11725.000000  3.954730e-11
11775.000000  3.887665e-11
11825.000000  3.856115e-11
11875.000000  3.818108e-11
11925.000000  3.858459e-11
11975.000000  3.735195e-11
12025.000000  3.771925e-11
12075.000000  3.736603e-11
12125.000000  3.733182e-11
12175.000000  3.732982e-11
12225.000000  3.708098e-11
12275.000000  3.674567e-11
12325.000000  3.657626e-11
12375.000000  3.632741e-11
12425.000000  3.604623e-11
12475.000000  3.596328e-11
12525.000000  3.565327e-11
12575.000000  3.547648e-11
12625.000000  3.525294e-11
12675.000000  3.492853e-11
12725.000000  3.487441e-11
12775.000000  3.473733e-11
12825.000000  3.377463e-11
12875.000000  3.414614e-11
12925.000000  3.379289e-11
12975.000000  3.387000e-11
13025.000000  3.357991e-11
13075.000000  3.352579e-11
13125.000000  3.302644e-11
13175.000000  3.283373e-11
13225.000000  3.289137e-11
13275.000000  3.240240e-11
13325.000000  3.243259e-11
13375.000000  3.223978e-11
13425.000000  3.224305e-11
13475.000000  3.204657e-11
13525.000000  3.190789e-11
13575.000000  3.143163e-11
13625.000000  3.128777e-11
13675.000000  3.124028e-11
13725.000000  3.117691e-11
13775.000000  3.097878e-11
13825.000000  3.088158e-11
13875.000000  3.059653e-11
13925.000000  3.052376e-11
13975.000000  3.034597e-11
14025.000000  2.999649e-11
14075.000000  2.980091e-11
14125.000000  2.922033e-11
14175.000000  2.923734e-11
14225.000000  2.880414e-11
14275.000000  2.844695e-11
14325.000000  2.879711e-11
14375.000000  2.886863e-11
14425.000000  2.817604e-11
14475.000000  2.866671e-11
14525.000000  2.811534e-11
14570.000000  2.806475e-11
14620.000000  2.793882e-11
14675.000000  2.776082e-11
14725.000000  2.743215e-11
14775.000000  2.750227e-11
14825.000000  2.739948e-11
14875.000000  2.706190e-11
14925.000000  2.751099e-11
14975.000000  2.722677e-11
15025.000000  2.663675e-11
15075.000000  2.656896e-11
15125.000000  2.685295e-11
15175.000000  2.688621e-11
15225.000000  2.659912e-11
15275.000000  2.661565e-11
15325.000000  2.652285e-11
15375.000000  2.645326e-11
15425.000000  2.638623e-11
15475.000000  2.634733e-11
15525.000000  2.600590e-11
15575.000000  2.578011e-11
15625.000000  2.604417e-11
15675.000000  2.557256e-11
15725.000000  2.550535e-11
15775.000000  2.486001e-11
15825.000000  2.518001e-11
15875.000000  2.436753e-11
15925.000000  2.494783e-11
15975.000000  2.496746e-11
16050.000000  2.472739e-11
16150.000000  2.423670e-11
16250.000000  2.423302e-11
16350.000000  2.384232e-11
16450.000000  2.312379e-11
16550.000000  2.317422e-11
16650.000000  2.265638e-11
16750.000000  2.210912e-11
16850.000000  2.141552e-11
16950.000000  2.154228e-11
17050.000000  2.086770e-11
17150.000000  2.050738e-11
17250.000000  2.005709e-11
17350.000000  1.931831e-11
17450.000000  1.930225e-11
17550.000000  1.900216e-11
17650.000000  1.864516e-11
17750.000000  1.825008e-11
17850.000000  1.797233e-11
17950.000000  1.765145e-11
18050.000000  1.723041e-11
18150.000000  1.670648e-11
18250.000000  1.654085e-11
18350.000000  1.628157e-11
18450.000000  1.586134e-11
18550.000000  1.566716e-11
18650.000000  1.527493e-11
18750.000000  1.469945e-11
18850.000000  1.477203e-11
18950.000000  1.426599e-11
19050.000000  1.428607e-11
19150.000000  1.398034e-11
19250.000000  1.376678e-11
19350.000000  1.340179e-11
19450.000000  1.295553e-11
19550.000000  1.299153e-11
19650.000000  1.273701e-11
19750.000000  1.243373e-11
19850.000000  1.226674e-11
19950.000000  1.205005e-11
20050.000000  1.193072e-11
20150.000000  1.176153e-11
20250.000000  1.145817e-11
20350.000000  1.122122e-11
20450.000000  1.114768e-11
20550.000000  1.091368e-11
20650.000000  1.067940e-11
20750.000000  1.052612e-11
20850.000000  1.035260e-11
20950.000000  1.011926e-11
21050.000000  1.002987e-11
21150.000000  9.847168e-12
21250.000000  9.681254e-12
21350.000000  9.535819e-12
21450.000000  9.381434e-12
21550.000000  9.232765e-12
21650.000000  8.924061e-12
21750.000000  8.869737e-12
21850.000000  8.739804e-12
21950.000000  8.639477e-12
22050.000000  8.425207e-12
22150.000000  8.370424e-12
22250.000000  8.189429e-12
22350.000000  8.066162e-12
22450.000000  7.947406e-12
22550.000000  7.817333e-12
22650.000000  7.671732e-12
22750.000000  7.595168e-12
22850.000000  7.432626e-12
22950.000000  6.836973e-12
23050.000000  7.009214e-12
23150.000000  6.942490e-12
23250.000000  6.363378e-12
23350.000000  6.565912e-12
23450.000000  6.579588e-12
23550.000000  5.998449e-12
23650.000000  6.240093e-12
23750.000000  6.207993e-12
23850.000000  5.711798e-12
23950.000000  5.902346e-12
24050.000000  5.907635e-12
24150.000000  5.513902e-12
24250.000000  5.618180e-12
24350.000000  5.622378e-12
24450.000000  5.364955e-12
24550.000000  5.300363e-12
24650.000000  5.403448e-12
24750.000000  5.224056e-12
24850.000000  5.057332e-12
24950.000000  5.132296e-12
