2505.000000  4.254005e-11
2513.000000  3.889790e-11
2518.000000  3.935693e-11
2525.000000  3.695093e-11
2535.000000  3.631824e-11
2545.000000  3.644896e-11
2555.000000  3.864761e-11
2565.000000  3.856465e-11
2575.000000  4.086101e-11
2585.000000  4.090335e-11
2595.000000  4.037409e-11
2605.000000  3.873469e-11
2615.000000  3.840773e-11
2625.000000  4.024245e-11
2635.000000  4.040765e-11
2645.000000  4.404913e-11
2655.000000  4.350933e-11
2665.000000  4.065887e-11
2675.000000  4.196479e-11
2685.000000  4.201171e-11
2695.000000  4.024513e-11
2705.000000  4.089807e-11
2715.000000  3.917562e-11
2725.000000  3.939527e-11
2735.000000  4.186582e-11
2745.000000  3.663449e-11
2755.000000  3.705334e-11
2765.000000  3.828630e-11
2775.000000  4.040582e-11
2785.000000  3.966548e-11
2795.000000  3.195149e-11
2805.000000  3.517041e-11
2815.000000  4.113234e-11
2825.000000  4.123874e-11
2835.000000  3.989518e-11
2845.000000  3.867548e-11
2855.000000  3.764018e-11
2865.000000  3.950647e-11
2875.000000  3.861169e-11
2885.000000  3.942062e-11
2895.000000  3.830330e-11
2910.000000  4.121999e-11
2930.000000  3.976043e-11
2950.000000  3.960368e-11
2970.000000  3.988175e-11
2990.000000  3.994901e-11
3010.000000  4.037111e-11
3030.000000  4.003218e-11
3050.000000  3.967057e-11
3070.000000  3.922054e-11
3090.000000  3.952511e-11
3110.000000  3.880640e-11
3130.000000  3.855100e-11
3150.000000  3.883590e-11
3170.000000  3.856818e-11
3190.000000  3.737938e-11
3210.000000  3.789359e-11
3230.000000  3.719909e-11
3250.000000  3.745601e-11
3270.000000  3.752588e-11
3290.000000  3.766054e-11
3310.000000  3.765030e-11
3330.000000  3.697270e-11
3350.000000  3.640437e-11
3370.000000  3.641142e-11
3390.000000  3.610246e-11
3410.000000  3.647982e-11
3430.000000  3.632006e-11
3450.000000  3.608302e-11
3470.000000  3.569673e-11
3490.000000  3.554093e-11
3510.000000  3.566633e-11
3530.000000  3.561952e-11
3550.000000  3.551108e-11
3570.000000  3.498424e-11
3590.000000  3.480480e-11
3610.000000  3.464639e-11
3630.000000  3.450524e-11
3640.000000  3.434687e-11
3650.000000  3.472058e-11
3670.000000  3.452775e-11
3690.000000  3.317575e-11
3710.000000  3.468483e-11
3730.000000  3.633497e-11
3750.000000  4.731654e-11
3770.000000  5.092626e-11
3790.000000  6.400437e-11
3810.000000  7.568267e-11
3830.000000  5.904689e-11
3850.000000  8.379116e-11
3870.000000  9.541080e-11
3890.000000  5.081677e-11
3910.000000  9.446745e-11
3930.000000  9.822627e-11
3950.000000  9.411753e-11
3970.000000  4.842362e-11
3990.000000  8.941178e-11
4010.000000  9.937012e-11
4030.000000  9.907280e-11
4050.000000  9.772268e-11
4070.000000  9.300957e-11
4090.000000  7.107232e-11
4110.000000  5.327006e-11
4130.000000  8.758447e-11
4150.000000  9.140719e-11
4170.000000  9.062730e-11
4190.000000  8.975660e-11
4210.000000  8.868238e-11
4230.000000  8.687807e-11
4250.000000  8.588382e-11
4270.000000  8.422819e-11
4290.000000  8.300345e-11
4310.000000  7.805777e-11
4330.000000  5.754102e-11
4350.000000  4.849939e-11
4370.000000  7.534077e-11
4390.000000  7.703893e-11
4410.000000  7.687303e-11
4430.000000  7.641363e-11
4450.000000  7.592142e-11
4470.000000  7.493073e-11
4490.000000  7.333536e-11
4510.000000  7.299930e-11
4530.000000  7.190857e-11
4550.000000  7.041467e-11
4570.000000  7.041271e-11
4590.000000  6.917584e-11
4610.000000  6.911278e-11
4630.000000  6.759281e-11
4650.000000  6.737465e-11
4670.000000  6.648778e-11
4690.000000  6.526081e-11
4710.000000  6.344722e-11
4730.000000  6.399651e-11
4750.000000  6.321890e-11
4770.000000  6.231517e-11
4790.000000  6.136075e-11
4810.000000  5.999118e-11
4830.000000  5.708750e-11
4850.000000  4.371906e-11
4870.000000  3.505210e-11
4890.000000  5.366793e-11
4910.000000  5.624076e-11
4930.000000  5.581528e-11
4950.000000  5.580372e-11
4970.000000  5.540266e-11
4990.000000  5.467649e-11
5010.000000  5.358761e-11
5030.000000  5.341155e-11
5050.000000  5.259063e-11
5070.000000  5.230296e-11
5090.000000  5.170079e-11
5110.000000  5.109849e-11
5130.000000  5.048895e-11
5150.000000  4.983839e-11
5170.000000  4.872129e-11
5190.000000  4.829074e-11
5210.000000  4.816015e-11
5230.000000  4.732363e-11
5250.000000  4.717040e-11
5270.000000  4.620474e-11
5290.000000  4.610807e-11
5310.000000  4.535207e-11
5330.000000  4.488795e-11
5350.000000  4.463296e-11
5370.000000  4.405738e-11
5390.000000  4.360289e-11
5410.000000  4.303441e-11
5430.000000  4.262921e-11
5450.000000  4.223371e-11
5470.000000  4.177073e-11
5490.000000  4.134356e-11
5510.000000  4.089720e-11
5530.000000  4.039800e-11
5550.000000  4.004617e-11
5570.000000  3.959774e-11
5590.000000  3.917645e-11
5610.000000  3.878491e-11
5630.000000  3.838865e-11
5650.000000  3.796453e-11
5670.000000  3.755595e-11
5690.000000  3.718139e-11
5710.000000  3.679882e-11
5730.000000  3.643392e-11
5750.000000  3.603523e-11
5770.000000  3.567167e-11
5790.000000  3.529082e-11
5810.000000  3.493661e-11
5830.000000  3.457866e-11
5850.000000  3.422782e-11
5870.000000  3.384818e-11
5890.000000  3.334412e-11
5910.000000  3.318828e-11
5930.000000  3.285833e-11
5950.000000  3.250039e-11
5970.000000  3.219079e-11
5990.000000  3.184048e-11
6010.000000  3.152796e-11
6030.000000  3.123283e-11
6050.000000  3.091681e-11
6070.000000  3.061997e-11
6090.000000  3.031599e-11
6110.000000  3.001200e-11
6130.000000  2.970326e-11
6150.000000  2.928134e-11
6170.000000  2.911717e-11
6190.000000  2.885821e-11
6210.000000  2.858037e-11
6230.000000  2.829301e-11
6250.000000  2.793390e-11
6270.000000  2.776093e-11
6290.000000  2.749208e-11
6310.000000  2.720337e-11
6330.000000  2.696049e-11
6350.000000  2.656674e-11
6370.000000  2.636340e-11
6390.000000  2.619060e-11
6410.000000  2.592054e-11
6430.000000  2.567622e-11
6450.000000  2.532820e-11
6470.000000  2.512675e-11
6490.000000  2.478920e-11
6510.000000  2.439805e-11
6530.000000  2.358235e-11
6550.000000  2.030544e-11
6570.000000  1.628888e-11
6590.000000  2.218534e-11
6610.000000  2.313862e-11
6630.000000  2.320526e-11
6650.000000  2.308558e-11
6670.000000  2.291539e-11
6690.000000  2.274161e-11
6710.000000  2.255858e-11
6730.000000  2.234679e-11
6750.000000  2.214717e-11
6770.000000  2.196032e-11
6790.000000  2.176070e-11
6810.000000  2.156365e-11
6830.000000  2.136457e-11
6850.000000  2.117650e-11
6870.000000  2.098879e-11
6890.000000  2.080445e-11
6910.000000  2.061894e-11
6930.000000  2.043123e-11
6950.000000  2.025251e-11
6970.000000  2.007208e-11
6990.000000  1.989794e-11
7010.000000  1.970394e-11
7030.000000  1.954507e-11
7050.000000  1.937601e-11
7070.000000  1.920919e-11
7090.000000  1.904606e-11
7110.000000  1.880380e-11
7130.000000  1.870388e-11
7150.000000  1.854502e-11
7170.000000  1.838921e-11
7190.000000  1.823034e-11
7210.000000  1.807453e-11
7230.000000  1.791872e-11
7250.000000  1.775918e-11
7270.000000  1.761730e-11
7290.000000  1.746351e-11
7310.000000  1.731161e-11
7330.000000  1.716851e-11
7350.000000  1.702919e-11
7370.000000  1.688439e-11
7390.000000  1.674250e-11
7410.000000  1.659568e-11
7430.000000  1.643987e-11
7450.000000  1.631290e-11
7470.000000  1.615318e-11
7490.000000  1.603691e-11
7510.000000  1.591286e-11
7530.000000  1.578760e-11
7550.000000  1.566234e-11
7570.000000  1.553281e-11
7590.000000  1.540418e-11
7610.000000  1.527893e-11
7630.000000  1.515367e-11
7650.000000  1.502414e-11
7670.000000  1.489888e-11
7690.000000  1.478126e-11
7710.000000  1.465600e-11
7730.000000  1.454601e-11
7750.000000  1.442839e-11
7770.000000  1.409386e-11
7790.000000  1.420079e-11
7810.000000  1.408451e-11
7830.000000  1.396689e-11
7850.000000  1.384671e-11
7870.000000  1.371381e-11
7890.000000  1.358855e-11
7910.000000  1.351981e-11
7930.000000  1.341746e-11
7950.000000  1.329220e-11
7970.000000  1.321277e-11
7990.000000  1.304424e-11
8010.000000  1.300349e-11
8030.000000  1.290115e-11
8050.000000  1.280339e-11
8070.000000  1.269982e-11
8090.000000  1.260175e-11
8110.000000  1.250704e-11
8130.000000  1.240977e-11
8150.000000  1.231304e-11
8170.000000  1.221968e-11
8190.000000  1.209186e-11
8210.000000  1.204176e-11
8230.000000  1.194840e-11
8250.000000  1.186775e-11
8270.000000  1.182314e-11
8290.000000  1.173778e-11
8310.000000  1.165969e-11
8330.000000  1.153322e-11
8350.000000  1.148389e-11
8370.000000  1.138837e-11
8390.000000  1.127978e-11
8410.000000  1.116733e-11
8430.000000  1.107967e-11
8450.000000  1.091330e-11
8470.000000  1.069999e-11
8490.000000  1.091977e-11
8510.000000  1.032524e-11
8530.000000  1.089505e-11
8550.000000  9.753485e-12
8570.000000  1.098068e-11
8590.000000  1.011398e-11
8610.000000  9.839874e-12
8630.000000  1.107506e-11
8650.000000  1.054738e-11
8670.000000  8.676679e-12
8690.000000  1.080041e-11
8710.000000  1.124349e-11
8730.000000  1.070862e-11
8750.000000  8.293704e-12
8770.000000  1.010870e-11
8790.000000  1.114276e-11
8810.000000  1.123950e-11
8830.000000  1.090294e-11
8850.000000  9.532088e-12
8870.000000  7.987469e-12
8890.000000  1.026648e-11
8910.000000  1.081889e-11
8930.000000  1.089365e-11
8950.000000  1.087703e-11
8970.000000  1.065450e-11
8990.000000  1.002486e-11
9010.000000  7.833294e-12
9030.000000  8.600596e-12
9050.000000  1.003250e-11
9070.000000  1.023101e-11
9090.000000  1.020010e-11
9110.000000  1.028915e-11
9130.000000  1.026440e-11
9150.000000  1.017746e-11
9170.000000  1.002493e-11
9190.000000  9.725562e-12
9210.000000  8.890111e-12
9230.000000  6.846069e-12
9250.000000  8.518601e-12
9270.000000  9.257813e-12
9290.000000  9.586023e-12
9310.000000  9.602966e-12
9330.000000  9.562622e-12
9350.000000  9.512619e-12
9370.000000  9.452863e-12
9390.000000  9.361208e-12
9410.000000  9.210473e-12
9430.000000  9.228986e-12
9450.000000  9.154270e-12
9470.000000  9.054078e-12
9490.000000  8.910529e-12
9510.000000  8.612871e-12
9530.000000  7.753245e-12
9550.000000  6.188658e-12
9570.000000  7.830077e-12
9590.000000  8.428623e-12
9610.000000  8.533087e-12
9630.000000  8.490274e-12
9650.000000  8.526309e-12
9670.000000  8.436542e-12
9690.000000  8.426210e-12
9710.000000  8.386674e-12
9730.000000  8.332401e-12
9750.000000  8.268245e-12
9770.000000  8.217342e-12
9790.000000  8.159968e-12
9810.000000  8.101427e-12
9830.000000  8.038617e-12
9850.000000  7.979536e-12
9870.000000  7.923509e-12
9890.000000  7.835224e-12
9910.000000  7.802966e-12
9930.000000  7.735506e-12
9950.000000  7.673545e-12
9970.000000  7.597494e-12
9990.000000  7.485180e-12
10025.000000  6.709355e-12
10075.000000  6.360613e-12
10125.000000  7.152501e-12
10175.000000  7.120350e-12
10225.000000  7.023068e-12
10275.000000  6.908843e-12
10325.000000  6.792308e-12
10375.000000  6.680441e-12
10425.000000  6.570745e-12
10475.000000  6.447236e-12
10525.000000  6.348637e-12
10575.000000  6.249040e-12
10625.000000  6.149138e-12
10675.000000  5.995513e-12
10725.000000  5.928499e-12
10775.000000  5.843975e-12
10825.000000  5.730665e-12
10875.000000  5.557805e-12
10925.000000  4.646182e-12
10975.000000  5.077436e-12
11025.000000  5.353060e-12
11075.000000  5.311576e-12
11125.000000  5.240670e-12
11175.000000  5.163120e-12
11225.000000  5.084114e-12
11275.000000  4.973594e-12
11325.000000  4.898928e-12
11375.000000  4.849525e-12
11425.000000  4.773129e-12
11475.000000  4.707858e-12
11525.000000  4.637388e-12
11575.000000  4.567169e-12
11625.000000  4.486913e-12
11675.000000  4.406487e-12
11725.000000  4.366075e-12
11775.000000  4.267461e-12
11825.000000  4.223544e-12
11875.000000  4.158514e-12
11925.000000  4.114975e-12
11975.000000  4.043683e-12
12025.000000  3.993565e-12
12075.000000  3.932782e-12
12125.000000  3.877502e-12
12175.000000  3.824343e-12
12225.000000  3.768740e-12
12275.000000  3.712966e-12
12325.000000  3.661078e-12
12375.000000  3.610179e-12
12425.000000  3.560974e-12
12475.000000  3.506898e-12
12525.000000  3.460033e-12
12575.000000  3.405103e-12
12625.000000  3.357892e-12
12675.000000  3.309271e-12
12725.000000  3.245122e-12
12775.000000  3.094712e-12
12825.000000  2.649650e-12
12875.000000  3.041837e-12
12925.000000  3.075315e-12
12975.000000  3.047937e-12
13025.000000  3.012924e-12
13075.000000  2.973280e-12
13125.000000  2.932916e-12
13175.000000  2.890162e-12
13225.000000  2.855181e-12
13275.000000  2.817280e-12
13325.000000  2.779751e-12
13375.000000  2.743242e-12
13425.000000  2.706734e-12
13475.000000  2.670989e-12
13525.000000  2.634358e-12
13575.000000  2.600649e-12
13625.000000  2.567451e-12
13675.000000  2.533539e-12
13725.000000  2.496361e-12
13775.000000  2.468802e-12
13825.000000  2.437213e-12
13875.000000  2.406814e-12
13925.000000  2.374735e-12
13975.000000  2.345559e-12
14025.000000  2.315974e-12
14075.000000  2.286901e-12
14125.000000  2.257603e-12
14175.000000  2.229545e-12
14225.000000  2.201236e-12
14275.000000  2.173771e-12
14325.000000  2.146989e-12
14375.000000  2.120154e-12
14425.000000  2.082822e-12
14475.000000  2.067942e-12
14525.000000  2.037728e-12
14570.000000  2.019977e-12
14620.000000  1.996209e-12
14675.000000  1.971921e-12
14725.000000  1.948500e-12
14775.000000  1.922734e-12
14825.000000  1.902008e-12
14875.000000  1.877226e-12
14925.000000  1.859084e-12
14975.000000  1.836426e-12
15025.000000  1.812578e-12
15075.000000  1.792078e-12
15125.000000  1.771779e-12
15175.000000  1.749751e-12
15225.000000  1.730261e-12
15275.000000  1.704930e-12
15325.000000  1.683239e-12
15375.000000  1.669086e-12
15425.000000  1.633589e-12
15475.000000  1.629823e-12
15525.000000  1.610279e-12
15575.000000  1.559484e-12
15625.000000  1.592945e-12
15675.000000  1.538219e-12
15725.000000  1.493174e-12
15775.000000  1.546296e-12
15825.000000  1.525108e-12
15875.000000  1.392799e-12
15925.000000  1.467505e-12
15975.000000  1.493353e-12
16050.000000  1.441186e-12
16150.000000  1.352538e-12
16250.000000  1.420506e-12
16350.000000  1.344648e-12
16450.000000  1.258112e-12
16550.000000  1.334684e-12
16650.000000  1.307767e-12
16750.000000  1.228041e-12
16850.000000  1.148050e-12
16950.000000  1.222835e-12
17050.000000  1.201570e-12
17150.000000  1.176060e-12
17250.000000  1.140319e-12
17350.000000  1.007707e-12
17450.000000  1.078133e-12
17550.000000  1.077581e-12
17650.000000  1.057507e-12
17750.000000  1.036580e-12
17850.000000  1.014888e-12
17950.000000  9.934124e-13
18050.000000  9.650939e-13
18150.000000  8.624945e-13
18250.000000  9.036627e-13
18350.000000  9.124649e-13
18450.000000  8.966276e-13
18550.000000  8.773982e-13
18650.000000  8.522695e-13
18750.000000  7.593468e-13
18850.000000  8.156393e-13
18950.000000  8.099111e-13
19050.000000  7.969676e-13
19150.000000  7.811302e-13
19250.000000  7.645485e-13
19350.000000  7.407253e-13
19450.000000  6.612724e-13
19550.000000  7.126518e-13
19650.000000  7.082432e-13
19750.000000  6.962034e-13
19850.000000  6.834312e-13
19950.000000  6.707097e-13
20050.000000  6.582937e-13
20150.000000  6.461577e-13
20250.000000  6.342440e-13
20350.000000  6.226224e-13
20450.000000  6.113691e-13
20550.000000  6.002822e-13
20650.000000  5.893358e-13
20750.000000  5.788037e-13
20850.000000  5.684975e-13
20950.000000  5.583662e-13
21050.000000  5.484298e-13
21150.000000  5.384426e-13
21250.000000  5.289340e-13
21350.000000  5.197272e-13
21450.000000  5.098986e-13
21550.000000  4.960205e-13
21650.000000  4.462422e-13
21750.000000  4.753386e-13
21850.000000  4.752795e-13
21950.000000  4.686207e-13
22050.000000  4.606248e-13
22150.000000  4.526877e-13
22250.000000  4.453523e-13
22350.000000  4.378856e-13
22450.000000  4.306023e-13
22550.000000  4.233189e-13
22650.000000  4.164296e-13
22750.000000  4.095654e-13
22850.000000  4.030423e-13
22950.000000  3.964890e-13
23050.000000  3.901851e-13
23150.000000  3.839203e-13
23250.000000  3.777826e-13
23350.000000  3.717842e-13
23450.000000  3.659184e-13
23550.000000  3.601033e-13
23650.000000  3.544495e-13
23750.000000  3.488635e-13
23850.000000  3.433796e-13
23950.000000  3.380057e-13
24050.000000  3.326543e-13
24150.000000  3.273860e-13
24250.000000  3.224582e-13
24350.000000  3.172887e-13
24450.000000  3.121530e-13
24550.000000  3.077711e-13
24650.000000  3.024713e-13
24750.000000  2.979376e-13
24850.000000  2.944048e-13
24950.000000  2.868251e-13
