2505.000000  7.017164e-13
2513.000000  3.596653e-13
2518.000000  2.309689e-13
2525.000000  2.498467e-13
2535.000000  5.350722e-13
2545.000000  7.853349e-13
2555.000000  2.779394e-12
2565.000000  1.615041e-12
2575.000000  2.367772e-12
2585.000000  1.762347e-12
2595.000000  1.414894e-12
2605.000000  1.077406e-12
2615.000000  9.931833e-13
2625.000000  1.477193e-12
2635.000000  4.334687e-12
2645.000000  6.563091e-12
2655.000000  1.072412e-11
2665.000000  6.266803e-12
2675.000000  6.529938e-12
2685.000000  8.472815e-12
2695.000000  5.476922e-12
2705.000000  7.628209e-12
2715.000000  4.585088e-12
2725.000000  2.537055e-12
2735.000000  3.976135e-12
2745.000000  1.925289e-12
2755.000000  3.078479e-12
2765.000000  4.635256e-12
2775.000000  4.648664e-12
2785.000000  2.193160e-12
2795.000000  7.176669e-13
2805.000000  9.387089e-13
2815.000000  3.384921e-12
2825.000000  6.025187e-12
2835.000000  5.177878e-12
2845.000000  2.468073e-12
2855.000000  9.151442e-13
2865.000000  4.218093e-12
2875.000000  8.459458e-12
2885.000000  8.546006e-12
2895.000000  1.186423e-11
2910.000000  1.682932e-11
2930.000000  1.543793e-11
2950.000000  1.397761e-11
2970.000000  1.432782e-11
2990.000000  1.487822e-11
3010.000000  1.375084e-11
3030.000000  1.644568e-11
3050.000000  1.762422e-11
3070.000000  1.933538e-11
3090.000000  1.858611e-11
3110.000000  2.279366e-11
3130.000000  1.925240e-11
3150.000000  1.958211e-11
3170.000000  2.289902e-11
3190.000000  2.001874e-11
3210.000000  2.186997e-11
3230.000000  1.792838e-11
3250.000000  2.833486e-11
3270.000000  3.444260e-11
3290.000000  3.394085e-11
3310.000000  2.975382e-11
3330.000000  3.088614e-11
3350.000000  2.838541e-11
3370.000000  1.933426e-11
3390.000000  2.352859e-11
3410.000000  2.581808e-11
3430.000000  2.968158e-11
3450.000000  3.102374e-11
3470.000000  3.260150e-11
3490.000000  3.717312e-11
3510.000000  4.028528e-11
3530.000000  3.555537e-11
3550.000000  4.181602e-11
3570.000000  2.708738e-11
3590.000000  2.905613e-11
3610.000000  3.835863e-11
3630.000000  3.959314e-11
3640.000000  4.104881e-11
3650.000000  4.608796e-11
3670.000000  4.852650e-11
3690.000000  4.644549e-11
3710.000000  5.102446e-11
3730.000000  3.332855e-11
3750.000000  3.875149e-11
3770.000000  4.823919e-11
3790.000000  4.764043e-11
3810.000000  4.369417e-11
3830.000000  2.573229e-11
3850.000000  2.931851e-11
3870.000000  2.877142e-11
3890.000000  4.384079e-11
3910.000000  5.368276e-11
3930.000000  2.406641e-11
3950.000000  4.700479e-11
3970.000000  3.084779e-11
3990.000000  6.994730e-11
4010.000000  7.745204e-11
4030.000000  7.475358e-11
4050.000000  7.266469e-11
4070.000000  7.004773e-11
4090.000000  8.387198e-11
4110.000000  8.199084e-11
4130.000000  7.697589e-11
4150.000000  7.317828e-11
4170.000000  7.489369e-11
4190.000000  7.200834e-11
4210.000000  7.579541e-11
4230.000000  7.761776e-11
4250.000000  7.667942e-11
4270.000000  7.122744e-11
4290.000000  6.361289e-11
4310.000000  5.180405e-11
4330.000000  8.279544e-11
4350.000000  7.923600e-11
4370.000000  8.489318e-11
4390.000000  7.703106e-11
4410.000000  8.557008e-11
4430.000000  9.592922e-11
4450.000000  9.583152e-11
4470.000000  1.026950e-10
4490.000000  1.057049e-10
4510.000000  1.174911e-10
4530.000000  1.056953e-10
4550.000000  1.099543e-10
4570.000000  1.174505e-10
4590.000000  1.120196e-10
4610.000000  1.162774e-10
4630.000000  1.152204e-10
4650.000000  1.163411e-10
4670.000000  1.199634e-10
4690.000000  1.183671e-10
4710.000000  1.158574e-10
4730.000000  1.196308e-10
4750.000000  1.227194e-10
4770.000000  1.229149e-10
4790.000000  1.225811e-10
4810.000000  1.218951e-10
4830.000000  1.231988e-10
4850.000000  1.189769e-10
4870.000000  1.113945e-10
4890.000000  1.205376e-10
4910.000000  1.201645e-10
4930.000000  1.185197e-10
4950.000000  1.243390e-10
4970.000000  1.243866e-10
4990.000000  1.164335e-10
5010.000000  1.115993e-10
5030.000000  1.179242e-10
5050.000000  1.179055e-10
5070.000000  1.226829e-10
5090.000000  1.170171e-10
5110.000000  1.190273e-10
5130.000000  1.160211e-10
5150.000000  1.121690e-10
5170.000000  1.049758e-10
5190.000000  1.087339e-10
5210.000000  1.153079e-10
5230.000000  1.191106e-10
5250.000000  1.225169e-10
5270.000000  1.111005e-10
5290.000000  1.233603e-10
5310.000000  1.286632e-10
5330.000000  1.173022e-10
5350.000000  1.260269e-10
5370.000000  1.259888e-10
5390.000000  1.234998e-10
5410.000000  1.212103e-10
5430.000000  1.225256e-10
5450.000000  1.272928e-10
5470.000000  1.247811e-10
5490.000000  1.244418e-10
5510.000000  1.239942e-10
5530.000000  1.263020e-10
5550.000000  1.281631e-10
5570.000000  1.250417e-10
5590.000000  1.225781e-10
5610.000000  1.267426e-10
5630.000000  1.267383e-10
5650.000000  1.268253e-10
5670.000000  1.240983e-10
5690.000000  1.266158e-10
5710.000000  1.228320e-10
5730.000000  1.309636e-10
5750.000000  1.275499e-10
5770.000000  1.288616e-10
5790.000000  1.249112e-10
5810.000000  1.283879e-10
5830.000000  1.305320e-10
5850.000000  1.275916e-10
5870.000000  1.280679e-10
5890.000000  1.192416e-10
5910.000000  1.267873e-10
5930.000000  1.267400e-10
5950.000000  1.268495e-10
5970.000000  1.279461e-10
5990.000000  1.265443e-10
6010.000000  1.245135e-10
6030.000000  1.259026e-10
6050.000000  1.278732e-10
6070.000000  1.268744e-10
6090.000000  1.238223e-10
6110.000000  1.235764e-10
6130.000000  1.192052e-10
6150.000000  1.217437e-10
6170.000000  1.177299e-10
6190.000000  1.231107e-10
6210.000000  1.231168e-10
6230.000000  1.200420e-10
6250.000000  1.167617e-10
6270.000000  1.212606e-10
6290.000000  1.218818e-10
6310.000000  1.189907e-10
6330.000000  1.198791e-10
6350.000000  1.206549e-10
6370.000000  1.202048e-10
6390.000000  1.205722e-10
6410.000000  1.181997e-10
6430.000000  1.192476e-10
6450.000000  1.186597e-10
6470.000000  1.180670e-10
6490.000000  1.159805e-10
6510.000000  1.188005e-10
6530.000000  1.193671e-10
6550.000000  1.176070e-10
6570.000000  1.116071e-10
6590.000000  1.173051e-10
6610.000000  1.180136e-10
6630.000000  1.176444e-10
6650.000000  1.171827e-10
6670.000000  1.159246e-10
6690.000000  1.179392e-10
6710.000000  1.151524e-10
6730.000000  1.171402e-10
6750.000000  1.156161e-10
6770.000000  1.157392e-10
6790.000000  1.153930e-10
6810.000000  1.147241e-10
6830.000000  1.155194e-10
6850.000000  1.130397e-10
6870.000000  1.139162e-10
6890.000000  1.145149e-10
6910.000000  1.136199e-10
6930.000000  1.130040e-10
6950.000000  1.119910e-10
6970.000000  1.123690e-10
6990.000000  1.114869e-10
7010.000000  1.092305e-10
7030.000000  1.106025e-10
7050.000000  1.110983e-10
7070.000000  1.099547e-10
7090.000000  1.096195e-10
7110.000000  1.095338e-10
7130.000000  1.078385e-10
7150.000000  1.073450e-10
7170.000000  1.077617e-10
7190.000000  1.048325e-10
7210.000000  1.064191e-10
7230.000000  1.072221e-10
7250.000000  1.072426e-10
7270.000000  1.067698e-10
7290.000000  1.043635e-10
7310.000000  1.055497e-10
7330.000000  1.052535e-10
7350.000000  1.051866e-10
7370.000000  1.059055e-10
7390.000000  1.036979e-10
7410.000000  1.024791e-10
7430.000000  1.035988e-10
7450.000000  1.036756e-10
7470.000000  1.039328e-10
7490.000000  1.031302e-10
7510.000000  1.033473e-10
7530.000000  1.033049e-10
7550.000000  1.035638e-10
7570.000000  1.026876e-10
7590.000000  1.022865e-10
7610.000000  1.021163e-10
7630.000000  1.021220e-10
7650.000000  1.019916e-10
7670.000000  9.948741e-11
7690.000000  1.015255e-10
7710.000000  9.978389e-11
7730.000000  9.996328e-11
7750.000000  9.904547e-11
7770.000000  1.006364e-10
7790.000000  9.994907e-11
7810.000000  9.983356e-11
7830.000000  9.878857e-11
7850.000000  9.856291e-11
7870.000000  9.875591e-11
7890.000000  9.744932e-11
7910.000000  9.562173e-11
7930.000000  9.477112e-11
7950.000000  9.415287e-11
7970.000000  9.601948e-11
7990.000000  9.570074e-11
8010.000000  9.490768e-11
8030.000000  9.485534e-11
8050.000000  9.399119e-11
8070.000000  9.403689e-11
8090.000000  9.223877e-11
8110.000000  9.269991e-11
8130.000000  9.308643e-11
8150.000000  9.271375e-11
8170.000000  9.257337e-11
8190.000000  9.061057e-11
8210.000000  9.069037e-11
8230.000000  9.062212e-11
8250.000000  9.124197e-11
8270.000000  9.175310e-11
8290.000000  9.115175e-11
8310.000000  8.941277e-11
8330.000000  8.890001e-11
8350.000000  8.930882e-11
8370.000000  8.938094e-11
8390.000000  8.730790e-11
8410.000000  8.913561e-11
8430.000000  8.734299e-11
8450.000000  8.852628e-11
8470.000000  8.778455e-11
8490.000000  8.720358e-11
8510.000000  8.326907e-11
8530.000000  8.618808e-11
8550.000000  7.501426e-11
8570.000000  8.750654e-11
8590.000000  8.627693e-11
8610.000000  8.600011e-11
8630.000000  8.650532e-11
8650.000000  8.588460e-11
8670.000000  7.527181e-11
8690.000000  8.384016e-11
8710.000000  8.505165e-11
8730.000000  8.509601e-11
8750.000000  8.387984e-11
8770.000000  8.492514e-11
8790.000000  8.421059e-11
8810.000000  8.258419e-11
8830.000000  8.341322e-11
8850.000000  8.364160e-11
8870.000000  8.206607e-11
8890.000000  8.352277e-11
8910.000000  8.361310e-11
8930.000000  8.226268e-11
8950.000000  8.179996e-11
8970.000000  8.196488e-11
8990.000000  8.212996e-11
9010.000000  7.918317e-11
9030.000000  8.111980e-11
9050.000000  8.188939e-11
9070.000000  8.094732e-11
9090.000000  7.889753e-11
9110.000000  7.925445e-11
9130.000000  8.016397e-11
9150.000000  7.803635e-11
9170.000000  7.699153e-11
9190.000000  7.712162e-11
9210.000000  7.561882e-11
9230.000000  7.554793e-11
9250.000000  7.538475e-11
9270.000000  7.610101e-11
9290.000000  7.560954e-11
9310.000000  7.635353e-11
9330.000000  7.615561e-11
9350.000000  7.557075e-11
9370.000000  7.505570e-11
9390.000000  7.478279e-11
9410.000000  7.304174e-11
9430.000000  7.393150e-11
9450.000000  7.297094e-11
9470.000000  7.397644e-11
9490.000000  7.383420e-11
9510.000000  7.399230e-11
9530.000000  7.335714e-11
9550.000000  7.270168e-11
9570.000000  7.292187e-11
9590.000000  7.329654e-11
9610.000000  7.274839e-11
9630.000000  7.224836e-11
9650.000000  7.147948e-11
9670.000000  7.135097e-11
9690.000000  7.200666e-11
9710.000000  7.154957e-11
9730.000000  7.135529e-11
9750.000000  7.082505e-11
9770.000000  7.093461e-11
9790.000000  7.014984e-11
9810.000000  7.098461e-11
9830.000000  7.074001e-11
9850.000000  7.075085e-11
9870.000000  7.026629e-11
9890.000000  7.021164e-11
9910.000000  6.977118e-11
9930.000000  7.010871e-11
9950.000000  6.982047e-11
9970.000000  6.975527e-11
9990.000000  6.953351e-11
10025.000000  6.897046e-11
10075.000000  6.821384e-11
10125.000000  6.791563e-11
10175.000000  6.699350e-11
10225.000000  6.676509e-11
10275.000000  6.656154e-11
10325.000000  6.546234e-11
10375.000000  6.501031e-11
10425.000000  6.494800e-11
10475.000000  6.411723e-11
10525.000000  6.392858e-11
10575.000000  6.318122e-11
10625.000000  6.265359e-11
10675.000000  6.163085e-11
10725.000000  6.157491e-11
10775.000000  6.085010e-11
10825.000000  5.994387e-11
10875.000000  5.947755e-11
10925.000000  5.874350e-11
10975.000000  5.659591e-11
11025.000000  5.631258e-11
11075.000000  5.652203e-11
11125.000000  5.607909e-11
11175.000000  5.605391e-11
11225.000000  5.587523e-11
11275.000000  5.500673e-11
11325.000000  5.518510e-11
11375.000000  5.432457e-11
11425.000000  5.407924e-11
11475.000000  5.431991e-11
11525.000000  5.409050e-11
11575.000000  5.338579e-11
11625.000000  5.268151e-11
11675.000000  5.261920e-11
11725.000000  5.287043e-11
11775.000000  5.192286e-11
11825.000000  5.151940e-11
11875.000000  5.098845e-11
11925.000000  5.147703e-11
11975.000000  4.986249e-11
12025.000000  5.028979e-11
12075.000000  4.980292e-11
12125.000000  4.969696e-11
12175.000000  4.968973e-11
12225.000000  4.934120e-11
12275.000000  4.886388e-11
12325.000000  4.863649e-11
12375.000000  4.827307e-11
12425.000000  4.789679e-11
12475.000000  4.775310e-11
12525.000000  4.731885e-11
12575.000000  4.705113e-11
12625.000000  4.673802e-11
12675.000000  4.630869e-11
12725.000000  4.620807e-11
12775.000000  4.598632e-11
12825.000000  4.459250e-11
12875.000000  4.519026e-11
12925.000000  4.472493e-11
12975.000000  4.476929e-11
13025.000000  4.436714e-11
13075.000000  4.426653e-11
13125.000000  4.361747e-11
13175.000000  4.332488e-11
13225.000000  4.338806e-11
13275.000000  4.272311e-11
13325.000000  4.273639e-11
13375.000000  4.245870e-11
13425.000000  4.243615e-11
13475.000000  4.215122e-11
13525.000000  4.194436e-11
13575.000000  4.131974e-11
13625.000000  4.112777e-11
13675.000000  4.102715e-11
13725.000000  4.087854e-11
13775.000000  4.062340e-11
13825.000000  4.046974e-11
13875.000000  4.010835e-11
13925.000000  3.999718e-11
13975.000000  3.974493e-11
14025.000000  3.927961e-11
14075.000000  3.904559e-11
14125.000000  3.832673e-11
14175.000000  3.833670e-11
14225.000000  3.773592e-11
14275.000000  3.727884e-11
14325.000000  3.768069e-11
14375.000000  3.773229e-11
14425.000000  3.678354e-11
14475.000000  3.739994e-11
14525.000000  3.667689e-11
14570.000000  3.662653e-11
14620.000000  3.646105e-11
14675.000000  3.622651e-11
14725.000000  3.575990e-11
14775.000000  3.579998e-11
14825.000000  3.565471e-11
14875.000000  3.519150e-11
14925.000000  3.572258e-11
14975.000000  3.532588e-11
15025.000000  3.461975e-11
15075.000000  3.446425e-11
15125.000000  3.479741e-11
15175.000000  3.480316e-11
15225.000000  3.439723e-11
15275.000000  3.440948e-11
15325.000000  3.423853e-11
15375.000000  3.413654e-11
15425.000000  3.400894e-11
15475.000000  3.393102e-11
15525.000000  3.350738e-11
15575.000000  3.316219e-11
15625.000000  3.349942e-11
15675.000000  3.286605e-11
15725.000000  3.272609e-11
15775.000000  3.200284e-11
15825.000000  3.233327e-11
15875.000000  3.119227e-11
15925.000000  3.198401e-11
15975.000000  3.200467e-11
16050.000000  3.165773e-11
16150.000000  3.093777e-11
16250.000000  3.099358e-11
16350.000000  3.041900e-11
16450.000000  2.945547e-11
16550.000000  2.956093e-11
16650.000000  2.892008e-11
16750.000000  2.818581e-11
16850.000000  2.723740e-11
16950.000000  2.745639e-11
17050.000000  2.660996e-11
17150.000000  2.615249e-11
17250.000000  2.555815e-11
17350.000000  2.452975e-11
17450.000000  2.457789e-11
17550.000000  2.420769e-11
17650.000000  2.374090e-11
17750.000000  2.324625e-11
17850.000000  2.288302e-11
17950.000000  2.247207e-11
18050.000000  2.194574e-11
18150.000000  2.119103e-11
18250.000000  2.104775e-11
18350.000000  2.072729e-11
18450.000000  2.019890e-11
18550.000000  1.994275e-11
18650.000000  1.944535e-11
18750.000000  1.864102e-11
18850.000000  1.879595e-11
18950.000000  1.816155e-11
19050.000000  1.817833e-11
19150.000000  1.779045e-11
19250.000000  1.751143e-11
19350.000000  1.705719e-11
19450.000000  1.643292e-11
19550.000000  1.652635e-11
19650.000000  1.620735e-11
19750.000000  1.583416e-11
19850.000000  1.561621e-11
19950.000000  1.533802e-11
20050.000000  1.517184e-11
20150.000000  1.495550e-11
20250.000000  1.457854e-11
20350.000000  1.426860e-11
20450.000000  1.417464e-11
20550.000000  1.388231e-11
20650.000000  1.358374e-11
20750.000000  1.338643e-11
20850.000000  1.316626e-11
20950.000000  1.287244e-11
21050.000000  1.275118e-11
21150.000000  1.251856e-11
21250.000000  1.230643e-11
21350.000000  1.211913e-11
21450.000000  1.192639e-11
21550.000000  1.173330e-11
21650.000000  1.130639e-11
21750.000000  1.127458e-11
21850.000000  1.110677e-11
21950.000000  1.097984e-11
22050.000000  1.071306e-11
22150.000000  1.063171e-11
22250.000000  1.041339e-11
22350.000000  1.025260e-11
22450.000000  1.009972e-11
22550.000000  9.927006e-12
22650.000000  9.749697e-12
22750.000000  9.645139e-12
22850.000000  9.443603e-12
22950.000000  8.776424e-12
23050.000000  8.944917e-12
23150.000000  8.852805e-12
23250.000000  8.182759e-12
23350.000000  8.397639e-12
23450.000000  8.401712e-12
23550.000000  7.725146e-12
23650.000000  7.988510e-12
23750.000000  7.940818e-12
23850.000000  7.361000e-12
23950.000000  7.566805e-12
24050.000000  7.556667e-12
24150.000000  7.098630e-12
24250.000000  7.204045e-12
24350.000000  7.191363e-12
24450.000000  6.893446e-12
24550.000000  6.805742e-12
24650.000000  6.908570e-12
24750.000000  6.695285e-12
24850.000000  6.498029e-12
24950.000000  6.566065e-12
