2505.000000  3.479021e-11
2513.000000  2.971256e-11
2518.000000  3.026888e-11
2525.000000  2.758303e-11
2535.000000  2.629163e-11
2545.000000  2.583501e-11
2555.000000  2.887097e-11
2565.000000  2.876151e-11
2575.000000  3.199998e-11
2585.000000  3.227363e-11
2595.000000  3.132416e-11
2605.000000  2.966106e-11
2615.000000  2.843025e-11
2625.000000  3.271612e-11
2635.000000  3.334344e-11
2645.000000  3.909783e-11
2655.000000  3.927517e-11
2665.000000  3.456488e-11
2675.000000  3.676865e-11
2685.000000  3.696451e-11
2695.000000  3.418510e-11
2705.000000  3.545409e-11
2715.000000  3.279044e-11
2725.000000  3.334063e-11
2735.000000  3.642853e-11
2745.000000  2.868181e-11
2755.000000  3.051861e-11
2765.000000  3.213633e-11
2775.000000  3.564707e-11
2785.000000  3.379933e-11
2795.000000  2.022095e-11
2805.000000  2.426245e-11
2815.000000  3.721767e-11
2825.000000  3.834037e-11
2835.000000  3.676158e-11
2845.000000  3.515536e-11
2855.000000  3.300730e-11
2865.000000  3.658568e-11
2875.000000  3.567912e-11
2885.000000  3.648200e-11
2895.000000  3.475424e-11
2910.000000  3.945393e-11
2930.000000  3.783937e-11
2950.000000  3.751388e-11
2970.000000  3.857689e-11
2990.000000  3.880160e-11
3010.000000  3.928966e-11
3030.000000  3.906220e-11
3050.000000  3.900965e-11
3070.000000  3.910207e-11
3090.000000  3.964310e-11
3110.000000  3.866880e-11
3130.000000  3.857086e-11
3150.000000  3.958114e-11
3170.000000  3.945813e-11
3190.000000  3.746094e-11
3210.000000  3.842415e-11
3230.000000  3.716359e-11
3250.000000  3.827409e-11
3270.000000  3.883786e-11
3290.000000  3.925902e-11
3310.000000  3.963998e-11
3330.000000  3.880843e-11
3350.000000  3.829220e-11
3370.000000  3.808250e-11
3390.000000  3.808691e-11
3410.000000  3.855768e-11
3430.000000  3.879132e-11
3450.000000  3.846289e-11
3470.000000  3.802312e-11
3490.000000  3.797048e-11
3510.000000  3.859783e-11
3530.000000  3.851429e-11
3550.000000  3.902890e-11
3570.000000  3.781154e-11
3590.000000  3.761565e-11
3610.000000  3.769526e-11
3630.000000  3.795871e-11
3640.000000  3.756608e-11
3650.000000  3.862640e-11
3670.000000  3.836951e-11
3690.000000  3.673128e-11
3710.000000  3.939372e-11
3730.000000  4.163472e-11
3750.000000  5.324756e-11
3770.000000  5.692959e-11
3790.000000  6.964236e-11
3810.000000  8.123720e-11
3830.000000  6.422260e-11
3850.000000  8.986806e-11
3870.000000  1.010237e-10
3890.000000  5.825994e-11
3910.000000  1.009563e-10
3930.000000  9.680517e-11
3950.000000  1.009739e-10
3970.000000  5.495360e-11
3990.000000  9.834865e-11
4010.000000  1.113455e-10
4030.000000  1.116492e-10
4050.000000  1.101978e-10
4070.000000  1.040698e-10
4090.000000  8.141625e-11
4110.000000  6.226614e-11
4130.000000  9.894966e-11
4150.000000  1.047723e-10
4170.000000  1.047186e-10
4190.000000  1.034128e-10
4210.000000  1.030291e-10
4230.000000  1.004877e-10
4250.000000  1.001820e-10
4270.000000  9.760765e-11
4290.000000  9.663692e-11
4310.000000  8.891589e-11
4330.000000  6.841362e-11
4350.000000  5.841748e-11
4370.000000  8.849578e-11
4390.000000  9.154277e-11
4410.000000  9.076503e-11
4430.000000  9.052745e-11
4450.000000  9.070230e-11
4470.000000  8.987360e-11
4490.000000  8.883081e-11
4510.000000  8.928036e-11
4530.000000  8.708276e-11
4550.000000  8.536111e-11
4570.000000  8.653104e-11
4590.000000  8.458343e-11
4610.000000  8.523707e-11
4630.000000  8.319255e-11
4650.000000  8.333188e-11
4670.000000  8.261682e-11
4690.000000  8.040365e-11
4710.000000  7.779331e-11
4730.000000  7.980016e-11
4750.000000  7.920294e-11
4770.000000  7.801931e-11
4790.000000  7.687007e-11
4810.000000  7.509586e-11
4830.000000  7.116666e-11
4850.000000  5.576272e-11
4870.000000  4.500552e-11
4890.000000  6.688997e-11
4910.000000  7.078034e-11
4930.000000  7.025625e-11
4950.000000  7.073751e-11
4970.000000  7.084141e-11
4990.000000  6.935344e-11
5010.000000  6.771163e-11
5030.000000  6.837804e-11
5050.000000  6.733014e-11
5070.000000  6.742035e-11
5090.000000  6.662602e-11
5110.000000  6.615433e-11
5130.000000  6.512697e-11
5150.000000  6.412925e-11
5170.000000  6.244645e-11
5190.000000  6.201290e-11
5210.000000  6.208997e-11
5230.000000  6.115888e-11
5250.000000  6.174462e-11
5270.000000  5.939335e-11
5290.000000  6.036188e-11
5310.000000  5.944786e-11
5330.000000  5.821721e-11
5350.000000  5.877147e-11
5370.000000  5.786580e-11
5390.000000  5.740168e-11
5410.000000  5.644203e-11
5430.000000  5.625988e-11
5450.000000  5.596219e-11
5470.000000  5.547619e-11
5490.000000  5.513073e-11
5510.000000  5.465567e-11
5530.000000  5.390689e-11
5550.000000  5.374590e-11
5570.000000  5.301741e-11
5590.000000  5.242201e-11
5610.000000  5.210788e-11
5630.000000  5.182879e-11
5650.000000  5.129773e-11
5670.000000  5.070628e-11
5690.000000  5.038989e-11
5710.000000  4.991835e-11
5730.000000  4.965864e-11
5750.000000  4.909456e-11
5770.000000  4.870877e-11
5790.000000  4.823193e-11
5810.000000  4.784488e-11
5830.000000  4.743972e-11
5850.000000  4.696061e-11
5870.000000  4.655916e-11
5890.000000  4.566217e-11
5910.000000  4.574925e-11
5930.000000  4.534804e-11
5950.000000  4.493362e-11
5970.000000  4.456248e-11
5990.000000  4.410627e-11
6010.000000  4.365455e-11
6030.000000  4.333064e-11
6050.000000  4.299455e-11
6070.000000  4.267840e-11
6090.000000  4.226817e-11
6110.000000  4.185670e-11
6130.000000  4.132713e-11
6150.000000  4.078142e-11
6170.000000  4.055792e-11
6190.000000  4.048474e-11
6210.000000  4.015688e-11
6230.000000  3.972073e-11
6250.000000  3.906879e-11
6270.000000  3.914705e-11
6290.000000  3.882189e-11
6310.000000  3.836863e-11
6330.000000  3.810218e-11
6350.000000  3.762510e-11
6370.000000  3.735089e-11
6390.000000  3.715500e-11
6410.000000  3.669552e-11
6430.000000  3.645543e-11
6450.000000  3.587020e-11
6470.000000  3.572578e-11
6490.000000  3.517906e-11
6510.000000  3.474631e-11
6530.000000  3.361822e-11
6550.000000  2.929339e-11
6570.000000  2.349771e-11
6590.000000  3.174850e-11
6610.000000  3.315759e-11
6630.000000  3.333979e-11
6650.000000  3.321371e-11
6670.000000  3.298968e-11
6690.000000  3.281746e-11
6710.000000  3.257955e-11
6730.000000  3.232024e-11
6750.000000  3.201369e-11
6770.000000  3.183448e-11
6790.000000  3.157594e-11
6810.000000  3.131865e-11
6830.000000  3.104815e-11
6850.000000  3.080156e-11
6870.000000  3.058201e-11
6890.000000  3.034285e-11
6910.000000  3.010122e-11
6930.000000  2.985834e-11
6950.000000  2.962313e-11
6970.000000  2.938025e-11
6990.000000  2.916870e-11
7010.000000  2.886712e-11
7030.000000  2.867249e-11
7050.000000  2.847661e-11
7070.000000  2.826506e-11
7090.000000  2.804551e-11
7110.000000  2.755200e-11
7130.000000  2.754804e-11
7150.000000  2.735216e-11
7170.000000  2.714456e-11
7190.000000  2.690689e-11
7210.000000  2.672667e-11
7230.000000  2.652279e-11
7250.000000  2.631124e-11
7270.000000  2.614794e-11
7290.000000  2.589605e-11
7310.000000  2.572080e-11
7330.000000  2.552390e-11
7350.000000  2.536431e-11
7370.000000  2.518038e-11
7390.000000  2.495712e-11
7410.000000  2.471290e-11
7430.000000  2.451827e-11
7450.000000  2.436938e-11
7470.000000  2.411850e-11
7490.000000  2.396590e-11
7510.000000  2.384034e-11
7530.000000  2.367974e-11
7550.000000  2.354280e-11
7570.000000  2.335087e-11
7590.000000  2.317957e-11
7610.000000  2.301400e-11
7630.000000  2.284145e-11
7650.000000  2.266248e-11
7670.000000  2.245388e-11
7690.000000  2.231265e-11
7710.000000  2.213639e-11
7730.000000  2.202008e-11
7750.000000  2.183085e-11
7770.000000  2.133835e-11
7790.000000  2.154469e-11
7810.000000  2.137767e-11
7830.000000  2.118844e-11
7850.000000  2.101218e-11
7870.000000  2.085259e-11
7890.000000  2.069199e-11
7910.000000  2.056667e-11
7930.000000  2.040506e-11
7950.000000  2.024547e-11
7970.000000  2.018685e-11
7990.000000  1.995164e-11
8010.000000  1.987602e-11
8030.000000  1.972838e-11
8050.000000  1.959911e-11
8070.000000  1.945688e-11
8090.000000  1.931319e-11
8110.000000  1.919959e-11
8130.000000  1.907032e-11
8150.000000  1.893979e-11
8170.000000  1.879611e-11
8190.000000  1.852484e-11
8210.000000  1.847886e-11
8230.000000  1.833663e-11
8250.000000  1.821661e-11
8270.000000  1.821535e-11
8290.000000  1.808608e-11
8310.000000  1.795806e-11
8330.000000  1.771114e-11
8350.000000  1.771114e-11
8370.000000  1.758288e-11
8390.000000  1.739987e-11
8410.000000  1.727286e-11
8430.000000  1.715699e-11
8450.000000  1.689845e-11
8470.000000  1.661553e-11
8490.000000  1.695238e-11
8510.000000  1.597245e-11
8530.000000  1.688754e-11
8550.000000  1.500072e-11
8570.000000  1.696606e-11
8590.000000  1.582970e-11
8610.000000  1.540056e-11
8630.000000  1.698393e-11
8650.000000  1.636148e-11
8670.000000  1.356963e-11
8690.000000  1.648715e-11
8710.000000  1.705401e-11
8730.000000  1.642804e-11
8750.000000  1.316084e-11
8770.000000  1.570168e-11
8790.000000  1.684169e-11
8810.000000  1.687564e-11
8830.000000  1.645355e-11
8850.000000  1.486693e-11
8870.000000  1.266069e-11
8890.000000  1.574513e-11
8910.000000  1.635012e-11
8930.000000  1.642690e-11
8950.000000  1.644628e-11
8970.000000  1.614363e-11
8990.000000  1.538829e-11
9010.000000  1.239845e-11
9030.000000  1.359690e-11
9050.000000  1.535695e-11
9070.000000  1.546793e-11
9090.000000  1.537391e-11
9110.000000  1.561394e-11
9130.000000  1.562722e-11
9150.000000  1.551761e-11
9170.000000  1.529707e-11
9190.000000  1.489444e-11
9210.000000  1.383384e-11
9230.000000  1.094929e-11
9250.000000  1.334292e-11
9270.000000  1.424715e-11
9290.000000  1.470086e-11
9310.000000  1.473201e-11
9330.000000  1.467765e-11
9350.000000  1.461458e-11
9370.000000  1.453480e-11
9390.000000  1.440237e-11
9410.000000  1.404630e-11
9430.000000  1.417569e-11
9450.000000  1.409063e-11
9470.000000  1.397256e-11
9490.000000  1.377042e-11
9510.000000  1.336808e-11
9530.000000  1.230029e-11
9550.000000  9.976047e-12
9570.000000  1.237251e-11
9590.000000  1.310024e-11
9610.000000  1.319848e-11
9630.000000  1.313870e-11
9650.000000  1.321724e-11
9670.000000  1.305449e-11
9690.000000  1.305300e-11
9710.000000  1.305245e-11
9730.000000  1.296988e-11
9750.000000  1.285901e-11
9770.000000  1.281527e-11
9790.000000  1.273340e-11
9810.000000  1.265300e-11
9830.000000  1.256567e-11
9850.000000  1.245525e-11
9870.000000  1.237723e-11
9890.000000  1.224396e-11
9910.000000  1.219659e-11
9930.000000  1.211218e-11
9950.000000  1.202924e-11
9970.000000  1.192707e-11
9990.000000  1.176366e-11
10025.000000  1.071036e-11
10075.000000  1.017842e-11
10125.000000  1.127053e-11
10175.000000  1.123982e-11
10225.000000  1.111597e-11
10275.000000  1.095845e-11
10325.000000  1.077583e-11
10375.000000  1.062290e-11
10425.000000  1.046485e-11
10475.000000  1.023765e-11
10525.000000  1.013071e-11
10575.000000  9.985122e-12
10625.000000  9.833516e-12
10675.000000  9.553864e-12
10725.000000  9.498308e-12
10775.000000  9.372440e-12
10825.000000  9.199924e-12
10875.000000  8.947741e-12
10925.000000  7.606556e-12
10975.000000  8.270596e-12
11025.000000  8.669844e-12
11075.000000  8.619819e-12
11125.000000  8.509680e-12
11175.000000  8.395563e-12
11225.000000  8.285702e-12
11275.000000  8.087320e-12
11325.000000  7.973030e-12
11375.000000  7.917547e-12
11425.000000  7.787660e-12
11475.000000  7.720724e-12
11525.000000  7.617028e-12
11575.000000  7.507731e-12
11625.000000  7.353403e-12
11675.000000  7.217081e-12
11725.000000  7.206437e-12
11775.000000  7.007896e-12
11825.000000  6.962679e-12
11875.000000  6.844650e-12
11925.000000  6.825903e-12
11975.000000  6.685099e-12
12025.000000  6.625659e-12
12075.000000  6.524195e-12
12125.000000  6.444517e-12
12175.000000  6.375283e-12
12225.000000  6.286746e-12
12275.000000  6.193138e-12
12325.000000  6.117662e-12
12375.000000  6.042828e-12
12425.000000  5.970081e-12
12475.000000  5.885351e-12
12525.000000  5.806237e-12
12575.000000  5.708301e-12
12625.000000  5.639640e-12
12675.000000  5.570701e-12
12725.000000  5.469838e-12
12775.000000  5.228119e-12
12825.000000  4.475140e-12
12875.000000  5.142586e-12
12925.000000  5.200679e-12
12975.000000  5.160428e-12
13025.000000  5.108012e-12
13075.000000  5.048520e-12
13125.000000  4.981566e-12
13175.000000  4.910386e-12
13225.000000  4.861010e-12
13275.000000  4.799397e-12
13325.000000  4.741548e-12
13375.000000  4.681502e-12
13425.000000  4.624048e-12
13475.000000  4.566865e-12
13525.000000  4.504586e-12
13575.000000  4.449239e-12
13625.000000  4.401184e-12
13675.000000  4.344642e-12
13725.000000  4.268685e-12
13775.000000  4.234999e-12
13825.000000  4.185522e-12
13875.000000  4.142538e-12
13925.000000  4.084183e-12
13975.000000  4.040331e-12
14025.000000  3.992175e-12
14075.000000  3.946723e-12
14125.000000  3.896076e-12
14175.000000  3.852720e-12
14225.000000  3.804035e-12
14275.000000  3.757445e-12
14325.000000  3.716693e-12
14375.000000  3.674904e-12
14425.000000  3.584093e-12
14475.000000  3.587707e-12
14525.000000  3.522985e-12
14570.000000  3.506655e-12
14620.000000  3.460707e-12
14675.000000  3.426379e-12
14725.000000  3.383959e-12
14775.000000  3.336570e-12
14825.000000  3.304845e-12
14875.000000  3.256959e-12
14925.000000  3.241371e-12
14975.000000  3.201048e-12
15025.000000  3.152758e-12
15075.000000  3.121033e-12
15125.000000  3.093839e-12
15175.000000  3.057786e-12
15225.000000  3.024697e-12
15275.000000  2.982031e-12
15325.000000  2.945607e-12
15375.000000  2.923257e-12
15425.000000  2.855948e-12
15475.000000  2.855681e-12
15525.000000  2.825668e-12
15575.000000  2.733470e-12
15625.000000  2.795562e-12
15675.000000  2.702895e-12
15725.000000  2.618630e-12
15775.000000  2.706282e-12
15825.000000  2.677936e-12
15875.000000  2.437470e-12
15925.000000  2.582290e-12
15975.000000  2.621350e-12
16050.000000  2.533083e-12
16150.000000  2.373858e-12
16250.000000  2.498553e-12
16350.000000  2.365735e-12
16450.000000  2.205989e-12
16550.000000  2.349546e-12
16650.000000  2.303453e-12
16750.000000  2.161660e-12
16850.000000  2.012156e-12
16950.000000  2.156089e-12
17050.000000  2.117154e-12
17150.000000  2.074339e-12
17250.000000  2.006436e-12
17350.000000  1.765020e-12
17450.000000  1.896372e-12
17550.000000  1.898407e-12
17650.000000  1.863247e-12
17750.000000  1.829955e-12
17850.000000  1.791468e-12
17950.000000  1.756114e-12
18050.000000  1.704102e-12
18150.000000  1.515323e-12
18250.000000  1.595379e-12
18350.000000  1.612953e-12
18450.000000  1.584757e-12
18550.000000  1.549696e-12
18650.000000  1.505507e-12
18750.000000  1.331275e-12
18850.000000  1.439359e-12
18950.000000  1.428023e-12
19050.000000  1.410549e-12
19150.000000  1.383314e-12
19250.000000  1.353420e-12
19350.000000  1.311006e-12
19450.000000  1.164091e-12
19550.000000  1.261988e-12
19650.000000  1.254704e-12
19750.000000  1.232331e-12
19850.000000  1.211583e-12
19950.000000  1.189249e-12
20050.000000  1.167568e-12
20150.000000  1.146410e-12
20250.000000  1.125044e-12
20350.000000  1.103982e-12
20450.000000  1.085077e-12
20550.000000  1.065472e-12
20650.000000  1.045350e-12
20750.000000  1.027245e-12
20850.000000  1.009219e-12
20950.000000  9.909869e-13
21050.000000  9.734554e-13
21150.000000  9.550791e-13
21250.000000  9.382296e-13
21350.000000  9.223345e-13
21450.000000  9.056623e-13
21550.000000  8.810612e-13
21650.000000  7.879416e-13
21750.000000  8.442737e-13
21850.000000  8.439265e-13
21950.000000  8.329941e-13
22050.000000  8.180857e-13
22150.000000  8.037494e-13
22250.000000  7.918326e-13
22350.000000  7.786627e-13
22450.000000  7.656889e-13
22550.000000  7.517778e-13
22650.000000  7.404480e-13
22750.000000  7.284243e-13
22850.000000  7.166540e-13
22950.000000  7.048535e-13
23050.000000  6.940458e-13
23150.000000  6.828323e-13
23250.000000  6.722083e-13
23350.000000  6.614276e-13
23450.000000  6.511168e-13
23550.000000  6.408186e-13
23650.000000  6.308583e-13
23750.000000  6.208237e-13
23850.000000  6.110721e-13
23950.000000  6.015942e-13
24050.000000  5.921038e-13
24150.000000  5.827556e-13
24250.000000  5.741578e-13
24350.000000  5.647692e-13
24450.000000  5.557714e-13
24550.000000  5.478845e-13
24650.000000  5.386853e-13
24750.000000  5.305676e-13
24850.000000  5.239315e-13
24950.000000  5.106220e-13
