2505.000000  2.314990e-10
2513.000000  2.070792e-10
2518.000000  2.167799e-10
2525.000000  2.013428e-10
2535.000000  2.059338e-10
2545.000000  1.965967e-10
2555.000000  2.089358e-10
2565.000000  2.044461e-10
2575.000000  2.208817e-10
2585.000000  2.157094e-10
2595.000000  2.163129e-10
2605.000000  2.049431e-10
2615.000000  2.037787e-10
2625.000000  2.097181e-10
2635.000000  2.109490e-10
2645.000000  2.245652e-10
2655.000000  2.204153e-10
2665.000000  2.019509e-10
2675.000000  2.130126e-10
2685.000000  2.072695e-10
2695.000000  2.020696e-10
2705.000000  2.081144e-10
2715.000000  1.980360e-10
2725.000000  1.991640e-10
2735.000000  2.107100e-10
2745.000000  1.836016e-10
2755.000000  1.821280e-10
2765.000000  1.872097e-10
2775.000000  1.972271e-10
2785.000000  1.977330e-10
2795.000000  1.734070e-10
2805.000000  1.870397e-10
2815.000000  1.982805e-10
2825.000000  1.979699e-10
2835.000000  1.855754e-10
2845.000000  1.800912e-10
2855.000000  1.805200e-10
2865.000000  1.881287e-10
2875.000000  1.822724e-10
2885.000000  1.842662e-10
2895.000000  1.795505e-10
2910.000000  1.909812e-10
2930.000000  1.839388e-10
2950.000000  1.820148e-10
2970.000000  1.811772e-10
2990.000000  1.793907e-10
3010.000000  1.819913e-10
3030.000000  1.788801e-10
3050.000000  1.749575e-10
3070.000000  1.718533e-10
3090.000000  1.720394e-10
3110.000000  1.665429e-10
3130.000000  1.646014e-10
3150.000000  1.641888e-10
3170.000000  1.608701e-10
3190.000000  1.547228e-10
3210.000000  1.560171e-10
3230.000000  1.535317e-10
3250.000000  1.518874e-10
3270.000000  1.506844e-10
3290.000000  1.491283e-10
3310.000000  1.481483e-10
3330.000000  1.448824e-10
3350.000000  1.420422e-10
3370.000000  1.403714e-10
3390.000000  1.379300e-10
3410.000000  1.377194e-10
3430.000000  1.357113e-10
3450.000000  1.339471e-10
3470.000000  1.315791e-10
3490.000000  1.300122e-10
3510.000000  1.292876e-10
3530.000000  1.281599e-10
3550.000000  1.266426e-10
3570.000000  1.246152e-10
3590.000000  1.225730e-10
3610.000000  1.213383e-10
3630.000000  1.195702e-10
3640.000000  1.192669e-10
3650.000000  1.189201e-10
3670.000000  1.176017e-10
3690.000000  1.141306e-10
3710.000000  1.125535e-10
3730.000000  1.105282e-10
3750.000000  1.290834e-10
3770.000000  1.330787e-10
3790.000000  1.519408e-10
3810.000000  1.672987e-10
3830.000000  1.384538e-10
3850.000000  1.742277e-10
3870.000000  1.860373e-10
3890.000000  1.258623e-10
3910.000000  1.836236e-10
3930.000000  1.836744e-10
3950.000000  1.794825e-10
3970.000000  1.182380e-10
3990.000000  1.710888e-10
4010.000000  1.764446e-10
4030.000000  1.687365e-10
4050.000000  1.733001e-10
4070.000000  1.672419e-10
4090.000000  1.451515e-10
4110.000000  1.179338e-10
4130.000000  1.558838e-10
4150.000000  1.585729e-10
4170.000000  1.569261e-10
4190.000000  1.552495e-10
4210.000000  1.534948e-10
4230.000000  1.508747e-10
4250.000000  1.480816e-10
4270.000000  1.441919e-10
4290.000000  1.439037e-10
4310.000000  1.394900e-10
4330.000000  1.165698e-10
4350.000000  1.020921e-10
4370.000000  1.325971e-10
4390.000000  1.301786e-10
4410.000000  1.316150e-10
4430.000000  1.284498e-10
4450.000000  1.284008e-10
4470.000000  1.230833e-10
4490.000000  1.224377e-10
4510.000000  1.225387e-10
4530.000000  1.202714e-10
4550.000000  1.180073e-10
4570.000000  1.179207e-10
4590.000000  1.151781e-10
4610.000000  1.146657e-10
4630.000000  1.113626e-10
4650.000000  1.112444e-10
4670.000000  1.093717e-10
4690.000000  1.079570e-10
4710.000000  1.044505e-10
4730.000000  1.047242e-10
4750.000000  1.030153e-10
4770.000000  1.026609e-10
4790.000000  1.008419e-10
4810.000000  9.866845e-11
4830.000000  9.597950e-11
4850.000000  8.279362e-11
4870.000000  7.028776e-11
4890.000000  9.160602e-11
4910.000000  9.203006e-11
4930.000000  8.982047e-11
4950.000000  9.019984e-11
4970.000000  8.936070e-11
4990.000000  8.786740e-11
5010.000000  8.463467e-11
5030.000000  8.460620e-11
5050.000000  8.225996e-11
5070.000000  8.280643e-11
5090.000000  8.166927e-11
5110.000000  8.013732e-11
5130.000000  7.959800e-11
5150.000000  7.774611e-11
5170.000000  7.706284e-11
5190.000000  7.628107e-11
5210.000000  7.443771e-11
5230.000000  7.399444e-11
5250.000000  7.360736e-11
5270.000000  7.203528e-11
5290.000000  7.225525e-11
5310.000000  7.065822e-11
5330.000000  7.016141e-11
5350.000000  6.933447e-11
5370.000000  6.866811e-11
5390.000000  6.777341e-11
5410.000000  6.666709e-11
5430.000000  6.590478e-11
5450.000000  6.530029e-11
5470.000000  6.430241e-11
5490.000000  6.379469e-11
5510.000000  6.294774e-11
5530.000000  6.240137e-11
5550.000000  6.165439e-11
5570.000000  6.086877e-11
5590.000000  6.021141e-11
5610.000000  5.966504e-11
5630.000000  5.905734e-11
5650.000000  5.765393e-11
5670.000000  5.718872e-11
5690.000000  5.682814e-11
5710.000000  5.623082e-11
5730.000000  5.563068e-11
5750.000000  5.494291e-11
5770.000000  5.433560e-11
5790.000000  5.354754e-11
5810.000000  5.299169e-11
5830.000000  5.244327e-11
5850.000000  5.184640e-11
5870.000000  5.047476e-11
5890.000000  5.040225e-11
5910.000000  5.005341e-11
5930.000000  4.960227e-11
5950.000000  4.859481e-11
5970.000000  4.831921e-11
5990.000000  4.767054e-11
6010.000000  4.737967e-11
6030.000000  4.683211e-11
6050.000000  4.628756e-11
6070.000000  4.576055e-11
6090.000000  4.524084e-11
6110.000000  4.482805e-11
6130.000000  4.430949e-11
6150.000000  4.335432e-11
6170.000000  4.329470e-11
6190.000000  4.288304e-11
6210.000000  4.240963e-11
6230.000000  4.184328e-11
6250.000000  4.107700e-11
6270.000000  4.102684e-11
6290.000000  4.056447e-11
6310.000000  4.002910e-11
6330.000000  3.967830e-11
6350.000000  3.867419e-11
6370.000000  3.848980e-11
6390.000000  3.838073e-11
6410.000000  3.792132e-11
6430.000000  3.765669e-11
6450.000000  3.705062e-11
6470.000000  3.684725e-11
6490.000000  3.628508e-11
6510.000000  3.578409e-11
6530.000000  3.510139e-11
6550.000000  3.215964e-11
6570.000000  2.716362e-11
6590.000000  3.355252e-11
6610.000000  3.401406e-11
6630.000000  3.379008e-11
6650.000000  3.355173e-11
6670.000000  3.304820e-11
6690.000000  3.274994e-11
6710.000000  3.253772e-11
6730.000000  3.220177e-11
6750.000000  3.188834e-11
6770.000000  3.159536e-11
6790.000000  3.121931e-11
6810.000000  3.092864e-11
6830.000000  3.054221e-11
6850.000000  3.030553e-11
6870.000000  3.001726e-11
6890.000000  2.972382e-11
6910.000000  2.942046e-11
6930.000000  2.904408e-11
6950.000000  2.886120e-11
6970.000000  2.858718e-11
6990.000000  2.832439e-11
7010.000000  2.798838e-11
7030.000000  2.775242e-11
7050.000000  2.737566e-11
7070.000000  2.706425e-11
7090.000000  2.697952e-11
7110.000000  2.663468e-11
7130.000000  2.640299e-11
7150.000000  2.617296e-11
7170.000000  2.593352e-11
7190.000000  2.570433e-11
7210.000000  2.546514e-11
7230.000000  2.509596e-11
7250.000000  2.493266e-11
7270.000000  2.474843e-11
7290.000000  2.447223e-11
7310.000000  2.427445e-11
7330.000000  2.405146e-11
7350.000000  2.385136e-11
7370.000000  2.362302e-11
7390.000000  2.339892e-11
7410.000000  2.317831e-11
7430.000000  2.287953e-11
7450.000000  2.270653e-11
7470.000000  2.242801e-11
7490.000000  2.227397e-11
7510.000000  2.207394e-11
7530.000000  2.191022e-11
7550.000000  2.171090e-11
7570.000000  2.152158e-11
7590.000000  2.130801e-11
7610.000000  2.114771e-11
7630.000000  2.094414e-11
7650.000000  2.073946e-11
7670.000000  2.056027e-11
7690.000000  2.036644e-11
7710.000000  2.018607e-11
7730.000000  2.000804e-11
7750.000000  1.982846e-11
7770.000000  1.935073e-11
7790.000000  1.947936e-11
7810.000000  1.932532e-11
7830.000000  1.914542e-11
7850.000000  1.886263e-11
7870.000000  1.870491e-11
7890.000000  1.847959e-11
7910.000000  1.845341e-11
7930.000000  1.832376e-11
7950.000000  1.803891e-11
7970.000000  1.800066e-11
7990.000000  1.764917e-11
8010.000000  1.769142e-11
8030.000000  1.752778e-11
8050.000000  1.737257e-11
8070.000000  1.723285e-11
8090.000000  1.707424e-11
8110.000000  1.691975e-11
8130.000000  1.678127e-11
8150.000000  1.664658e-11
8170.000000  1.651576e-11
8190.000000  1.633069e-11
8210.000000  1.613481e-11
8230.000000  1.593039e-11
8250.000000  1.595097e-11
8270.000000  1.585312e-11
8290.000000  1.565896e-11
8310.000000  1.557988e-11
8330.000000  1.543861e-11
8350.000000  1.531645e-11
8370.000000  1.519886e-11
8390.000000  1.509327e-11
8410.000000  1.493565e-11
8430.000000  1.478200e-11
8450.000000  1.451017e-11
8470.000000  1.441726e-11
8490.000000  1.443482e-11
8510.000000  1.399569e-11
8530.000000  1.433545e-11
8550.000000  1.343583e-11
8570.000000  1.431052e-11
8590.000000  1.350418e-11
8610.000000  1.325108e-11
8630.000000  1.422000e-11
8650.000000  1.368940e-11
8670.000000  1.202969e-11
8690.000000  1.382853e-11
8710.000000  1.416925e-11
8730.000000  1.365117e-11
8750.000000  1.139429e-11
8770.000000  1.305321e-11
8790.000000  1.388380e-11
8810.000000  1.391360e-11
8830.000000  1.353994e-11
8850.000000  1.237310e-11
8870.000000  1.085572e-11
8890.000000  1.297864e-11
8910.000000  1.333930e-11
8930.000000  1.329113e-11
8950.000000  1.327558e-11
8970.000000  1.308174e-11
8990.000000  1.257539e-11
9010.000000  1.047370e-11
9030.000000  1.121416e-11
9050.000000  1.244659e-11
9070.000000  1.246585e-11
9090.000000  1.243152e-11
9110.000000  1.243489e-11
9130.000000  1.235633e-11
9150.000000  1.229504e-11
9170.000000  1.211555e-11
9190.000000  1.183752e-11
9210.000000  1.117389e-11
9230.000000  9.166184e-12
9250.000000  1.079819e-11
9270.000000  1.127528e-11
9290.000000  1.153740e-11
9310.000000  1.153318e-11
9330.000000  1.143464e-11
9350.000000  1.139896e-11
9370.000000  1.131536e-11
9390.000000  1.120351e-11
9410.000000  1.097368e-11
9430.000000  1.104405e-11
9450.000000  1.096439e-11
9470.000000  1.084389e-11
9490.000000  1.071839e-11
9510.000000  1.048092e-11
9530.000000  9.762542e-12
9550.000000  8.191778e-12
9570.000000  9.791785e-12
9590.000000  1.022415e-11
9610.000000  1.024565e-11
9630.000000  1.007371e-11
9650.000000  1.016596e-11
9670.000000  1.006192e-11
9690.000000  1.001904e-11
9710.000000  9.960342e-12
9730.000000  9.885195e-12
9750.000000  9.796570e-12
9770.000000  9.741292e-12
9790.000000  9.665428e-12
9810.000000  9.586480e-12
9830.000000  9.495524e-12
9850.000000  9.440566e-12
9870.000000  9.370515e-12
9890.000000  9.274462e-12
9910.000000  9.221376e-12
9930.000000  9.163241e-12
9950.000000  9.079327e-12
9970.000000  8.997843e-12
9990.000000  8.904285e-12
10025.000000  8.237040e-12
10075.000000  7.826474e-12
10125.000000  8.403049e-12
10175.000000  8.361074e-12
10225.000000  8.242006e-12
10275.000000  8.098038e-12
10325.000000  7.944393e-12
10375.000000  7.813572e-12
10425.000000  7.679666e-12
10475.000000  7.534532e-12
10525.000000  7.399461e-12
10575.000000  7.279868e-12
10625.000000  7.164141e-12
10675.000000  6.993851e-12
10725.000000  6.909091e-12
10775.000000  6.795310e-12
10825.000000  6.640424e-12
10875.000000  6.514219e-12
10925.000000  5.686851e-12
10975.000000  6.067122e-12
11025.000000  6.217645e-12
11075.000000  6.145419e-12
11125.000000  6.047256e-12
11175.000000  5.947082e-12
11225.000000  5.852260e-12
11275.000000  5.707061e-12
11325.000000  5.627333e-12
11375.000000  5.572440e-12
11425.000000  5.482604e-12
11475.000000  5.397722e-12
11525.000000  5.312783e-12
11575.000000  5.227837e-12
11625.000000  5.127630e-12
11675.000000  5.047741e-12
11725.000000  4.980542e-12
11775.000000  4.875775e-12
11825.000000  4.826886e-12
11875.000000  4.745959e-12
11925.000000  4.684358e-12
11975.000000  4.603865e-12
12025.000000  4.540926e-12
12075.000000  4.471121e-12
12125.000000  4.401223e-12
12175.000000  4.336365e-12
12225.000000  4.269919e-12
12275.000000  4.204427e-12
12325.000000  4.142509e-12
12375.000000  4.081747e-12
12425.000000  4.023313e-12
12475.000000  3.952255e-12
12525.000000  3.903613e-12
12575.000000  3.838966e-12
12625.000000  3.787550e-12
12675.000000  3.734295e-12
12725.000000  3.668141e-12
12775.000000  3.544793e-12
12825.000000  3.146476e-12
12875.000000  3.469074e-12
12925.000000  3.464606e-12
12975.000000  3.422363e-12
13025.000000  3.377330e-12
13075.000000  3.329377e-12
13125.000000  3.282864e-12
13175.000000  3.229338e-12
13225.000000  3.191454e-12
13275.000000  3.146676e-12
13325.000000  3.103181e-12
13375.000000  3.060221e-12
13425.000000  3.016339e-12
13475.000000  2.974850e-12
13525.000000  2.932858e-12
13575.000000  2.893884e-12
13625.000000  2.854414e-12
13675.000000  2.813009e-12
13725.000000  2.775120e-12
13775.000000  2.741178e-12
13825.000000  2.704720e-12
13875.000000  2.668733e-12
13925.000000  2.631850e-12
13975.000000  2.597366e-12
14025.000000  2.563469e-12
14075.000000  2.529417e-12
14125.000000  2.495514e-12
14175.000000  2.464042e-12
14225.000000  2.431571e-12
14275.000000  2.400151e-12
14325.000000  2.368686e-12
14375.000000  2.337692e-12
14425.000000  2.300725e-12
14475.000000  2.276433e-12
14525.000000  2.245812e-12
14570.000000  2.223332e-12
14620.000000  2.194590e-12
14675.000000  2.165641e-12
14725.000000  2.137743e-12
14775.000000  2.109135e-12
14825.000000  2.085379e-12
14875.000000  2.058783e-12
14925.000000  2.034917e-12
14975.000000  2.008870e-12
15025.000000  1.984913e-12
15075.000000  1.958996e-12
15125.000000  1.935588e-12
15175.000000  1.911593e-12
15225.000000  1.888217e-12
15275.000000  1.863391e-12
15325.000000  1.839054e-12
15375.000000  1.819333e-12
15425.000000  1.788932e-12
15475.000000  1.775276e-12
15525.000000  1.753092e-12
15575.000000  1.713944e-12
15625.000000  1.723575e-12
15675.000000  1.679857e-12
15725.000000  1.643506e-12
15775.000000  1.667983e-12
15825.000000  1.645374e-12
15875.000000  1.551086e-12
15925.000000  1.591490e-12
15975.000000  1.600563e-12
16050.000000  1.554764e-12
16150.000000  1.479170e-12
16250.000000  1.510949e-12
16350.000000  1.446988e-12
16450.000000  1.372389e-12
16550.000000  1.413893e-12
16650.000000  1.383512e-12
16750.000000  1.317992e-12
16850.000000  1.248040e-12
16950.000000  1.290600e-12
17050.000000  1.264745e-12
17150.000000  1.237646e-12
17250.000000  1.205055e-12
17350.000000  1.098627e-12
17450.000000  1.143482e-12
17550.000000  1.132994e-12
17650.000000  1.109787e-12
17750.000000  1.085373e-12
17850.000000  1.063280e-12
17950.000000  1.041709e-12
18050.000000  1.013815e-12
18150.000000  9.312021e-13
18250.000000  9.574775e-13
18350.000000  9.561239e-13
18450.000000  9.378842e-13
18550.000000  9.172873e-13
18650.000000  8.940379e-13
18750.000000  8.223323e-13
18850.000000  8.583860e-13
18950.000000  8.463528e-13
19050.000000  8.295699e-13
19150.000000  8.135471e-13
19250.000000  7.969688e-13
19350.000000  7.759953e-13
19450.000000  7.105872e-13
19550.000000  7.460008e-13
19650.000000  7.374443e-13
19750.000000  7.231385e-13
19850.000000  7.095993e-13
19950.000000  6.961242e-13
20050.000000  6.830881e-13
20150.000000  6.701226e-13
20250.000000  6.576217e-13
20350.000000  6.451208e-13
20450.000000  6.332010e-13
20550.000000  6.212097e-13
20650.000000  6.101015e-13
20750.000000  5.986849e-13
20850.000000  5.876934e-13
20950.000000  5.771664e-13
21050.000000  5.666779e-13
21150.000000  5.561895e-13
21250.000000  5.462822e-13
21350.000000  5.362635e-13
21450.000000  5.266839e-13
21550.000000  5.147985e-13
21650.000000  4.728480e-13
21750.000000  4.943030e-13
21850.000000  4.906985e-13
21950.000000  4.825514e-13
22050.000000  4.743518e-13
22150.000000  4.661088e-13
22250.000000  4.582064e-13
22350.000000  4.503738e-13
22450.000000  4.427688e-13
22550.000000  4.352264e-13
22650.000000  4.278852e-13
22750.000000  4.207330e-13
22850.000000  4.137570e-13
22950.000000  4.069066e-13
23050.000000  4.002118e-13
23150.000000  3.936215e-13
23250.000000  3.872201e-13
23350.000000  3.808742e-13
23450.000000  3.746857e-13
23550.000000  3.686411e-13
23650.000000  3.626971e-13
23750.000000  3.568956e-13
23850.000000  3.511948e-13
23950.000000  3.455611e-13
24050.000000  3.398648e-13
24150.000000  3.345207e-13
24250.000000  3.293726e-13
24350.000000  3.241266e-13
24450.000000  3.188916e-13
24550.000000  3.141252e-13
24650.000000  3.089451e-13
24750.000000  3.041544e-13
24850.000000  3.000051e-13
24950.000000  2.937203e-13
