2505.000000  2.518839e-11
2513.000000  1.853917e-11
2518.000000  1.840743e-11
2525.000000  1.557815e-11
2535.000000  1.405916e-11
2545.000000  1.442894e-11
2555.000000  1.887392e-11
2565.000000  1.750028e-11
2575.000000  2.123400e-11
2585.000000  2.080750e-11
2595.000000  1.980943e-11
2605.000000  1.771985e-11
2615.000000  1.613897e-11
2625.000000  2.148498e-11
2635.000000  2.483989e-11
2645.000000  3.209238e-11
2655.000000  3.463347e-11
2665.000000  2.677515e-11
2675.000000  3.026597e-11
2685.000000  3.058736e-11
2695.000000  2.671433e-11
2705.000000  2.949902e-11
2715.000000  2.534212e-11
2725.000000  2.579870e-11
2735.000000  2.857058e-11
2745.000000  1.814854e-11
2755.000000  2.133622e-11
2765.000000  2.426068e-11
2775.000000  2.874907e-11
2785.000000  2.302574e-11
2795.000000  8.718123e-12
2805.000000  1.165311e-11
2815.000000  2.918729e-11
2825.000000  3.450246e-11
2835.000000  3.243453e-11
2845.000000  3.053349e-11
2855.000000  2.512761e-11
2865.000000  3.277551e-11
2875.000000  3.252473e-11
2885.000000  3.237113e-11
2895.000000  3.089544e-11
2910.000000  3.762532e-11
2930.000000  3.504593e-11
2950.000000  3.459159e-11
2970.000000  3.713943e-11
2990.000000  3.713660e-11
3010.000000  3.845980e-11
3030.000000  3.804974e-11
3050.000000  3.836353e-11
3070.000000  3.910037e-11
3090.000000  4.010959e-11
3110.000000  3.887015e-11
3130.000000  3.851765e-11
3150.000000  3.983450e-11
3170.000000  3.986575e-11
3190.000000  3.667165e-11
3210.000000  3.854926e-11
3230.000000  3.566203e-11
3250.000000  3.850766e-11
3270.000000  4.037818e-11
3290.000000  4.035035e-11
3310.000000  4.142536e-11
3330.000000  4.053046e-11
3350.000000  4.001811e-11
3370.000000  3.891835e-11
3390.000000  3.970665e-11
3410.000000  3.971383e-11
3430.000000  4.021842e-11
3450.000000  4.027766e-11
3470.000000  3.974723e-11
3490.000000  3.993883e-11
3510.000000  4.091452e-11
3530.000000  4.019060e-11
3550.000000  4.243575e-11
3570.000000  3.941247e-11
3590.000000  3.908409e-11
3610.000000  3.956374e-11
3630.000000  3.996588e-11
3640.000000  3.946860e-11
3650.000000  4.219606e-11
3670.000000  4.149653e-11
3690.000000  3.990814e-11
3710.000000  4.232251e-11
3730.000000  4.292044e-11
3750.000000  5.163635e-11
3770.000000  5.542028e-11
3790.000000  6.475938e-11
3810.000000  7.331776e-11
3830.000000  5.909157e-11
3850.000000  7.858348e-11
3870.000000  8.525161e-11
3890.000000  5.799259e-11
3910.000000  8.382713e-11
3930.000000  6.455272e-11
3950.000000  8.153935e-11
3970.000000  5.049736e-11
3990.000000  8.472952e-11
4010.000000  9.168392e-11
4030.000000  9.140045e-11
4050.000000  9.012096e-11
4070.000000  8.754498e-11
4090.000000  7.750503e-11
4110.000000  6.309337e-11
4130.000000  8.626880e-11
4150.000000  9.011210e-11
4170.000000  8.931149e-11
4190.000000  8.853075e-11
4210.000000  8.846931e-11
4230.000000  8.591401e-11
4250.000000  8.714957e-11
4270.000000  8.454450e-11
4290.000000  8.414919e-11
4310.000000  7.811910e-11
4330.000000  6.896787e-11
4350.000000  6.043153e-11
4370.000000  8.242050e-11
4390.000000  8.259771e-11
4410.000000  8.159432e-11
4430.000000  8.087264e-11
4450.000000  8.145600e-11
4470.000000  8.155854e-11
4490.000000  8.104156e-11
4510.000000  8.367526e-11
4530.000000  7.965612e-11
4550.000000  7.916702e-11
4570.000000  8.186461e-11
4590.000000  7.865146e-11
4610.000000  8.005393e-11
4630.000000  7.815503e-11
4650.000000  7.858235e-11
4670.000000  7.887095e-11
4690.000000  7.634564e-11
4710.000000  7.356589e-11
4730.000000  7.667733e-11
4750.000000  7.660378e-11
4770.000000  7.556552e-11
4790.000000  7.485511e-11
4810.000000  7.367456e-11
4830.000000  7.159212e-11
4850.000000  6.006807e-11
4870.000000  4.952962e-11
4890.000000  6.779517e-11
4910.000000  6.983336e-11
4930.000000  6.886278e-11
4950.000000  7.018951e-11
4970.000000  7.058648e-11
4990.000000  6.763919e-11
5010.000000  6.552998e-11
5030.000000  6.762157e-11
5050.000000  6.656403e-11
5070.000000  6.769353e-11
5090.000000  6.646784e-11
5110.000000  6.653789e-11
5130.000000  6.515229e-11
5150.000000  6.374861e-11
5170.000000  6.248008e-11
5190.000000  6.186786e-11
5210.000000  6.226330e-11
5230.000000  6.209931e-11
5250.000000  6.300789e-11
5270.000000  5.885370e-11
5290.000000  6.164241e-11
5310.000000  6.128417e-11
5330.000000  5.873135e-11
5350.000000  6.046146e-11
5370.000000  5.983736e-11
5390.000000  5.929608e-11
5410.000000  5.794546e-11
5430.000000  5.841670e-11
5450.000000  5.867681e-11
5470.000000  5.792355e-11
5490.000000  5.760693e-11
5510.000000  5.729791e-11
5530.000000  5.681242e-11
5550.000000  5.689656e-11
5570.000000  5.585678e-11
5590.000000  5.522100e-11
5610.000000  5.524406e-11
5630.000000  5.527868e-11
5650.000000  5.470319e-11
5670.000000  5.381435e-11
5690.000000  5.390278e-11
5710.000000  5.334253e-11
5730.000000  5.393555e-11
5750.000000  5.299365e-11
5770.000000  5.283102e-11
5790.000000  5.223902e-11
5810.000000  5.207310e-11
5830.000000  5.187086e-11
5850.000000  5.117504e-11
5870.000000  5.090042e-11
5890.000000  4.965669e-11
5910.000000  5.015421e-11
5930.000000  4.977661e-11
5950.000000  4.948195e-11
5970.000000  4.917312e-11
5990.000000  4.863630e-11
6010.000000  4.800729e-11
6030.000000  4.778618e-11
6050.000000  4.769384e-11
6070.000000  4.751536e-11
6090.000000  4.693224e-11
6110.000000  4.640347e-11
6130.000000  4.550930e-11
6150.000000  4.503834e-11
6170.000000  4.466564e-11
6190.000000  4.527378e-11
6210.000000  4.502715e-11
6230.000000  4.434214e-11
6250.000000  4.322683e-11
6270.000000  4.407260e-11
6290.000000  4.379402e-11
6310.000000  4.298383e-11
6330.000000  4.285236e-11
6350.000000  4.241503e-11
6370.000000  4.214712e-11
6390.000000  4.207020e-11
6410.000000  4.135475e-11
6430.000000  4.131480e-11
6450.000000  4.064661e-11
6470.000000  4.058218e-11
6490.000000  3.988113e-11
6510.000000  3.979932e-11
6530.000000  3.894696e-11
6550.000000  3.507400e-11
6570.000000  2.876855e-11
6590.000000  3.716188e-11
6610.000000  3.840358e-11
6630.000000  3.849712e-11
6650.000000  3.832897e-11
6670.000000  3.798694e-11
6690.000000  3.797085e-11
6710.000000  3.763088e-11
6730.000000  3.743730e-11
6750.000000  3.694541e-11
6770.000000  3.695691e-11
6790.000000  3.666002e-11
6810.000000  3.639438e-11
6830.000000  3.611755e-11
6850.000000  3.578155e-11
6870.000000  3.567115e-11
6890.000000  3.545313e-11
6910.000000  3.518924e-11
6930.000000  3.493200e-11
6950.000000  3.469710e-11
6970.000000  3.445009e-11
6990.000000  3.426546e-11
7010.000000  3.369233e-11
7030.000000  3.366583e-11
7050.000000  3.352420e-11
7070.000000  3.329870e-11
7090.000000  3.307128e-11
7110.000000  3.238694e-11
7130.000000  3.243028e-11
7150.000000  3.225168e-11
7170.000000  3.199954e-11
7190.000000  3.166283e-11
7210.000000  3.159018e-11
7230.000000  3.137344e-11
7250.000000  3.117274e-11
7270.000000  3.108494e-11
7290.000000  3.063367e-11
7310.000000  3.056518e-11
7330.000000  3.036075e-11
7350.000000  3.027579e-11
7370.000000  3.009836e-11
7390.000000  2.969529e-11
7410.000000  2.932567e-11
7430.000000  2.919980e-11
7450.000000  2.908693e-11
7470.000000  2.885972e-11
7490.000000  2.870625e-11
7510.000000  2.860769e-11
7530.000000  2.847110e-11
7550.000000  2.838242e-11
7570.000000  2.811843e-11
7590.000000  2.796763e-11
7610.000000  2.775757e-11
7630.000000  2.761594e-11
7650.000000  2.738518e-11
7670.000000  2.701060e-11
7690.000000  2.697552e-11
7710.000000  2.677789e-11
7730.000000  2.669996e-11
7750.000000  2.643311e-11
7770.000000  2.594880e-11
7790.000000  2.626201e-11
7810.000000  2.604162e-11
7830.000000  2.575557e-11
7850.000000  2.554647e-11
7870.000000  2.546979e-11
7890.000000  2.528064e-11
7910.000000  2.508377e-11
7930.000000  2.477798e-11
7950.000000  2.468173e-11
7970.000000  2.476287e-11
7990.000000  2.449322e-11
8010.000000  2.436824e-11
8030.000000  2.418267e-11
8050.000000  2.405243e-11
8070.000000  2.393733e-11
8090.000000  2.372382e-11
8110.000000  2.368397e-11
8130.000000  2.356796e-11
8150.000000  2.340277e-11
8170.000000  2.325464e-11
8190.000000  2.275763e-11
8210.000000  2.272294e-11
8230.000000  2.257245e-11
8250.000000  2.248070e-11
8270.000000  2.257213e-11
8290.000000  2.240932e-11
8310.000000  2.218279e-11
8330.000000  2.186774e-11
8350.000000  2.195168e-11
8370.000000  2.186475e-11
8390.000000  2.160928e-11
8410.000000  2.155995e-11
8430.000000  2.135873e-11
8450.000000  2.101239e-11
8470.000000  2.088127e-11
8490.000000  2.099147e-11
8510.000000  1.991511e-11
8530.000000  2.080627e-11
8550.000000  1.836701e-11
8570.000000  2.088795e-11
8590.000000  1.994415e-11
8610.000000  1.953540e-11
8630.000000  2.068573e-11
8650.000000  2.016855e-11
8670.000000  1.712353e-11
8690.000000  1.991527e-11
8710.000000  2.048077e-11
8730.000000  1.999285e-11
8750.000000  1.716328e-11
8770.000000  1.944247e-11
8790.000000  2.014532e-11
8810.000000  2.006224e-11
8830.000000  1.967083e-11
8850.000000  1.850695e-11
8870.000000  1.641138e-11
8890.000000  1.916457e-11
8910.000000  1.954764e-11
8930.000000  1.947048e-11
8950.000000  1.953598e-11
8970.000000  1.927897e-11
8990.000000  1.875364e-11
9010.000000  1.592299e-11
9030.000000  1.722414e-11
9050.000000  1.864765e-11
9070.000000  1.847189e-11
9090.000000  1.819402e-11
9110.000000  1.852271e-11
9130.000000  1.862861e-11
9150.000000  1.855403e-11
9170.000000  1.834410e-11
9190.000000  1.803968e-11
9210.000000  1.711914e-11
9230.000000  1.432679e-11
9250.000000  1.659684e-11
9270.000000  1.730300e-11
9290.000000  1.772351e-11
9310.000000  1.772130e-11
9330.000000  1.762197e-11
9350.000000  1.755534e-11
9370.000000  1.748844e-11
9390.000000  1.732450e-11
9410.000000  1.670606e-11
9430.000000  1.700691e-11
9450.000000  1.691953e-11
9470.000000  1.690687e-11
9490.000000  1.675487e-11
9510.000000  1.640721e-11
9530.000000  1.553181e-11
9550.000000  1.315325e-11
9570.000000  1.552836e-11
9590.000000  1.609283e-11
9610.000000  1.605263e-11
9630.000000  1.590901e-11
9650.000000  1.599982e-11
9670.000000  1.578892e-11
9690.000000  1.576834e-11
9710.000000  1.587207e-11
9730.000000  1.577667e-11
9750.000000  1.556946e-11
9770.000000  1.559881e-11
9790.000000  1.550311e-11
9810.000000  1.543370e-11
9830.000000  1.532941e-11
9850.000000  1.518568e-11
9870.000000  1.509102e-11
9890.000000  1.494376e-11
9910.000000  1.487085e-11
9930.000000  1.485662e-11
9950.000000  1.476221e-11
9970.000000  1.467482e-11
9990.000000  1.453317e-11
10025.000000  1.359727e-11
10075.000000  1.300106e-11
10125.000000  1.393620e-11
10175.000000  1.385187e-11
10225.000000  1.374276e-11
10275.000000  1.358809e-11
10325.000000  1.334082e-11
10375.000000  1.318906e-11
10425.000000  1.302134e-11
10475.000000  1.270255e-11
10525.000000  1.262243e-11
10575.000000  1.245988e-11
10625.000000  1.229345e-11
10675.000000  1.191781e-11
10725.000000  1.189647e-11
10775.000000  1.175809e-11
10825.000000  1.154619e-11
10875.000000  1.132019e-11
10925.000000  9.995060e-12
10975.000000  1.064896e-11
11025.000000  1.102002e-11
11075.000000  1.096582e-11
11125.000000  1.080742e-11
11175.000000  1.067036e-11
11225.000000  1.056711e-11
11275.000000  1.027254e-11
11325.000000  1.016010e-11
11375.000000  1.011353e-11
11425.000000  9.920179e-12
11475.000000  9.920716e-12
11525.000000  9.804065e-12
11575.000000  9.661467e-12
11625.000000  9.430180e-12
11675.000000  9.273117e-12
11725.000000  9.327596e-12
11775.000000  9.035670e-12
11825.000000  9.000855e-12
11875.000000  8.837452e-12
11925.000000  8.893920e-12
11975.000000  8.659248e-12
12025.000000  8.624790e-12
12075.000000  8.496113e-12
12125.000000  8.408607e-12
12175.000000  8.351463e-12
12225.000000  8.240880e-12
12275.000000  8.123873e-12
12325.000000  8.036958e-12
12375.000000  7.948910e-12
12425.000000  7.869600e-12
12475.000000  7.769403e-12
12525.000000  7.659718e-12
12575.000000  7.535757e-12
12625.000000  7.468471e-12
12675.000000  7.389508e-12
12725.000000  7.284143e-12
12775.000000  7.016195e-12
12825.000000  6.108434e-12
12875.000000  6.895898e-12
12925.000000  6.943865e-12
12975.000000  6.899384e-12
13025.000000  6.830409e-12
13075.000000  6.768480e-12
13125.000000  6.667214e-12
13175.000000  6.574923e-12
13225.000000  6.537960e-12
13275.000000  6.451603e-12
13325.000000  6.387972e-12
13375.000000  6.313086e-12
13425.000000  6.247142e-12
13475.000000  6.176473e-12
13525.000000  6.093261e-12
13575.000000  6.011244e-12
13625.000000  5.969191e-12
13675.000000  5.892291e-12
13725.000000  5.779321e-12
13775.000000  5.750088e-12
13825.000000  5.692699e-12
13875.000000  5.653697e-12
13925.000000  5.566197e-12
13975.000000  5.514317e-12
14025.000000  5.452026e-12
14075.000000  5.406008e-12
14125.000000  5.327933e-12
14175.000000  5.285304e-12
14225.000000  5.206816e-12
14275.000000  5.139696e-12
14325.000000  5.111044e-12
14375.000000  5.067351e-12
14425.000000  4.898108e-12
14475.000000  4.948364e-12
14525.000000  4.837871e-12
14570.000000  4.838872e-12
14620.000000  4.775532e-12
14675.000000  4.737518e-12
14725.000000  4.666373e-12
14775.000000  4.604374e-12
14825.000000  4.571968e-12
14875.000000  4.494033e-12
14925.000000  4.506941e-12
14975.000000  4.441392e-12
15025.000000  4.372360e-12
15075.000000  4.320307e-12
15125.000000  4.311005e-12
15175.000000  4.269794e-12
15225.000000  4.212739e-12
15275.000000  4.170925e-12
15325.000000  4.121487e-12
15375.000000  4.085890e-12
15425.000000  4.001770e-12
15475.000000  3.992649e-12
15525.000000  3.955342e-12
15575.000000  3.858851e-12
15625.000000  3.907620e-12
15675.000000  3.798931e-12
15725.000000  3.709066e-12
15775.000000  3.752255e-12
15825.000000  3.733490e-12
15875.000000  3.466322e-12
15925.000000  3.623110e-12
15975.000000  3.650606e-12
16050.000000  3.542922e-12
16150.000000  3.353244e-12
16250.000000  3.482784e-12
16350.000000  3.312485e-12
16450.000000  3.108293e-12
16550.000000  3.276563e-12
16650.000000  3.214324e-12
16750.000000  3.030335e-12
16850.000000  2.832331e-12
16950.000000  3.014625e-12
17050.000000  2.947977e-12
17150.000000  2.895921e-12
17250.000000  2.794635e-12
17350.000000  2.481838e-12
17450.000000  2.643985e-12
17550.000000  2.647788e-12
17650.000000  2.597278e-12
17750.000000  2.553150e-12
17850.000000  2.500055e-12
17950.000000  2.456818e-12
18050.000000  2.380112e-12
18150.000000  2.133023e-12
18250.000000  2.234358e-12
18350.000000  2.254115e-12
18450.000000  2.212444e-12
18550.000000  2.164543e-12
18650.000000  2.104702e-12
18750.000000  1.870402e-12
18850.000000  2.012936e-12
18950.000000  1.984035e-12
19050.000000  1.974825e-12
19150.000000  1.935041e-12
19250.000000  1.893874e-12
19350.000000  1.834665e-12
19450.000000  1.639570e-12
19550.000000  1.768621e-12
19650.000000  1.755962e-12
19750.000000  1.722181e-12
19850.000000  1.696417e-12
19950.000000  1.665096e-12
20050.000000  1.636701e-12
20150.000000  1.608644e-12
20250.000000  1.576004e-12
20350.000000  1.543843e-12
20450.000000  1.522899e-12
20550.000000  1.494529e-12
20650.000000  1.463864e-12
20750.000000  1.439758e-12
20850.000000  1.415088e-12
20950.000000  1.387863e-12
21050.000000  1.365069e-12
21150.000000  1.338125e-12
21250.000000  1.314813e-12
21350.000000  1.292613e-12
21450.000000  1.271337e-12
21550.000000  1.238201e-12
21650.000000  1.112228e-12
21750.000000  1.185984e-12
21850.000000  1.183247e-12
21950.000000  1.169918e-12
22050.000000  1.145935e-12
22150.000000  1.127422e-12
22250.000000  1.112073e-12
22350.000000  1.093496e-12
22450.000000  1.075458e-12
22550.000000  1.052747e-12
22650.000000  1.038698e-12
22750.000000  1.022646e-12
22850.000000  1.005167e-12
22950.000000  9.885984e-13
23050.000000  9.749853e-13
23150.000000  9.584938e-13
23250.000000  9.443002e-13
23350.000000  9.285286e-13
23450.000000  9.146492e-13
23550.000000  9.001744e-13
23650.000000  8.864706e-13
23750.000000  8.708535e-13
23850.000000  8.575361e-13
23950.000000  8.449911e-13
24050.000000  8.313037e-13
24150.000000  8.180115e-13
24250.000000  8.063503e-13
24350.000000  7.926607e-13
24450.000000  7.812326e-13
24550.000000  7.681338e-13
24650.000000  7.573488e-13
24750.000000  7.452102e-13
24850.000000  7.335742e-13
24950.000000  7.194880e-13
