2505.000000  4.304188e-11
2513.000000  3.794580e-11
2518.000000  3.873329e-11
2525.000000  3.589533e-11
2535.000000  3.517738e-11
2545.000000  3.481880e-11
2555.000000  3.754115e-11
2565.000000  3.748052e-11
2575.000000  4.052359e-11
2585.000000  4.065811e-11
2595.000000  3.973177e-11
2605.000000  3.795602e-11
2615.000000  3.730715e-11
2625.000000  4.026336e-11
2635.000000  4.036996e-11
2645.000000  4.529803e-11
2655.000000  4.473288e-11
2665.000000  4.048564e-11
2675.000000  4.248291e-11
2685.000000  4.223366e-11
2695.000000  4.021137e-11
2705.000000  4.125706e-11
2715.000000  3.897314e-11
2725.000000  3.939697e-11
2735.000000  4.251113e-11
2745.000000  3.569194e-11
2755.000000  3.639125e-11
2765.000000  3.762145e-11
2775.000000  4.058602e-11
2785.000000  3.925533e-11
2795.000000  2.834273e-11
2805.000000  3.248023e-11
2815.000000  4.151217e-11
2825.000000  4.225215e-11
2835.000000  4.050933e-11
2845.000000  3.891313e-11
2855.000000  3.748800e-11
2865.000000  4.031436e-11
2875.000000  3.911739e-11
2885.000000  3.992758e-11
2895.000000  3.823778e-11
2910.000000  4.237304e-11
2930.000000  4.056001e-11
2950.000000  4.036797e-11
2970.000000  4.097453e-11
2990.000000  4.110624e-11
3010.000000  4.159678e-11
3030.000000  4.107144e-11
3050.000000  4.068386e-11
3070.000000  4.030441e-11
3090.000000  4.069991e-11
3110.000000  3.968604e-11
3130.000000  3.949279e-11
3150.000000  3.999895e-11
3170.000000  3.969293e-11
3190.000000  3.809447e-11
3210.000000  3.879022e-11
3230.000000  3.785737e-11
3250.000000  3.831549e-11
3270.000000  3.841435e-11
3290.000000  3.862798e-11
3310.000000  3.868958e-11
3330.000000  3.784722e-11
3350.000000  3.723259e-11
3370.000000  3.713857e-11
3390.000000  3.685137e-11
3410.000000  3.729820e-11
3430.000000  3.715796e-11
3450.000000  3.682485e-11
3470.000000  3.635406e-11
3490.000000  3.616217e-11
3510.000000  3.645565e-11
3530.000000  3.637992e-11
3550.000000  3.635745e-11
3570.000000  3.559199e-11
3590.000000  3.536697e-11
3610.000000  3.521416e-11
3630.000000  3.511528e-11
3640.000000  3.487363e-11
3650.000000  3.539666e-11
3670.000000  3.525691e-11
3690.000000  3.410673e-11
3710.000000  3.405906e-11
3730.000000  3.381538e-11
3750.000000  4.109218e-11
3770.000000  4.365632e-11
3790.000000  5.436524e-11
3810.000000  6.450342e-11
3830.000000  5.059001e-11
3850.000000  7.205560e-11
3870.000000  8.336430e-11
3890.000000  4.398829e-11
3910.000000  8.335446e-11
3930.000000  8.678137e-11
3950.000000  8.338835e-11
3970.000000  4.197389e-11
3990.000000  7.935331e-11
4010.000000  9.216069e-11
4030.000000  9.253032e-11
4050.000000  9.117258e-11
4070.000000  8.543861e-11
4090.000000  6.234675e-11
4110.000000  4.668617e-11
4130.000000  7.953105e-11
4150.000000  8.539786e-11
4170.000000  8.520692e-11
4190.000000  8.436758e-11
4210.000000  8.358873e-11
4230.000000  8.167302e-11
4250.000000  8.079964e-11
4270.000000  7.845176e-11
4290.000000  7.764542e-11
4310.000000  7.117879e-11
4330.000000  5.061882e-11
4350.000000  4.278866e-11
4370.000000  6.886176e-11
4390.000000  7.191946e-11
4410.000000  7.197799e-11
4430.000000  7.143343e-11
4450.000000  7.164004e-11
4470.000000  7.074094e-11
4490.000000  6.908773e-11
4510.000000  6.929326e-11
4530.000000  6.799654e-11
4550.000000  6.646547e-11
4570.000000  6.682986e-11
4590.000000  6.542225e-11
4610.000000  6.565835e-11
4630.000000  6.391578e-11
4650.000000  6.395715e-11
4670.000000  6.308746e-11
4690.000000  6.137171e-11
4710.000000  5.931373e-11
4730.000000  6.061995e-11
4750.000000  5.990481e-11
4770.000000  5.897055e-11
4790.000000  5.795657e-11
4810.000000  5.624559e-11
4830.000000  5.255085e-11
4850.000000  3.895723e-11
4870.000000  3.135209e-11
4890.000000  4.890484e-11
4910.000000  5.256767e-11
4930.000000  5.245202e-11
4950.000000  5.267397e-11
4970.000000  5.250118e-11
4990.000000  5.165114e-11
5010.000000  5.040047e-11
5030.000000  5.043326e-11
5050.000000  4.952958e-11
5070.000000  4.954166e-11
5090.000000  4.896955e-11
5110.000000  4.841734e-11
5130.000000  4.778731e-11
5150.000000  4.705442e-11
5170.000000  4.590808e-11
5190.000000  4.552110e-11
5210.000000  4.547513e-11
5230.000000  4.457148e-11
5250.000000  4.466967e-11
5270.000000  4.336047e-11
5290.000000  4.363809e-11
5310.000000  4.280147e-11
5330.000000  4.218900e-11
5350.000000  4.225537e-11
5370.000000  4.163525e-11
5390.000000  4.122083e-11
5410.000000  4.054648e-11
5430.000000  4.027846e-11
5450.000000  3.998150e-11
5470.000000  3.952745e-11
5490.000000  3.914868e-11
5510.000000  3.873316e-11
5530.000000  3.821528e-11
5550.000000  3.793533e-11
5570.000000  3.748295e-11
5590.000000  3.707752e-11
5610.000000  3.674955e-11
5630.000000  3.639742e-11
5650.000000  3.596858e-11
5670.000000  3.556284e-11
5690.000000  3.523780e-11
5710.000000  3.487713e-11
5730.000000  3.456356e-11
5750.000000  3.415158e-11
5770.000000  3.381495e-11
5790.000000  3.344511e-11
5810.000000  3.311666e-11
5830.000000  3.278694e-11
5850.000000  3.244749e-11
5870.000000  3.208448e-11
5890.000000  3.150992e-11
5910.000000  3.145172e-11
5930.000000  3.114477e-11
5950.000000  3.077727e-11
5970.000000  3.050022e-11
5990.000000  3.013505e-11
6010.000000  2.982979e-11
6030.000000  2.958497e-11
6050.000000  2.927617e-11
6070.000000  2.901371e-11
6090.000000  2.871573e-11
6110.000000  2.842009e-11
6130.000000  2.810322e-11
6150.000000  2.755849e-11
6170.000000  2.752586e-11
6190.000000  2.733621e-11
6210.000000  2.706597e-11
6230.000000  2.677714e-11
6250.000000  2.635645e-11
6270.000000  2.628933e-11
6290.000000  2.603846e-11
6310.000000  2.573335e-11
6330.000000  2.551346e-11
6350.000000  2.505951e-11
6370.000000  2.489072e-11
6390.000000  2.477519e-11
6410.000000  2.446934e-11
6430.000000  2.425644e-11
6450.000000  2.383422e-11
6470.000000  2.371796e-11
6490.000000  2.332801e-11
6510.000000  2.289231e-11
6530.000000  2.190332e-11
6550.000000  1.852864e-11
6570.000000  1.493851e-11
6590.000000  2.042725e-11
6610.000000  2.164847e-11
6630.000000  2.183687e-11
6650.000000  2.177382e-11
6670.000000  2.162591e-11
6690.000000  2.147540e-11
6710.000000  2.130690e-11
6730.000000  2.111081e-11
6750.000000  2.092342e-11
6770.000000  2.077028e-11
6790.000000  2.057500e-11
6810.000000  2.039227e-11
6830.000000  2.019124e-11
6850.000000  2.001933e-11
6870.000000  1.984420e-11
6890.000000  1.967092e-11
6910.000000  1.949219e-11
6930.000000  1.930976e-11
6950.000000  1.914329e-11
6970.000000  1.897137e-11
6990.000000  1.881172e-11
7010.000000  1.859395e-11
7030.000000  1.846557e-11
7050.000000  1.830406e-11
7070.000000  1.815570e-11
7090.000000  1.799975e-11
7110.000000  1.767480e-11
7130.000000  1.765192e-11
7150.000000  1.750124e-11
7170.000000  1.736573e-11
7190.000000  1.721026e-11
7210.000000  1.707057e-11
7230.000000  1.691879e-11
7250.000000  1.675263e-11
7270.000000  1.664175e-11
7290.000000  1.647880e-11
7310.000000  1.634425e-11
7330.000000  1.620905e-11
7350.000000  1.608083e-11
7370.000000  1.595166e-11
7390.000000  1.580485e-11
7410.000000  1.565523e-11
7430.000000  1.548612e-11
7450.000000  1.537866e-11
7470.000000  1.520177e-11
7490.000000  1.511027e-11
7510.000000  1.500699e-11
7530.000000  1.489826e-11
7550.000000  1.478416e-11
7570.000000  1.466180e-11
7590.000000  1.454022e-11
7610.000000  1.442485e-11
7630.000000  1.429927e-11
7650.000000  1.417661e-11
7670.000000  1.404774e-11
7690.000000  1.393997e-11
7710.000000  1.382460e-11
7730.000000  1.372347e-11
7750.000000  1.361074e-11
7770.000000  1.324012e-11
7790.000000  1.339872e-11
7810.000000  1.328599e-11
7830.000000  1.316363e-11
7850.000000  1.304174e-11
7870.000000  1.290623e-11
7890.000000  1.277753e-11
7910.000000  1.272613e-11
7930.000000  1.263785e-11
7950.000000  1.249288e-11
7970.000000  1.246039e-11
7990.000000  1.224309e-11
8010.000000  1.225907e-11
8030.000000  1.215715e-11
8050.000000  1.206934e-11
8070.000000  1.196791e-11
8090.000000  1.187329e-11
8110.000000  1.178548e-11
8130.000000  1.169767e-11
8150.000000  1.160957e-11
8170.000000  1.152128e-11
8190.000000  1.135587e-11
8210.000000  1.129796e-11
8230.000000  1.120333e-11
8250.000000  1.114201e-11
8270.000000  1.113647e-11
8290.000000  1.104818e-11
8310.000000  1.097322e-11
8330.000000  1.083723e-11
8350.000000  1.081542e-11
8370.000000  1.074094e-11
8390.000000  1.064690e-11
8410.000000  1.055694e-11
8430.000000  1.046201e-11
8450.000000  1.025817e-11
8470.000000  1.020271e-11
8490.000000  1.023543e-11
8510.000000  9.845405e-12
8530.000000  1.013961e-11
8550.000000  9.326677e-12
8570.000000  1.013764e-11
8590.000000  9.497791e-12
8610.000000  9.300310e-12
8630.000000  1.012439e-11
8650.000000  9.663789e-12
8670.000000  8.203052e-12
8690.000000  9.781351e-12
8710.000000  1.018699e-11
8730.000000  9.685528e-12
8750.000000  7.726303e-12
8770.000000  9.168871e-12
8790.000000  1.010710e-11
8810.000000  1.021146e-11
8830.000000  9.841325e-12
8850.000000  8.587530e-12
8870.000000  7.338879e-12
8890.000000  9.261237e-12
8910.000000  9.852593e-12
8930.000000  9.981829e-12
8950.000000  9.993610e-12
8970.000000  9.725747e-12
8990.000000  9.047961e-12
9010.000000  7.128293e-12
9030.000000  7.763765e-12
9050.000000  9.084639e-12
9070.000000  9.324902e-12
9090.000000  9.340041e-12
9110.000000  9.488866e-12
9130.000000  9.473381e-12
9150.000000  9.397669e-12
9170.000000  9.211859e-12
9190.000000  8.844233e-12
9210.000000  7.987897e-12
9230.000000  6.235371e-12
9250.000000  7.647943e-12
9270.000000  8.374212e-12
9290.000000  8.807180e-12
9310.000000  8.870806e-12
9330.000000  8.851110e-12
9350.000000  8.819363e-12
9370.000000  8.769029e-12
9390.000000  8.660467e-12
9410.000000  8.472598e-12
9430.000000  8.536267e-12
9450.000000  8.467363e-12
9470.000000  8.359905e-12
9490.000000  8.188031e-12
9510.000000  7.837155e-12
9530.000000  6.980563e-12
9550.000000  5.631211e-12
9570.000000  7.051489e-12
9590.000000  7.682746e-12
9610.000000  7.836780e-12
9630.000000  7.798959e-12
9650.000000  7.886767e-12
9670.000000  7.799717e-12
9690.000000  7.792902e-12
9710.000000  7.784416e-12
9730.000000  7.730203e-12
9750.000000  7.668869e-12
9770.000000  7.628768e-12
9790.000000  7.574729e-12
9810.000000  7.518183e-12
9830.000000  7.456544e-12
9850.000000  7.391037e-12
9870.000000  7.337000e-12
9890.000000  7.247929e-12
9910.000000  7.225937e-12
9930.000000  7.160910e-12
9950.000000  7.098038e-12
9970.000000  7.018098e-12
9990.000000  6.885564e-12
10025.000000  6.084801e-12
10075.000000  5.763549e-12
10125.000000  6.571220e-12
10175.000000  6.594451e-12
10225.000000  6.517023e-12
10275.000000  6.419109e-12
10325.000000  6.307867e-12
10375.000000  6.205252e-12
10425.000000  6.103134e-12
10475.000000  5.970699e-12
10525.000000  5.884658e-12
10575.000000  5.796465e-12
10625.000000  5.706721e-12
10675.000000  5.538370e-12
10725.000000  5.489722e-12
10775.000000  5.407072e-12
10825.000000  5.295975e-12
10875.000000  5.099859e-12
10925.000000  4.212112e-12
10975.000000  4.610721e-12
11025.000000  4.937704e-12
11075.000000  4.922440e-12
11125.000000  4.858944e-12
11175.000000  4.792655e-12
11225.000000  4.722132e-12
11275.000000  4.592947e-12
11325.000000  4.528212e-12
11375.000000  4.496811e-12
11425.000000  4.422086e-12
11475.000000  4.371854e-12
11525.000000  4.307614e-12
11575.000000  4.241330e-12
11625.000000  4.152927e-12
11675.000000  4.072781e-12
11725.000000  4.054918e-12
11775.000000  3.944244e-12
11825.000000  3.913413e-12
11875.000000  3.845640e-12
11925.000000  3.821937e-12
11975.000000  3.747271e-12
12025.000000  3.704515e-12
12075.000000  3.644967e-12
12125.000000  3.594775e-12
12175.000000  3.548982e-12
12225.000000  3.495879e-12
12275.000000  3.441101e-12
12325.000000  3.394083e-12
12375.000000  3.348709e-12
12425.000000  3.305827e-12
12475.000000  3.249763e-12
12525.000000  3.209853e-12
12575.000000  3.149003e-12
12625.000000  3.107041e-12
12675.000000  3.063324e-12
12725.000000  2.995728e-12
12775.000000  2.826889e-12
12825.000000  2.405689e-12
12875.000000  2.783865e-12
12925.000000  2.840008e-12
12975.000000  2.821512e-12
13025.000000  2.791469e-12
13075.000000  2.758882e-12
13125.000000  2.721480e-12
13175.000000  2.677653e-12
13225.000000  2.649638e-12
13275.000000  2.613989e-12
13325.000000  2.579762e-12
13375.000000  2.545398e-12
13425.000000  2.511111e-12
13475.000000  2.477799e-12
13525.000000  2.441372e-12
13575.000000  2.410785e-12
13625.000000  2.381036e-12
13675.000000  2.348453e-12
13725.000000  2.310275e-12
13775.000000  2.288488e-12
13825.000000  2.259742e-12
13875.000000  2.232689e-12
13925.000000  2.200506e-12
13975.000000  2.174768e-12
14025.000000  2.147637e-12
14075.000000  2.121217e-12
14125.000000  2.093307e-12
14175.000000  2.067539e-12
14225.000000  2.041304e-12
14275.000000  2.015517e-12
14325.000000  1.990460e-12
14375.000000  1.966318e-12
14425.000000  1.922795e-12
14475.000000  1.917362e-12
14525.000000  1.884731e-12
14570.000000  1.872807e-12
14620.000000  1.848090e-12
14675.000000  1.827540e-12
14725.000000  1.804712e-12
14775.000000  1.778429e-12
14825.000000  1.760838e-12
14875.000000  1.735206e-12
14925.000000  1.723282e-12
14975.000000  1.700502e-12
15025.000000  1.677597e-12
15075.000000  1.658964e-12
15125.000000  1.642503e-12
15175.000000  1.622789e-12
15225.000000  1.604050e-12
15275.000000  1.583606e-12
15325.000000  1.563658e-12
15375.000000  1.547443e-12
15425.000000  1.520015e-12
15475.000000  1.509672e-12
15525.000000  1.490933e-12
15575.000000  1.457756e-12
15625.000000  1.468170e-12
15675.000000  1.427109e-12
15725.000000  1.395716e-12
15775.000000  1.420365e-12
15825.000000  1.401812e-12
15875.000000  1.308086e-12
15925.000000  1.352034e-12
15975.000000  1.370313e-12
16050.000000  1.322426e-12
16150.000000  1.250515e-12
16250.000000  1.302930e-12
16350.000000  1.229630e-12
16450.000000  1.154997e-12
16550.000000  1.225898e-12
16650.000000  1.202310e-12
16750.000000  1.120419e-12
16850.000000  1.049020e-12
16950.000000  1.124178e-12
17050.000000  1.106166e-12
17150.000000  1.083075e-12
17250.000000  1.044608e-12
17350.000000  9.167181e-13
17450.000000  9.833420e-13
17550.000000  9.904784e-13
17650.000000  9.729759e-13
17750.000000  9.551210e-13
17850.000000  9.345713e-13
17950.000000  9.149180e-13
18050.000000  8.851227e-13
18150.000000  7.847057e-13
18250.000000  8.233323e-13
18350.000000  8.389101e-13
18450.000000  8.254657e-13
18550.000000  8.066964e-13
18650.000000  7.810509e-13
18750.000000  6.894471e-13
18850.000000  7.459575e-13
18950.000000  7.444235e-13
19050.000000  7.340469e-13
19150.000000  7.193670e-13
19250.000000  7.034603e-13
19350.000000  6.779511e-13
19450.000000  6.001246e-13
19550.000000  6.522474e-13
19650.000000  6.517301e-13
19750.000000  6.412325e-13
19850.000000  6.301606e-13
19950.000000  6.184019e-13
20050.000000  6.070143e-13
20150.000000  5.958281e-13
20250.000000  5.847364e-13
20350.000000  5.739172e-13
20450.000000  5.636899e-13
20550.000000  5.534529e-13
20650.000000  5.431293e-13
20750.000000  5.334841e-13
20850.000000  5.240279e-13
20950.000000  5.146457e-13
21050.000000  5.053909e-13
21150.000000  4.957690e-13
21250.000000  4.870634e-13
21350.000000  4.782053e-13
21450.000000  4.688780e-13
21550.000000  4.542112e-13
21650.000000  4.050417e-13
21750.000000  4.341838e-13
21850.000000  4.368247e-13
21950.000000  4.314166e-13
22050.000000  4.242366e-13
22150.000000  4.168245e-13
22250.000000  4.103588e-13
22350.000000  4.034549e-13
22450.000000  3.967506e-13
22550.000000  3.898634e-13
22650.000000  3.836224e-13
22750.000000  3.773269e-13
22850.000000  3.712390e-13
22950.000000  3.651032e-13
23050.000000  3.594025e-13
23150.000000  3.535841e-13
23250.000000  3.479468e-13
23350.000000  3.423979e-13
23450.000000  3.369884e-13
23550.000000  3.316469e-13
23650.000000  3.264185e-13
23750.000000  3.212785e-13
23850.000000  3.162466e-13
23950.000000  3.112878e-13
24050.000000  3.063522e-13
24150.000000  3.015977e-13
24250.000000  2.969778e-13
24350.000000  2.923118e-13
24450.000000  2.877120e-13
24550.000000  2.833695e-13
24650.000000  2.787716e-13
24750.000000  2.745527e-13
24850.000000  2.706533e-13
24950.000000  2.650976e-13
