2505.000000  3.992890e-16
2513.000000  2.480184e-16
2518.000000  2.803218e-16
2525.000000  3.740206e-16
2535.000000  1.133111e-15
2545.000000  1.434631e-15
2555.000000  1.532885e-15
2565.000000  6.734337e-16
2575.000000  1.436888e-15
2585.000000  7.896899e-16
2595.000000  1.159122e-15
2605.000000  1.738491e-15
2615.000000  1.462102e-15
2625.000000  2.860517e-15
2635.000000  5.046014e-15
2645.000000  3.499687e-15
2655.000000  5.769849e-15
2665.000000  4.189584e-15
2675.000000  4.105263e-15
2685.000000  5.647997e-15
2695.000000  3.279621e-15
2705.000000  7.312511e-15
2715.000000  6.401801e-15
2725.000000  4.935290e-15
2735.000000  5.368913e-15
2745.000000  8.094275e-15
2755.000000  7.658236e-15
2765.000000  1.278760e-14
2775.000000  1.795708e-14
2785.000000  1.052444e-14
2795.000000  1.155262e-14
2805.000000  1.169024e-14
2815.000000  1.784221e-14
2825.000000  1.717198e-14
2835.000000  1.367852e-14
2845.000000  8.150338e-15
2855.000000  3.066169e-15
2865.000000  1.450332e-14
2875.000000  1.878494e-14
2885.000000  3.556049e-14
2895.000000  4.351005e-14
2910.000000  5.359931e-14
2930.000000  5.649208e-14
2950.000000  5.637371e-14
2970.000000  5.734509e-14
2990.000000  6.707971e-14
3010.000000  7.067710e-14
3030.000000  9.165401e-14
3050.000000  1.118013e-13
3070.000000  1.561887e-13
3090.000000  1.961410e-13
3110.000000  3.076760e-13
3130.000000  2.924291e-13
3150.000000  5.097588e-13
3170.000000  7.366089e-13
3190.000000  5.411628e-13
3210.000000  7.046272e-13
3230.000000  5.601228e-13
3250.000000  9.368841e-13
3270.000000  1.420206e-12
3290.000000  1.834710e-12
3310.000000  1.465332e-12
3330.000000  1.624254e-12
3350.000000  1.544204e-12
3370.000000  1.046439e-12
3390.000000  1.225929e-12
3410.000000  1.605450e-12
3430.000000  1.968252e-12
3450.000000  1.768395e-12
3470.000000  1.971868e-12
3490.000000  2.573146e-12
3510.000000  3.232492e-12
3530.000000  2.624641e-12
3550.000000  3.854871e-12
3570.000000  1.635767e-12
3590.000000  1.521576e-12
3610.000000  2.698496e-12
3630.000000  4.426118e-12
3640.000000  4.996910e-12
3650.000000  5.363316e-12
3670.000000  7.131023e-12
3690.000000  6.028224e-12
3710.000000  5.308991e-12
3730.000000  1.961370e-12
3750.000000  2.498012e-12
3770.000000  5.169488e-12
3790.000000  5.892726e-12
3810.000000  4.746114e-12
3830.000000  1.892698e-12
3850.000000  3.043620e-12
3870.000000  3.156018e-12
3890.000000  4.928306e-12
3910.000000  5.890959e-12
3930.000000  1.672067e-12
3950.000000  3.663211e-12
3970.000000  2.182273e-12
3990.000000  9.922980e-12
4010.000000  1.516475e-11
4030.000000  1.369360e-11
4050.000000  1.343638e-11
4070.000000  1.251155e-11
4090.000000  1.768398e-11
4110.000000  1.425352e-11
4130.000000  1.343436e-11
4150.000000  1.247455e-11
4170.000000  1.231911e-11
4190.000000  1.398859e-11
4210.000000  1.425105e-11
4230.000000  1.158648e-11
4250.000000  1.835163e-11
4270.000000  1.742167e-11
4290.000000  1.674020e-11
4310.000000  1.689937e-11
4330.000000  2.554880e-11
4350.000000  2.708549e-11
4370.000000  2.879390e-11
4390.000000  2.472445e-11
4410.000000  2.605425e-11
4430.000000  2.844355e-11
4450.000000  2.988203e-11
4470.000000  3.270486e-11
4490.000000  3.508443e-11
4510.000000  4.289060e-11
4530.000000  3.467722e-11
4550.000000  3.728072e-11
4570.000000  4.241047e-11
4590.000000  4.184355e-11
4610.000000  4.395951e-11
4630.000000  4.295197e-11
4650.000000  4.361841e-11
4670.000000  4.708191e-11
4690.000000  4.659756e-11
4710.000000  4.527269e-11
4730.000000  4.677450e-11
4750.000000  4.941016e-11
4770.000000  4.757804e-11
4790.000000  4.787557e-11
4810.000000  4.999619e-11
4830.000000  5.298631e-11
4850.000000  5.167278e-11
4870.000000  4.962941e-11
4890.000000  5.454898e-11
4910.000000  5.501687e-11
4930.000000  5.331022e-11
4950.000000  5.651119e-11
4970.000000  5.227099e-11
4990.000000  4.829451e-11
5010.000000  4.391871e-11
5030.000000  4.818634e-11
5050.000000  4.751784e-11
5070.000000  4.933098e-11
5090.000000  4.445767e-11
5110.000000  4.725612e-11
5130.000000  4.417230e-11
5150.000000  4.334384e-11
5170.000000  3.882543e-11
5190.000000  4.190584e-11
5210.000000  4.515016e-11
5230.000000  5.778134e-11
5250.000000  5.986286e-11
5270.000000  5.360999e-11
5290.000000  6.399029e-11
5310.000000  7.126919e-11
5330.000000  6.053434e-11
5350.000000  6.818976e-11
5370.000000  6.941157e-11
5390.000000  6.482113e-11
5410.000000  6.599643e-11
5430.000000  6.632893e-11
5450.000000  6.979569e-11
5470.000000  6.654064e-11
5490.000000  6.648242e-11
5510.000000  6.529311e-11
5530.000000  7.112366e-11
5550.000000  7.366694e-11
5570.000000  7.248632e-11
5590.000000  6.975036e-11
5610.000000  7.298651e-11
5630.000000  7.124455e-11
5650.000000  7.351028e-11
5670.000000  7.142606e-11
5690.000000  7.617213e-11
5710.000000  7.083038e-11
5730.000000  8.045799e-11
5750.000000  7.728473e-11
5770.000000  7.945287e-11
5790.000000  7.325296e-11
5810.000000  8.049048e-11
5830.000000  8.496944e-11
5850.000000  8.050881e-11
5870.000000  8.032700e-11
5890.000000  5.978323e-11
5910.000000  7.733175e-11
5930.000000  7.896851e-11
5950.000000  7.898702e-11
5970.000000  8.283621e-11
5990.000000  8.025478e-11
6010.000000  7.880455e-11
6030.000000  8.354938e-11
6050.000000  8.605588e-11
6070.000000  8.592646e-11
6090.000000  8.169885e-11
6110.000000  8.282618e-11
6130.000000  7.632179e-11
6150.000000  8.080710e-11
6170.000000  7.420096e-11
6190.000000  7.995578e-11
6210.000000  7.795275e-11
6230.000000  7.418840e-11
6250.000000  7.123887e-11
6270.000000  7.639150e-11
6290.000000  8.036967e-11
6310.000000  7.770732e-11
6330.000000  8.075269e-11
6350.000000  8.088630e-11
6370.000000  8.016833e-11
6390.000000  8.306053e-11
6410.000000  8.214608e-11
6430.000000  8.230437e-11
6450.000000  8.286234e-11
6470.000000  8.389657e-11
6490.000000  8.023220e-11
6510.000000  8.354916e-11
6530.000000  8.520901e-11
6550.000000  8.345279e-11
6570.000000  8.387160e-11
6590.000000  8.540650e-11
6610.000000  8.543398e-11
6630.000000  8.535943e-11
6650.000000  8.452601e-11
6670.000000  8.228454e-11
6690.000000  8.392907e-11
6710.000000  8.005685e-11
6730.000000  8.348374e-11
6750.000000  8.115937e-11
6770.000000  8.366209e-11
6790.000000  8.176292e-11
6810.000000  8.305516e-11
6830.000000  8.513859e-11
6850.000000  8.301325e-11
6870.000000  8.454245e-11
6890.000000  8.685574e-11
6910.000000  8.672119e-11
6930.000000  8.469700e-11
6950.000000  8.330448e-11
6970.000000  8.574177e-11
6990.000000  8.361281e-11
7010.000000  8.275500e-11
7030.000000  8.541259e-11
7050.000000  8.612107e-11
7070.000000  8.064880e-11
7090.000000  7.853409e-11
7110.000000  7.729423e-11
7130.000000  7.376333e-11
7150.000000  7.444925e-11
7170.000000  7.774041e-11
7190.000000  7.664827e-11
7210.000000  7.837437e-11
7230.000000  8.250022e-11
7250.000000  8.222601e-11
7270.000000  8.256610e-11
7290.000000  8.127937e-11
7310.000000  8.284774e-11
7330.000000  8.300868e-11
7350.000000  8.285855e-11
7370.000000  8.641857e-11
7390.000000  8.497030e-11
7410.000000  8.464876e-11
7430.000000  8.580739e-11
7450.000000  8.598553e-11
7470.000000  8.582699e-11
7490.000000  8.541173e-11
7510.000000  8.768663e-11
7530.000000  8.856109e-11
7550.000000  8.906645e-11
7570.000000  8.844725e-11
7590.000000  8.705012e-11
7610.000000  8.724036e-11
7630.000000  8.766292e-11
7650.000000  8.799322e-11
7670.000000  8.372821e-11
7690.000000  8.750163e-11
7710.000000  8.484345e-11
7730.000000  8.562571e-11
7750.000000  8.494930e-11
7770.000000  8.740414e-11
7790.000000  8.727061e-11
7810.000000  8.780342e-11
7830.000000  8.642962e-11
7850.000000  8.523959e-11
7870.000000  8.628630e-11
7890.000000  8.238983e-11
7910.000000  7.992894e-11
7930.000000  8.097496e-11
7950.000000  7.860925e-11
7970.000000  8.336457e-11
7990.000000  8.272608e-11
8010.000000  8.327211e-11
8030.000000  8.357788e-11
8050.000000  8.280573e-11
8070.000000  8.096357e-11
8090.000000  7.926439e-11
8110.000000  7.876475e-11
8130.000000  8.073574e-11
8150.000000  8.114426e-11
8170.000000  8.170657e-11
8190.000000  7.988515e-11
8210.000000  7.918004e-11
8230.000000  8.168007e-11
8250.000000  8.149343e-11
8270.000000  8.314048e-11
8290.000000  8.191322e-11
8310.000000  7.785325e-11
8330.000000  7.900944e-11
8350.000000  7.876631e-11
8370.000000  7.976833e-11
8390.000000  7.632258e-11
8410.000000  8.048217e-11
8430.000000  7.777958e-11
8450.000000  7.973794e-11
8470.000000  8.010349e-11
8490.000000  7.903149e-11
8510.000000  7.502672e-11
8530.000000  7.776039e-11
8550.000000  6.357893e-11
8570.000000  8.110794e-11
8590.000000  8.053498e-11
8610.000000  8.078286e-11
8630.000000  8.147789e-11
8650.000000  8.098345e-11
8670.000000  6.630563e-11
8690.000000  7.775844e-11
8710.000000  8.111970e-11
8730.000000  8.146518e-11
8750.000000  8.133893e-11
8770.000000  8.159597e-11
8790.000000  8.162055e-11
8810.000000  7.908185e-11
8830.000000  8.058142e-11
8850.000000  8.203103e-11
8870.000000  7.962460e-11
8890.000000  8.104802e-11
8910.000000  8.212944e-11
8930.000000  7.957026e-11
8950.000000  7.925617e-11
8970.000000  7.974483e-11
8990.000000  8.044306e-11
9010.000000  7.709917e-11
9030.000000  7.926314e-11
9050.000000  8.155544e-11
9070.000000  8.164851e-11
9090.000000  7.799541e-11
9110.000000  7.758466e-11
9130.000000  8.008287e-11
9150.000000  7.422027e-11
9170.000000  7.224238e-11
9190.000000  7.366554e-11
9210.000000  7.172022e-11
9230.000000  7.358368e-11
9250.000000  7.266379e-11
9270.000000  7.386001e-11
9290.000000  7.280656e-11
9310.000000  7.554746e-11
9330.000000  7.571610e-11
9350.000000  7.456567e-11
9370.000000  7.352823e-11
9390.000000  7.262268e-11
9410.000000  7.108218e-11
9430.000000  7.210243e-11
9450.000000  7.014858e-11
9470.000000  7.286154e-11
9490.000000  7.244653e-11
9510.000000  7.399862e-11
9530.000000  7.347348e-11
9550.000000  7.243274e-11
9570.000000  7.273947e-11
9590.000000  7.438089e-11
9610.000000  7.306690e-11
9630.000000  7.327599e-11
9650.000000  7.073132e-11
9670.000000  7.033727e-11
9690.000000  7.238076e-11
9710.000000  7.183470e-11
9730.000000  7.148737e-11
9750.000000  7.139284e-11
9770.000000  7.192497e-11
9790.000000  7.009277e-11
9810.000000  7.321381e-11
9830.000000  7.228484e-11
9850.000000  7.359390e-11
9870.000000  7.342995e-11
9890.000000  7.378896e-11
9910.000000  7.286101e-11
9930.000000  7.352640e-11
9950.000000  7.294730e-11
9970.000000  7.367040e-11
9990.000000  7.380124e-11
10025.000000  7.270273e-11
10075.000000  7.211435e-11
10125.000000  7.287084e-11
10175.000000  7.192687e-11
10225.000000  7.238686e-11
10275.000000  7.269494e-11
10325.000000  7.133222e-11
10375.000000  7.102137e-11
10425.000000  7.148073e-11
10475.000000  7.096435e-11
10525.000000  7.115108e-11
10575.000000  7.023731e-11
10625.000000  7.019559e-11
10675.000000  6.881687e-11
10725.000000  6.896431e-11
10775.000000  6.842967e-11
10825.000000  6.739146e-11
10875.000000  6.649361e-11
10925.000000  6.533968e-11
10975.000000  6.091622e-11
11025.000000  6.071874e-11
11075.000000  6.187961e-11
11125.000000  6.192143e-11
11175.000000  6.280334e-11
11225.000000  6.272886e-11
11275.000000  6.172029e-11
11325.000000  6.234695e-11
11375.000000  6.093869e-11
11425.000000  6.163885e-11
11475.000000  6.254530e-11
11525.000000  6.262357e-11
11575.000000  6.198034e-11
11625.000000  6.120487e-11
11675.000000  6.138928e-11
11725.000000  6.249555e-11
11775.000000  6.123054e-11
11825.000000  6.111857e-11
11875.000000  6.031643e-11
11925.000000  6.163122e-11
11975.000000  5.898575e-11
12025.000000  6.042890e-11
12075.000000  5.992576e-11
12125.000000  6.021115e-11
12175.000000  6.039589e-11
12225.000000  6.020137e-11
12275.000000  5.989959e-11
12325.000000  5.940337e-11
12375.000000  5.933166e-11
12425.000000  5.887687e-11
12475.000000  5.907474e-11
12525.000000  5.848920e-11
12575.000000  5.856551e-11
12625.000000  5.844658e-11
12675.000000  5.780487e-11
12725.000000  5.795368e-11
12775.000000  5.819931e-11
12825.000000  5.610219e-11
12875.000000  5.711453e-11
12925.000000  5.618427e-11
12975.000000  5.720983e-11
13025.000000  5.651019e-11
13075.000000  5.697617e-11
13125.000000  5.586141e-11
13175.000000  5.590522e-11
13225.000000  5.610167e-11
13275.000000  5.511109e-11
13325.000000  5.577913e-11
13375.000000  5.548360e-11
13425.000000  5.577928e-11
13475.000000  5.561074e-11
13525.000000  5.552809e-11
13575.000000  5.465810e-11
13625.000000  5.434373e-11
13675.000000  5.475575e-11
13725.000000  5.508238e-11
13775.000000  5.471085e-11
13825.000000  5.493209e-11
13875.000000  5.420780e-11
13925.000000  5.323404e-11
13975.000000  5.335633e-11
14025.000000  5.287180e-11
14075.000000  5.172011e-11
14125.000000  4.984328e-11
14175.000000  4.990197e-11
14225.000000  4.994968e-11
14275.000000  4.917187e-11
14325.000000  5.037204e-11
14375.000000  5.079062e-11
14425.000000  4.938063e-11
14475.000000  5.133531e-11
14525.000000  4.953051e-11
14570.000000  4.947234e-11
14620.000000  4.826444e-11
14675.000000  4.811906e-11
14725.000000  4.792920e-11
14775.000000  4.860594e-11
14825.000000  4.890791e-11
14875.000000  4.890517e-11
14925.000000  5.002221e-11
14975.000000  4.993982e-11
15025.000000  4.874870e-11
15075.000000  4.843715e-11
15125.000000  4.850101e-11
15175.000000  4.919372e-11
15225.000000  4.930501e-11
15275.000000  4.912879e-11
15325.000000  4.965434e-11
15375.000000  4.984343e-11
15425.000000  4.939410e-11
15475.000000  5.014623e-11
15525.000000  4.903164e-11
15575.000000  4.771097e-11
15625.000000  4.928668e-11
15675.000000  4.882892e-11
15725.000000  4.935506e-11
15775.000000  4.606023e-11
15825.000000  4.755666e-11
15875.000000  4.666498e-11
15925.000000  4.797812e-11
15975.000000  4.760354e-11
16050.000000  4.735755e-11
16150.000000  4.768352e-11
16250.000000  4.690715e-11
16350.000000  4.802377e-11
16450.000000  4.526483e-11
16550.000000  4.689511e-11
16650.000000  4.458555e-11
16750.000000  4.506661e-11
16850.000000  4.324744e-11
16950.000000  4.422872e-11
17050.000000  4.250429e-11
17150.000000  4.231732e-11
17250.000000  4.141076e-11
17350.000000  4.003799e-11
17450.000000  4.027700e-11
17550.000000  3.921521e-11
17650.000000  3.893020e-11
17750.000000  3.789167e-11
17850.000000  3.756857e-11
17950.000000  3.710258e-11
18050.000000  3.579731e-11
18150.000000  3.562187e-11
18250.000000  3.473010e-11
18350.000000  3.418274e-11
18450.000000  3.334178e-11
18550.000000  3.301435e-11
18650.000000  3.210025e-11
18750.000000  3.152587e-11
18850.000000  3.119962e-11
18950.000000  2.982811e-11
19050.000000  3.041665e-11
19150.000000  2.969102e-11
19250.000000  2.944553e-11
19350.000000  2.836624e-11
19450.000000  2.782285e-11
19550.000000  2.775192e-11
19650.000000  2.694608e-11
19750.000000  2.600051e-11
19850.000000  2.580197e-11
19950.000000  2.533885e-11
20050.000000  2.535979e-11
20150.000000  2.501752e-11
20250.000000  2.414617e-11
20350.000000  2.386293e-11
20450.000000  2.373839e-11
20550.000000  2.303999e-11
20650.000000  2.261903e-11
20750.000000  2.228482e-11
20850.000000  2.192170e-11
20950.000000  2.142616e-11
21050.000000  2.136632e-11
21150.000000  2.100704e-11
21250.000000  2.059574e-11
21350.000000  2.042353e-11
21450.000000  1.999879e-11
21550.000000  1.970798e-11
21650.000000  1.930143e-11
21750.000000  1.888181e-11
21850.000000  1.872380e-11
21950.000000  1.851761e-11
22050.000000  1.790002e-11
22150.000000  1.808199e-11
22250.000000  1.742094e-11
22350.000000  1.725394e-11
22450.000000  1.700502e-11
22550.000000  1.681989e-11
22650.000000  1.638496e-11
22750.000000  1.642198e-11
22850.000000  1.598936e-11
22950.000000  1.339081e-11
23050.000000  1.450297e-11
23150.000000  1.435294e-11
23250.000000  1.220247e-11
23350.000000  1.318306e-11
23450.000000  1.286139e-11
23550.000000  1.095106e-11
23650.000000  1.221637e-11
23750.000000  1.180956e-11
23850.000000  1.033872e-11
23950.000000  1.132322e-11
24050.000000  1.123456e-11
24150.000000  1.001440e-11
24250.000000  1.073732e-11
24350.000000  1.071824e-11
24450.000000  9.913599e-12
24550.000000  9.965836e-12
24650.000000  1.039283e-11
24750.000000  9.927684e-12
24850.000000  9.345013e-12
24950.000000  9.771851e-12
