2505.000000  6.204680e-12
2513.000000  2.915047e-12
2518.000000  2.098210e-12
2525.000000  1.900666e-12
2535.000000  2.615592e-12
2545.000000  3.552595e-12
2555.000000  7.051716e-12
2565.000000  5.058390e-12
2575.000000  6.574921e-12
2585.000000  5.234146e-12
2595.000000  4.399896e-12
2605.000000  3.276198e-12
2615.000000  2.982239e-12
2625.000000  4.520805e-12
2635.000000  9.307166e-12
2645.000000  1.440657e-11
2655.000000  1.831248e-11
2665.000000  1.161163e-11
2675.000000  1.353917e-11
2685.000000  1.504071e-11
2695.000000  1.156254e-11
2705.000000  1.429475e-11
2715.000000  9.975299e-12
2725.000000  8.824574e-12
2735.000000  1.035964e-11
2745.000000  4.467228e-12
2755.000000  6.628824e-12
2765.000000  9.181618e-12
2775.000000  1.052749e-11
2785.000000  5.372725e-12
2795.000000  1.619285e-12
2805.000000  2.126750e-12
2815.000000  8.643785e-12
2825.000000  1.492920e-11
2835.000000  1.479245e-11
2845.000000  1.217073e-11
2855.000000  6.384530e-12
2865.000000  1.536896e-11
2875.000000  1.834358e-11
2885.000000  1.663618e-11
2895.000000  1.799247e-11
2910.000000  2.380809e-11
2930.000000  2.148189e-11
2950.000000  2.088932e-11
2970.000000  2.346268e-11
2990.000000  2.324349e-11
3010.000000  2.486678e-11
3030.000000  2.515467e-11
3050.000000  2.624019e-11
3070.000000  2.539283e-11
3090.000000  2.622243e-11
3110.000000  2.674103e-11
3130.000000  2.579278e-11
3150.000000  2.517541e-11
3170.000000  2.684279e-11
3190.000000  2.412834e-11
3210.000000  2.717449e-11
3230.000000  2.263480e-11
3250.000000  2.921400e-11
3270.000000  3.316967e-11
3290.000000  3.209474e-11
3310.000000  3.201288e-11
3330.000000  3.187745e-11
3350.000000  3.119401e-11
3370.000000  2.646288e-11
3390.000000  2.985992e-11
3410.000000  3.088173e-11
3430.000000  3.199903e-11
3450.000000  3.360394e-11
3470.000000  3.353680e-11
3490.000000  3.487452e-11
3510.000000  3.641496e-11
3530.000000  3.443742e-11
3550.000000  3.915175e-11
3570.000000  3.231488e-11
3590.000000  3.236941e-11
3610.000000  3.449399e-11
3630.000000  3.502730e-11
3640.000000  3.482356e-11
3650.000000  3.886489e-11
3670.000000  3.862466e-11
3690.000000  3.789741e-11
3710.000000  4.197607e-11
3730.000000  3.873710e-11
3750.000000  4.354260e-11
3770.000000  4.795956e-11
3790.000000  5.086248e-11
3810.000000  5.351998e-11
3830.000000  4.065307e-11
3850.000000  4.939660e-11
3870.000000  4.953778e-11
3890.000000  4.777977e-11
3910.000000  5.441812e-11
3930.000000  2.890769e-11
3950.000000  4.802315e-11
3970.000000  3.211988e-11
3990.000000  6.073474e-11
4010.000000  6.479051e-11
4030.000000  6.464511e-11
4050.000000  6.345241e-11
4070.000000  6.247180e-11
4090.000000  6.688028e-11
4110.000000  6.276307e-11
4130.000000  6.661572e-11
4150.000000  6.833601e-11
4170.000000  6.720664e-11
4190.000000  6.591259e-11
4210.000000  6.597816e-11
4230.000000  6.394548e-11
4250.000000  6.498273e-11
4270.000000  6.247329e-11
4290.000000  5.745024e-11
4310.000000  4.926106e-11
4330.000000  6.392315e-11
4350.000000  6.007301e-11
4370.000000  6.792909e-11
4390.000000  6.376356e-11
4410.000000  6.654248e-11
4430.000000  6.843188e-11
4450.000000  6.812598e-11
4470.000000  7.039607e-11
4490.000000  7.079825e-11
4510.000000  7.608010e-11
4530.000000  6.991323e-11
4550.000000  7.112537e-11
4570.000000  7.518237e-11
4590.000000  7.131857e-11
4610.000000  7.338618e-11
4630.000000  7.205909e-11
4650.000000  7.288302e-11
4670.000000  7.419104e-11
4690.000000  7.274102e-11
4710.000000  7.025404e-11
4730.000000  7.324801e-11
4750.000000  7.415490e-11
4770.000000  7.375250e-11
4790.000000  7.348610e-11
4810.000000  7.274060e-11
4830.000000  7.328447e-11
4850.000000  6.835821e-11
4870.000000  6.061538e-11
4890.000000  7.030872e-11
4910.000000  7.013193e-11
4930.000000  6.898278e-11
4950.000000  7.133848e-11
4970.000000  7.168849e-11
4990.000000  6.731088e-11
5010.000000  6.483198e-11
5030.000000  6.812753e-11
5050.000000  6.807134e-11
5070.000000  7.017739e-11
5090.000000  6.794171e-11
5110.000000  6.865842e-11
5130.000000  6.687122e-11
5150.000000  6.529745e-11
5170.000000  6.331997e-11
5190.000000  6.304605e-11
5210.000000  6.505703e-11
5230.000000  6.567442e-11
5250.000000  6.679616e-11
5270.000000  6.118850e-11
5290.000000  6.620945e-11
5310.000000  6.723313e-11
5330.000000  6.288021e-11
5350.000000  6.617277e-11
5370.000000  6.606691e-11
5390.000000  6.520747e-11
5410.000000  6.356969e-11
5430.000000  6.456578e-11
5450.000000  6.600321e-11
5470.000000  6.473261e-11
5490.000000  6.427131e-11
5510.000000  6.413389e-11
5530.000000  6.441922e-11
5550.000000  6.494661e-11
5570.000000  6.355206e-11
5590.000000  6.254788e-11
5610.000000  6.366403e-11
5630.000000  6.375816e-11
5650.000000  6.323704e-11
5670.000000  6.192567e-11
5690.000000  6.270862e-11
5710.000000  6.167630e-11
5730.000000  6.430777e-11
5750.000000  6.265915e-11
5770.000000  6.298601e-11
5790.000000  6.163424e-11
5810.000000  6.239794e-11
5830.000000  6.280691e-11
5850.000000  6.164112e-11
5870.000000  6.164388e-11
5890.000000  5.925839e-11
5910.000000  6.096271e-11
5930.000000  6.066733e-11
5950.000000  6.061020e-11
5970.000000  6.055754e-11
5990.000000  5.990894e-11
6010.000000  5.908166e-11
6030.000000  5.912661e-11
6050.000000  5.967036e-11
6070.000000  5.940465e-11
6090.000000  5.824921e-11
6110.000000  5.766307e-11
6130.000000  5.613811e-11
6150.000000  5.629516e-11
6170.000000  5.522508e-11
6190.000000  5.703806e-11
6210.000000  5.702905e-11
6230.000000  5.575176e-11
6250.000000  5.405027e-11
6270.000000  5.600503e-11
6290.000000  5.596531e-11
6310.000000  5.452274e-11
6330.000000  5.469006e-11
6350.000000  5.463582e-11
6370.000000  5.430439e-11
6390.000000  5.447149e-11
6410.000000  5.336791e-11
6430.000000  5.365363e-11
6450.000000  5.307760e-11
6470.000000  5.298490e-11
6490.000000  5.209342e-11
6510.000000  5.285664e-11
6530.000000  5.274083e-11
6550.000000  5.099933e-11
6570.000000  4.517667e-11
6590.000000  5.144116e-11
6610.000000  5.185511e-11
6630.000000  5.165514e-11
6650.000000  5.141001e-11
6670.000000  5.083268e-11
6690.000000  5.123969e-11
6710.000000  5.043422e-11
6730.000000  5.065413e-11
6750.000000  5.000548e-11
6770.000000  4.999557e-11
6790.000000  4.967503e-11
6810.000000  4.938149e-11
6830.000000  4.936373e-11
6850.000000  4.857985e-11
6870.000000  4.877996e-11
6890.000000  4.869567e-11
6910.000000  4.833133e-11
6930.000000  4.810009e-11
6950.000000  4.783971e-11
6970.000000  4.772213e-11
6990.000000  4.748727e-11
7010.000000  4.635935e-11
7030.000000  4.676587e-11
7050.000000  4.677164e-11
7070.000000  4.639184e-11
7090.000000  4.614486e-11
7110.000000  4.582945e-11
7130.000000  4.545106e-11
7150.000000  4.520758e-11
7170.000000  4.496436e-11
7190.000000  4.407004e-11
7210.000000  4.446189e-11
7230.000000  4.428878e-11
7250.000000  4.436126e-11
7270.000000  4.418713e-11
7290.000000  4.325275e-11
7310.000000  4.352259e-11
7330.000000  4.337066e-11
7350.000000  4.333315e-11
7370.000000  4.327841e-11
7390.000000  4.240779e-11
7410.000000  4.182953e-11
7430.000000  4.202921e-11
7450.000000  4.200274e-11
7470.000000  4.206116e-11
7490.000000  4.169694e-11
7510.000000  4.163353e-11
7530.000000  4.151275e-11
7550.000000  4.152040e-11
7570.000000  4.109648e-11
7590.000000  4.094375e-11
7610.000000  4.069526e-11
7630.000000  4.067700e-11
7650.000000  4.042446e-11
7670.000000  3.961447e-11
7690.000000  4.001029e-11
7710.000000  3.951944e-11
7730.000000  3.947873e-11
7750.000000  3.908046e-11
7770.000000  3.909875e-11
7790.000000  3.921440e-11
7810.000000  3.897726e-11
7830.000000  3.856056e-11
7850.000000  3.837704e-11
7870.000000  3.849115e-11
7890.000000  3.823990e-11
7910.000000  3.782448e-11
7930.000000  3.726533e-11
7950.000000  3.722867e-11
7970.000000  3.753607e-11
7990.000000  3.739608e-11
8010.000000  3.698240e-11
8030.000000  3.680042e-11
8050.000000  3.653734e-11
8070.000000  3.659577e-11
8090.000000  3.607478e-11
8110.000000  3.627062e-11
8130.000000  3.621962e-11
8150.000000  3.596142e-11
8170.000000  3.579337e-11
8190.000000  3.494326e-11
8210.000000  3.493570e-11
8230.000000  3.479428e-11
8250.000000  3.479372e-11
8270.000000  3.499730e-11
8290.000000  3.476398e-11
8310.000000  3.424918e-11
8330.000000  3.392427e-11
8350.000000  3.407065e-11
8370.000000  3.403461e-11
8390.000000  3.353741e-11
8410.000000  3.373095e-11
8430.000000  3.321620e-11
8450.000000  3.311883e-11
8470.000000  3.287518e-11
8490.000000  3.259612e-11
8510.000000  3.098360e-11
8530.000000  3.215079e-11
8550.000000  2.752144e-11
8570.000000  3.265568e-11
8590.000000  3.191664e-11
8610.000000  3.158243e-11
8630.000000  3.221055e-11
8650.000000  3.170940e-11
8670.000000  2.719955e-11
8690.000000  3.110386e-11
8710.000000  3.155436e-11
8730.000000  3.136942e-11
8750.000000  2.980802e-11
8770.000000  3.115520e-11
8790.000000  3.104362e-11
8810.000000  3.060127e-11
8830.000000  3.065078e-11
8850.000000  3.031296e-11
8870.000000  2.886260e-11
8890.000000  3.037447e-11
8910.000000  3.038443e-11
8930.000000  2.991908e-11
8950.000000  2.994258e-11
8970.000000  2.985896e-11
8990.000000  2.974762e-11
9010.000000  2.779817e-11
9030.000000  2.899157e-11
9050.000000  2.953931e-11
9070.000000  2.892408e-11
9090.000000  2.824412e-11
9110.000000  2.858870e-11
9130.000000  2.893487e-11
9150.000000  2.874454e-11
9170.000000  2.855544e-11
9190.000000  2.852362e-11
9210.000000  2.779002e-11
9230.000000  2.626068e-11
9250.000000  2.733472e-11
9270.000000  2.768293e-11
9290.000000  2.778562e-11
9310.000000  2.777088e-11
9330.000000  2.758614e-11
9350.000000  2.745879e-11
9370.000000  2.730980e-11
9390.000000  2.720570e-11
9410.000000  2.624288e-11
9430.000000  2.678313e-11
9450.000000  2.653779e-11
9470.000000  2.675514e-11
9490.000000  2.670770e-11
9510.000000  2.647223e-11
9530.000000  2.614273e-11
9550.000000  2.460822e-11
9570.000000  2.588953e-11
9590.000000  2.606598e-11
9610.000000  2.576179e-11
9630.000000  2.551701e-11
9650.000000  2.547595e-11
9670.000000  2.524614e-11
9690.000000  2.534712e-11
9710.000000  2.535064e-11
9730.000000  2.525003e-11
9750.000000  2.492151e-11
9770.000000  2.496410e-11
9790.000000  2.479664e-11
9810.000000  2.484015e-11
9830.000000  2.469551e-11
9850.000000  2.457730e-11
9870.000000  2.439508e-11
9890.000000  2.425455e-11
9910.000000  2.413249e-11
9930.000000  2.420774e-11
9950.000000  2.410396e-11
9970.000000  2.401325e-11
9990.000000  2.389680e-11
10025.000000  2.344759e-11
10075.000000  2.286760e-11
10125.000000  2.311424e-11
10175.000000  2.278595e-11
10225.000000  2.264467e-11
10275.000000  2.250439e-11
10325.000000  2.208141e-11
10375.000000  2.189748e-11
10425.000000  2.175456e-11
10475.000000  2.131026e-11
10525.000000  2.124512e-11
10575.000000  2.098662e-11
10625.000000  2.073621e-11
10675.000000  2.021710e-11
10725.000000  2.021521e-11
10775.000000  1.998540e-11
10825.000000  1.964332e-11
10875.000000  1.949827e-11
10925.000000  1.877751e-11
10975.000000  1.891901e-11
11025.000000  1.901175e-11
11075.000000  1.891227e-11
11125.000000  1.865297e-11
11175.000000  1.845226e-11
11225.000000  1.835204e-11
11275.000000  1.793839e-11
11325.000000  1.782913e-11
11375.000000  1.769850e-11
11425.000000  1.741044e-11
11475.000000  1.749390e-11
11525.000000  1.732748e-11
11575.000000  1.707649e-11
11625.000000  1.675062e-11
11675.000000  1.659902e-11
11725.000000  1.668406e-11
11775.000000  1.625457e-11
11825.000000  1.616419e-11
11875.000000  1.593281e-11
11925.000000  1.608274e-11
11975.000000  1.558955e-11
12025.000000  1.564155e-11
12075.000000  1.544063e-11
12125.000000  1.534401e-11
12175.000000  1.531688e-11
12225.000000  1.516060e-11
12275.000000  1.497401e-11
12325.000000  1.486028e-11
12375.000000  1.471962e-11
12425.000000  1.458026e-11
12475.000000  1.447854e-11
12525.000000  1.429901e-11
12575.000000  1.414534e-11
12625.000000  1.403684e-11
12675.000000  1.390306e-11
12725.000000  1.382837e-11
12775.000000  1.365098e-11
12825.000000  1.271638e-11
12875.000000  1.337805e-11
12925.000000  1.327450e-11
12975.000000  1.321523e-11
13025.000000  1.305698e-11
13075.000000  1.299491e-11
13125.000000  1.279254e-11
13175.000000  1.266085e-11
13225.000000  1.264591e-11
13275.000000  1.244658e-11
13325.000000  1.239681e-11
13375.000000  1.227777e-11
13425.000000  1.221694e-11
13475.000000  1.210450e-11
13525.000000  1.198898e-11
13575.000000  1.181168e-11
13625.000000  1.175500e-11
13675.000000  1.164920e-11
13725.000000  1.149798e-11
13775.000000  1.144174e-11
13825.000000  1.136181e-11
13875.000000  1.129724e-11
13925.000000  1.118488e-11
13975.000000  1.109427e-11
14025.000000  1.095738e-11
14075.000000  1.091399e-11
14125.000000  1.074938e-11
14175.000000  1.073332e-11
14225.000000  1.054120e-11
14275.000000  1.040216e-11
14325.000000  1.043715e-11
14375.000000  1.040219e-11
14425.000000  1.003993e-11
14475.000000  1.019990e-11
14525.000000  9.974994e-12
14570.000000  9.998039e-12
14620.000000  9.898310e-12
14675.000000  9.845711e-12
14725.000000  9.676311e-12
14775.000000  9.603634e-12
14825.000000  9.557398e-12
14875.000000  9.385468e-12
14925.000000  9.489186e-12
14975.000000  9.348201e-12
15025.000000  9.186385e-12
15075.000000  9.091530e-12
15125.000000  9.136759e-12
15175.000000  9.092292e-12
15225.000000  8.949244e-12
15275.000000  8.923945e-12
15325.000000  8.826121e-12
15375.000000  8.772319e-12
15425.000000  8.649731e-12
15475.000000  8.623876e-12
15525.000000  8.531749e-12
15575.000000  8.375727e-12
15625.000000  8.474284e-12
15675.000000  8.256912e-12
15725.000000  8.153684e-12
15775.000000  8.081522e-12
15825.000000  8.103936e-12
15875.000000  7.656897e-12
15925.000000  7.930203e-12
15975.000000  7.953640e-12
16050.000000  7.800002e-12
16150.000000  7.496794e-12
16250.000000  7.622995e-12
16350.000000  7.373952e-12
16450.000000  7.044175e-12
16550.000000  7.196335e-12
16650.000000  7.062476e-12
16750.000000  6.795452e-12
16850.000000  6.463631e-12
16950.000000  6.660034e-12
17050.000000  6.467498e-12
17150.000000  6.361883e-12
17250.000000  6.176549e-12
17350.000000  5.743130e-12
17450.000000  5.903754e-12
17550.000000  5.846866e-12
17650.000000  5.726019e-12
17750.000000  5.617112e-12
17850.000000  5.518282e-12
17950.000000  5.424662e-12
18050.000000  5.288212e-12
18150.000000  4.947570e-12
18250.000000  5.030974e-12
18350.000000  4.992062e-12
18450.000000  4.874897e-12
18550.000000  4.796635e-12
18650.000000  4.674612e-12
18750.000000  4.340724e-12
18850.000000  4.501344e-12
18950.000000  4.364436e-12
19050.000000  4.370285e-12
19150.000000  4.278006e-12
19250.000000  4.202055e-12
19350.000000  4.091291e-12
19450.000000  3.821917e-12
19550.000000  3.957867e-12
19650.000000  3.893688e-12
19750.000000  3.809803e-12
19850.000000  3.757045e-12
19950.000000  3.688841e-12
20050.000000  3.635454e-12
20150.000000  3.581439e-12
20250.000000  3.496855e-12
20350.000000  3.418288e-12
20450.000000  3.392226e-12
20550.000000  3.325204e-12
20650.000000  3.254577e-12
20750.000000  3.204746e-12
20850.000000  3.149588e-12
20950.000000  3.083703e-12
21050.000000  3.045846e-12
21150.000000  2.986544e-12
21250.000000  2.934665e-12
21350.000000  2.889549e-12
21450.000000  2.846259e-12
21550.000000  2.792090e-12
21650.000000  2.612478e-12
21750.000000  2.679660e-12
21850.000000  2.648277e-12
21950.000000  2.617507e-12
22050.000000  2.557062e-12
22150.000000  2.525305e-12
22250.000000  2.485959e-12
22350.000000  2.444782e-12
22450.000000  2.405687e-12
22550.000000  2.355510e-12
22650.000000  2.321116e-12
22750.000000  2.291193e-12
22850.000000  2.246246e-12
22950.000000  2.205530e-12
23050.000000  2.181838e-12
23150.000000  2.143587e-12
23250.000000  2.102484e-12
23350.000000  2.072175e-12
23450.000000  2.048047e-12
23550.000000  2.001676e-12
23650.000000  1.982239e-12
23750.000000  1.944677e-12
23850.000000  1.905909e-12
23950.000000  1.889085e-12
24050.000000  1.859366e-12
24150.000000  1.821312e-12
24250.000000  1.800483e-12
24350.000000  1.770592e-12
24450.000000  1.744520e-12
24550.000000  1.710157e-12
24650.000000  1.697615e-12
24750.000000  1.665545e-12
24850.000000  1.634820e-12
24950.000000  1.614870e-12
