2505.000000  1.432598e-10
2513.000000  1.247441e-10
2518.000000  1.286891e-10
2525.000000  1.180359e-10
2535.000000  1.183718e-10
2545.000000  1.163449e-10
2555.000000  1.256551e-10
2565.000000  1.231206e-10
2575.000000  1.339571e-10
2585.000000  1.324685e-10
2595.000000  1.286096e-10
2605.000000  1.221050e-10
2615.000000  1.210122e-10
2625.000000  1.296606e-10
2635.000000  1.300828e-10
2645.000000  1.460536e-10
2655.000000  1.431918e-10
2665.000000  1.274331e-10
2675.000000  1.356973e-10
2685.000000  1.317730e-10
2695.000000  1.278048e-10
2705.000000  1.323496e-10
2715.000000  1.248251e-10
2725.000000  1.265603e-10
2735.000000  1.369951e-10
2745.000000  1.130962e-10
2755.000000  1.134766e-10
2765.000000  1.169982e-10
2775.000000  1.274941e-10
2785.000000  1.242903e-10
2795.000000  9.094573e-11
2805.000000  1.052675e-10
2815.000000  1.291734e-10
2825.000000  1.328473e-10
2835.000000  1.252016e-10
2845.000000  1.201502e-10
2855.000000  1.165656e-10
2865.000000  1.257915e-10
2875.000000  1.208862e-10
2885.000000  1.230587e-10
2895.000000  1.168422e-10
2910.000000  1.309528e-10
2930.000000  1.244276e-10
2950.000000  1.241381e-10
2970.000000  1.258955e-10
2990.000000  1.261587e-10
3010.000000  1.284731e-10
3030.000000  1.257682e-10
3050.000000  1.235639e-10
3070.000000  1.216229e-10
3090.000000  1.230685e-10
3110.000000  1.189214e-10
3130.000000  1.179203e-10
3150.000000  1.193135e-10
3170.000000  1.176566e-10
3190.000000  1.127846e-10
3210.000000  1.147497e-10
3230.000000  1.120541e-10
3250.000000  1.124686e-10
3270.000000  1.120727e-10
3290.000000  1.123061e-10
3310.000000  1.121733e-10
3330.000000  1.092246e-10
3350.000000  1.072918e-10
3370.000000  1.067194e-10
3390.000000  1.053960e-10
3410.000000  1.067217e-10
3430.000000  1.057889e-10
3450.000000  1.046404e-10
3470.000000  1.028886e-10
3490.000000  1.019253e-10
3510.000000  1.024459e-10
3530.000000  1.021855e-10
3550.000000  1.016385e-10
3570.000000  9.959186e-11
3590.000000  9.871067e-11
3610.000000  9.791053e-11
3630.000000  9.704277e-11
3640.000000  9.649173e-11
3650.000000  9.862096e-11
3670.000000  9.781181e-11
3690.000000  9.455665e-11
3710.000000  9.405153e-11
3730.000000  9.348382e-11
3750.000000  1.155754e-10
3770.000000  1.226809e-10
3790.000000  1.518956e-10
3810.000000  1.758097e-10
3830.000000  1.384861e-10
3850.000000  1.892624e-10
3870.000000  2.131635e-10
3890.000000  1.210558e-10
3910.000000  2.098005e-10
3930.000000  2.159760e-10
3950.000000  2.084727e-10
3970.000000  1.144721e-10
3990.000000  1.990608e-10
4010.000000  2.148230e-10
4030.000000  2.116184e-10
4050.000000  2.110877e-10
4070.000000  2.018694e-10
4090.000000  1.605808e-10
4110.000000  1.222266e-10
4130.000000  1.883311e-10
4150.000000  1.964461e-10
4170.000000  1.937289e-10
4190.000000  1.916087e-10
4210.000000  1.895148e-10
4230.000000  1.858570e-10
4250.000000  1.824706e-10
4270.000000  1.781645e-10
4290.000000  1.774636e-10
4310.000000  1.678868e-10
4330.000000  1.282195e-10
4350.000000  1.088844e-10
4370.000000  1.615816e-10
4390.000000  1.621963e-10
4410.000000  1.627665e-10
4430.000000  1.599103e-10
4450.000000  1.602916e-10
4470.000000  1.571962e-10
4490.000000  1.529109e-10
4510.000000  1.536602e-10
4530.000000  1.508620e-10
4550.000000  1.471933e-10
4570.000000  1.481122e-10
4590.000000  1.443895e-10
4610.000000  1.452578e-10
4630.000000  1.404106e-10
4650.000000  1.412005e-10
4670.000000  1.386582e-10
4690.000000  1.359232e-10
4710.000000  1.315557e-10
4730.000000  1.334015e-10
4750.000000  1.314102e-10
4770.000000  1.301342e-10
4790.000000  1.281203e-10
4810.000000  1.249894e-10
4830.000000  1.196850e-10
4850.000000  9.419532e-11
4870.000000  7.626474e-11
4890.000000  1.130324e-10
4910.000000  1.167718e-10
4930.000000  1.152648e-10
4950.000000  1.151304e-10
4970.000000  1.143945e-10
4990.000000  1.124575e-10
5010.000000  1.091027e-10
5030.000000  1.086562e-10
5050.000000  1.063412e-10
5070.000000  1.066256e-10
5090.000000  1.053061e-10
5110.000000  1.036901e-10
5130.000000  1.028360e-10
5150.000000  1.006178e-10
5170.000000  9.881425e-11
5190.000000  9.795381e-11
5210.000000  9.703574e-11
5230.000000  9.524008e-11
5250.000000  9.532591e-11
5270.000000  9.259904e-11
5290.000000  9.341806e-11
5310.000000  9.111457e-11
5330.000000  9.027607e-11
5350.000000  9.025044e-11
5370.000000  8.896602e-11
5390.000000  8.788670e-11
5410.000000  8.634353e-11
5430.000000  8.570601e-11
5450.000000  8.512446e-11
5470.000000  8.397507e-11
5490.000000  8.312996e-11
5510.000000  8.208168e-11
5530.000000  8.126235e-11
5550.000000  8.044208e-11
5570.000000  7.949185e-11
5590.000000  7.870147e-11
5610.000000  7.803213e-11
5630.000000  7.715233e-11
5650.000000  7.591163e-11
5670.000000  7.515917e-11
5690.000000  7.451618e-11
5710.000000  7.373610e-11
5730.000000  7.296069e-11
5750.000000  7.205285e-11
5770.000000  7.129089e-11
5790.000000  7.035279e-11
5810.000000  6.968030e-11
5830.000000  6.894226e-11
5850.000000  6.822792e-11
5870.000000  6.723676e-11
5890.000000  6.626037e-11
5910.000000  6.596578e-11
5930.000000  6.533550e-11
5950.000000  6.426312e-11
5970.000000  6.378227e-11
5990.000000  6.293421e-11
6010.000000  6.244084e-11
6030.000000  6.187484e-11
6050.000000  6.111550e-11
6070.000000  6.053139e-11
6090.000000  5.989252e-11
6110.000000  5.928075e-11
6130.000000  5.861052e-11
6150.000000  5.711145e-11
6170.000000  5.734417e-11
6190.000000  5.685366e-11
6210.000000  5.626223e-11
6230.000000  5.559163e-11
6250.000000  5.454635e-11
6270.000000  5.453171e-11
6290.000000  5.396871e-11
6310.000000  5.326412e-11
6330.000000  5.283016e-11
6350.000000  5.153675e-11
6370.000000  5.130607e-11
6390.000000  5.118856e-11
6410.000000  5.057381e-11
6430.000000  5.015797e-11
6450.000000  4.915915e-11
6470.000000  4.909130e-11
6490.000000  4.826209e-11
6510.000000  4.759997e-11
6530.000000  4.619085e-11
6550.000000  4.012532e-11
6570.000000  3.246145e-11
6590.000000  4.360416e-11
6610.000000  4.513730e-11
6630.000000  4.508757e-11
6650.000000  4.482459e-11
6670.000000  4.441009e-11
6690.000000  4.404809e-11
6710.000000  4.368647e-11
6730.000000  4.316586e-11
6750.000000  4.281244e-11
6770.000000  4.244837e-11
6790.000000  4.201089e-11
6810.000000  4.162084e-11
6830.000000  4.116785e-11
6850.000000  4.080677e-11
6870.000000  4.043224e-11
6890.000000  4.006611e-11
6910.000000  3.966542e-11
6930.000000  3.925166e-11
6950.000000  3.892737e-11
6970.000000  3.856087e-11
6990.000000  3.823378e-11
7010.000000  3.771074e-11
7030.000000  3.750357e-11
7050.000000  3.708160e-11
7070.000000  3.679113e-11
7090.000000  3.648776e-11
7110.000000  3.588981e-11
7130.000000  3.573926e-11
7150.000000  3.541497e-11
7170.000000  3.512674e-11
7190.000000  3.481515e-11
7210.000000  3.450376e-11
7230.000000  3.414736e-11
7250.000000  3.379710e-11
7270.000000  3.357443e-11
7290.000000  3.324734e-11
7310.000000  3.294081e-11
7330.000000  3.267125e-11
7350.000000  3.239927e-11
7370.000000  3.211384e-11
7390.000000  3.181029e-11
7410.000000  3.150151e-11
7430.000000  3.106459e-11
7450.000000  3.087050e-11
7470.000000  3.048607e-11
7490.000000  3.032878e-11
7510.000000  3.007978e-11
7530.000000  2.988102e-11
7550.000000  2.963501e-11
7570.000000  2.937311e-11
7590.000000  2.911122e-11
7610.000000  2.888108e-11
7630.000000  2.861414e-11
7650.000000  2.833899e-11
7670.000000  2.809334e-11
7690.000000  2.785237e-11
7710.000000  2.760636e-11
7730.000000  2.739676e-11
7750.000000  2.715860e-11
7770.000000  2.634283e-11
7790.000000  2.670056e-11
7810.000000  2.649135e-11
7830.000000  2.623748e-11
7850.000000  2.593618e-11
7870.000000  2.563823e-11
7890.000000  2.533449e-11
7910.000000  2.531115e-11
7930.000000  2.515385e-11
7950.000000  2.473787e-11
7970.000000  2.474794e-11
7990.000000  2.416438e-11
8010.000000  2.433456e-11
8030.000000  2.411992e-11
8050.000000  2.392621e-11
8070.000000  2.372204e-11
8090.000000  2.352833e-11
8110.000000  2.332920e-11
8130.000000  2.315641e-11
8150.000000  2.297073e-11
8170.000000  2.278748e-11
8190.000000  2.245815e-11
8210.000000  2.232702e-11
8230.000000  2.207297e-11
8250.000000  2.208922e-11
8270.000000  2.205989e-11
8290.000000  2.182658e-11
8310.000000  2.171151e-11
8330.000000  2.145802e-11
8350.000000  2.137640e-11
8370.000000  2.122958e-11
8390.000000  2.104634e-11
8410.000000  2.083603e-11
8430.000000  2.062384e-11
8450.000000  2.016897e-11
8470.000000  2.007419e-11
8490.000000  2.015488e-11
8510.000000  1.938026e-11
8530.000000  2.001672e-11
8550.000000  1.842079e-11
8570.000000  2.006107e-11
8590.000000  1.869975e-11
8610.000000  1.829466e-11
8630.000000  2.007159e-11
8650.000000  1.914492e-11
8670.000000  1.620857e-11
8690.000000  1.941663e-11
8710.000000  2.022467e-11
8730.000000  1.926618e-11
8750.000000  1.528969e-11
8770.000000  1.824274e-11
8790.000000  2.005880e-11
8810.000000  2.019992e-11
8830.000000  1.949545e-11
8850.000000  1.713426e-11
8870.000000  1.457092e-11
8890.000000  1.845209e-11
8910.000000  1.940344e-11
8930.000000  1.948666e-11
8950.000000  1.949955e-11
8970.000000  1.909899e-11
8990.000000  1.797989e-11
9010.000000  1.416473e-11
9030.000000  1.543443e-11
9050.000000  1.794857e-11
9070.000000  1.819197e-11
9090.000000  1.817222e-11
9110.000000  1.832747e-11
9130.000000  1.825910e-11
9150.000000  1.816531e-11
9170.000000  1.785501e-11
9190.000000  1.726165e-11
9210.000000  1.582612e-11
9230.000000  1.229905e-11
9250.000000  1.514058e-11
9270.000000  1.629682e-11
9290.000000  1.703590e-11
9310.000000  1.708956e-11
9330.000000  1.696573e-11
9350.000000  1.690521e-11
9370.000000  1.680585e-11
9390.000000  1.656282e-11
9410.000000  1.622267e-11
9430.000000  1.636369e-11
9450.000000  1.625664e-11
9470.000000  1.606609e-11
9490.000000  1.581144e-11
9510.000000  1.530697e-11
9530.000000  1.377343e-11
9550.000000  1.106617e-11
9570.000000  1.390363e-11
9590.000000  1.496609e-11
9610.000000  1.511749e-11
9630.000000  1.489376e-11
9650.000000  1.508934e-11
9670.000000  1.491394e-11
9690.000000  1.488518e-11
9710.000000  1.484297e-11
9730.000000  1.472492e-11
9750.000000  1.460705e-11
9770.000000  1.452580e-11
9790.000000  1.441074e-11
9810.000000  1.429025e-11
9830.000000  1.413875e-11
9850.000000  1.405767e-11
9870.000000  1.394541e-11
9890.000000  1.377298e-11
9910.000000  1.374665e-11
9930.000000  1.363158e-11
9950.000000  1.351650e-11
9970.000000  1.339394e-11
9990.000000  1.320132e-11
10025.000000  1.183198e-11
10075.000000  1.118269e-11
10125.000000  1.249134e-11
10175.000000  1.248744e-11
10225.000000  1.233296e-11
10275.000000  1.212078e-11
10325.000000  1.190091e-11
10375.000000  1.169954e-11
10425.000000  1.150583e-11
10475.000000  1.126524e-11
10525.000000  1.106612e-11
10575.000000  1.090416e-11
10625.000000  1.074183e-11
10675.000000  1.043419e-11
10725.000000  1.033818e-11
10775.000000  1.017666e-11
10825.000000  9.981242e-12
10875.000000  9.688353e-12
10925.000000  8.103053e-12
10975.000000  8.841941e-12
11025.000000  9.315251e-12
11075.000000  9.234726e-12
11125.000000  9.102592e-12
11175.000000  8.961882e-12
11225.000000  8.821092e-12
11275.000000  8.560697e-12
11325.000000  8.450299e-12
11375.000000  8.395155e-12
11425.000000  8.257054e-12
11475.000000  8.147255e-12
11525.000000  8.022661e-12
11575.000000  7.894985e-12
11625.000000  7.728173e-12
11675.000000  7.594332e-12
11725.000000  7.534875e-12
11775.000000  7.344657e-12
11825.000000  7.280175e-12
11875.000000  7.155710e-12
11925.000000  7.091079e-12
11975.000000  6.960619e-12
12025.000000  6.870545e-12
12075.000000  6.760409e-12
12125.000000  6.661219e-12
12175.000000  6.569838e-12
12225.000000  6.469639e-12
12275.000000  6.366321e-12
12325.000000  6.277591e-12
12375.000000  6.188059e-12
12425.000000  6.106391e-12
12475.000000  5.989997e-12
12525.000000  5.927158e-12
12575.000000  5.816311e-12
12625.000000  5.744690e-12
12675.000000  5.663111e-12
12725.000000  5.553470e-12
12775.000000  5.296286e-12
12825.000000  4.542255e-12
12875.000000  5.201739e-12
12925.000000  5.253234e-12
12975.000000  5.203588e-12
13025.000000  5.141371e-12
13075.000000  5.071455e-12
13125.000000  5.001069e-12
13175.000000  4.913965e-12
13225.000000  4.864725e-12
13275.000000  4.798523e-12
13325.000000  4.732846e-12
13375.000000  4.668736e-12
13425.000000  4.602255e-12
13475.000000  4.539211e-12
13525.000000  4.471982e-12
13575.000000  4.415457e-12
13625.000000  4.357344e-12
13675.000000  4.294823e-12
13725.000000  4.233908e-12
13775.000000  4.188852e-12
13825.000000  4.133876e-12
13875.000000  4.081537e-12
13925.000000  4.023741e-12
13975.000000  3.973997e-12
14025.000000  3.923505e-12
14075.000000  3.872995e-12
14125.000000  3.821700e-12
14175.000000  3.773300e-12
14225.000000  3.724640e-12
14275.000000  3.677025e-12
14325.000000  3.629634e-12
14375.000000  3.583850e-12
14425.000000  3.513595e-12
14475.000000  3.492805e-12
14525.000000  3.438166e-12
14570.000000  3.410632e-12
14620.000000  3.370900e-12
14675.000000  3.330308e-12
14725.000000  3.287924e-12
14775.000000  3.240067e-12
14825.000000  3.208143e-12
14875.000000  3.162115e-12
14925.000000  3.134843e-12
14975.000000  3.092197e-12
15025.000000  3.054538e-12
15075.000000  3.016059e-12
15125.000000  2.984341e-12
15175.000000  2.947449e-12
15225.000000  2.913171e-12
15275.000000  2.874917e-12
15325.000000  2.837745e-12
15375.000000  2.807705e-12
15425.000000  2.757856e-12
15475.000000  2.739449e-12
15525.000000  2.703882e-12
15575.000000  2.640721e-12
15625.000000  2.664327e-12
15675.000000  2.587118e-12
15725.000000  2.528213e-12
15775.000000  2.579630e-12
15825.000000  2.544848e-12
15875.000000  2.371051e-12
15925.000000  2.452649e-12
15975.000000  2.485445e-12
16050.000000  2.400957e-12
16150.000000  2.270659e-12
16250.000000  2.357712e-12
16350.000000  2.234385e-12
16450.000000  2.102401e-12
16550.000000  2.212891e-12
16650.000000  2.167035e-12
16750.000000  2.036098e-12
16850.000000  1.910462e-12
16950.000000  2.024190e-12
17050.000000  1.987765e-12
17150.000000  1.945381e-12
17250.000000  1.885099e-12
17350.000000  1.672424e-12
17450.000000  1.779274e-12
17550.000000  1.778460e-12
17650.000000  1.745436e-12
17750.000000  1.709814e-12
17850.000000  1.674228e-12
17950.000000  1.640005e-12
18050.000000  1.590110e-12
18150.000000  1.426132e-12
18250.000000  1.488318e-12
18350.000000  1.504503e-12
18450.000000  1.478575e-12
18550.000000  1.444298e-12
18650.000000  1.404376e-12
18750.000000  1.256333e-12
18850.000000  1.344507e-12
18950.000000  1.333639e-12
19050.000000  1.311860e-12
19150.000000  1.285952e-12
19250.000000  1.258005e-12
19350.000000  1.218101e-12
19450.000000  1.088535e-12
19550.000000  1.171532e-12
19650.000000  1.164606e-12
19750.000000  1.144396e-12
19850.000000  1.123195e-12
19950.000000  1.102274e-12
20050.000000  1.081596e-12
20150.000000  1.061309e-12
20250.000000  1.041514e-12
20350.000000  1.022048e-12
20450.000000  1.003471e-12
20550.000000  9.850785e-13
20650.000000  9.667910e-13
20750.000000  9.493629e-13
20850.000000  9.323307e-13
20950.000000  9.154814e-13
21050.000000  8.989724e-13
21150.000000  8.818671e-13
21250.000000  8.664041e-13
21350.000000  8.506813e-13
21450.000000  8.348007e-13
21550.000000  8.119774e-13
21650.000000  7.301705e-13
21750.000000  7.775048e-13
21850.000000  7.777396e-13
21950.000000  7.667474e-13
22050.000000  7.536326e-13
22150.000000  7.404484e-13
22250.000000  7.284335e-13
22350.000000  7.160863e-13
22450.000000  7.040771e-13
22550.000000  6.920155e-13
22650.000000  6.806601e-13
22750.000000  6.693309e-13
22850.000000  6.588421e-13
22950.000000  6.479331e-13
23050.000000  6.375696e-13
23150.000000  6.271557e-13
23250.000000  6.171096e-13
23350.000000  6.071403e-13
23450.000000  5.974081e-13
23550.000000  5.878591e-13
23650.000000  5.785173e-13
23750.000000  5.693343e-13
23850.000000  5.603082e-13
23950.000000  5.514635e-13
24050.000000  5.424599e-13
24150.000000  5.340092e-13
24250.000000  5.258741e-13
24350.000000  5.175523e-13
24450.000000  5.092811e-13
24550.000000  5.016464e-13
24650.000000  4.933735e-13
24750.000000  4.858381e-13
24850.000000  4.791035e-13
24950.000000  4.689169e-13
