2505.000000  5.955614e-11
2513.000000  5.256953e-11
2518.000000  5.382643e-11
2525.000000  4.984307e-11
2535.000000  4.890292e-11
2545.000000  4.869492e-11
2555.000000  5.239978e-11
2565.000000  5.213306e-11
2575.000000  5.617179e-11
2585.000000  5.614047e-11
2595.000000  5.474685e-11
2605.000000  5.225942e-11
2615.000000  5.151287e-11
2625.000000  5.541973e-11
2635.000000  5.564548e-11
2645.000000  6.243230e-11
2655.000000  6.152746e-11
2665.000000  5.578567e-11
2675.000000  5.849231e-11
2685.000000  5.794845e-11
2695.000000  5.542674e-11
2705.000000  5.688410e-11
2715.000000  5.381957e-11
2725.000000  5.442409e-11
2735.000000  5.875723e-11
2745.000000  4.925371e-11
2755.000000  5.010383e-11
2765.000000  5.176310e-11
2775.000000  5.593967e-11
2785.000000  5.432589e-11
2795.000000  3.989314e-11
2805.000000  4.545750e-11
2815.000000  5.708970e-11
2825.000000  5.812514e-11
2835.000000  5.565845e-11
2845.000000  5.352438e-11
2855.000000  5.168042e-11
2865.000000  5.543431e-11
2875.000000  5.372822e-11
2885.000000  5.487531e-11
2895.000000  5.249651e-11
2910.000000  5.821740e-11
2930.000000  5.576176e-11
2950.000000  5.551326e-11
2970.000000  5.634810e-11
2990.000000  5.657101e-11
3010.000000  5.732951e-11
3030.000000  5.656994e-11
3050.000000  5.596657e-11
3070.000000  5.535600e-11
3090.000000  5.600049e-11
3110.000000  5.455413e-11
3130.000000  5.424288e-11
3150.000000  5.495106e-11
3170.000000  5.452355e-11
3190.000000  5.239773e-11
3210.000000  5.336555e-11
3230.000000  5.214345e-11
3250.000000  5.268571e-11
3270.000000  5.274130e-11
3290.000000  5.305193e-11
3310.000000  5.313403e-11
3330.000000  5.196476e-11
3350.000000  5.111534e-11
3370.000000  5.102557e-11
3390.000000  5.062057e-11
3410.000000  5.129291e-11
3430.000000  5.109803e-11
3450.000000  5.065631e-11
3470.000000  4.998344e-11
3490.000000  4.969434e-11
3510.000000  5.008860e-11
3530.000000  5.004212e-11
3550.000000  4.996667e-11
3570.000000  4.897842e-11
3590.000000  4.868407e-11
3610.000000  4.846548e-11
3630.000000  4.828661e-11
3640.000000  4.797007e-11
3650.000000  4.871384e-11
3670.000000  4.844227e-11
3690.000000  4.661188e-11
3710.000000  4.757237e-11
3730.000000  4.870839e-11
3750.000000  6.186435e-11
3770.000000  6.656242e-11
3790.000000  8.410451e-11
3810.000000  9.954019e-11
3830.000000  7.744981e-11
3850.000000  1.099624e-10
3870.000000  1.259106e-10
3890.000000  6.683862e-11
3910.000000  1.246703e-10
3930.000000  1.277593e-10
3950.000000  1.244039e-10
3970.000000  6.349796e-11
3990.000000  1.186549e-10
4010.000000  1.319965e-10
4030.000000  1.313088e-10
4050.000000  1.297475e-10
4070.000000  1.234528e-10
4090.000000  9.398042e-11
4110.000000  7.026666e-11
4130.000000  1.157951e-10
4150.000000  1.214775e-10
4170.000000  1.201396e-10
4190.000000  1.189349e-10
4210.000000  1.176807e-10
4230.000000  1.151375e-10
4250.000000  1.137060e-10
4270.000000  1.109490e-10
4290.000000  1.100800e-10
4310.000000  1.029053e-10
4330.000000  7.566437e-11
4350.000000  6.379109e-11
4370.000000  9.984349e-11
4390.000000  1.018030e-10
4410.000000  1.014397e-10
4430.000000  1.006451e-10
4450.000000  1.005098e-10
4470.000000  9.915530e-11
4490.000000  9.686377e-11
4510.000000  9.690583e-11
4530.000000  9.515433e-11
4550.000000  9.291697e-11
4570.000000  9.340651e-11
4590.000000  9.142773e-11
4610.000000  9.180742e-11
4630.000000  8.928531e-11
4650.000000  8.941949e-11
4670.000000  8.813268e-11
4690.000000  8.605705e-11
4710.000000  8.332862e-11
4730.000000  8.480043e-11
4750.000000  8.378655e-11
4770.000000  8.260575e-11
4790.000000  8.134499e-11
4810.000000  7.938584e-11
4830.000000  7.544072e-11
4850.000000  5.731514e-11
4870.000000  4.588459e-11
4890.000000  7.077571e-11
4910.000000  7.434552e-11
4930.000000  7.364703e-11
4950.000000  7.373840e-11
4970.000000  7.333182e-11
4990.000000  7.216963e-11
5010.000000  7.039599e-11
5030.000000  7.033856e-11
5050.000000  6.908662e-11
5070.000000  6.902078e-11
5090.000000  6.821853e-11
5110.000000  6.739696e-11
5130.000000  6.656463e-11
5150.000000  6.554421e-11
5170.000000  6.401252e-11
5190.000000  6.344045e-11
5210.000000  6.332633e-11
5230.000000  6.204611e-11
5250.000000  6.212626e-11
5270.000000  6.041375e-11
5290.000000  6.070816e-11
5310.000000  5.949998e-11
5330.000000  5.878780e-11
5350.000000  5.878923e-11
5370.000000  5.793030e-11
5390.000000  5.734018e-11
5410.000000  5.644531e-11
5430.000000  5.599761e-11
5450.000000  5.558726e-11
5470.000000  5.494319e-11
5490.000000  5.440049e-11
5510.000000  5.379118e-11
5530.000000  5.309633e-11
5550.000000  5.268935e-11
5570.000000  5.206986e-11
5590.000000  5.152731e-11
5610.000000  5.104994e-11
5630.000000  5.052618e-11
5650.000000  4.991935e-11
5670.000000  4.937506e-11
5690.000000  4.890947e-11
5710.000000  4.840346e-11
5730.000000  4.794137e-11
5750.000000  4.738007e-11
5770.000000  4.690635e-11
5790.000000  4.637720e-11
5810.000000  4.592225e-11
5830.000000  4.545086e-11
5850.000000  4.498717e-11
5870.000000  4.446719e-11
5890.000000  4.370865e-11
5910.000000  4.359017e-11
5930.000000  4.315689e-11
5950.000000  4.263504e-11
5970.000000  4.225079e-11
5990.000000  4.174159e-11
6010.000000  4.133973e-11
6030.000000  4.098690e-11
6050.000000  4.054360e-11
6070.000000  4.017390e-11
6090.000000  3.975867e-11
6110.000000  3.935508e-11
6130.000000  3.892385e-11
6150.000000  3.816330e-11
6170.000000  3.813281e-11
6190.000000  3.783280e-11
6210.000000  3.745642e-11
6230.000000  3.705982e-11
6250.000000  3.647224e-11
6270.000000  3.637062e-11
6290.000000  3.602027e-11
6310.000000  3.559939e-11
6330.000000  3.529646e-11
6350.000000  3.466434e-11
6370.000000  3.442776e-11
6390.000000  3.426828e-11
6410.000000  3.387780e-11
6430.000000  3.358432e-11
6450.000000  3.300631e-11
6470.000000  3.286354e-11
6490.000000  3.237076e-11
6510.000000  3.187153e-11
6530.000000  3.077380e-11
6550.000000  2.635981e-11
6570.000000  2.115652e-11
6590.000000  2.889437e-11
6610.000000  3.021346e-11
6630.000000  3.030534e-11
6650.000000  3.015507e-11
6670.000000  2.991851e-11
6690.000000  2.969999e-11
6710.000000  2.946023e-11
6730.000000  2.915791e-11
6750.000000  2.890344e-11
6770.000000  2.867545e-11
6790.000000  2.840164e-11
6810.000000  2.814659e-11
6830.000000  2.787221e-11
6850.000000  2.762865e-11
6870.000000  2.738466e-11
6890.000000  2.714577e-11
6910.000000  2.689290e-11
6930.000000  2.663961e-11
6950.000000  2.641249e-11
6970.000000  2.616908e-11
6990.000000  2.595056e-11
7010.000000  2.565129e-11
7030.000000  2.547248e-11
7050.000000  2.524275e-11
7070.000000  2.503600e-11
7090.000000  2.482053e-11
7110.000000  2.440824e-11
7130.000000  2.434944e-11
7150.000000  2.413396e-11
7170.000000  2.394512e-11
7190.000000  2.372979e-11
7210.000000  2.353730e-11
7230.000000  2.332053e-11
7250.000000  2.309647e-11
7270.000000  2.293555e-11
7290.000000  2.271281e-11
7310.000000  2.252207e-11
7330.000000  2.233468e-11
7350.000000  2.215587e-11
7370.000000  2.197516e-11
7390.000000  2.177773e-11
7410.000000  2.157172e-11
7430.000000  2.133706e-11
7450.000000  2.118618e-11
7470.000000  2.094410e-11
7490.000000  2.081940e-11
7510.000000  2.066823e-11
7530.000000  2.051735e-11
7550.000000  2.035541e-11
7570.000000  2.018592e-11
7590.000000  2.001642e-11
7610.000000  1.985624e-11
7630.000000  1.968674e-11
7650.000000  1.951724e-11
7670.000000  1.934106e-11
7690.000000  1.919004e-11
7710.000000  1.902738e-11
7730.000000  1.888829e-11
7750.000000  1.873509e-11
7770.000000  1.822909e-11
7790.000000  1.843391e-11
7810.000000  1.828479e-11
7830.000000  1.811617e-11
7850.000000  1.794842e-11
7870.000000  1.775856e-11
7890.000000  1.757976e-11
7910.000000  1.751515e-11
7930.000000  1.739395e-11
7950.000000  1.718547e-11
7970.000000  1.713643e-11
7990.000000  1.683413e-11
8010.000000  1.686262e-11
8030.000000  1.672295e-11
8050.000000  1.659986e-11
8070.000000  1.645845e-11
8090.000000  1.632867e-11
8110.000000  1.620500e-11
8130.000000  1.608278e-11
8150.000000  1.595927e-11
8170.000000  1.583633e-11
8190.000000  1.562306e-11
8210.000000  1.554915e-11
8230.000000  1.541762e-11
8250.000000  1.533628e-11
8270.000000  1.532259e-11
8290.000000  1.519893e-11
8310.000000  1.509723e-11
8330.000000  1.491349e-11
8350.000000  1.487100e-11
8370.000000  1.476466e-11
8390.000000  1.462412e-11
8410.000000  1.448781e-11
8430.000000  1.435875e-11
8450.000000  1.407970e-11
8470.000000  1.392337e-11
8490.000000  1.407889e-11
8510.000000  1.341010e-11
8530.000000  1.401233e-11
8550.000000  1.265125e-11
8570.000000  1.408982e-11
8590.000000  1.302974e-11
8610.000000  1.270432e-11
8630.000000  1.417255e-11
8650.000000  1.348787e-11
8670.000000  1.117087e-11
8690.000000  1.373460e-11
8710.000000  1.435495e-11
8730.000000  1.364464e-11
8750.000000  1.064600e-11
8770.000000  1.288766e-11
8790.000000  1.427232e-11
8810.000000  1.440623e-11
8830.000000  1.391009e-11
8850.000000  1.211905e-11
8870.000000  1.021879e-11
8890.000000  1.310517e-11
8910.000000  1.385571e-11
8930.000000  1.396677e-11
8950.000000  1.397288e-11
8970.000000  1.366295e-11
8990.000000  1.280024e-11
9010.000000  9.990922e-12
9030.000000  1.094614e-11
9050.000000  1.282211e-11
9070.000000  1.305951e-11
9090.000000  1.303394e-11
9110.000000  1.319412e-11
9130.000000  1.316357e-11
9150.000000  1.307189e-11
9170.000000  1.285888e-11
9190.000000  1.242324e-11
9210.000000  1.130593e-11
9230.000000  8.720711e-12
9250.000000  1.081549e-11
9270.000000  1.176579e-11
9290.000000  1.228696e-11
9310.000000  1.232554e-11
9330.000000  1.226808e-11
9350.000000  1.220989e-11
9370.000000  1.213597e-11
9390.000000  1.198454e-11
9410.000000  1.175497e-11
9430.000000  1.182624e-11
9450.000000  1.174112e-11
9470.000000  1.161220e-11
9490.000000  1.142028e-11
9510.000000  1.101329e-11
9530.000000  9.860074e-12
9550.000000  7.884594e-12
9570.000000  9.963377e-12
9590.000000  1.078139e-11
9610.000000  1.092228e-11
9630.000000  1.082426e-11
9650.000000  1.092522e-11
9670.000000  1.079312e-11
9690.000000  1.078308e-11
9710.000000  1.076097e-11
9730.000000  1.068401e-11
9750.000000  1.060021e-11
9770.000000  1.054187e-11
9790.000000  1.046548e-11
9810.000000  1.038401e-11
9830.000000  1.029788e-11
9850.000000  1.021466e-11
9870.000000  1.014032e-11
9890.000000  1.001811e-11
9910.000000  9.983904e-12
9930.000000  9.898355e-12
9950.000000  9.823863e-12
9970.000000  9.729722e-12
9990.000000  9.576648e-12
10025.000000  8.543712e-12
10075.000000  8.088778e-12
10125.000000  9.121216e-12
10175.000000  9.108481e-12
10225.000000  8.992880e-12
10275.000000  8.846242e-12
10325.000000  8.690789e-12
10375.000000  8.547700e-12
10425.000000  8.406968e-12
10475.000000  8.230801e-12
10525.000000  8.105388e-12
10575.000000  7.984032e-12
10625.000000  7.859288e-12
10675.000000  7.637529e-12
10725.000000  7.568051e-12
10775.000000  7.456585e-12
10825.000000  7.314467e-12
10875.000000  7.085182e-12
10925.000000  5.895451e-12
10975.000000  6.450606e-12
11025.000000  6.833103e-12
11075.000000  6.783821e-12
11125.000000  6.693013e-12
11175.000000  6.593151e-12
11225.000000  6.493010e-12
11275.000000  6.320194e-12
11325.000000  6.230324e-12
11375.000000  6.184328e-12
11425.000000  6.083345e-12
11475.000000  6.008836e-12
11525.000000  5.918691e-12
11575.000000  5.827630e-12
11625.000000  5.710908e-12
11675.000000  5.602943e-12
11725.000000  5.569546e-12
11775.000000  5.425271e-12
11825.000000  5.378231e-12
11875.000000  5.288117e-12
11925.000000  5.247606e-12
11975.000000  5.148445e-12
12025.000000  5.087759e-12
12075.000000  5.006591e-12
12125.000000  4.936800e-12
12175.000000  4.871779e-12
12225.000000  4.799530e-12
12275.000000  4.724982e-12
12325.000000  4.659235e-12
12375.000000  4.596034e-12
12425.000000  4.535858e-12
12475.000000  4.458955e-12
12525.000000  4.404874e-12
12575.000000  4.325717e-12
12625.000000  4.270763e-12
12675.000000  4.210612e-12
12725.000000  4.128189e-12
12775.000000  3.926665e-12
12825.000000  3.353942e-12
12875.000000  3.860851e-12
12925.000000  3.910320e-12
12975.000000  3.875813e-12
13025.000000  3.832941e-12
13075.000000  3.782951e-12
13125.000000  3.731186e-12
13175.000000  3.671406e-12
13225.000000  3.631744e-12
13275.000000  3.583179e-12
13325.000000  3.535328e-12
13375.000000  3.488393e-12
13425.000000  3.441459e-12
13475.000000  3.395470e-12
13525.000000  3.346004e-12
13575.000000  3.303972e-12
13625.000000  3.262551e-12
13675.000000  3.217726e-12
13725.000000  3.167607e-12
13775.000000  3.136223e-12
13825.000000  3.096053e-12
13875.000000  3.058371e-12
13925.000000  3.015423e-12
13975.000000  2.979486e-12
14025.000000  2.942037e-12
14075.000000  2.905359e-12
14125.000000  2.867241e-12
14175.000000  2.831480e-12
14225.000000  2.795908e-12
14275.000000  2.760409e-12
14325.000000  2.725768e-12
14375.000000  2.692799e-12
14425.000000  2.636673e-12
14475.000000  2.625438e-12
14525.000000  2.582710e-12
14570.000000  2.564536e-12
14620.000000  2.532107e-12
14675.000000  2.502863e-12
14725.000000  2.471947e-12
14775.000000  2.436638e-12
14825.000000  2.412224e-12
14875.000000  2.377918e-12
14925.000000  2.359455e-12
14975.000000  2.328596e-12
15025.000000  2.297942e-12
15075.000000  2.271609e-12
15125.000000  2.247822e-12
15175.000000  2.220558e-12
15225.000000  2.195358e-12
15275.000000  2.165084e-12
15325.000000  2.137136e-12
15375.000000  2.116910e-12
15425.000000  2.074957e-12
15475.000000  2.065479e-12
15525.000000  2.040351e-12
15575.000000  1.984306e-12
15625.000000  2.015002e-12
15675.000000  1.949510e-12
15725.000000  1.898640e-12
15775.000000  1.953387e-12
15825.000000  1.927212e-12
15875.000000  1.772357e-12
15925.000000  1.854890e-12
15975.000000  1.885864e-12
16050.000000  1.819840e-12
16150.000000  1.711558e-12
16250.000000  1.793945e-12
16350.000000  1.695779e-12
16450.000000  1.588790e-12
16550.000000  1.686678e-12
16650.000000  1.652707e-12
16750.000000  1.548472e-12
16850.000000  1.447708e-12
16950.000000  1.545132e-12
17050.000000  1.517796e-12
17150.000000  1.485774e-12
17250.000000  1.438881e-12
17350.000000  1.269134e-12
17450.000000  1.357943e-12
17550.000000  1.359635e-12
17650.000000  1.334336e-12
17750.000000  1.308934e-12
17850.000000  1.281567e-12
17950.000000  1.254709e-12
18050.000000  1.217492e-12
18150.000000  1.086095e-12
18250.000000  1.137877e-12
18350.000000  1.151862e-12
18450.000000  1.132222e-12
18550.000000  1.106965e-12
18650.000000  1.075349e-12
18750.000000  9.561021e-13
18850.000000  1.028050e-12
18950.000000  1.021680e-12
19050.000000  1.006447e-12
19150.000000  9.868794e-13
19250.000000  9.647496e-13
19350.000000  9.341277e-13
19450.000000  8.317487e-13
19550.000000  8.986970e-13
19650.000000  8.940536e-13
19750.000000  8.789091e-13
19850.000000  8.629649e-13
19950.000000  8.468636e-13
20050.000000  8.312265e-13
20150.000000  8.158861e-13
20250.000000  8.007407e-13
20350.000000  7.859621e-13
20450.000000  7.718990e-13
20550.000000  7.578710e-13
20650.000000  7.438604e-13
20750.000000  7.305700e-13
20850.000000  7.176448e-13
20950.000000  7.047530e-13
21050.000000  6.921319e-13
21150.000000  6.791486e-13
21250.000000  6.671807e-13
21350.000000  6.554979e-13
21450.000000  6.431613e-13
21550.000000  6.252170e-13
21650.000000  5.608306e-13
21750.000000  5.986138e-13
21850.000000  5.993573e-13
21950.000000  5.913590e-13
22050.000000  5.810919e-13
22150.000000  5.709122e-13
22250.000000  5.618903e-13
22350.000000  5.524554e-13
22450.000000  5.432793e-13
22550.000000  5.339391e-13
22650.000000  5.253216e-13
22750.000000  5.167000e-13
22850.000000  5.084071e-13
22950.000000  5.000896e-13
23050.000000  4.922056e-13
23150.000000  4.842604e-13
23250.000000  4.765015e-13
23350.000000  4.689273e-13
23450.000000  4.615161e-13
23550.000000  4.542155e-13
23650.000000  4.470327e-13
23750.000000  4.400115e-13
23850.000000  4.330891e-13
23950.000000  4.262730e-13
24050.000000  4.195121e-13
24150.000000  4.129506e-13
24250.000000  4.066203e-13
24350.000000  4.002307e-13
24450.000000  3.937783e-13
24550.000000  3.880109e-13
24650.000000  3.815194e-13
24750.000000  3.757333e-13
24850.000000  3.708532e-13
24950.000000  3.621643e-13
