2505.000000  2.286424e-15
2513.000000  1.233308e-15
2518.000000  9.785667e-16
2525.000000  1.302418e-15
2535.000000  5.999177e-15
2545.000000  7.566381e-15
2555.000000  1.232463e-14
2565.000000  5.159072e-15
2575.000000  1.160899e-14
2585.000000  6.519027e-15
2595.000000  9.059258e-15
2605.000000  1.306348e-14
2615.000000  1.055424e-14
2625.000000  1.997073e-14
2635.000000  4.498465e-14
2645.000000  3.954853e-14
2655.000000  8.629819e-14
2665.000000  4.809696e-14
2675.000000  4.343756e-14
2685.000000  6.587003e-14
2695.000000  2.955626e-14
2705.000000  6.865213e-14
2715.000000  4.566744e-14
2725.000000  2.809471e-14
2735.000000  3.674227e-14
2745.000000  4.465077e-14
2755.000000  4.935300e-14
2765.000000  7.902217e-14
2775.000000  1.040561e-13
2785.000000  5.315635e-14
2795.000000  3.275560e-14
2805.000000  3.815810e-14
2815.000000  8.402217e-14
2825.000000  9.230386e-14
2835.000000  6.620421e-14
2845.000000  2.969768e-14
2855.000000  8.179425e-15
2865.000000  5.558206e-14
2875.000000  9.182638e-14
2885.000000  1.632390e-13
2895.000000  2.439578e-13
2910.000000  3.639817e-13
2930.000000  3.777537e-13
2950.000000  3.274383e-13
2970.000000  3.343190e-13
2990.000000  3.344144e-13
3010.000000  2.921112e-13
3030.000000  4.564179e-13
3050.000000  5.071095e-13
3070.000000  8.256771e-13
3090.000000  9.603414e-13
3110.000000  1.554299e-12
3130.000000  1.288327e-12
3150.000000  1.841217e-12
3170.000000  2.370256e-12
3190.000000  1.829128e-12
3210.000000  2.097371e-12
3230.000000  1.570740e-12
3250.000000  2.730566e-12
3270.000000  3.757707e-12
3290.000000  4.174367e-12
3310.000000  3.381964e-12
3330.000000  3.565095e-12
3350.000000  3.217589e-12
3370.000000  2.125887e-12
3390.000000  2.468485e-12
3410.000000  2.993286e-12
3430.000000  3.535846e-12
3450.000000  3.327791e-12
3470.000000  3.606213e-12
3490.000000  4.556270e-12
3510.000000  5.132822e-12
3530.000000  4.087592e-12
3550.000000  5.116754e-12
3570.000000  2.412777e-12
3590.000000  2.797209e-12
3610.000000  4.629730e-12
3630.000000  6.212679e-12
3640.000000  6.611193e-12
3650.000000  7.458208e-12
3670.000000  8.806873e-12
3690.000000  7.684796e-12
3710.000000  7.432237e-12
3730.000000  3.177138e-12
3750.000000  3.902934e-12
3770.000000  6.513916e-12
3790.000000  6.637650e-12
3810.000000  5.488323e-12
3830.000000  2.483434e-12
3850.000000  3.246122e-12
3870.000000  3.568099e-12
3890.000000  6.463075e-12
3910.000000  8.196491e-12
3930.000000  2.586965e-12
3950.000000  5.801820e-12
3970.000000  3.483972e-12
3990.000000  1.264050e-11
4010.000000  1.614782e-11
4030.000000  1.487220e-11
4050.000000  1.404502e-11
4070.000000  1.277970e-11
4090.000000  1.739504e-11
4110.000000  1.567767e-11
4130.000000  1.364910e-11
4150.000000  1.214253e-11
4170.000000  1.254837e-11
4190.000000  1.368723e-11
4210.000000  1.503193e-11
4230.000000  1.473730e-11
4250.000000  1.839886e-11
4270.000000  1.719959e-11
4290.000000  1.588685e-11
4310.000000  1.454944e-11
4330.000000  2.234279e-11
4350.000000  2.291100e-11
4370.000000  2.470575e-11
4390.000000  2.146878e-11
4410.000000  2.314606e-11
4430.000000  2.493673e-11
4450.000000  2.577318e-11
4470.000000  2.824595e-11
4490.000000  2.962574e-11
4510.000000  3.525645e-11
4530.000000  2.956884e-11
4550.000000  3.124441e-11
4570.000000  3.459869e-11
4590.000000  3.406339e-11
4610.000000  3.538199e-11
4630.000000  3.414988e-11
4650.000000  3.485645e-11
4670.000000  3.694549e-11
4690.000000  3.632465e-11
4710.000000  3.520142e-11
4730.000000  3.684973e-11
4750.000000  3.889369e-11
4770.000000  3.893456e-11
4790.000000  3.890485e-11
4810.000000  3.953578e-11
4830.000000  4.148446e-11
4850.000000  3.941333e-11
4870.000000  3.697064e-11
4890.000000  4.067974e-11
4910.000000  4.062884e-11
4930.000000  3.951276e-11
4950.000000  4.247804e-11
4970.000000  4.073660e-11
4990.000000  3.721841e-11
5010.000000  3.461887e-11
5030.000000  3.718707e-11
5050.000000  3.697236e-11
5070.000000  3.856502e-11
5090.000000  3.499475e-11
5110.000000  3.650844e-11
5130.000000  3.444428e-11
5150.000000  3.346353e-11
5170.000000  2.990431e-11
5190.000000  3.253892e-11
5210.000000  3.558617e-11
5230.000000  4.108617e-11
5250.000000  4.295029e-11
5270.000000  3.759927e-11
5290.000000  4.446466e-11
5310.000000  4.875936e-11
5330.000000  4.139024e-11
5350.000000  4.650383e-11
5370.000000  4.722163e-11
5390.000000  4.460329e-11
5410.000000  4.463415e-11
5430.000000  4.519054e-11
5450.000000  4.833989e-11
5470.000000  4.619814e-11
5490.000000  4.551580e-11
5510.000000  4.511810e-11
5530.000000  4.773085e-11
5550.000000  4.930852e-11
5570.000000  4.818879e-11
5590.000000  4.639136e-11
5610.000000  4.958978e-11
5630.000000  4.829148e-11
5650.000000  4.909058e-11
5670.000000  4.777203e-11
5690.000000  5.012178e-11
5710.000000  4.738952e-11
5730.000000  5.311046e-11
5750.000000  5.048455e-11
5770.000000  5.186362e-11
5790.000000  4.821062e-11
5810.000000  5.211427e-11
5830.000000  5.460375e-11
5850.000000  5.221394e-11
5870.000000  5.241414e-11
5890.000000  4.179548e-11
5910.000000  5.124111e-11
5930.000000  5.188852e-11
5950.000000  5.183599e-11
5970.000000  5.355169e-11
5990.000000  5.207330e-11
6010.000000  5.099914e-11
6030.000000  5.309089e-11
6050.000000  5.428783e-11
6070.000000  5.400537e-11
6090.000000  5.105344e-11
6110.000000  5.159298e-11
6130.000000  4.782126e-11
6150.000000  5.025113e-11
6170.000000  4.756071e-11
6190.000000  5.150608e-11
6210.000000  5.077989e-11
6230.000000  4.875993e-11
6250.000000  4.657957e-11
6270.000000  4.940124e-11
6290.000000  5.107241e-11
6310.000000  4.900426e-11
6330.000000  5.011838e-11
6350.000000  4.967428e-11
6370.000000  4.930695e-11
6390.000000  5.126424e-11
6410.000000  5.038837e-11
6430.000000  5.082490e-11
6450.000000  5.069737e-11
6470.000000  5.084184e-11
6490.000000  4.918450e-11
6510.000000  5.089335e-11
6530.000000  5.130960e-11
6550.000000  5.060481e-11
6570.000000  5.002800e-11
6590.000000  5.134355e-11
6610.000000  5.160166e-11
6630.000000  5.121740e-11
6650.000000  5.112763e-11
6670.000000  4.995185e-11
6690.000000  5.164251e-11
6710.000000  4.934490e-11
6730.000000  5.184288e-11
6750.000000  5.046061e-11
6770.000000  5.119697e-11
6790.000000  5.047751e-11
6810.000000  5.058018e-11
6830.000000  5.150161e-11
6850.000000  4.981375e-11
6870.000000  5.066849e-11
6890.000000  5.146319e-11
6910.000000  5.098148e-11
6930.000000  4.990105e-11
6950.000000  4.887969e-11
6970.000000  4.956848e-11
6990.000000  4.869635e-11
7010.000000  4.750997e-11
7030.000000  4.893585e-11
7050.000000  4.977470e-11
7070.000000  4.816793e-11
7090.000000  4.758057e-11
7110.000000  4.709043e-11
7130.000000  4.574833e-11
7150.000000  4.577380e-11
7170.000000  4.685675e-11
7190.000000  4.535194e-11
7210.000000  4.666980e-11
7230.000000  4.801779e-11
7250.000000  4.772452e-11
7270.000000  4.743698e-11
7290.000000  4.596696e-11
7310.000000  4.699845e-11
7330.000000  4.685766e-11
7350.000000  4.666461e-11
7370.000000  4.808743e-11
7390.000000  4.700185e-11
7410.000000  4.684372e-11
7430.000000  4.742992e-11
7450.000000  4.738778e-11
7470.000000  4.742492e-11
7490.000000  4.696912e-11
7510.000000  4.790733e-11
7530.000000  4.835109e-11
7550.000000  4.861885e-11
7570.000000  4.811644e-11
7590.000000  4.769010e-11
7610.000000  4.777137e-11
7630.000000  4.817163e-11
7650.000000  4.828971e-11
7670.000000  4.620252e-11
7690.000000  4.815270e-11
7710.000000  4.695820e-11
7730.000000  4.705731e-11
7750.000000  4.679079e-11
7770.000000  4.809244e-11
7790.000000  4.798798e-11
7810.000000  4.783891e-11
7830.000000  4.729243e-11
7850.000000  4.670548e-11
7870.000000  4.687299e-11
7890.000000  4.478509e-11
7910.000000  4.337708e-11
7930.000000  4.353414e-11
7950.000000  4.257340e-11
7970.000000  4.469911e-11
7990.000000  4.451529e-11
8010.000000  4.449227e-11
8030.000000  4.468469e-11
8050.000000  4.411841e-11
8070.000000  4.347618e-11
8090.000000  4.220856e-11
8110.000000  4.187938e-11
8130.000000  4.279573e-11
8150.000000  4.280835e-11
8170.000000  4.306395e-11
8190.000000  4.213582e-11
8210.000000  4.204946e-11
8230.000000  4.287087e-11
8250.000000  4.313971e-11
8270.000000  4.373039e-11
8290.000000  4.321183e-11
8310.000000  4.104275e-11
8330.000000  4.153148e-11
8350.000000  4.148744e-11
8370.000000  4.210336e-11
8390.000000  4.040547e-11
8410.000000  4.237777e-11
8430.000000  4.099461e-11
8450.000000  4.208941e-11
8470.000000  4.199790e-11
8490.000000  4.175062e-11
8510.000000  3.950671e-11
8530.000000  4.088522e-11
8550.000000  3.421160e-11
8570.000000  4.232979e-11
8590.000000  4.174006e-11
8610.000000  4.193491e-11
8630.000000  4.227564e-11
8650.000000  4.191622e-11
8670.000000  3.502887e-11
8690.000000  4.024528e-11
8710.000000  4.170204e-11
8730.000000  4.186910e-11
8750.000000  4.161616e-11
8770.000000  4.205469e-11
8790.000000  4.173697e-11
8810.000000  4.039894e-11
8830.000000  4.127989e-11
8850.000000  4.189880e-11
8870.000000  4.107193e-11
8890.000000  4.171683e-11
8910.000000  4.221268e-11
8930.000000  4.087661e-11
8950.000000  4.082074e-11
8970.000000  4.093402e-11
8990.000000  4.111880e-11
9010.000000  3.947733e-11
9030.000000  4.058645e-11
9050.000000  4.164569e-11
9070.000000  4.134057e-11
9090.000000  3.958621e-11
9110.000000  3.926356e-11
9130.000000  4.063897e-11
9150.000000  3.747876e-11
9170.000000  3.639952e-11
9190.000000  3.701318e-11
9210.000000  3.595627e-11
9230.000000  3.686978e-11
9250.000000  3.647348e-11
9270.000000  3.714570e-11
9290.000000  3.656259e-11
9310.000000  3.782860e-11
9330.000000  3.784554e-11
9350.000000  3.733581e-11
9370.000000  3.701751e-11
9390.000000  3.624816e-11
9410.000000  3.531174e-11
9430.000000  3.584153e-11
9450.000000  3.489453e-11
9470.000000  3.621930e-11
9490.000000  3.598296e-11
9510.000000  3.672365e-11
9530.000000  3.640334e-11
9550.000000  3.603541e-11
9570.000000  3.612768e-11
9590.000000  3.680715e-11
9610.000000  3.620944e-11
9630.000000  3.609570e-11
9650.000000  3.514606e-11
9670.000000  3.492991e-11
9690.000000  3.584168e-11
9710.000000  3.550045e-11
9730.000000  3.549787e-11
9750.000000  3.533656e-11
9770.000000  3.550851e-11
9790.000000  3.461905e-11
9810.000000  3.600283e-11
9830.000000  3.565817e-11
9850.000000  3.612151e-11
9870.000000  3.604237e-11
9890.000000  3.624394e-11
9910.000000  3.571699e-11
9930.000000  3.613655e-11
9950.000000  3.580383e-11
9970.000000  3.607454e-11
9990.000000  3.606224e-11
10025.000000  3.567988e-11
10075.000000  3.536046e-11
10125.000000  3.555547e-11
10175.000000  3.501095e-11
10225.000000  3.512374e-11
10275.000000  3.523887e-11
10325.000000  3.453918e-11
10375.000000  3.435141e-11
10425.000000  3.451137e-11
10475.000000  3.417081e-11
10525.000000  3.419660e-11
10575.000000  3.378963e-11
10625.000000  3.367197e-11
10675.000000  3.297451e-11
10725.000000  3.296061e-11
10775.000000  3.269337e-11
10825.000000  3.207171e-11
10875.000000  3.160352e-11
10925.000000  3.102097e-11
10975.000000  2.872151e-11
11025.000000  2.862111e-11
11075.000000  2.914532e-11
11125.000000  2.912935e-11
11175.000000  2.956379e-11
11225.000000  2.943822e-11
11275.000000  2.893277e-11
11325.000000  2.926069e-11
11375.000000  2.853832e-11
11425.000000  2.878413e-11
11475.000000  2.922292e-11
11525.000000  2.917288e-11
11575.000000  2.881926e-11
11625.000000  2.844379e-11
11675.000000  2.849114e-11
11725.000000  2.895331e-11
11775.000000  2.836903e-11
11825.000000  2.818844e-11
11875.000000  2.784709e-11
11925.000000  2.844188e-11
11975.000000  2.715016e-11
12025.000000  2.776703e-11
12075.000000  2.743103e-11
12125.000000  2.754627e-11
12175.000000  2.766158e-11
12225.000000  2.752915e-11
12275.000000  2.736930e-11
12325.000000  2.708290e-11
12375.000000  2.701983e-11
12425.000000  2.674294e-11
12475.000000  2.685434e-11
12525.000000  2.653492e-11
12575.000000  2.653782e-11
12625.000000  2.646961e-11
12675.000000  2.608281e-11
12725.000000  2.614365e-11
12775.000000  2.622953e-11
12825.000000  2.520515e-11
12875.000000  2.563475e-11
12925.000000  2.524215e-11
12975.000000  2.563589e-11
13025.000000  2.521813e-11
13075.000000  2.543437e-11
13125.000000  2.488853e-11
13175.000000  2.485802e-11
13225.000000  2.493147e-11
13275.000000  2.444416e-11
13325.000000  2.470018e-11
13375.000000  2.450944e-11
13425.000000  2.464522e-11
13475.000000  2.448122e-11
13525.000000  2.443689e-11
13575.000000  2.395712e-11
13625.000000  2.385050e-11
13675.000000  2.393407e-11
13725.000000  2.400551e-11
13775.000000  2.383164e-11
13825.000000  2.385030e-11
13875.000000  2.358828e-11
13925.000000  2.348455e-11
13975.000000  2.332107e-11
14025.000000  2.299425e-11
14075.000000  2.248299e-11
14125.000000  2.160048e-11
14175.000000  2.166011e-11
14225.000000  2.151258e-11
14275.000000  2.112428e-11
14325.000000  2.162650e-11
14375.000000  2.180766e-11
14425.000000  2.105504e-11
14475.000000  2.183658e-11
14525.000000  2.110426e-11
14570.000000  2.108073e-11
14620.000000  2.071433e-11
14675.000000  2.056608e-11
14725.000000  2.032522e-11
14775.000000  2.053410e-11
14825.000000  2.054819e-11
14875.000000  2.046968e-11
14925.000000  2.094387e-11
14975.000000  2.076314e-11
15025.000000  2.022023e-11
15075.000000  2.011602e-11
15125.000000  2.017973e-11
15175.000000  2.041163e-11
15225.000000  2.027307e-11
15275.000000  2.031788e-11
15325.000000  2.035057e-11
15375.000000  2.045801e-11
15425.000000  2.028940e-11
15475.000000  2.034717e-11
15525.000000  1.992095e-11
15575.000000  1.963111e-11
15625.000000  2.016938e-11
15675.000000  1.964295e-11
15725.000000  1.989849e-11
15775.000000  1.884095e-11
15825.000000  1.930163e-11
15875.000000  1.863970e-11
15925.000000  1.907466e-11
15975.000000  1.926274e-11
16050.000000  1.908437e-11
16150.000000  1.891968e-11
16250.000000  1.886029e-11
16350.000000  1.888061e-11
16450.000000  1.809941e-11
16550.000000  1.838826e-11
16650.000000  1.780229e-11
16750.000000  1.765852e-11
16850.000000  1.702867e-11
16950.000000  1.731815e-11
17050.000000  1.663057e-11
17150.000000  1.655595e-11
17250.000000  1.606890e-11
17350.000000  1.556770e-11
17450.000000  1.559510e-11
17550.000000  1.525880e-11
17650.000000  1.509160e-11
17750.000000  1.465808e-11
17850.000000  1.455582e-11
17950.000000  1.430514e-11
18050.000000  1.388251e-11
18150.000000  1.369448e-11
18250.000000  1.340579e-11
18350.000000  1.314823e-11
18450.000000  1.281337e-11
18550.000000  1.271803e-11
18650.000000  1.230700e-11
18750.000000  1.204476e-11
18850.000000  1.198850e-11
18950.000000  1.141780e-11
19050.000000  1.167250e-11
19150.000000  1.138045e-11
19250.000000  1.126079e-11
19350.000000  1.086563e-11
19450.000000  1.062135e-11
19550.000000  1.064301e-11
19650.000000  1.034378e-11
19750.000000  1.001608e-11
19850.000000  9.931789e-12
19950.000000  9.760996e-12
20050.000000  9.738127e-12
20150.000000  9.621840e-12
20250.000000  9.282927e-12
20350.000000  9.133159e-12
20450.000000  9.115646e-12
20550.000000  8.855349e-12
20650.000000  8.685423e-12
20750.000000  8.558235e-12
20850.000000  8.411098e-12
20950.000000  8.213463e-12
21050.000000  8.198224e-12
21150.000000  8.046645e-12
21250.000000  7.885452e-12
21350.000000  7.823061e-12
21450.000000  7.666668e-12
21550.000000  7.550502e-12
21650.000000  7.359389e-12
21750.000000  7.224162e-12
21850.000000  7.159731e-12
21950.000000  7.084428e-12
22050.000000  6.861792e-12
22150.000000  6.899507e-12
22250.000000  6.684668e-12
22350.000000  6.598625e-12
22450.000000  6.501063e-12
22550.000000  6.419194e-12
22650.000000  6.265094e-12
22750.000000  6.262220e-12
22850.000000  6.091561e-12
22950.000000  5.284510e-12
23050.000000  5.610357e-12
23150.000000  5.558913e-12
23250.000000  4.857540e-12
23350.000000  5.157322e-12
23450.000000  5.144672e-12
23550.000000  4.470863e-12
23650.000000  4.849844e-12
23750.000000  4.768091e-12
23850.000000  4.231127e-12
23950.000000  4.530225e-12
24050.000000  4.544730e-12
24150.000000  4.102412e-12
24250.000000  4.299035e-12
24350.000000  4.329818e-12
24450.000000  4.038516e-12
24550.000000  4.014395e-12
24650.000000  4.177503e-12
24750.000000  4.000101e-12
24850.000000  3.796068e-12
24950.000000  3.937222e-12
