2505.000000  9.670876e-11
2513.000000  8.278162e-11
2518.000000  8.620242e-11
2525.000000  7.808881e-11
2535.000000  7.897549e-11
2545.000000  7.734184e-11
2555.000000  8.435841e-11
2565.000000  8.175833e-11
2575.000000  8.993394e-11
2585.000000  8.817240e-11
2595.000000  8.493348e-11
2605.000000  8.022080e-11
2615.000000  7.951230e-11
2625.000000  8.637234e-11
2635.000000  8.684274e-11
2645.000000  9.933896e-11
2655.000000  9.733341e-11
2665.000000  8.562572e-11
2675.000000  9.180787e-11
2685.000000  8.826220e-11
2695.000000  8.604523e-11
2705.000000  8.961299e-11
2715.000000  8.420751e-11
2725.000000  8.567956e-11
2735.000000  9.328981e-11
2745.000000  7.478549e-11
2755.000000  7.535458e-11
2765.000000  7.804004e-11
2775.000000  8.633235e-11
2785.000000  8.438669e-11
2795.000000  6.017493e-11
2805.000000  7.042458e-11
2815.000000  8.772525e-11
2825.000000  9.099603e-11
2835.000000  8.497541e-11
2845.000000  8.156855e-11
2855.000000  7.896157e-11
2865.000000  8.602833e-11
2875.000000  8.226865e-11
2885.000000  8.375281e-11
2895.000000  7.894429e-11
2910.000000  8.982790e-11
2930.000000  8.522846e-11
2950.000000  8.494528e-11
2970.000000  8.661284e-11
2990.000000  8.702236e-11
3010.000000  8.899161e-11
3030.000000  8.695567e-11
3050.000000  8.525279e-11
3070.000000  8.399352e-11
3090.000000  8.530616e-11
3110.000000  8.216049e-11
3130.000000  8.133505e-11
3150.000000  8.264657e-11
3170.000000  8.143089e-11
3190.000000  7.793648e-11
3210.000000  7.955797e-11
3230.000000  7.763750e-11
3250.000000  7.795946e-11
3270.000000  7.764949e-11
3290.000000  7.792637e-11
3310.000000  7.792414e-11
3330.000000  7.576421e-11
3350.000000  7.446095e-11
3370.000000  7.403620e-11
3390.000000  7.315811e-11
3410.000000  7.428599e-11
3430.000000  7.364750e-11
3450.000000  7.284787e-11
3470.000000  7.152000e-11
3490.000000  7.081813e-11
3510.000000  7.137280e-11
3530.000000  7.134200e-11
3550.000000  7.101445e-11
3570.000000  6.952285e-11
3590.000000  6.891090e-11
3610.000000  6.837585e-11
3630.000000  6.775167e-11
3640.000000  6.735247e-11
3650.000000  6.894710e-11
3670.000000  6.818133e-11
3690.000000  6.525935e-11
3710.000000  6.841461e-11
3730.000000  7.217581e-11
3750.000000  9.579425e-11
3770.000000  1.011636e-10
3790.000000  1.233349e-10
3810.000000  1.395808e-10
3830.000000  1.104786e-10
3850.000000  1.469517e-10
3870.000000  1.604358e-10
3890.000000  9.906748e-11
3910.000000  1.566134e-10
3930.000000  1.573520e-10
3950.000000  1.553101e-10
3970.000000  9.300359e-11
3990.000000  1.494921e-10
4010.000000  1.545003e-10
4030.000000  1.513705e-10
4050.000000  1.512955e-10
4070.000000  1.462151e-10
4090.000000  1.247521e-10
4110.000000  9.643892e-11
4130.000000  1.374798e-10
4150.000000  1.409717e-10
4170.000000  1.382929e-10
4190.000000  1.368140e-10
4210.000000  1.353335e-10
4230.000000  1.329100e-10
4250.000000  1.302118e-10
4270.000000  1.274590e-10
4290.000000  1.273094e-10
4310.000000  1.220434e-10
4330.000000  9.964558e-11
4350.000000  8.512426e-11
4370.000000  1.180967e-10
4390.000000  1.164790e-10
4410.000000  1.165352e-10
4430.000000  1.145842e-10
4450.000000  1.145172e-10
4470.000000  1.123102e-10
4490.000000  1.094273e-10
4510.000000  1.096471e-10
4530.000000  1.076527e-10
4550.000000  1.049145e-10
4570.000000  1.057872e-10
4590.000000  1.029138e-10
4610.000000  1.038399e-10
4630.000000  1.000734e-10
4650.000000  1.009764e-10
4670.000000  9.902705e-11
4690.000000  9.740446e-11
4710.000000  9.439043e-11
4730.000000  9.544879e-11
4750.000000  9.406576e-11
4770.000000  9.338136e-11
4790.000000  9.194856e-11
4810.000000  8.996253e-11
4830.000000  8.733124e-11
4850.000000  7.271416e-11
4870.000000  5.920284e-11
4890.000000  8.331445e-11
4910.000000  8.425496e-11
4930.000000  8.273459e-11
4950.000000  8.257887e-11
4970.000000  8.198831e-11
4990.000000  8.048006e-11
5010.000000  7.791297e-11
5030.000000  7.765647e-11
5050.000000  7.606163e-11
5070.000000  7.618863e-11
5090.000000  7.524137e-11
5110.000000  7.401521e-11
5130.000000  7.348460e-11
5150.000000  7.176429e-11
5170.000000  7.060160e-11
5190.000000  7.002989e-11
5210.000000  6.921921e-11
5230.000000  6.793816e-11
5250.000000  6.808276e-11
5270.000000  6.614545e-11
5290.000000  6.681842e-11
5310.000000  6.501585e-11
5330.000000  6.464253e-11
5350.000000  6.459650e-11
5370.000000  6.366384e-11
5390.000000  6.288818e-11
5410.000000  6.179116e-11
5430.000000  6.131155e-11
5450.000000  6.093451e-11
5470.000000  6.011302e-11
5490.000000  5.952747e-11
5510.000000  5.872214e-11
5530.000000  5.820159e-11
5550.000000  5.763218e-11
5570.000000  5.694170e-11
5590.000000  5.639418e-11
5610.000000  5.596538e-11
5630.000000  5.531587e-11
5650.000000  5.434607e-11
5670.000000  5.386771e-11
5690.000000  5.344208e-11
5710.000000  5.288946e-11
5730.000000  5.232563e-11
5750.000000  5.167905e-11
5770.000000  5.113903e-11
5790.000000  5.043082e-11
5810.000000  4.996034e-11
5830.000000  4.942557e-11
5850.000000  4.894024e-11
5870.000000  4.820004e-11
5890.000000  4.752908e-11
5910.000000  4.731489e-11
5930.000000  4.688101e-11
5950.000000  4.605403e-11
5970.000000  4.574570e-11
5990.000000  4.512670e-11
6010.000000  4.481643e-11
6030.000000  4.440354e-11
6050.000000  4.384799e-11
6070.000000  4.342525e-11
6090.000000  4.296719e-11
6110.000000  4.254082e-11
6130.000000  4.205199e-11
6150.000000  4.097846e-11
6170.000000  4.116657e-11
6190.000000  4.080025e-11
6210.000000  4.038556e-11
6230.000000  3.988567e-11
6250.000000  3.907291e-11
6270.000000  3.914950e-11
6290.000000  3.873189e-11
6310.000000  3.820148e-11
6330.000000  3.791817e-11
6350.000000  3.697527e-11
6370.000000  3.679890e-11
6390.000000  3.672757e-11
6410.000000  3.629329e-11
6430.000000  3.600940e-11
6450.000000  3.529607e-11
6470.000000  3.531309e-11
6490.000000  3.469567e-11
6510.000000  3.431088e-11
6530.000000  3.359829e-11
6550.000000  3.006115e-11
6570.000000  2.433521e-11
6590.000000  3.206144e-11
6610.000000  3.264592e-11
6630.000000  3.246237e-11
6650.000000  3.225516e-11
6670.000000  3.191764e-11
6690.000000  3.163784e-11
6710.000000  3.137484e-11
6730.000000  3.099929e-11
6750.000000  3.074562e-11
6770.000000  3.048455e-11
6790.000000  3.016416e-11
6810.000000  2.988269e-11
6830.000000  2.955465e-11
6850.000000  2.929396e-11
6870.000000  2.902523e-11
6890.000000  2.876962e-11
6910.000000  2.848012e-11
6930.000000  2.817516e-11
6950.000000  2.795605e-11
6970.000000  2.768963e-11
6990.000000  2.745945e-11
7010.000000  2.708899e-11
7030.000000  2.693742e-11
7050.000000  2.661935e-11
7070.000000  2.641224e-11
7090.000000  2.620818e-11
7110.000000  2.579556e-11
7130.000000  2.566550e-11
7150.000000  2.544103e-11
7170.000000  2.522821e-11
7190.000000  2.500543e-11
7210.000000  2.478810e-11
7230.000000  2.451634e-11
7250.000000  2.427656e-11
7270.000000  2.411514e-11
7290.000000  2.387961e-11
7310.000000  2.365147e-11
7330.000000  2.346503e-11
7350.000000  2.327859e-11
7370.000000  2.307123e-11
7390.000000  2.285636e-11
7410.000000  2.262860e-11
7430.000000  2.231939e-11
7450.000000  2.217574e-11
7470.000000  2.189947e-11
7490.000000  2.178645e-11
7510.000000  2.159136e-11
7530.000000  2.146922e-11
7550.000000  2.128739e-11
7570.000000  2.110315e-11
7590.000000  2.090602e-11
7610.000000  2.075529e-11
7630.000000  2.055816e-11
7650.000000  2.035325e-11
7670.000000  2.018443e-11
7690.000000  2.001305e-11
7710.000000  1.982588e-11
7730.000000  1.968527e-11
7750.000000  1.951425e-11
7770.000000  1.893406e-11
7790.000000  1.918112e-11
7810.000000  1.903333e-11
7830.000000  1.885649e-11
7850.000000  1.862312e-11
7870.000000  1.842671e-11
7890.000000  1.821159e-11
7910.000000  1.819433e-11
7930.000000  1.808131e-11
7950.000000  1.777478e-11
7970.000000  1.778427e-11
7990.000000  1.736241e-11
8010.000000  1.748503e-11
8030.000000  1.733152e-11
8050.000000  1.719333e-11
8070.000000  1.704748e-11
8090.000000  1.690929e-11
8110.000000  1.675810e-11
8130.000000  1.664057e-11
8150.000000  1.650469e-11
8170.000000  1.637441e-11
8190.000000  1.614214e-11
8210.000000  1.603348e-11
8230.000000  1.584883e-11
8250.000000  1.587521e-11
8270.000000  1.584652e-11
8290.000000  1.566664e-11
8310.000000  1.559530e-11
8330.000000  1.541128e-11
8350.000000  1.533388e-11
8370.000000  1.521027e-11
8390.000000  1.506150e-11
8410.000000  1.487883e-11
8430.000000  1.474987e-11
8450.000000  1.444422e-11
8470.000000  1.420867e-11
8490.000000  1.458677e-11
8510.000000  1.370054e-11
8530.000000  1.463405e-11
8550.000000  1.296816e-11
8570.000000  1.476589e-11
8590.000000  1.357145e-11
8610.000000  1.319360e-11
8630.000000  1.487160e-11
8650.000000  1.423806e-11
8670.000000  1.166953e-11
8690.000000  1.448088e-11
8710.000000  1.503154e-11
8730.000000  1.442166e-11
8750.000000  1.120574e-11
8770.000000  1.370291e-11
8790.000000  1.482719e-11
8810.000000  1.482405e-11
8830.000000  1.438955e-11
8850.000000  1.292931e-11
8870.000000  1.081060e-11
8890.000000  1.379743e-11
8910.000000  1.421198e-11
8930.000000  1.417843e-11
8950.000000  1.418074e-11
8970.000000  1.397084e-11
8990.000000  1.340107e-11
9010.000000  1.059668e-11
9030.000000  1.164942e-11
9050.000000  1.328245e-11
9070.000000  1.324866e-11
9090.000000  1.318861e-11
9110.000000  1.326093e-11
9130.000000  1.320916e-11
9150.000000  1.315860e-11
9170.000000  1.296765e-11
9190.000000  1.264375e-11
9210.000000  1.186581e-11
9230.000000  9.158880e-12
9250.000000  1.139475e-11
9270.000000  1.196995e-11
9290.000000  1.237698e-11
9310.000000  1.237090e-11
9330.000000  1.226030e-11
9350.000000  1.221959e-11
9370.000000  1.214288e-11
9390.000000  1.196677e-11
9410.000000  1.172139e-11
9430.000000  1.182873e-11
9450.000000  1.175945e-11
9470.000000  1.163463e-11
9490.000000  1.150069e-11
9510.000000  1.125313e-11
9530.000000  1.037042e-11
9550.000000  8.254746e-12
9570.000000  1.044028e-11
9590.000000  1.098122e-11
9610.000000  1.098354e-11
9630.000000  1.078311e-11
9650.000000  1.092108e-11
9670.000000  1.078022e-11
9690.000000  1.075190e-11
9710.000000  1.071556e-11
9730.000000  1.062876e-11
9750.000000  1.053908e-11
9770.000000  1.047783e-11
9790.000000  1.039335e-11
9810.000000  1.030901e-11
9830.000000  1.020156e-11
9850.000000  1.014250e-11
9870.000000  1.006908e-11
9890.000000  9.954122e-12
9910.000000  9.930893e-12
9930.000000  9.852017e-12
9950.000000  9.775338e-12
9970.000000  9.698400e-12
9990.000000  9.597283e-12
10025.000000  8.780924e-12
10075.000000  8.294772e-12
10125.000000  9.051929e-12
10175.000000  9.020090e-12
10225.000000  8.899892e-12
10275.000000  8.744190e-12
10325.000000  8.585227e-12
10375.000000  8.439749e-12
10425.000000  8.301558e-12
10475.000000  8.130543e-12
10525.000000  7.984695e-12
10575.000000  7.869844e-12
10625.000000  7.749534e-12
10675.000000  7.534036e-12
10725.000000  7.461771e-12
10775.000000  7.352545e-12
10825.000000  7.220808e-12
10875.000000  7.053843e-12
10925.000000  6.017637e-12
10975.000000  6.539697e-12
11025.000000  6.754758e-12
11075.000000  6.676560e-12
11125.000000  6.570849e-12
11175.000000  6.465972e-12
11225.000000  6.364719e-12
11275.000000  6.178414e-12
11325.000000  6.099402e-12
11375.000000  6.059049e-12
11425.000000  5.960130e-12
11475.000000  5.878674e-12
11525.000000  5.788396e-12
11575.000000  5.696367e-12
11625.000000  5.577855e-12
11675.000000  5.482959e-12
11725.000000  5.435994e-12
11775.000000  5.302913e-12
11825.000000  5.254989e-12
11875.000000  5.166595e-12
11925.000000  5.116945e-12
11975.000000  5.023800e-12
12025.000000  4.958229e-12
12075.000000  4.880104e-12
12125.000000  4.807679e-12
12175.000000  4.741148e-12
12225.000000  4.669064e-12
12275.000000  4.594720e-12
12325.000000  4.530486e-12
12375.000000  4.466048e-12
12425.000000  4.406419e-12
12475.000000  4.322876e-12
12525.000000  4.277564e-12
12575.000000  4.199476e-12
12625.000000  4.148553e-12
12675.000000  4.094939e-12
12725.000000  4.023844e-12
12775.000000  3.884754e-12
12825.000000  3.367102e-12
12875.000000  3.803262e-12
12925.000000  3.804682e-12
12975.000000  3.761500e-12
13025.000000  3.711232e-12
13075.000000  3.659833e-12
13125.000000  3.609224e-12
13175.000000  3.546365e-12
13225.000000  3.510524e-12
13275.000000  3.462444e-12
13325.000000  3.415407e-12
13375.000000  3.368884e-12
13425.000000  3.320547e-12
13475.000000  3.275298e-12
13525.000000  3.227522e-12
13575.000000  3.186332e-12
13625.000000  3.144172e-12
13675.000000  3.098909e-12
13725.000000  3.055789e-12
13775.000000  3.022985e-12
13825.000000  2.983316e-12
13875.000000  2.945478e-12
13925.000000  2.904095e-12
13975.000000  2.868034e-12
14025.000000  2.831465e-12
14075.000000  2.794650e-12
14125.000000  2.757824e-12
14175.000000  2.722785e-12
14225.000000  2.688036e-12
14275.000000  2.653544e-12
14325.000000  2.619235e-12
14375.000000  2.586248e-12
14425.000000  2.537329e-12
14475.000000  2.520326e-12
14525.000000  2.481775e-12
14570.000000  2.461258e-12
14620.000000  2.432892e-12
14675.000000  2.403696e-12
14725.000000  2.373032e-12
14775.000000  2.338566e-12
14825.000000  2.315533e-12
14875.000000  2.283107e-12
14925.000000  2.262056e-12
14975.000000  2.231392e-12
15025.000000  2.204556e-12
15075.000000  2.175655e-12
15125.000000  2.151006e-12
15175.000000  2.124171e-12
15225.000000  2.100702e-12
15275.000000  2.069089e-12
15325.000000  2.041525e-12
15375.000000  2.025822e-12
15425.000000  1.979055e-12
15475.000000  1.978360e-12
15525.000000  1.955221e-12
15575.000000  1.887877e-12
15625.000000  1.935129e-12
15675.000000  1.867750e-12
15725.000000  1.809839e-12
15775.000000  1.876402e-12
15825.000000  1.852933e-12
15875.000000  1.691815e-12
15925.000000  1.785044e-12
15975.000000  1.808571e-12
16050.000000  1.751023e-12
16150.000000  1.645859e-12
16250.000000  1.714340e-12
16350.000000  1.633994e-12
16450.000000  1.533010e-12
16550.000000  1.605807e-12
16650.000000  1.571315e-12
16750.000000  1.490299e-12
16850.000000  1.397579e-12
16950.000000  1.467498e-12
17050.000000  1.438512e-12
17150.000000  1.407822e-12
17250.000000  1.369439e-12
17350.000000  1.228751e-12
17450.000000  1.298303e-12
17550.000000  1.287779e-12
17650.000000  1.261625e-12
17750.000000  1.235529e-12
17850.000000  1.210214e-12
17950.000000  1.186467e-12
18050.000000  1.153868e-12
18150.000000  1.047065e-12
18250.000000  1.088213e-12
18350.000000  1.089939e-12
18450.000000  1.069885e-12
18550.000000  1.045153e-12
18650.000000  1.020456e-12
18750.000000  9.243573e-13
18850.000000  9.775673e-13
18950.000000  9.654116e-13
19050.000000  9.482148e-13
19150.000000  9.295820e-13
19250.000000  9.109379e-13
19350.000000  8.863043e-13
19450.000000  8.013498e-13
19550.000000  8.525519e-13
19650.000000  8.429501e-13
19750.000000  8.270648e-13
19850.000000  8.117403e-13
19950.000000  7.964010e-13
20050.000000  7.815965e-13
20150.000000  7.671474e-13
20250.000000  7.526617e-13
20350.000000  7.386417e-13
20450.000000  7.251679e-13
20550.000000  7.119033e-13
20650.000000  6.987152e-13
20750.000000  6.861178e-13
20850.000000  6.737950e-13
20950.000000  6.616254e-13
21050.000000  6.497196e-13
21150.000000  6.374541e-13
21250.000000  6.262579e-13
21350.000000  6.149111e-13
21450.000000  6.044271e-13
21550.000000  5.903131e-13
21650.000000  5.364815e-13
21750.000000  5.667447e-13
21850.000000  5.633085e-13
21950.000000  5.543013e-13
22050.000000  5.447193e-13
22150.000000  5.352139e-13
22250.000000  5.264898e-13
22350.000000  5.175240e-13
22450.000000  5.088583e-13
22550.000000  5.001940e-13
22650.000000  4.919367e-13
22750.000000  4.837838e-13
22850.000000  4.762156e-13
22950.000000  4.683727e-13
23050.000000  4.608554e-13
23150.000000  4.533433e-13
23250.000000  4.460814e-13
23350.000000  4.388730e-13
23450.000000  4.318214e-13
23550.000000  4.249204e-13
23650.000000  4.181714e-13
23750.000000  4.115246e-13
23850.000000  4.049556e-13
23950.000000  3.985139e-13
24050.000000  3.919411e-13
24150.000000  3.857014e-13
24250.000000  3.799819e-13
24350.000000  3.738187e-13
24450.000000  3.676555e-13
24550.000000  3.625547e-13
24650.000000  3.562065e-13
24750.000000  3.507655e-13
24850.000000  3.468043e-13
24950.000000  3.373658e-13
